code,internal_code,name,manufacturer_name,manufacture_country,manufacturer_item_description,unit_qty,quantity,unit_of_measure,weighted,qty_in_package,price,unit_of_measure_price,allow_discount,status,item_id
-999,true,~מב~~צע ~מ~~ק~~ס~~~10000~,שונות /שרות,,,"י""ח",1,,false,1,0.01,0.01,false,1,
2,true,"עמלת החזרת צ ק 14ש""ח",שונות /שרות,,,"י""ח",1,,false,1,14,14,false,1,
18,true,תרומה חבד,שונות /שרות,,,"י""ח",1,,false,1,5,5,false,1,
39,true,ב  39 תו קניה,שונות /שרות,,,"י""ח",1,,false,1,10,10,false,1,
55,true,צלי כתף בשר לא מוכשר,ב ספק בשר קפוא,,,"ק""ג",10,"ק""ג",true,1,62.90,6.29,false,1,
56,true,פילה מדומה  בשר לא מוכשר,ב ספק בשר קפוא,,,"ק""ג",1,,true,1,40.39,40.39,false,1,
151,true,עוף טחון טרי  {קצביה]**,ח.י. מעדני גורמה בעמ,,,"ק""ג",1,,true,1,49.90,49.90,true,1,
239,true,חמאה רכה 500ג,לפ מריו שווק ד.ד בעמ,,,"י""ח",500,ל  גרם,false,1,19.90,3.98,false,1,
288,true,דג דניס S טרי,ח.י. מעדני גורמה בעמ,,,"ק""ג",1,,true,1,59.90,59.90,true,1,
302,true,דג אמנון L טרי,ח.י. מעדני גורמה בעמ,,,"ק""ג",1,,true,1,35.90,35.90,true,1,
327,true,דג ברמונדי טרי,ח.י. מעדני גורמה בעמ,,,"ק""ג",1,,true,1,49.90,49.90,false,1,
329,true,דג בקלה טרי,ח.י. מעדני גורמה בעמ,,,"ק""ג",1,,true,1,59.90,59.90,false,1,
332,true,דג פילה דניס טרי כ-120גר,ח.י. מעדני גורמה בעמ,,,"י""ח",1,,false,1,17.90,17.90,true,1,
350,true,דג פילה מושט טרי כ-100גר,ח.י. מעדני גורמה בעמ,,,"י""ח",1,,false,1,14.90,14.90,true,1,
353,true,גינגר תפזורת,ביכורי השדה צפון 1994 ג.ד. בעמ,,,"ק""ג",1,,true,1,39.90,39.90,false,1,
403,true,דג פילה סלמון טרי,ח.י. מעדני גורמה בעמ,,,"ק""ג",1,,true,1,119.90,119.90,true,1,
435,true,סלרי,ביכורי השדה צפון 1994 ג.ד. בעמ,,,"י""ח",1,"י""ח",false,1,5.90,5.90,false,1,
446,true,פטריות תפזורת שקיל,ביכורי השדה צפון 1994 ג.ד. בעמ,,,"ק""ג",1,"ק""ג",true,1,39.90,39.90,false,1,
492,true,פילה לברק כ120גר,ח.י. מעדני גורמה בעמ,,,"י""ח",1,,false,1,17.90,17.90,true,1,
504,true,אנונה,ביכורי השדה צפון 1994 ג.ד. בעמ,,,"ק""ג",1,,true,1,24.90,24.90,false,1,
505,true,אבוקדו,ביכורי השדה צפון 1994 ג.ד. בעמ,,,"ק""ג",1,"ק""ג",true,1,9.90,9.90,false,1,
506,true,אבטיח,ביכורי השדה צפון 1994 ג.ד. בעמ,,,"ק""ג",1,"ק""ג",true,1,5.90,5.90,false,1,
507,true,אפרסק מובחר,ביכורי השדה צפון 1994 ג.ד. בעמ,,,"ק""ג",1,"ק""ג",true,1,6.90,6.90,false,1,
509,true,קסביה,ביכורי השדה צפון 1994 ג.ד. בעמ,,,"ק""ג",1,"ק""ג",true,1,15.90,15.90,false,1,
510,true,אגסים,ביכורי השדה צפון 1994 ג.ד. בעמ,,,"ק""ג",1,"ק""ג",true,1,12.90,12.90,false,1,
512,true,אגס חום,ביכורי השדה צפון 1994 ג.ד. בעמ,,,"ק""ג",1,,true,1,15.90,15.90,false,1,
515,true,אפרסמון,ביכורי השדה צפון 1994 ג.ד. בעמ,,,"ק""ג",1,"ק""ג",true,1,11.90,11.90,false,1,
516,true,קרמבולה,ביכורי השדה צפון 1994 ג.ד. בעמ,,,"ק""ג",1,,true,1,39.90,39.90,false,1,
522,true,אננס.,ביכורי השדה צפון 1994 ג.ד. בעמ,,,"י""ח",1,,false,1,29.90,29.90,false,1,
523,true,אשכולית אדומה,ביכורי השדה צפון 1994 ג.ד. בעמ,,,"ק""ג",1,"ק""ג",true,1,6.90,6.90,false,1,
525,true,אשכולית,ביכורי השדה צפון 1994 ג.ד. בעמ,,,"ק""ג",1,"ק""ג",true,1,4.90,4.90,false,1,
526,true,כרובית סגול/ירוק/צהוב,ביכורי השדה צפון 1994 ג.ד. בעמ,,,"ק""ג",1,,true,1,5.90,5.90,false,1,
530,true,בננה.,ביכורי השדה צפון 1994 ג.ד. בעמ,,,"ק""ג",1,"ק""ג",true,1,6.90,6.90,false,1,
533,true,גויאבה,ביכורי השדה צפון 1994 ג.ד. בעמ,,,"ק""ג",1,"ק""ג",true,1,14.90,14.90,false,1,
534,true,סלרי ראש,ביכורי השדה צפון 1994 ג.ד. בעמ,,,"י""ח",1,,false,1,6.90,6.90,false,1,
535,true,לימון,ביכורי השדה צפון 1994 ג.ד. בעמ,,,"ק""ג",1,"ק""ג",true,1,6.90,6.90,false,1,
536,true,פמלה,ביכורי השדה צפון 1994 ג.ד. בעמ,,,"ק""ג",1,"ק""ג",true,1,6.90,6.90,false,1,
540,true,מלון,ביכורי השדה צפון 1994 ג.ד. בעמ,,,"ק""ג",1,"ק""ג",true,1,5.90,5.90,false,1,
543,true,מנגו,ביכורי השדה צפון 1994 ג.ד. בעמ,,,"ק""ג",1,"ק""ג",true,1,5.90,5.90,false,1,
545,true,נקטרינה,ביכורי השדה צפון 1994 ג.ד. בעמ,,,"ק""ג",1,"ק""ג",true,1,6.90,6.90,false,1,
546,true,פפאיה,ביכורי השדה צפון 1994 ג.ד. בעמ,,,"ק""ג",1,,true,1,11.90,11.90,false,1,
553,true,ענב אדום,ביכורי השדה צפון 1994 ג.ד. בעמ,,,"ק""ג",1,"ק""ג",true,1,18.90,18.90,false,1,
554,true,ענבים לבן .,ביכורי השדה צפון 1994 ג.ד. בעמ,,,"ק""ג",1,"ק""ג",true,1,22.90,22.90,false,1,
557,true,פמלית,ביכורי השדה צפון 1994 ג.ד. בעמ,,,"ק""ג",1,"ק""ג",true,1,8.90,8.90,false,1,
560,true,קלמנטינה,ביכורי השדה צפון 1994 ג.ד. בעמ,,,"ק""ג",1,"ק""ג",true,1,5.90,5.90,false,1,
563,true,קיווי.,ביכורי השדה צפון 1994 ג.ד. בעמ,,,"ק""ג",1,"ק""ג",true,1,19.90,19.90,false,1,
564,true,רימונים,ביכורי השדה צפון 1994 ג.ד. בעמ,,,"ק""ג",1,"ק""ג",true,1,7.90,7.90,false,1,
566,true,שזיף אדום.,ביכורי השדה צפון 1994 ג.ד. בעמ,,,"ק""ג",1,"ק""ג",true,1,15.90,15.90,false,1,
567,true,גזר בתפזורת,ביכורי השדה צפון 1994 ג.ד. בעמ,,,"ק""ג",1,,true,1,2.90,2.90,false,1,
575,true,תפוז תבורי.,ביכורי השדה צפון 1994 ג.ד. בעמ,,,"ק""ג",1,"ק""ג",true,1,5.90,5.90,false,1,
580,true,תפוח אנה,ביכורי השדה צפון 1994 ג.ד. בעמ,,,"ק""ג",1,"ק""ג",true,1,10.90,10.90,false,1,
581,true,תפוח יונתן,ביכורי השדה צפון 1994 ג.ד. בעמ,,,"ק""ג",1,"ק""ג",true,1,10.90,10.90,false,1,
583,true,תפוח סמיט ירוק,ביכורי השדה צפון 1994 ג.ד. בעמ,,,"ק""ג",1,"ק""ג",true,1,10.90,10.90,false,1,
585,true,תפוח חרמון,ביכורי השדה צפון 1994 ג.ד. בעמ,,,"ק""ג",1,"ק""ג",true,1,10.90,10.90,false,1,
586,true,תפוז ברשת,ביכורי השדה צפון 1994 ג.ד. בעמ,,,"ק""ג",1,,true,1,4.90,4.90,false,1,
588,true,תפוח גלה,ביכורי השדה צפון 1994 ג.ד. בעמ,,,"ק""ג",1,"ק""ג",true,1,13.90,13.90,false,1,
590,true,תפוח זהוב.,ביכורי השדה צפון 1994 ג.ד. בעמ,,,"ק""ג",1,"ק""ג",true,1,10.90,10.90,false,1,
594,true,סברס,ביכורי השדה צפון 1994 ג.ד. בעמ,,,"ק""ג",1,"ק""ג",true,1,29.90,29.90,false,1,
600,true,לימון בלדי-קטן,ביכורי השדה צפון 1994 ג.ד. בעמ,,,"ק""ג",1,,true,1,13.90,13.90,false,1,
603,true,פטרוזיליה רגילה לא ארוז,ביכורי השדה צפון 1994 ג.ד. בעמ,,,"י""ח",1,,false,1,3.90,3.90,true,1,
604,true,נענע רגילה לא ארוז,ביכורי השדה צפון 1994 ג.ד. בעמ,,,"י""ח",1,,false,1,3.90,3.90,true,1,
605,true,בצל יבש,ביכורי השדה צפון 1994 ג.ד. בעמ,,,"ק""ג",1,"ק""ג",true,1,3.90,3.90,false,1,
606,true,בצל אדום,ביכורי השדה צפון 1994 ג.ד. בעמ,,,"ק""ג",1,"ק""ג",true,1,6.90,6.90,false,1,
607,true,בצל לבן,ביכורי השדה צפון 1994 ג.ד. בעמ,,,"ק""ג",1,,true,1,3.90,3.90,false,1,
608,true,בצל ירוק,ביכורי השדה צפון 1994 ג.ד. בעמ,,,"י""ח",1,,false,1,5.90,5.90,false,1,
612,true,בטטה,ביכורי השדה צפון 1994 ג.ד. בעמ,,,"ק""ג",1,"ק""ג",true,1,9.90,9.90,false,1,
619,true,לחמנייה קלה זוג,לפ מאפיית שפע נעמן,,,"י""ח",1,,false,1,3,3,false,1,
620,true,דלעת,ביכורי השדה צפון 1994 ג.ד. בעמ,,,"ק""ג",1,"ק""ג",true,1,12.90,12.90,false,1,
622,true,דלורית,ביכורי השדה צפון 1994 ג.ד. בעמ,,,"ק""ג",1,"ק""ג",true,1,5.90,5.90,false,1,
623,true,חסה ערבית,ביכורי השדה צפון 1994 ג.ד. בעמ,,,"י""ח",1,,false,1,3.90,3.90,false,1,
625,true,חציל,ביכורי השדה צפון 1994 ג.ד. בעמ,,,"ק""ג",1,"ק""ג",true,1,6.90,6.90,false,1,
629,true,ירק בתפזורת,ביכורי השדה צפון 1994 ג.ד. בעמ,,,"י""ח",1,,false,1,3.90,3.90,true,1,
630,true,כרוב לבן,ביכורי השדה צפון 1994 ג.ד. בעמ,,,"ק""ג",1,"ק""ג",true,1,3.90,3.90,false,1,
632,true,חסה  לט,ביכורי השדה צפון 1994 ג.ד. בעמ,,,"י""ח",1,,false,1,7.50,7.50,false,1,
633,true,כרוב אדום,ביכורי השדה צפון 1994 ג.ד. בעמ,,,"ק""ג",1,"ק""ג",true,1,4.90,4.90,false,1,
635,true,.כרובית,ביכורי השדה צפון 1994 ג.ד. בעמ,,,"י""ח",1,"ק""ג",false,1,10.90,10.90,false,1,
636,true,שמיר רגיל לא ארוז,ביכורי השדה צפון 1994 ג.ד. בעמ,,,"י""ח",1,,false,1,3.90,3.90,true,1,
643,true,כוסברה רגילה לא ארוז,ביכורי השדה צפון 1994 ג.ד. בעמ,,,"י""ח",1,,false,1,3.90,3.90,true,1,
645,true,מלפפון.,ביכורי השדה צפון 1994 ג.ד. בעמ,,,"ק""ג",1,"ק""ג",true,1,5.90,5.90,false,1,
657,true,סלרי,ביכורי השדה צפון 1994 ג.ד. בעמ,,,"י""ח",1,,false,1,5.90,5.90,false,1,
658,true,סלק עלים,ביכורי השדה צפון 1994 ג.ד. בעמ,,,"י""ח",1,,false,1,6.90,6.90,false,1,
659,true,סלק אדום,ביכורי השדה צפון 1994 ג.ד. בעמ,,,"ק""ג",1,"ק""ג",true,1,3.90,3.90,false,1,
660,true,עגבניה.,ביכורי השדה צפון 1994 ג.ד. בעמ,,,"ק""ג",1,"ק""ג",true,1,5.90,5.90,false,1,
661,true,עגבניה שרי תפזורת,ביכורי השדה צפון 1994 ג.ד. בעמ,,,"ק""ג",1,,true,1,18.90,18.90,false,1,
663,true,פלפל חריף ירוק,ביכורי השדה צפון 1994 ג.ד. בעמ,,,"ק""ג",1,"ק""ג",true,1,9.90,9.90,false,1,
664,true,פלפל חריף אדום,ביכורי השדה צפון 1994 ג.ד. בעמ,,,"ק""ג",1,,true,1,9.90,9.90,false,1,
665,true,פלפל כהה,ביכורי השדה צפון 1994 ג.ד. בעמ,,,"ק""ג",1,"ק""ג",true,1,8.90,8.90,false,1,
666,true,פלפל צהוב,ביכורי השדה צפון 1994 ג.ד. בעמ,,,"ק""ג",1,"ק""ג",true,1,9.90,9.90,false,1,
667,true,גמבה אדומה,ביכורי השדה צפון 1994 ג.ד. בעמ,,,"ק""ג",1,"ק""ג",true,1,9.90,9.90,false,1,
669,true,פלפל בהיר,ביכורי השדה צפון 1994 ג.ד. בעמ,,,"ק""ג",0,"ק""ג",true,1,9.90,9.90,false,1,
677,true,צנון שחור,ביכורי השדה צפון 1994 ג.ד. בעמ,,,"ק""ג",1,,true,1,7.90,7.90,false,1,
680,true,צנון,ביכורי השדה צפון 1994 ג.ד. בעמ,,,"ק""ג",1,"ק""ג",true,1,7.90,7.90,false,1,
683,true,צנונית עלים,ביכורי השדה צפון 1994 ג.ד. בעמ,,,"י""ח",1,,false,1,6.90,6.90,false,1,
684,true,זנגביל,ביכורי השדה צפון 1994 ג.ד. בעמ,,,"ק""ג",1,,true,1,29.90,29.90,false,1,
685,true,קישואים.,ביכורי השדה צפון 1994 ג.ד. בעמ,,,"ק""ג",1,"ק""ג",true,1,8.90,8.90,false,1,
687,true,קולורבי,ביכורי השדה צפון 1994 ג.ד. בעמ,,,"ק""ג",1,"ק""ג",true,1,9.90,9.90,false,1,
689,true,שום ארוז.,ביכורי השדה צפון 1994 ג.ד. בעמ,,,"י""ח",1,,false,1,7.90,7.90,true,1,
690,true,שומר,ביכורי השדה צפון 1994 ג.ד. בעמ,,,"ק""ג",1,"ק""ג",true,1,8.90,8.90,false,1,
692,true,שום טרי.,ביכורי השדה צפון 1994 ג.ד. בעמ,,,"ק""ג",1,,true,1,19.90,19.90,false,1,
698,true,תירס קלחים טרי ארוז.,ביכורי השדה צפון 1994 ג.ד. בעמ,,,"ק""ג",1,"ק""ג",true,1,8.90,8.90,false,1,
699,true,תפוח אדמה אדום.,ביכורי השדה צפון 1994 ג.ד. בעמ,,,"ק""ג",1,"ק""ג",true,1,4.90,4.90,false,1,
700,true,תפוח אדמה לבן ארוז,ביכורי השדה צפון 1994 ג.ד. בעמ,,,"ק""ג",1,"ק""ג",true,1,3.90,3.90,false,1,
701,true,ענבים מיקס,ביכורי השדה צפון 1994 ג.ד. בעמ,,,"ק""ג",1,,true,1,22.90,22.90,false,1,
702,true,"תפו""א לאפיה",ביכורי השדה צפון 1994 ג.ד. בעמ,,,"ק""ג",1,,true,1,3.90,3.90,false,1,
707,true,נבטי אפונה,ביכורי השדה צפון 1994 ג.ד. בעמ,,,"י""ח",1,,false,1,14.90,14.90,false,1,
712,true,חציל בלאדי,ביכורי השדה צפון 1994 ג.ד. בעמ,,,"ק""ג",1,,true,1,6.90,6.90,false,1,
716,true,פלפל כתום,ביכורי השדה צפון 1994 ג.ד. בעמ,,,"ק""ג",1,"ק""ג",true,1,9.90,9.90,false,1,
720,true,אבוקדו ברשת,ביכורי השדה צפון 1994 ג.ד. בעמ,,,"ק""ג",1,,true,1,9.90,9.90,false,1,
723,true,תפוח פינק ישראלי.,ביכורי השדה צפון 1994 ג.ד. בעמ,,,"ק""ג",1,,true,1,19.90,19.90,false,1,
734,true,קובו,ביכורי השדה צפון 1994 ג.ד. בעמ,,,"ק""ג",1,,true,1,29.90,29.90,false,1,
735,true,קישוא זוקיני,ביכורי השדה צפון 1994 ג.ד. בעמ,,,"ק""ג",1,,true,1,14.90,14.90,false,1,
741,true,"תפו""א בתפזורת",ביכורי השדה צפון 1994 ג.ד. בעמ,,,"ק""ג",1,,true,1,5.90,5.90,false,1,
759,true,שום ישראלי אריזה משולשת,ביכורי השדה צפון 1994 ג.ד. בעמ,,,"י""ח",1,,false,1,8.90,8.90,false,1,
770,true,פלפל שושקה,ביכורי השדה צפון 1994 ג.ד. בעמ,,,"ק""ג",1,,true,1,15.90,15.90,false,1,
821,true,תפוח פינק,ביכורי השדה צפון 1994 ג.ד. בעמ,,,"ק""ג",1,"ק""ג",true,1,19.90,19.90,false,1,
832,true,פלפל טינקרבל,ביכורי השדה צפון 1994 ג.ד. בעמ,,,"י""ח",1,,false,1,9.90,9.90,true,1,
868,true,חצי בגט,שונות /שרות,,,"י""ח",1,,false,1,3,3,false,1,
888,true,"הד שולדרס 500מ""ל",שונות /שרות,,,"י""ח",1,,false,1,19.90,19.90,false,1,
891,true,אפרסמון קרמבו.,ביכורי השדה צפון 1994 ג.ד. בעמ,,,"ק""ג",1,"ק""ג",true,1,13.90,13.90,false,1,
908,true,מיקס ענבים,ביכורי השדה צפון 1994 ג.ד. בעמ,,,"ק""ג",1,,true,1,22.90,22.90,false,1,
929,true,משלוח מעל 8 ארגזים,שונות /שרות,,,"י""ח",1,,false,1,0.10,0.10,false,1,
958,true,פטיה,ביכורי השדה צפון 1994 ג.ד. בעמ,,,"ק""ג",0,"י""ח",true,1,24.90,24.90,false,1,
967,true,מלון בוכרי,ביכורי השדה צפון 1994 ג.ד. בעמ,,,"ק""ג",1,"ק""ג",true,1,7.90,7.90,false,1,
978,true,חסה,ביכורי השדה צפון 1994 ג.ד. בעמ,,,"י""ח",1,,false,1,6.90,6.90,false,1,
1403,true,חגורה אלגנט,ליאור יבוא ושיווק מוצרי הלבשה,,,"י""ח",1,,false,1,29.90,29.90,false,1,
1419,true,גרב שלישייה,ליאור יבוא ושיווק מוצרי הלבשה,,,"י""ח",1,,false,1,15,15,true,1,
1482,true,גרב חתוך לגבר,ליאור יבוא ושיווק מוצרי הלבשה,,,"י""ח",1,,false,1,14.90,14.90,false,1,
1616,true,כוסברה,ביכורי השדה צפון 1994 ג.ד. בעמ,,,"י""ח",1,,false,1,6.90,6.90,true,1,
1622,true,חגורה לגינס אלדו,ליאור יבוא ושיווק מוצרי הלבשה,,,"י""ח",1,,false,1,21.90,21.90,false,1,
1653,true,גרבי חיילים,ליאור יבוא ושיווק מוצרי הלבשה,,,"י""ח",1,,false,1,19.90,19.90,false,1,
1663,true,תחתון לייקרה תחרה *5,ליאור יבוא ושיווק מוצרי הלבשה,,,"י""ח",1,,false,1,39.90,39.90,false,1,
1683,true,תחתון מקסי לנשים,ליאור יבוא ושיווק מוצרי הלבשה,,,"י""ח",1,,false,1,19.90,19.90,false,1,
1727,true,גרב עקב בנים/בנות,ליאור יבוא ושיווק מוצרי הלבשה,,,"י""ח",1,,false,1,16.90,16.90,false,1,
1747,true,חגורת עור,ליאור יבוא ושיווק מוצרי הלבשה,,,"י""ח",1,,false,1,67.90,67.90,false,1,
1869,true,גרב ילדים,ליאור יבוא ושיווק מוצרי הלבשה,,,"י""ח",1,,false,1,13.80,13.80,false,1,
1893,true,חגורת קומנדו,ליאור יבוא ושיווק מוצרי הלבשה,,,"י""ח",1,,false,1,25.90,25.90,false,1,
2009,true,מעריב חול/שבת   בשקל,שונות /שרות,,,"י""ח",1,,false,1,6.90,6.90,false,1,
2061,true,סטייק עם עצם  טרי**.,ח.י. מעדני גורמה בעמ,,,"ק""ג",1,,true,1,119.90,119.90,true,1,
2065,true,צלי כתף  טרי/מצונן**,ח.י. מעדני גורמה בעמ,,,"ק""ג",1,,true,1,99.90,99.90,false,1,
2066,true,פילה מדומה   טרי/מצונן**,ח.י. מעדני גורמה בעמ,,,"ק""ג",1,,true,1,84.90,84.90,true,1,
2068,true,שריר  טרי/מצונן**,ח.י. מעדני גורמה בעמ,,,"ק""ג",1,"ק""ג",true,1,69.90,69.90,true,1,
2937,true,תרומה וראייטי,שונות /שרות,,,"י""ח",1,,false,1,10,10,false,1,
3416,true,קוקטייל עוף טרי מקוצב,ח.י. מעדני גורמה בעמ,,,"ק""ג",1,,true,1,49.90,49.90,true,1,
4443,true,סופגניה רגילה עם ריבה.,שונות /שרות,,,"י""ח",1,,false,1,4.90,4.90,true,1,
4444,true,סופגניה פרימיום מצופות.,ג נרל מילס ישראל בעמ,,,"י""ח",1,,false,1,5.90,5.90,true,1,
4774,true,0000החזרת תיק הצהרה וקרן,שונות /שרות,,,"י""ח",1,,false,1,0.01,0.01,false,1,
5506,true,אבטיח אישי,ביכורי השדה צפון 1994 ג.ד. בעמ,,,"ק""ג",1,,true,1,5.90,5.90,false,1,
5757,true,תפוז אוצר הארץ,ביכורי השדה צפון 1994 ג.ד. בעמ,,,"ק""ג",1,"ק""ג",true,1,7.90,7.90,false,1,
6590,true,סופגניה מיני.,ג נרל מילס ישראל בעמ,,,"י""ח",55,ל  גרם,false,1,3.90,7.09,true,1,
6660,true,סלסלה לחג,שונות /שרות,,,"י""ח",1,,false,1,180,180,false,1,
6993,true,5 XL ב -9.99לא כולל פקדון,טמפו משקאות בעמ,,,"י""ח",1,,false,1,11.30,11.30,false,1,
7076,true,הסעות להבים,שונות /שרות,,,"י""ח",1,,false,1,100,100,false,1,
7554,true,ענבים לבן שמיטה,ביכורי השדה צפון 1994 ג.ד. בעמ,,,"ק""ג",1,,true,1,22.90,22.90,false,1,
7564,true,רימון שמיטה,ביכורי השדה צפון 1994 ג.ד. בעמ,,,"ק""ג",750,"ל  מ""ל",true,1,7.90,1.05,false,1,
8027,true,תרומה ילדים בסיכוי,שונות /שרות,,,"י""ח",1,,false,1,10,10,false,1,
8883,true,שקית שרות קופה גופיה ירוק עבה במיוחד,רזפול בעמ,,,"י""ח",1,,false,1,0.30,0.30,true,1,
12177,true,מקלות קינמון,ח.כהן סוכנות מזון ומשקאות בע,,,"ק""ג",1,,true,1,51,51,false,1,
12244,true,בננה צ יפס שקילה,ח.כהן סוכנות מזון ומשקאות בע,,,"ק""ג",1,,true,1,28,28,false,1,
18006,true,סלומון על האש,פלאפל הגשר מרכז,,,"ק""ג",1,"ק""ג",true,1,110,110,true,1,
18009,true,נסיכת הנילוס ברוטב מזרחי,פלאפל הגשר מרכז,,,"ק""ג",0,"ק""ג",true,1,69,69,false,1,
18014,true,פילה אמנון ברוטב מזרחי,פלאפל הגשר מרכז,,,"ק""ג",1,"ק""ג",true,1,109,109,false,1,
18016,true,דג מטוגן,פלאפל הגשר מרכז,,,"ק""ג",1,"ק""ג",true,1,99,99,true,1,
18022,true,קציצות דגים,פלאפל הגשר מרכז,,,"ק""ג",1,"ק""ג",true,1,109,109,false,1,
18032,true,בשר צלי ברוטב פטריות,פלאפל הגשר מרכז,,,"ק""ג",1,"ק""ג",true,1,95,95,false,1,
18038,true,כרעיים עוף בשום ודבש,פלאפל הגשר מרכז,,,"ק""ג",1,"ק""ג",true,1,79,79,true,1,
18047,true,לשון ברוטב בצל ועשבי תיבול,פלאפל הגשר מרכז,,,"ק""ג",1,"ק""ג",true,1,119,119,true,1,
18048,true,בשר ראש עם חומוס,פלאפל הגשר מרכז,,,"ק""ג",1,"ק""ג",true,1,109,109,true,1,
18049,true,כבד עוף עם בצל,פלאפל הגשר מרכז,,,"ק""ג",1,"ק""ג",true,1,75,75,true,1,
18057,true,שוקיים עוף ברוטב,פלאפל הגשר מרכז,,,"ק""ג",0,"ק""ג",true,1,79,79,false,1,
18063,true,כנפיים בשום וצ`ילי,פלאפל הגשר מרכז,,,"ק""ג",1,"ק""ג",true,1,59,59,true,1,
18065,true,קציצות עוף ברוטב עגבניות,פלאפל הגשר מרכז,,,"ק""ג",1,"ק""ג",true,1,89,89,true,1,
18067,true,קציצות בקר עם זיתים,פלאפל הגשר מרכז,,,"ק""ג",1,"ק""ג",true,1,79,79,false,1,
18101,true,סלטים מבושלים,פלאפל הגשר מרכז,,,"ק""ג",1,"ק""ג",true,1,59,59,true,1,
18102,true,סלטים מיוחדים,פלאפל הגשר מרכז,,,"ק""ג",1,"ק""ג",true,1,69,69,true,1,
18104,true,סלטים חיים,פלאפל הגשר מרכז,,,"ק""ג",1,"ק""ג",true,1,45,45,true,1,
18120,true,פילו ממולא פרגית,פלאפל הגשר מרכז,,,"ק""ג",0,"ק""ג",true,1,65,65,false,1,
18123,true,מוסקה,פלאפל הגשר מרכז,,,"ק""ג",1,"ק""ג",true,1,79,79,true,1,
18128,true,ממולאים בשר/צמחוני,פלאפל הגשר מרכז,,,"ק""ג",1,"ק""ג",true,1,79,79,true,1,
18129,true,קובה סלק,פלאפל הגשר מרכז,,,"ק""ג",0,"ק""ג",true,1,79,79,false,1,
18131,true,עלי גפן ממולאים,פלאפל הגשר מרכז,,,"ק""ג",0,"ק""ג",true,1,65,65,false,1,
18132,true,בצק עלים ממולא עוף/כבד/בשר,פלאפל הגשר מרכז,,,"ק""ג",0,"ק""ג",true,1,65,65,false,1,
18135,true,צלעות כבש על האש,פלאפל הגשר מרכז,,,"ק""ג",1,"ק""ג",true,1,139,139,false,1,
18136,true,סטייק פרגית/שיפודים על האש,פלאפל הגשר מרכז,,,"ק""ג",1,"ק""ג",true,1,115,115,false,1,
18137,true,חזה עוף על האש,פלאפל הגשר מרכז,,,"ק""ג",1,"ק""ג",true,1,95,95,true,1,
18140,true,קבב מזרחי על האש.,פלאפל הגשר מרכז,,,"ק""ג",1,"ק""ג",true,1,89,89,true,1,
18144,true,עוף בגריל,פלאפל הגשר מרכז,,,"י""ח",0,"י""ח",false,1,35,35,false,1,
18145,true,אורז לבן/צהוב/אפונה וגזר/פטריות,פלאפל הגשר מרכז,,,"ק""ג",1,"ק""ג",true,1,39,39,false,1,
18148,true,"תפו""א פרוסות בטטה/לבן",פלאפל הגשר מרכז,,,"ק""ג",1,"ק""ג",true,1,39,39,false,1,
18153,true,מוקפץ צמחוני,פלאפל הגשר מרכז,,,"ק""ג",1,"ק""ג",true,1,55,55,true,1,
18157,true,פשטידות במגוון,פלאפל הגשר מרכז,,,"ק""ג",0,"ק""ג",true,1,55,55,false,1,
18159,true,זיתים מבושלים,פלאפל הגשר מרכז,,,"ק""ג",1,"ק""ג",true,1,65,65,false,1,
18160,true,ארטישוק מבושל,פלאפל הגשר מרכז,,,"ק""ג",1,"ק""ג",true,1,65,65,false,1,
18161,true,פתיתים,פלאפל הגשר מרכז,,,"ק""ג",0,"ק""ג",true,1,35,35,false,1,
18169,true,אנטי פסטי,פלאפל הגשר מרכז,,,"ק""ג",1,"ק""ג",true,1,59,59,true,1,
18171,true,קוסקוס,פלאפל הגשר מרכז,,,"ק""ג",1,"ק""ג",true,1,39,39,true,1,
18172,true,מרק לקוסקוס,פלאפל הגשר מרכז,,,"ק""ג",0,"ק""ג",true,1,39,39,false,1,
18174,true,טנזיה,פלאפל הגשר מרכז,,,"ק""ג",0,"ק""ג",true,1,79,79,false,1,
18175,true,שניצל מטוגן,פלאפל הגשר מרכז,,,"ק""ג",1,"ק""ג",true,1,89,89,false,1,
18176,true,שניצלונים,פלאפל הגשר מרכז,,,"ק""ג",1,"ק""ג",true,1,89,89,false,1,
18184,true,קובה חמוסטה/קישוא ודלעת חמוץ,פלאפל הגשר מרכז,,,"ק""ג",0,"ק""ג",true,1,79,79,false,1,
18192,true,טורטיה צמחונית/בשרית,פלאפל הגשר מרכז,,,"ק""ג",0,"ק""ג",true,1,85,85,false,1,
18200,true,מרק שעועית,פלאפל הגשר מרכז,,,"ק""ג",0,"ק""ג",true,1,35,35,false,1,
18201,true,חמין צמחוני במשקל,פלאפל הגשר מרכז,,,"ק""ג",1,"ק""ג",true,1,35,35,false,1,
18211,true,שתייה קלה תוססת,פלאפל הגשר מרכז,,,"י""ח",1,"י""ח",false,1,7,7,false,1,
18235,true,שווארמה בפיתה,פלאפל הגשר מרכז,,,"י""ח",1,"י""ח",false,1,28,28,false,1,
18236,true,שווארמה בבאגט,פלאפל הגשר מרכז,,,"י""ח",1,"י""ח",false,1,33,33,false,1,
18239,true,מנת  עוף+2 תוספות וסלטים,פלאפל הגשר מרכז,,,"י""ח",1,"י""ח",false,1,35,35,false,1,
18240,true,שווארמה שקיל,פלאפל הגשר מרכז,,,"ק""ג",1,"י""ח",true,1,109,109,true,1,
18241,true,פלאפל בפיתה,פלאפל הגשר מרכז,,,"י""ח",0,"י""ח",false,1,14.90,14.90,false,1,
18243,true,מנת בשר +2תוספות וסלטים,פלאפל הגשר מרכז,,,"י""ח",1,"ק""ג",false,1,40,40,false,1,
18247,true,מוקפץ חזה עוף עם ירקות,פלאפל הגשר מרכז,,,"ק""ג",1,"ק""ג",true,1,85,85,true,1,
18255,true,במיה מבושלת,פלאפל הגשר מרכז,,,"ק""ג",1,"ק""ג",true,1,65,65,false,1,
18258,true,אפונה וגזר,פלאפל הגשר מרכז,,,"ק""ג",1,"ק""ג",true,1,49,49,false,1,
18262,true,המבורגר בלחמניה,פלאפל הגשר מרכז,,,"י""ח",1,"י""ח",false,1,25,25,false,1,
18267,true,פרגית בבגט,פלאפל הגשר מרכז,,,"י""ח",1,"י""ח",false,1,33,33,false,1,
18269,true,שניצל בבאגט,פלאפל הגשר מרכז,,,"י""ח",1,"ק""ג",false,1,28,28,false,1,
18270,true,שניצל בפיתה,פלאפל הגשר מרכז,,,"י""ח",1,"ק""ג",false,1,25,25,false,1,
18273,true,פריקסה,פלאפל הגשר מרכז,,,"י""ח",0,"ק""ג",false,1,12.90,12.90,false,1,
18277,true,פרגית בפיתה,פלאפל הגשר מרכז,,,"י""ח",1,"י""ח",false,1,30,30,false,1,
18284,true,לחמניה קטנה,בית הבאגט כהן בעמ,,,"י""ח",0,"י""ח",false,1,2.10,2.10,false,1,
18290,true,"פירה תפו""א/בטטה",שונות /שרות,,,"ק""ג",0,"י""ח",true,1,35,35,false,1,
18291,true,"קרפלך תפו""א",פלאפל הגשר מרכז,,,"ק""ג",0,"י""ח",true,1,50,50,false,1,
18292,true,קרפלך בשר,פלאפל הגשר מרכז,,,"ק""ג",0,"י""ח",true,1,50,50,false,1,
18295,true,שעועית,פלאפל הגשר מרכז,,,"ק""ג",1,"י""ח",true,1,49,49,false,1,
18357,true,מרק סוגים שונים,פלאפל הגשר מרכז,,,"י""ח",0,"ק""ג",false,1,15,15,false,1,
18367,true,מנת עובד+מים,פלאפל הגשר מרכז,,,"י""ח",0,"ק""ג",false,1,25,25,false,1,
18368,true,מנת דג +2תוספות וסלטים,פלאפל הגשר מרכז,,,"י""ח",1,"ק""ג",false,1,40,40,false,1,
18377,true,מנות קיטרינג חלבי,פלאפל הגשר מרכז,,,"י""ח",0,"ק""ג",false,1,70,70,false,1,
18389,true,מנה צמחונית  2 תוספות,פלאפל הגשר מרכז,,,"י""ח",1,"י""ח",false,1,19.90,19.90,false,1,
18414,true,תוספת צ`יפס,פלאפל הגשר מרכז,,,"י""ח",0,"י""ח",false,1,5,5,false,1,
18460,true,"בורקס תפו""א בייתי",פלאפל הגשר מרכז,,,"ק""ג",0,"ק""ג",true,1,49,49,false,1,
18465,true,מטוגנים,פלאפל הגשר מרכז,,,"ק""ג",1,"ק""ג",true,1,59,59,false,1,
18564,true,חזה בקר  ברוטב ארטישוק,פלאפל הגשר מרכז,,,"ק""ג",0,"ק""ג",true,1,80,80,false,1,
23809,true,יין קלאסיק ברקן ק. סובניון,טמפו משקאות בעמ,,,"י""ח",750,"ל  מ""ל",false,1,32.90,4.35,true,1,
23816,true,יין קלאסיק ברקן אמרלד ריזלינג,טמפו משקאות בעמ,,,"י""ח",750,"ל  מ""ל",false,1,32.90,4.35,true,1,
23977,true,יין קלאסיק מרלו ברקן.,טמפו משקאות בעמ,,,"י""ח",750,"ל  מ""ל",false,1,32.90,4.35,true,1,
40974,true,חלב טרי דל לקטוז 1 ליטר,תנובה בעמ ***,,,"י""ח",1,ליטר,false,1,7.10,7.10,false,1,
41012,true,שניצל עגל  טרי/מצונן**,ח.י. מעדני גורמה בעמ,,,"ק""ג",1,,true,1,79.90,79.90,false,1,
41211,true,שיפודי  פרגיות**.,ח.י. מעדני גורמה בעמ,,,"ק""ג",1,,true,1,79.90,79.90,true,1,
41212,true,סטייק פרגיות  עוף טרי**,ח.י. מעדני גורמה בעמ,,,"ק""ג",1,,true,1,79.90,79.90,true,1,
41218,true,גרון עוף טרי  **,ח.י. מעדני גורמה בעמ,,,"ק""ג",1,,true,1,14.90,14.90,true,1,
41229,true,הודו אדום טרי  **,ח.י. מעדני גורמה בעמ,,,"ק""ג",1,,true,1,59.90,59.90,false,1,
41230,true,הודו טחון  טרי**,ח.י. מעדני גורמה בעמ,,,"ק""ג",1,,true,1,34.90,34.90,false,1,
41235,true,רצועות שוארמה  הודו**,ח.י. מעדני גורמה בעמ,,,"ק""ג",1,,true,1,74.90,74.90,false,1,
41260,true,כתף בקר טרי /מצונן חלק.,ח.י. מעדני גורמה בעמ,,,"ק""ג",1,,true,1,79.90,79.90,true,1,
41269,true,גולש עגל  טרי/מצונן**,ח.י. מעדני גורמה בעמ,,,"ק""ג",1,,true,1,79.90,79.90,true,1,
41270,true,כנפית עוף **,ח.י. מעדני גורמה בעמ,,,"ק""ג",1,,true,1,21.90,21.90,true,1,
41271,true,אנטריקוט טרי/מצונן**,ח.י. מעדני גורמה בעמ,,,"ק""ג",1,,true,1,199,199,true,1,
41324,true,רוסטביף לתנור  **,ח.י. מעדני גורמה בעמ,,,קוב,1,,true,1,89.90,89.90,false,1,
41362,true,צלעות בקר טרי/מצונן **,ח.י. מעדני גורמה בעמ,,,"ק""ג",1,,true,1,69.90,69.90,false,1,
41374,true,שפיץ  **,ח.י. מעדני גורמה בעמ,,,"ק""ג",1,,true,1,138.80,138.80,true,1,
41377,true,שייטל טרי **,ח.י. מעדני גורמה בעמ,,,"ק""ג",1,,true,1,99.90,99.90,false,1,
41379,true,שוקית כנף עוף **,ח.י. מעדני גורמה בעמ,,,"ק""ג",1,,true,1,21.90,21.90,true,1,
41414,true,אונטריף טרי/מצונן**,ח.י. מעדני גורמה בעמ,,,"ק""ג",1,,true,1,89.90,89.90,true,1,
41447,true,פרגית עוף לתנור עם עצם טרי**,ח.י. מעדני גורמה בעמ,,,"ק""ג",1,,true,1,59.90,59.90,true,1,
41505,true,סטרוגונוב עגל  טרי**,ח.י. מעדני גורמה בעמ,,,"ק""ג",1,,true,1,99.90,99.90,false,1,
41545,true,רצועות  חזה עוף להקפצה /טחינה**.,ח.י. מעדני גורמה בעמ,,,"ק""ג",1,,true,1,44.90,44.90,true,1,
41548,true,שווארמה פרגיות **.,ח.י. מעדני גורמה בעמ,,,"ק""ג",1,,true,1,69.90,69.90,false,1,
41659,true,אסאדו בלי עצם טרי**,ח.י. מעדני גורמה בעמ,,,"ק""ג",1,,true,1,79.90,79.90,true,1,
41680,true,דנוור סטייק טרי **.,ח.י. מעדני גורמה בעמ,,,"ק""ג",1,,true,1,118,118,false,1,
41832,true,פילה דניס טרי יחידה -מבצע **.,ח.י. מעדני גורמה בעמ,,,"י""ח",1,,false,1,9.90,9.90,true,1,
41996,true,מעורב ישראלי,ח.י. מעדני גורמה בעמ,,,"ק""ג",1,,true,1,69.90,69.90,true,1,
42209,true,טחון כתף/צלעות טרי **,ח.י. מעדני גורמה בעמ,,,"ק""ג",1,,true,1,59.90,59.90,true,1,
42261,true,סטייק עם עצם  טרי**,ח.י. מעדני גורמה בעמ,,,"ק""ג",1,,true,1,119.90,119.90,true,1,
42265,true,צלי כתף  טרי/מצונן**,ח.י. מעדני גורמה בעמ,,,"ק""ג",1,,true,1,99.90,99.90,false,1,
42268,true,שריר  טרי/מצונן**,ח.י. מעדני גורמה בעמ,,,"ק""ג",1,"ק""ג",true,1,69.90,69.90,true,1,
42323,true,אצבעות נגיסי עוף טרי**,ח.י. מעדני גורמה בעמ,,,"ק""ג",1,,true,1,49.90,49.90,true,1,
42866,true,אוסובוקו הודו טרי **,ח.י. מעדני גורמה בעמ,,,"ק""ג",1,,true,1,39.90,39.90,true,1,
45876,true,שאריות נקניק,שונות /שרות,,,"ק""ג",1,,true,1,19.90,19.90,false,1,
46006,true,עמק שקילה  *,תנובה בעמ ***,,,"ק""ג",1000,ל  גרם,true,1,44.79,4.48,false,1,
46501,true,טל העמק שקיל,תנובה בעמ ***,,,"ק""ג",1000,ל  גרם,true,1,60,6,false,1,
46549,true,מוצרלה  חריץ 20% מהדרין שקיל,תנובה בעמ ***,,,"ק""ג",1,"ק""ג",true,1,79,79,false,1,
46662,true,.גבינה סקנדינבית,תנובה בעמ ***,,,"ק""ג",10,"ק""ג",true,1,76,7.60,false,1,
47027,true,גבינה  קצ`קבל(גלעד) חריץ תנובה שקיל,תנובה בעמ ***,,,"ק""ג",1000,ל  גרם,true,1,121,12.10,false,1,
47034,true,רוקפור(גליל) חריץ שקיל תנובה,תנובה בעמ ***,,,"ק""ג",1000,ל  גרם,true,1,122,12.20,false,1,
47485,true,בולגרית פיראוס  %24 שקיל,תנובה בעמ ***,,,"ק""ג",1,"ק""ג",true,1,57,57,false,1,
51352,true,חלב של פעם 1 ליטר,תנובה בעמ ***,,,"י""ח",1,ליטר,false,1,7.60,7.60,false,1,
51376,true,יופלה דיאט אננס ספורטיבי 150גר`,תנובה בעמ ***,,,"י""ח",150,ל  גרם,false,1,5,3.33,false,1,
51710,true,פיראוס לאבנה עם שמן זית וזעתר 263גר`,תנובה בעמ ***,,,"י""ח",263,ל  גרם,false,1,13.90,5.29,false,1,
51956,true,טל העמק לייט חריץ 9% שקיל,תנובה בעמ ***,,,"ק""ג",1000,ל  גרם,true,1,79,7.90,false,1,
52311,true,עמק 15% פרוס בקופסא 200גר`,תנובה בעמ ***,,,"י""ח",200,ל  גרם,false,1,16.20,8.10,true,1,
54152,true,סוכריות גומי,ח.כהן סוכנות מזון ומשקאות בע,,,"ק""ג",1,,true,1,36.60,36.60,false,1,
55329,true,"יופלה משקה יוגורט טעם תות-מלון 250מ""ל",תנובה בעמ ***,,,"י""ח",250,ל  גרם,false,1,5.60,2.24,false,1,
55336,true,"יופלה משקה יוגורט טעם בננה-אפרסק 250מ""",תנובה בעמ ***,,,"י""ח",250,ל  גרם,false,1,5.60,2.24,false,1,
55343,true,"יופלה משקה יוגורט טעם טרופי 250מ""ל",תנובה בעמ ***,,,"י""ח",250,ל  גרם,false,1,5.60,2.24,false,1,
55893,true,חמאה 200גרם   רגיל*תנובה,תנובה בעמ ***,,,"י""ח",200,ל  גרם,false,1,7.80,3.90,false,1,
56081,true,מאגדת פרילי טבע 6 יח,תנובה בעמ ***,,,"י""ח",1.20,"ק""ג",false,1,21.90,18.25,false,1,
56845,true,חלב תנובה טרי הומוגני 3% 1.5  ליטר*,תנובה בעמ ***,,,"י""ח",1.50,ליטר,false,1,9.34,6.23,false,1,
56890,true,מאגדת  יופלה שמיניה דיאט 0%,תנובה בעמ ***,,,"י""ח",1.20,ליטר,false,1,30.50,25.42,false,1,
57088,true,עמק דק 200גר`,תנובה בעמ ***,,,"י""ח",200,ל  גרם,false,1,16.30,8.15,true,1,
57118,true,עמק סמי מעדניה  400גרם,תנובה בעמ ***,,,"י""ח",400,ל  גרם,false,1,20.90,5.23,false,1,
57132,true,יוגורט תנובה 1.5% 200גרם,תנובה בעמ ***,,,"י""ח",200,ל  גרם,false,1,3.20,1.60,false,1,
57149,true,יוגורט תנובה 3% 200גרם,תנובה בעמ ***,,,"י""ח",200,ל  גרם,false,1,3.20,1.60,false,1,
58030,true,"יופלה שטוזים מקה יוגורט תות 800 מ""ל",תנובה בעמ ***,,,"י""ח",800,"ל  מ""ל",false,1,20.90,2.61,false,1,
58047,true,"שמנת מתוקה  (38%תנובה)עם  פקק 500 מ""ל*",תנובה בעמ ***,,,"י""ח",500,"ל  מ""ל",false,1,12.94,2.59,false,1,
59310,true,דג לברק טרי,ח.י. מעדני גורמה בעמ,,,"ק""ג",1,,true,1,74.90,74.90,false,1,
60316,true,פרפקטו ספגטי,קבוצת אוסם סחר-שות.מוגבלת,,,"י""ח",500,ל  גרם,false,1,7.70,1.54,false,1,
60903,true,פתיתים אפויים אורז אוסם,קבוצת אוסם סחר-שות.מוגבלת,,,"י""ח",500,ל  גרם,false,1,6.90,1.38,true,1,
61214,true,פתיתים קוסקום עם בצל 500גר`,קבוצת אוסם סחר-שות.מוגבלת,,,"י""ח",500,ל  גרם,false,1,7.90,1.58,true,1,
61450,true,פתיתים קוסקוס 3 צבעים 500גר`,קבוצת אוסם סחר-שות.מוגבלת,,,"י""ח",500,ל  גרם,false,1,7.60,1.52,true,1,
62129,true,"פודינג אינסטנט וניל  1 ק""ג",קבוצת אוסם סחר-שות.מוגבלת,,,"י""ח",1,"ק""ג",false,1,23.90,23.90,false,1,
65248,true,כרעיים עוף מוזל טרי,ח.י. מעדני גורמה בעמ,,,"ק""ג",1,,true,1,29.90,29.90,true,1,
65977,true,חטיפי פריכונים תירס שומשום 80 ג`,קבוצת אוסם סחר-שות.מוגבלת,,,"י""ח",800,ל  גרם,false,1,8.30,1.04,false,1,
66660,true,"שקדי מרק כשל""פ",קבוצת אוסם סחר-שות.מוגבלת,,,"י""ח",1,,false,1,14.10,14.10,false,1,
68787,true,במבה יום הולדת }25גרם{,קבוצת אוסם סחר-שות.מוגבלת,,,"י""ח",25,ל  גרם,false,1,2.90,11.60,false,1,
70919,true,בייגלה רשתות  מלח 400גר,קבוצת אוסם סחר-שות.מוגבלת,,,"י""ח",400,ל  גרם,false,1,12.90,3.23,false,1,
71008,true,שטוחים בייגלה מלח 60גר,קבוצת אוסם סחר-שות.מוגבלת,,,"י""ח",60,ל  גרם,false,1,3.10,5.17,false,1,
72067,true,במבה חלבה 60גר`,קבוצת אוסם סחר-שות.מוגבלת,,,"י""ח",60,ל  גרם,false,1,4.30,7.17,true,1,
73699,true,חומוס  150גר צבר,קבוצת אוסם סחר-שות.מוגבלת,,,"י""ח",150,ל  גרם,false,1,5.20,3.47,false,1,
74481,true,לחמית אגוזים 230גרם,קבוצת אוסם סחר-שות.מוגבלת,,,"י""ח",230,ל  גרם,false,1,8.90,3.87,true,1,
75693,true,עוגת שמרים בריוש שוקולד,קבוצת אוסם סחר-שות.מוגבלת,,,"י""ח",360,ל  גרם,false,1,17.90,4.97,false,1,
76645,true,טוסטעים חיטה מלאה 100גר`,קבוצת אוסם סחר-שות.מוגבלת,,,"י""ח",100,ל  גרם,false,1,10.70,10.70,false,1,
77253,true,לחמית כפרית עם דגנים מלאים 190 ג`,קבוצת אוסם סחר-שות.מוגבלת,,,"י""ח",190,ל  גרם,false,1,8.90,4.68,true,1,
100128,true,תות קפוא 300ג  סנפרוסט,תנובה בשר,,,"י""ח",500,ל  גרם,false,1,16.90,3.38,true,1,
100296,true,שייק תות בננה  300ג.,תנובה בשר,,,"י""ח",300,ל  גרם,false,1,16.90,5.63,true,1,
100302,true,פול ירוק קלוף סנפרוסט{600גר,תנובה בשר,,,"י""ח",600,ל  גרם,false,1,22.90,3.82,true,1,
101132,true,לקט קטניות לחמין 800ג,תנובה בשר,,,"י""ח",800,ל  גרם,false,1,19.90,2.49,true,1,
103365,true,מרק ירקות  סנפרוסט 560ג,תנובה בשר,,,"י""ח",560,ל  גרם,false,1,16.90,3.02,true,1,
103433,true,לקט ירקות לתנור}סנפרוסט{,תנובה בשר,,,"י""ח",800,ל  גרם,false,1,20.90,2.61,true,1,
103471,true,מיני ברוקולי (600סנפרוסט),תנובה בשר,,,"י""ח",600,ל  גרם,false,1,15.90,2.65,true,1,
103730,true,לקט להקפצה עם פסטה פוזילי 800גר`,תנובה בשר,,,"י""ח",800,ל  גרם,false,1,22.90,2.86,true,1,
103815,true,לקט להקפצה בסגנון   תאילנ}סנפרוסט {800,תנובה בשר,,,"י""ח",800,ל  גרם,false,1,22.90,2.86,true,1,
103822,true,לקט לעוף 800גרם סנפרוסט,תנובה בשר,,,"י""ח",800,ל  גרם,false,1,21.90,2.74,true,1,
103839,true,מרק כתום   572גרם סנפרוסט,תנובה בשר,,,"י""ח",572,ל  גרם,false,1,16.90,2.95,true,1,
103846,true,מרק אפונה 572גרם סנפרוסט,תנובה בשר,,,"י""ח",572,ל  גרם,false,1,10.90,1.91,true,1,
103860,true,מרק עדשים 572גרם סנפרוסט,תנובה בשר,,,"י""ח",572,ל  גרם,false,1,16.90,2.95,true,1,
103877,true,מרק שעועית 644גרם סנפרוסט,תנובה בשר,,,"י""ח",644,ל  גרם,false,1,10.90,1.69,true,1,
104072,true,"עדשים מבושלים 1ק""ג",תנובה בשר,,,"י""ח",1,"ק""ג",false,1,19.90,19.90,true,1,
104188,true,שעועית אדומה מבושלת 800גר`,תנובה בשר,,,"י""ח",800,ל  גרם,false,1,18.90,2.36,true,1,
110004,true,"קנס""חותמת  אדומה"" רפאל מימון",שונות /שרות,,,"י""ח",1,,false,1,200,200,false,1,
110851,true,כיפלי חטיף בצל,יוניליוור ישראל שיווק בעמ,,,"י""ח",70,ל  גרם,false,1,4.50,6.43,true,1,
113361,true,ערכת אבלים כבאות והצלה,שונות /שרות,,,"י""ח",1,,false,1,900,900,false,1,
116884,true,רוטב ברביקיו-קנור  340גרם,יוניליוור ישראל שיווק בעמ,,,"י""ח",340,ל  גרם,false,1,10.90,3.21,true,1,
120874,true,מיונז הלמנס לייט 424גרם,יוניליוור ישראל שיווק בעמ,,,"י""ח",424,ל  גרם,false,1,12.90,3.04,false,1,
124749,true,"קורנביף קפוא ארוז חב""ד",בלדי בעמ,,,"ק""ג",1,"ק""ג",true,1,46.90,46.90,false,1,
124756,true,"כתף כבש קפוא חב""ד בלדי",בלדי בעמ,,,"ק""ג",1,"ק""ג",true,1,49.90,49.90,false,1,
135311,true,פפסי מקס ליים 1.5 ליטר,טמפו משקאות בעמ,,,"י""ח",1.50,ליטר,false,1,7.50,4.80,true,1,
135465,true,"סודה טמפו 500 מ""ל 12 בק",טמפו משקאות בעמ,,,"י""ח",6,ליטר,false,1,29.90,4.38,true,1,
135595,true,פפסי מקס טעם דובדבן 1.5 ליטר,טמפו משקאות בעמ,,,"י""ח",1.50,ליטר,false,1,7.20,4.60,true,1,
136141,true,פפסי 1.5 ליטר.,טמפו משקאות בעמ,,,"י""ח",150,"ל  מ""ל",false,1,7.60,4.87,true,1,
136158,true,פפסי מקס 1.5 ליטר,טמפו משקאות בעמ,,,"י""ח",1.50,ליטר,false,1,7.50,4.80,true,1,
136165,true,מירנדה 1.5 ליטר,טמפו משקאות בעמ,,,"י""ח",1.50,ליטר,false,1,7.60,4.87,true,1,
136172,true,סבן אפ 1.5 ליטר.,טמפו משקאות בעמ,,,"י""ח",1.50,ליטר,false,1,7.60,4.87,true,1,
136189,true,7-UP דיאט  1.5 ליטר,טמפו משקאות בעמ,,,"י""ח",1.50,ליטר,false,1,7.20,4.60,true,1,
136240,true,סודה טמפו 1.5 ל,טמפו משקאות בעמ,,,"י""ח",1.50,ליטר,false,1,4.20,2.60,true,1,
136288,true,"סיידר תרכיז 330מ""ל בטעם תפוחים  Juicer",טמפו משקאות בעמ,,,"י""ח",330,"ל  מ""ל",false,1,13.60,4.12,true,1,
136295,true,"סיידר תרכיז 330מ""ל בטעם פטל  Juicer",טמפו משקאות בעמ,,,"י""ח",330,"ל  מ""ל",false,1,13.60,4.12,true,1,
136431,true,ג אמפ אפרסק צלול 1.5 ליטר,טמפו משקאות בעמ,,,"י""ח",1.50,ליטר,false,1,7.50,4.80,true,1,
136455,true,ג אמפ אשכוליות 1.5 ליטר,טמפו משקאות בעמ,,,"י""ח",1.50,ליטר,false,1,7.50,4.80,true,1,
136516,true,ג אמפ מנגו פסיפלורה 1.5 ליטר,טמפו משקאות בעמ,,,"י""ח",1.50,ליטר,false,1,7.50,4.80,true,1,
136523,true,ג אמפ ענבים 1.5 ליטר,טמפו משקאות בעמ,,,"י""ח",1.50,ליטר,false,1,7.50,4.80,true,1,
136561,true,ג אמפ תות בננה 1.5 ליטר,טמפו משקאות בעמ,,,"י""ח",1.50,ליטר,false,1,7.50,4.80,true,1,
136776,true,פפסי מקס 1.5 ליטר שישיה,טמפו משקאות בעמ,,,"י""ח",9,ליטר,false,1,37.90,4.01,false,1,
136790,true,סודה 1.5 ליטר שישיה טמפו,טמפו משקאות בעמ,,,"י""ח",9,ליטר,false,1,16.90,1.68,false,1,
136868,true,סאן בנדטו שישיה 1.5 ל,טמפו משקאות בעמ,,,"י""ח",9,ליטר,false,1,17.90,1.79,false,1,
136875,true,סאן בנדטו  מוגז שישיה 1.5 ליטר,טמפו משקאות בעמ,,,"י""ח",9,ליטר,false,1,19.90,2.01,false,1,
150956,true,עוף טוב מקלוני קבנוס 160גרם,קבוצת אוסם סחר-שות.מוגבלת,,,"י""ח",160,ל  גרם,false,1,9.90,6.19,false,1,
152943,true,מארז סלמי+פסטרמה  350*2,קבוצת אוסם סחר-שות.מוגבלת,,,"י""ח",700,ל  גרם,false,1,29.90,4.27,false,1,
153469,true,קציצות עוף קלאסיות עוף טוב 600 גרם,קבוצת אוסם סחר-שות.מוגבלת,,,"י""ח",600,ל  גרם,false,1,29.90,4.98,true,1,
158105,true,שניצל דינוזאור עוף טוב,קבוצת אוסם סחר-שות.מוגבלת,,,"י""ח",700,ל  גרם,false,1,29.90,4.27,true,1,
159010,true,שניצל דובונים עוף טוב,קבוצת אוסם סחר-שות.מוגבלת,,,"י""ח",700,ל  גרם,false,1,29.90,4.27,true,1,
160078,true,"קוסקוס קנור 10ק""ג",יוניליוור ישראל שיווק בעמ,,,"י""ח",180,ל  גרם,false,1,139.90,77.72,false,1,
166605,true,סיף כללי יסמין 4 ליטר,יוניליוור ישראל שיווק בעמ,,,"י""ח",4,ליטר,false,1,19.90,4.98,false,1,
168173,true,ברנפלקס קראנצ`ים 375גרם,יוניליוור ישראל שיווק בעמ,,,"י""ח",500,ל  גרם,false,1,19.90,3.98,false,1,
169538,true,נמס בכוס מרק עגבניות עם קרוטונים 62  ג`ב,יוניליוור ישראל שיווק בעמ,,,"י""ח",34,ל  גרם,false,1,6.90,20.29,true,1,
169798,true,"עוגי מופחת סוכר  500 ג בד""ץ",יוניליוור ישראל שיווק בעמ,,,"י""ח",500,ל  גרם,false,1,19.90,3.98,true,1,
176420,true,111,שטראוס גרופ בעמ,,,"י""ח",200,"ל  מ""ל",false,1,19.90,9.95,true,1,
185330,true,סילאן טבעי 900ג,תה ויסוצקי (ישראל)בעמ,,,"י""ח",900,ל  גרם,false,1,23.90,2.66,true,1,
185590,true,סילאן 635ג טבעי בקבוק,תה ויסוצקי (ישראל)בעמ,,,"י""ח",635,ל  גרם,false,1,19.90,3.13,false,1,
186535,true,נייר טואלט לילי טריו 32 לבן,קימברלי קלארק ישראל שיווק בעמ,,,"י""ח",1788,ל  גרם,false,1,41.90,2.34,false,1,
187853,true,נייר טואלט לילי לבן 1/40,קימברלי קלארק ישראל שיווק בעמ,,,"י""ח",40,"י""ח",false,1,43.90,1.10,true,1,
188355,true,מגבות ניקול לבנה 1/6,קימברלי קלארק ישראל שיווק בעמ,,,"י""ח",66.20,מטר,false,1,12.90,0.19,true,1,
188386,true,מגבות ניקול לבנה 1/12,קימברלי קלארק ישראל שיווק בעמ,,,"י""ח",132.40,מארז,false,1,21.90,0.17,false,1,
188553,true,מגני תחתון קוטקס SILK נורמל,קימברלי קלארק ישראל שיווק בעמ,,,"י""ח",1,"י""ח",false,1,22.90,22.90,true,1,
189598,true,מטליות לחות חד פעמיות ניקול,קימברלי קלארק ישראל שיווק בעמ,,,"י""ח",100,ל  גרם,false,1,9.80,9.80,false,1,
189680,true,זוג מטליות לחות לרצפה,קימברלי קלארק ישראל שיווק בעמ,,,"י""ח",200,ל  גרם,false,1,21.90,10.95,false,1,
189734,true,מטליות לחות לפרקט,קימברלי קלארק ישראל שיווק בעמ,,,"י""ח",1,,false,1,10.90,10.90,false,1,
189871,true,#ניקול אשפתון פחים גדולים 55יח,קימברלי קלארק ישראל שיווק בעמ,,,"י""ח",55,"י""ח",false,1,23.90,0.43,true,1,
191171,true,קלינקס קולקשן זוג ניילון,קימברלי קלארק ישראל שיווק בעמ,,,"י""ח",80,"י""ח",false,1,9.90,0.12,false,1,
192581,true,מגבות ניקול גליל כפול 6=12,קימברלי קלארק ישראל שיווק בעמ,,,"י""ח",6,"י""ח",false,1,21.90,3.65,false,1,
193076,true,מטליות ריצפה ניקול שלשיה,קימברלי קלארק ישראל שיווק בעמ,,,"י""ח",3,"י""ח",false,1,13.90,4.63,false,1,
194288,true,משטח החתלה,קימברלי קלארק ישראל שיווק בעמ,,,"י""ח",1,,false,1,22.90,22.90,false,1,
194837,true,שקיות למזון גדולות במיוחד,קימברלי קלארק ישראל שיווק בעמ,,,"י""ח",200,"י""ח",false,1,13.90,0.07,true,1,
195216,true,נייר אפיה לתנור בשקית 50יח,קימברלי קלארק ישראל שיווק בעמ,,,"י""ח",1,"י""ח",false,1,10.90,10.90,false,1,
196763,true,שקיות אשפה  ניקול גדול,קימברלי קלארק ישראל שיווק בעמ,,,"י""ח",1,"י""ח",false,1,24.90,24.90,true,1,
197425,true,האגיס פרידום דריי שלב 3,קימברלי קלארק ישראל שיווק בעמ,,,"י""ח",54,"י""ח",false,1,45.90,0.85,true,1,
197463,true,האגיס פרידום דריי שלב 4+,קימברלי קלארק ישראל שיווק בעמ,,,"י""ח",42,"י""ח",false,1,45.90,1.09,true,1,
197548,true,האגיס פרידום דריי שלב 5,קימברלי קלארק ישראל שיווק בעמ,,,"י""ח",38,"י""ח",false,1,45.90,1.21,true,1,
197678,true,האגיס פרידום דריי שלב  6,קימברלי קלארק ישראל שיווק בעמ,,,"י""ח",34,"י""ח",false,1,45.90,1.35,true,1,
201856,true,טיטולים פרמיום שלב 4+,קימברלי קלארק ישראל שיווק בעמ,,,"י""ח",1,"י""ח",false,1,36.90,36.90,true,1,
201870,true,טיטולים פרמיום שלב 6,קימברלי קלארק ישראל שיווק בעמ,,,"י""ח",1,"י""ח",false,1,36.90,36.90,true,1,
204512,true,מטליות לחות לרצפה בריח לימון,קימברלי קלארק ישראל שיווק בעמ,,,"י""ח",1,"י""ח",false,1,11,11,false,1,
205915,true,האגיס אקסטרא קר מידה 4,קימברלי קלארק ישראל שיווק בעמ,,,"י""ח",1,"י""ח",false,1,57.90,57.90,true,1,
209012,true,חומץ 1ליטר]יכין[,זנלכל בעמ,,,"י""ח",600,"ל  מ""ל",false,1,6.90,1.15,true,1,
209371,true,שלשות תירס 6OZ,זנלכל בעמ,,,"י""ח",600,ל  גרם,false,1,14.90,2.48,false,1,
209388,true,תירס לייט 150 ג  שלישיה,זנלכל בעמ,,,"י""ח",1,,false,1,14.90,14.90,false,1,
210896,true,רוטב בולונז לפסטה 240 גר`פלסטיק,זנלכל בעמ,,,"י""ח",240,ל  גרם,false,1,5.50,2.29,false,1,
211138,true,עיזים הולנד,א. סיימן סחר בעמ,,,"ק""ג",5,"ק""ג",true,1,99.90,19.98,false,1,
253244,true,מרציפן נקי 86גר,תה ויסוצקי (ישראל)בעמ,,,"י""ח",86,ל  גרם,false,1,7.90,9.19,false,1,
253374,true,מיני שוקולד ציפס 250גר אופנהיימר,תה ויסוצקי (ישראל)בעמ,,,"י""ח",250,ל  גרם,false,1,14.90,5.96,false,1,
262413,true,האגיס אקסטרא קר מידה 5,קימברלי קלארק ישראל שיווק בעמ,,,"י""ח",1,"י""ח",false,1,57.90,57.90,true,1,
263359,true,האגיס פומלה NB1.,קימברלי קלארק ישראל שיווק בעמ,,,"י""ח",1,"י""ח",false,1,31.90,31.90,false,1,
293820,true,"ג`ל רחצה קרמה מן 700מ""ל",החב הדרומית לשיווק,,,"י""ח",1,,false,1,14.90,14.90,false,1,
311272,true,וופל חלבה 180 גר`מן,ח.כהן סוכנות מזון ומשקאות בע,,,"י""ח",180,ל  גרם,false,1,4.20,2.33,false,1,
311746,true,עוגיות קרמל 300ג מן,ח.כהן סוכנות מזון ומשקאות בע,,,"י""ח",300,ל  גרם,false,1,6.90,2.30,false,1,
318103,true,פסטרמה ברביקיו}יחיעם{,מעדני יחיעם 1993 בעמ,,,"ק""ג",1,,true,1,67.60,67.60,true,1,
318165,true,פסטרמה  אמיתי  צליה{יחיעם},מעדני יחיעם 1993 בעמ,,,"ק""ג",1,,true,1,78.70,78.70,true,1,
318189,true,פסטרמה ברביקיו על האש 300גר.,מעדני יחיעם 1993 בעמ,,,"י""ח",300,ל  גרם,false,1,29.90,9.97,false,1,
319049,true,פסטרמה גלילית יחיעם.,מעדני יחיעם 1993 בעמ,,,"ק""ג",1000,ל  גרם,true,1,44.90,4.49,true,1,
319292,true,"נקניקיות וינר פלוס1 ק""ג",מעדני יחיעם 1993 בעמ,,,"י""ח",1,"ק""ג",false,1,19.90,19.90,false,1,
319391,true,"נקניקיות צ`ופר 1 ק""ג",מעדני יחיעם 1993 בעמ,,,"י""ח",1,"ק""ג",false,1,20.90,20.90,false,1,
319728,true,איטלקי  מפולפל{יחיעם},מעדני יחיעם 1993 בעמ,,,"ק""ג",1000,ל  גרם,true,1,67.60,6.76,true,1,
319759,true,סלמי תה שקיל,מעדני יחיעם 1993 בעמ,,,"ק""ג",800,ל  גרם,true,1,44,5.50,true,1,
319803,true,קבנוס קלאסי 125ג,מעדני יחיעם 1993 בעמ,,,"י""ח",125,ל  גרם,false,1,13.90,11.12,true,1,
319834,true,קבנוס פפרוני קלאסי 125ג,מעדני יחיעם 1993 בעמ,,,"י""ח",125,ל  גרם,false,1,13.90,11.12,true,1,
319841,true,פסטרמה  מנמעשנה(יחיעם{,מעדני יחיעם 1993 בעמ,,,"ק""ג",1,,true,1,77.90,77.90,true,1,
319971,true,צלעות בקר על האש,מעדני יחיעם 1993 בעמ,,,"ק""ג",1,"ק""ג",true,1,120,120,false,1,
364292,true,סלסולי פסטרמה גחלים 120גר`,תנובה בשר,,,"י""ח",120,ל  גרם,false,1,13.90,11.58,false,1,
365046,true,כתף בקר מעושן משקל{טירת  צבי},תנובה בשר,,,"ק""ג",1,,true,1,89,89,false,1,
379240,true,חלה רגילה מרובעת  500  גרם*,שלמה א.אנג ל בעמ,,,"י""ח",500,ל  גרם,false,1,5.10,1.02,false,1,
400100,true,"סה""כ עבר לכספר",שונות /שרות,,,"י""ח",250,"ל  מ""ל",false,1,0.10,0.04,false,1,
419374,true,מארז לנדוור טחון טורקי 3*100גרם,ש.שסטוביץ בעמ,,,"י""ח",200,ל  גרם,false,1,18.90,9.45,false,1,
453408,true,בצק פיצה דק ומוכן לאפיה שמרית 415גר,שטראוס גרופ ***בעמ,,,"י""ח",415,ל  גרם,false,1,16.90,4.07,true,1,
453415,true,בצק עלים מצונן ומוכן לאפיה שמרית 300גר,שטראוס גרופ ***בעמ,,,"י""ח",300,ל  גרם,false,1,14.90,4.97,true,1,
453422,true,בצק פילו מוכן לאפיה שמרית 300גר,שטראוס גרופ ***בעמ,,,"י""ח",300,ל  גרם,false,1,14.90,4.97,true,1,
453446,true,פיצה קראסט שמרית 500גר,שטראוס גרופ ***בעמ,,,"י""ח",500,ל  גרם,false,1,19.90,3.98,true,1,
453484,true,בצק קדאיף 350גר,שטראוס גרופ ***בעמ,,,"י""ח",350,ל  גרם,false,1,14.90,4.26,true,1,
453781,true,שמרים יבשים 125ג שמרית.,שטראוס גרופ בעמ,,,"י""ח",125,ל  גרם,false,1,5.90,4.72,true,1,
453798,true,שמרים אקטיבים 500גר עלית,שטראוס גרופ בעמ,,,"י""ח",500,ל  גרם,false,1,15,3,true,1,
453866,true,נטורינה קוקוס  200גר,שטראוס גרופ ***בעמ,,,"י""ח",200,ל  גרם,false,1,7.90,3.95,true,1,
453897,true,מרגרינה בטעם חמאה 200גר,שטראוס גרופ ***בעמ,,,"י""ח",200,ל  גרם,false,1,4.90,2.45,true,1,
455545,true,פלסטיק ריק  *20,החברה המרכזית להפצת משקאות בעמ,,,"י""ח",1,,false,1,16.90,16.90,false,1,
462141,true,סחוג אדום חריף זהבי  150גר`,שטראוס גרופ ***בעמ,,,"י""ח",150,ל  גרם,false,1,7.90,5.27,true,1,
462981,true,זחוק חריף אש 150גרם אחלה,שטראוס גרופ ***בעמ,,,"י""ח",150,ל  גרם,false,1,7.90,5.27,true,1,
467320,true,חומוס אבו מרוואן 400גר,קבוצת אוסם סחר-שות.מוגבלת,,,"י""ח",400,ל  גרם,false,1,14.80,3.70,true,1,
481029,true,מארז 10 פיתות בטעם ביתי(דגנית),דגנית עין בר ~~~,,,"י""ח",10,"י""ח",false,1,12.90,1.29,false,1,
481074,true,לחם דגנים  טריו מלא }דגנית {750,דגנית עין בר ~~~,,,"י""ח",750,ל  גרם,false,1,15.90,2.12,false,1,
481883,true,מארז 10 לחמניות אצבע.,דגנית עין בר ~~~,,,"י""ח",1,,false,1,11.90,11.90,false,1,
497198,true,פיתות מארז 10יח  אסלי ברמן,י.את א. ברמן בעמ,,,"י""ח",1,,false,1,10.90,10.90,false,1,
498034,true,לחם כוסמין 100%  E-FREE,י.את א. ברמן בעמ,,,"י""ח",750,ל  גרם,false,1,15.90,2.12,false,1,
518190,true,מתוק וקל סטיביה 100 שק.,מתוק וקל בעמ,,,"י""ח",25,ל  גרם,false,1,24.70,98.80,false,1,
518220,true,סוכרה דיאט 100 יח.,מתוק וקל בעמ,,,"י""ח",100,"י""ח",false,1,26.90,0.27,false,1,
518336,true,צמר גפן מתוק,מתוק וקל בעמ,,,"י""ח",25,ל  גרם,false,1,4.90,19.60,true,1,
521008,true,יין סגל אדום יבש,טמפו משקאות בעמ,,,"י""ח",750,"ל  מ""ל",false,1,21.90,2.88,true,1,
521015,true,יין  סגל לבן,טמפו משקאות בעמ,,,"י""ח",750,"ל  מ""ל",false,1,21.90,2.88,true,1,
521022,true,יין סגל לבן חצי יבש,טמפו משקאות בעמ,,,"י""ח",750,"ל  מ""ל",false,1,21.90,2.88,true,1,
523804,true,"מלח עדין 1 ק""ג צנצנת הארץ",סוגת תעשיות בעמ,,,"י""ח",1,"ק""ג",false,1,6.90,6.90,false,1,
523811,true,"מלח גס 1 ק""ג צנצנת הארץ",סוגת תעשיות בעמ,,,"י""ח",1,"ק""ג",false,1,6.90,6.90,false,1,
524191,true,עוגיות מובחרות כעכים ריפעת,שיבולים ייצור ושיווק מאפה בעמ,,,"י""ח",400,ל  גרם,false,1,16.90,4.23,false,1,
530024,true,תה מעושן רחב זוגלובק,זוגלובק שיווק בעמ,,,"ק""ג",1000,ל  גרם,true,1,44.90,4.49,false,1,
530031,true,פיין סלמי זוגלובק,זוגלובק שיווק בעמ,,,"י""ח",1000,ל  גרם,true,1,55.20,5.52,false,1,
530062,true,מעושן איטלקי]זוגלובק[,זוגלובק שיווק בעמ,,,"ק""ג",1,"י""ח",true,1,75.60,75.60,false,1,
532479,true,"נקניקיות חריפות 1 ק""ג קפואות",זוגלובק שיווק בעמ,,,"י""ח",1,"ק""ג",false,1,27.90,27.90,true,1,
536743,true,קריספי סטיקס תירס 500 גרם,זוגלובק שיווק בעמ,,,"י""ח",1.50,"ק""ג",false,1,14.90,9.93,false,1,
540009,true,מדליק פחם שקד ראש גפרור,ציון תורגמן בעמ,,,"י""ח",1,,false,1,5.90,5.90,false,1,
540931,true,עוגיות  400ג טעמים שונים,ציון תורגמן בעמ,,,"י""ח",400,ל  גרם,false,1,12.90,3.23,false,1,
552118,true,נקניקיות מרגז 400 גרם,נטו מלינדה סחר בעמ,,,"י""ח",400,ל  גרם,false,1,20.50,5.13,false,1,
554006,true,קשקבלו  מחלבות גד שקיל,מחלבות גד,,,"ק""ג",1,,true,1,122,122,false,1,
554532,true,צפתית גד  מעודנת 5% במלח ים טבעי 200 ג,מחלבות גד,,,"י""ח",200,"ל  מ""ל",false,1,13.90,6.95,false,1,
554815,true,גבינה מוצרלה  משק}גד{,מחלבות גד,,,"ק""ג",1,,true,1,79.90,79.90,false,1,
554983,true,גבינה לבנה,מחלבות גד,,,"ק""ג",1,,true,1,38.90,38.90,false,1,
555502,true,אריזת פקדון(חוק  פקדון),שונות /שרות,,,"י""ח",1,,false,1,0.30,0.30,false,1,
555503,true,פיקדון X 6,שונות /שרות,,,"י""ח",1,,false,1,1.80,1.80,false,1,
555504,true,פיקדון X 4,שונות /שרות,,,"י""ח",1,,false,1,1.20,1.20,false,1,
555509,true,פיקדון 12X,שונות /שרות,,,"י""ח",1,,false,1,3.60,3.60,false,1,
555513,true,פיקדון *5בקבוקים,טמפו משקאות בעמ,,,"י""ח",1,,false,1,1.50,1.50,false,1,
571294,true,גאודה מעושנת שקיל.,מחלבות גד,,,"ק""ג",1000,ל  גרם,true,1,103,10.30,false,1,
574066,true,לחם מקמחים מלאים ושיפון בלבד 750גר,דגנית עין בר ~~~,,,"י""ח",750,ל  גרם,false,1,13.90,1.85,false,1,
574172,true,לחם קל מחיטה מלאה 750גר`,דגנית עין בר ~~~,,,"י""ח",750,ל  גרם,false,1,14.90,1.99,false,1,
574455,true,לחם חיטה מלא פלוס כוסמין 750גר,דגנית עין בר ~~~,,,"י""ח",750,ל  גרם,false,1,14.90,1.99,false,1,
604022,true,ביצים L 12 יח*,תנובה ביצים,,,"י""ח",12,"י""ח",false,1,11.30,0.94,false,1,
604121,true,ביצים L 18יח,תנובה ביצים,,,"י""ח",18,"י""ח",false,1,16.90,0.94,false,1,
630519,true,עוף טרי שלם מוכשר(קצביה)**.,ח.י. מעדני גורמה בעמ,,,"ק""ג",1,"ק""ג",true,1,19.90,19.90,false,1,
631059,true,כבד עוף  טרי(קצביה) **.,ח.י. מעדני גורמה בעמ,,,"ק""ג",1,"ק""ג",true,1,29.90,29.90,true,1,
632278,true,שניצל עוף פרימיום  נקי ודק  דק[קצביה].,ח.י. מעדני גורמה בעמ,,,"ק""ג",1,"ק""ג",true,1,49.90,49.90,true,1,
632280,true,סטייק פרגיות מקוצב טרי,ח.י. מעדני גורמה בעמ,,,"ק""ג",1,,true,1,79.90,79.90,true,1,
632308,true,חזה עוף חצוי נקי טרי(קצביה )**.,ח.י. מעדני גורמה בעמ,,,"ק""ג",1,,true,1,42.80,42.80,true,1,
641751,true,חזה הודו טרי נז  קצביה**,ח.י. מעדני גורמה בעמ,,,"ק""ג",1,,true,1,34.90,34.90,false,1,
642840,true,שוקיים הודו טרי**,ח.י. מעדני גורמה בעמ,,,"ק""ג",1,,true,1,29.90,29.90,false,1,
643243,true,שווארמה הודו נקבה}קצביה{**,ח.י. מעדני גורמה בעמ,,,"ק""ג",1,,true,1,74.90,74.90,false,1,
643946,true,כנף הודו   טרי}קצביה{**,ח.י. מעדני גורמה בעמ,,,"ק""ג",1,,true,1,14.90,14.90,false,1,
644356,true,גרון   הודו טרי(קצביה)**,ח.י. מעדני גורמה בעמ,,,"ק""ג",1,,true,1,32.90,32.90,false,1,
644783,true,דג סלמון קפוא מנות תנובה,תנובה בשר,,,"ק""ג",1,"ק""ג",true,1,89.90,89.90,false,1,
646299,true,פילה נסיכת נילוס 100% דג,תנובה בשר,,,"ק""ג",1,,true,1,54.90,54.90,false,1,
651651,true,עוף טוב רצועות צ`ונגו אמיתי,בלדי בעמ,,,"ק""ג",1,"ק""ג",true,1,47.90,47.90,false,1,
654546,true,פילה אמנון 7-9 100% דג פרמיום,תנובה בשר,,,"ק""ג",1,,true,1,34.90,34.90,false,1,
655376,true,פילה דניס קפוא,תנובה בשר,,,"ק""ג",1,,true,1,89.90,89.90,false,1,
657657,true,מאפים טריים במשקל אפיה מקומית.,ג נרל מילס ישראל בעמ,,,"ק""ג",1,,true,1,44.90,44.90,true,1,
658926,true,פילה מרלוזה קפוא 100% דג,תנובה בשר,,,"ק""ג",1,,true,1,29.90,29.90,false,1,
662817,true,סלמון מעושן  100גר,תנובה בשר,,,"י""ח",100,ל  גרם,false,1,19.90,19.90,false,1,
663036,true,פילה אמנון ללא עור קפוא,תנובה בשר,,,"ק""ג",1,,true,1,44.90,44.90,false,1,
663135,true,קוביות סלמון קפוא 300ג,תנובה בשר,,,"י""ח",300,ל  גרם,false,1,29.90,9.97,false,1,
666601,true,פיקדון 0.30.,שונות /שרות,,,"י""ח",1,"י""ח",false,1,0.30,0.30,false,1,
672844,true,חלה רגילה (אפיה מקומית),ג נרל מילס ישראל בעמ,,,"י""ח",1,,false,1,10.90,10.90,true,1,
688381,true,מי עדן שישיה 0.5 ליטר,יפאורה שותפות מוגבלת לשיווק,,,"י""ח",3,ליטר,false,1,13.90,4.03,true,1,
688428,true,מי מינרלים בודד חצי ליטר,יפאורה שותפות מוגבלת לשיווק,,,"י""ח",500,"ל  מ""ל",false,1,3,0.54,false,1,
688503,true,"מי עדן שישייה ג ים 750 מ""ל",יפאורה שותפות מוגבלת לשיווק,,,"י""ח",4.50,ליטר,false,1,16.50,3.27,false,1,
861000,true,משטח עץ,שונות /שרות,,,"י""ח",1,,false,1,7,7,false,1,
961804,true,דלעת ארוזה שקיל,ביכורי השדה צפון 1994 ג.ד. בעמ,,,"ק""ג",1,,true,1,12.90,12.90,false,1,
976433,true,קשיו קלוי שקיל,****דין שיווק וקליה 2021 בעמ,,,"ק""ג",1,,true,1,95,95,true,1,
976457,true,גרעין אבטיח שקיל,****דין שיווק וקליה 2021 בעמ,,,"ק""ג",1,,true,1,59,59,false,1,
976471,true,גרעיני דלעת מקולפת שקיל,****דין שיווק וקליה 2021 בעמ,,,"ק""ג",1,,true,1,65,65,false,1,
976501,true,צימוק חום שקיל,****דין שיווק וקליה 2021 בעמ,,,"ק""ג",1,,true,1,30,30,false,1,
976532,true,אפונה קלויה  שקיל,****דין שיווק וקליה 2021 בעמ,,,"ק""ג",1,,true,1,50,50,false,1,
976556,true,צנובר  שקיל,****דין שיווק וקליה 2021 בעמ,,,"ק""ג",1,,true,1,199,199,false,1,
976594,true,פו מצרי/אפונה קלויה  שקיל,****דין שיווק וקליה 2021 בעמ,,,"ק""ג",1,,true,1,55,55,false,1,
976600,true,משמש שקיל,****דין שיווק וקליה 2021 בעמ,,,"ק""ג",1,,true,1,54.90,54.90,false,1,
976662,true,פקאן טבעי  שקיל,****דין שיווק וקליה 2021 בעמ,,,"ק""ג",1,,true,1,119,119,false,1,
976716,true,תירס  שקיל,****דין שיווק וקליה 2021 בעמ,,,"ק""ג",1,,true,1,50,50,false,1,
976754,true,מנצס   שקיל,****דין שיווק וקליה 2021 בעמ,,,"ק""ג",1,,true,1,45,45,false,1,
976761,true,אגוז מלך קלוף   שקיל,****דין שיווק וקליה 2021 בעמ,,,"ק""ג",1,,true,1,59,59,false,1,
976778,true,שקד מולבן משובב   שקיל,****דין שיווק וקליה 2021 בעמ,,,"ק""ג",1,,true,1,115,115,false,1,
976785,true,קשיו מסוכר  שקיל,****דין שיווק וקליה 2021 בעמ,,,"ק""ג",1,,true,1,85,85,false,1,
976808,true,בוטן קליפה קלוי  שקיל,****דין שיווק וקליה 2021 בעמ,,,"ק""ג",1,,true,1,23,23,false,1,
976846,true,פיסטוק קלוף שקיל,****דין שיווק וקליה 2021 בעמ,,,"ק""ג",1,,true,1,149,149,false,1,
976860,true,שקד מולבן חצאים  שקיל,****דין שיווק וקליה 2021 בעמ,,,"ק""ג",1,,true,1,115,115,false,1,
976884,true,פקאן סיני מסוכר  שקיל,****דין שיווק וקליה 2021 בעמ,,,"ק""ג",1,,true,1,118,118,false,1,
977010,true,קבוקים  שקיל.,****דין שיווק וקליה 2021 בעמ,,,"ק""ג",1,,true,1,35,35,false,1,
977065,true,חומוס קלוי  שקיל,****דין שיווק וקליה 2021 בעמ,,,"ק""ג",1,,true,1,40,40,false,1,
977089,true,קשיו טבעי  שקיל,****דין שיווק וקליה 2021 בעמ,,,"ק""ג",1,,true,1,89,89,false,1,
977102,true,תערובת פיצוחים שקיל,****דין שיווק וקליה 2021 בעמ,,,"ק""ג",1,,true,1,95,95,false,1,
977140,true,מקדמיה טבעית שקיל,****דין שיווק וקליה 2021 בעמ,,,"ק""ג",1,,true,1,150,150,false,1,
977355,true,בוטן אמריקאי שקיל,****דין שיווק וקליה 2021 בעמ,,,"ק""ג",1,,true,1,26,26,false,1,
977454,true,גרעין שחור שקיל,****דין שיווק וקליה 2021 בעמ,,,"ק""ג",1,,true,1,29,29,true,1,
977478,true,בוטנים קלויים שקיל,****דין שיווק וקליה 2021 בעמ,,,"ק""ג",1,,true,1,37,37,true,1,
977485,true,גרעין לבן  שקיל,****דין שיווק וקליה 2021 בעמ,,,"ק""ג",1,,true,1,39,39,false,1,
977492,true,בונדוק טבעי  שקיל,****דין שיווק וקליה 2021 בעמ,,,"ק""ג",1,,true,1,110,110,false,1,
977645,true,חטיף יפני   שקיל,****דין שיווק וקליה 2021 בעמ,,,"ק""ג",1,,true,1,65,65,false,1,
977676,true,שקד קלוי שקיל,****דין שיווק וקליה 2021 בעמ,,,"ק""ג",1,,true,1,79,79,true,1,
977683,true,פקאן קלוף קלוי שקיל,****דין שיווק וקליה 2021 בעמ,,,"ק""ג",1,,true,1,126,126,false,1,
977706,true,ברזיל טבעי שקיל,****דין שיווק וקליה 2021 בעמ,,,"ק""ג",1,,true,1,115,115,false,1,
977751,true,צימוק גמבו  שקיל,****דין שיווק וקליה 2021 בעמ,,,"ק""ג",1,,true,1,44,44,false,1,
977782,true,תאנין יבשות  שקיל,****דין שיווק וקליה 2021 בעמ,,,"ק""ג",1,,true,1,49,49,false,1,
977799,true,שזיפים ללא גלעין   שקיל,****דין שיווק וקליה 2021 בעמ,,,"ק""ג",1,,true,1,47,47,false,1,
977850,true,צימוק לבן קטן  שקיל,****דין שיווק וקליה 2021 בעמ,,,"ק""ג",1,,true,1,37,37,false,1,
977980,true,אננס פלחים   שקיל,****דין שיווק וקליה 2021 בעמ,,,"ק""ג",1,,true,1,40,40,false,1,
978383,true,תמר מגהול ענק  שקיל,****דין שיווק וקליה 2021 בעמ,,,"ק""ג",1,,true,1,45,45,false,1,
979427,true,שרי ארוז,ביכורי השדה צפון 1994 ג.ד. בעמ,,,"י""ח",1,,false,1,9.90,9.90,false,1,
989686,true,אגוז טחון שקיל,****דין שיווק וקליה 2021 בעמ,,,"ק""ג",1,,true,1,90,90,false,1,
989761,true,שקד טחון  שקיל,****דין שיווק וקליה 2021 בעמ,,,"ק""ג",1,,true,1,90,90,false,1,
989778,true,חמוציות  שקיל,****דין שיווק וקליה 2021 בעמ,,,"ק""ג",1,,true,1,45,45,false,1,
995410,true,נבטים,ביכורי השדה צפון 1994 ג.ד. בעמ,,,"י""ח",1,,false,1,6.90,6.90,false,1,
1006108,true,פסטרמה חזה הודו פפריקה דל שומן,קבוצת אוסם סחר-שות.מוגבלת,,,"ק""ג",1,"ק""ג",true,1,69.90,69.90,true,1,
1009123,true,לחם 100% כוסמין 600 גרם,עזרן מסחר ושרותים בעמ,,,"י""ח",600,ל  גרם,false,1,15.90,2.65,false,1,
1009178,true,לחם 100% שיפון 900 גרם,עזרן מסחר ושרותים בעמ,,,"י""ח",1,,false,1,15.90,15.90,false,1,
1045633,true,"מיץ לימונענע 400 מ""ל",שטראוס גרופ ***בעמ,,,"י""ח",400,"ל  מ""ל",false,1,7.90,1.90,true,1,
1045657,true,מיץ תפוח עץ צלול,שטראוס גרופ ***בעמ,,,"י""ח",400,"ל  מ""ל",false,1,7.90,1.90,true,1,
1051365,true,רביעית סודה לימון,יפאורה שותפות מוגבלת לשיווק,,,"י""ח",6,ליטר,false,1,11,1.83,false,1,
1053508,true,"סטייק אנטריקוט חב""ד קפוא",בלדי בעמ,,,"ק""ג",1,"ק""ג",true,1,69.90,69.90,false,1,
1053515,true,"סטייק אנטריקוט חב""ד קפוא",בלדי בעמ,,,"ק""ג",1,"ק""ג",true,1,69.90,69.90,false,1,
1053553,true,"צלי כתף מס 5 חב""ד קפוא",בלדי בעמ,,,"ק""ג",1,"ק""ג",true,1,89.90,89.90,false,1,
1053560,true,"פילה מדומה מס `6 חב""ד קפוא",בלדי בעמ,,,"ק""ג",0,"ק""ג",true,1,44.90,44.90,false,1,
1053577,true,"שריר בשר  מס `8 חב""ד קפוא",בלדי בעמ,,,"ק""ג",1,"ק""ג",true,1,49.90,49.90,false,1,
1053591,true,"אסאדו מס 9 חב""ד קפוא",בלדי בעמ,,,"ק""ג",1,,true,1,59.90,59.90,false,1,
1053737,true,"צלעות  מס2 חב""ד קפוא",בלדי בעמ,,,"ק""ג",1,,true,1,42.90,42.90,false,1,
1053751,true,"כתף  מס `4 קפוא חב""ד.",בלדי בעמ,,,"ק""ג",1,,true,1,42.90,42.90,false,1,
1053768,true,"מכסה הצלע מס -7ג. חב""ד קפוא.",בלדי בעמ,,,"ק""ג",1,"ק""ג",true,1,36.90,36.90,false,1,
1111009,true,נקנק צוריסוס  תפזורת,בלדי בעמ,,,"ק""ג",1,"י""ח",true,1,50.90,50.90,false,1,
1111012,true,המבורגר מסעדות 220ג  תפזורת,בלדי בעמ,,,"ק""ג",1,"י""ח",true,1,49.90,49.90,false,1,
1111213,true,המבורגר ביג בורגר 165ג תפזורת,בלדי בעמ,,,"ק""ג",1,"י""ח",true,1,35.90,35.90,false,1,
1111237,true,קבב בלדי 50ג  תפזורת,בלדי בעמ,,,"ק""ג",220,ל  גרם,true,1,49.90,22.68,false,1,
1111303,true,טחון בקר תפזורת,בלדי בעמ,,,"ק""ג",1,"י""ח",true,1,33.90,33.90,false,1,
1111322,true,קבב מזרחי  תפזורת,בלדי בעמ,,,"ק""ג",220,ל  גרם,true,1,27.90,12.68,false,1,
1121048,true,"גולש בקר מעובד 8ק""ג   תפזורת",בלדי בעמ,,,"ק""ג",1,"י""ח",true,1,35.90,35.90,false,1,
1121092,true,פסטרמה עוף  בגריל{יחיעם},מעדני יחיעם 1993 בעמ,,,"ק""ג",1,,true,1,78.70,78.70,true,1,
1121146,true,פסטרמה הודו  מעושנת{יחיעם},מעדני יחיעם 1993 בעמ,,,"ק""ג",1,,true,1,78.70,78.70,true,1,
1121238,true,קורנד ביף 180גר`,מעדני יחיעם 1993 בעמ,,,"י""ח",180,ל  גרם,false,1,25.90,14.39,false,1,
1121672,true,פסטרמה מעודנת בפפריקה   300ג,מעדני יחיעם 1993 בעמ,,,"י""ח",330,ל  גרם,false,1,19.90,6.03,false,1,
1121795,true,נקניקיות עוף חריפות 400גרם,מעדני יחיעם 1993 בעמ,,,"י""ח",400,ל  גרם,false,1,11.90,2.98,false,1,
1121849,true,פסטרמה הודו 100% חומרים טבעיים 250גרם,מעדני יחיעם 1993 בעמ,,,"י""ח",250,ל  גרם,false,1,24.90,9.96,false,1,
1121931,true,קבנוס מקסיקני דק דק  125גר,מעדני יחיעם 1993 בעמ,,,"י""ח",125,ל  גרם,false,1,13.90,11.12,true,1,
1121979,true,"סלמי הרץ 150מ""ל",מעדני יחיעם 1993 בעמ,,,"י""ח",150,ל  גרם,false,1,23.90,15.93,false,1,
1123041,true,בשר 5 חלק,נטו מלינדה סחר בעמ,,,"ק""ג",1,,true,1,68.90,68.90,false,1,
1123058,true,בשר 6 חלק,נטו מלינדה סחר בעמ,,,"ק""ג",2.49,"ק""ג",true,1,39.90,16.02,false,1,
1123065,true,בשר מס  7 חלק,נטו מלינדה סחר בעמ,,,"ק""ג",1,"ק""ג",true,1,29.90,29.90,false,1,
1133682,true,"סלמון נורבגי שלם בד""ץ",בלדי בעמ,,,"ק""ג",1,,true,1,76.90,76.90,false,1,
1134153,true,גרון  הודו קפוא  ארוז.,נטו מלינדה סחר בעמ,,,"ק""ג",1,,true,1,29.90,29.90,false,1,
1201510,true,ביצים M 30 יח,מ.לסר בעמ,,,"י""ח",30,"י""ח",false,1,27.80,0.93,false,1,
1201589,true,ביצים L 12 יח*,מ.לסר בעמ,,,"י""ח",12,"י""ח",false,1,12.05,1,false,1,
1201596,true,ביצים M 12 יח*,מ.לסר בעמ,,,"י""ח",12,"י""ח",false,1,11.15,0.93,false,1,
1201602,true,ביצים L 18יח,מ.לסר בעמ,,,"י""ח",18,"י""ח",false,1,18,1,false,1,
1201657,true,ביצים 30יח M אומגה 3,מ.לסר בעמ,,,"י""ח",10,"י""ח",false,1,42.90,4.29,false,1,
1201824,true,ביצים 12יח L אורגני,מ.לסר בעמ,,,"י""ח",12,"י""ח",false,1,20.90,1.74,false,1,
1201862,true,ביצים 12יח L חופש,מ.לסר בעמ,,,"י""ח",12,"י""ח",false,1,17.90,1.49,false,1,
1201893,true,ביצים 12יח M אומגה 3,מ.לסר בעמ,,,"י""ח",10,"י""ח",false,1,18.90,1.89,true,1,
1216040,true,"טחינה""אל   ארז""רגילה  500גר",סוגת תעשיות בעמ,,,"י""ח",500,ל  גרם,false,1,16.90,3.38,false,1,
1216057,true,"טחינה אל ארז  1ק""ג",סוגת תעשיות בעמ,,,"י""ח",1,"ק""ג",false,1,31.90,31.90,false,1,
1216231,true,"טחינה""אל   ארז""מלאה 500גר",סוגת תעשיות בעמ,,,"י""ח",500,ל  גרם,false,1,17.90,3.58,false,1,
1230331,true,כאמל בוקס בודד.,גלוברנדס בעמ,,,"י""ח",1,,false,1,31,31,false,1,
1230739,true,קאמל כחול בודד,גלוברנדס בעמ,,,"י""ח",1,,false,1,31,31,false,1,
1231932,true,וינסטון כחול בודד.,גלוברנדס בעמ,,,"י""ח",1,,false,1,32.50,32.50,false,1,
1235938,true,וינסטון כחול ארוך,גלוברנדס בעמ,,,"י""ח",1,,false,1,32.50,32.50,false,1,
1245798,true,נ.כלים לימון 1.6  ל`טאצ,סאסאטק אגשח בעמ,,,"י""ח",1.60,ליטר,false,1,11.90,7.44,true,1,
1245842,true,נוזל רצפות מאסק 4ליטר טאצ`,סאסאטק אגשח בעמ,,,"י""ח",4,ליטר,false,1,14.90,3.73,true,1,
1246320,true,"גל אסלות לימון 750מ""ל   טאצ`",סאסאטק אגשח בעמ,,,"י""ח",750,"ל  מ""ל",false,1,9.90,1.32,false,1,
1246337,true,"גל אסלות אורנים 750מ""ל   טאצ`",סאסאטק אגשח בעמ,,,"י""ח",750,"ל  מ""ל",false,1,9.90,1.32,false,1,
1246351,true,נוזל רצפות לבנדר 4ליטר טאצ`.,סאסאטק אגשח בעמ,,,"י""ח",4,ליטר,false,1,14.90,3.73,true,1,
1246528,true,מרכך כביסה מרוכז פרםיום מיסטרי  1 ל`טא,סאסאטק אגשח בעמ,,,"י""ח",1,ליטר,false,1,13.90,13.90,true,1,
1246542,true,"מבריק לניקוי רהיטים 400מ""ל טאצ`",סאסאטק אגשח בעמ,,,"י""ח",400,"ל  מ""ל",false,1,14.90,3.73,false,1,
1407592,true,"טחינה גולמית בארכה פי 6 סידן 1 ק""ג",קבוצת אוסם סחר-שות.מוגבלת,,,"י""ח",1,"ק""ג",false,1,24.90,24.90,false,1,
1407936,true,טחינה  בארכה מעודנת 310גר,קבוצת אוסם סחר-שות.מוגבלת,,,"י""ח",310,ל  גרם,false,1,13.90,4.48,false,1,
1419618,true,וופל בלגי שוקו 200גר`,ח.כהן סוכנות מזון ומשקאות בע,,,"י""ח",200,ל  גרם,false,1,3.50,1.75,true,1,
1427255,true,מיץ תפוחים טבעי פט 1ליטר,תנובה בעמ ***,,,"י""ח",1,ליטר,false,1,16.20,16.20,false,1,
1436790,true,מרגז  מיני נקניקיות 500ג,בלדי בעמ,,,"י""ח",500,ל  גרם,false,1,30.90,6.18,false,1,
1436950,true,אסאדו מס 9  עם עצם מוכשר,בלדי בעמ,,,"ק""ג",1,,true,1,59.90,59.90,false,1,
1439074,true,כדור ליפה בשקית שלישיה,מוסקו בעמ,,,"י""ח",1,,false,1,11.90,11.90,false,1,
1444160,true,"שמן זית כתית מעולה מ עץ הזית 750 מ""ל.",סוגת תעשיות בעמ,,,"י""ח",750,"ל  מ""ל",false,1,33.90,4.52,true,1,
1455418,true,סטייק טונה בוואקום,בלדי בעמ,,,"ק""ג",1,"ק""ג",true,1,44.90,44.90,false,1,
1455456,true,פילה נסיכת הנילוס פרוס,בלדי בעמ,,,"ק""ג",1,"ק""ג",true,1,62.90,62.90,false,1,
1459676,true,"המבורגר 400גרם חב""ד ארוז",בלדי בעמ,,,"י""ח",400,ל  גרם,false,1,17.90,4.48,false,1,
1459683,true,"קבב מזרחי 400גרם חב""ד ארוז",בלדי בעמ,,,"י""ח",400,ל  גרם,false,1,17.90,4.48,false,1,
1459690,true,"טחון בקר טהור  1ק""ג חב""ד קפוא",בלדי בעמ,,,"י""ח",1,"ק""ג",false,1,39.90,39.90,false,1,
1459706,true,"טחון בקר  1ק""ג חב""ד קפוא",בלדי בעמ,,,"י""ח",1,"ק""ג",false,1,32.90,32.90,false,1,
1459713,true,"גולש בקר 800גרם חב""ד ארוז",בלדי בעמ,,,"י""ח",400,ל  גרם,false,1,36.90,9.23,false,1,
1460092,true,חזה בקר מס 3 מוכשר פולין קפוא,בלדי בעמ,,,"ק""ג",1,,true,1,34.90,34.90,false,1,
1461105,true,לחם מחמצת לבן 530גר,ג נרל מילס ישראל בעמ,,,"י""ח",530,ל  גרם,false,1,16.90,3.19,true,1,
1461457,true,בגט רוסטיק,ג נרל מילס ישראל בעמ,,,"י""ח",1,,false,1,7.90,7.90,true,1,
1461860,true,פיתה אסלי}פילסברי   {10יח,ג נרל מילס ישראל בעמ,,,"י""ח",1,,false,1,13.90,13.90,true,1,
1461891,true,לחמניה יאמיס קמח מלא,ג נרל מילס ישראל בעמ,,,"י""ח",1,,false,1,2.90,2.90,false,1,
1476208,true,ברי פיקאן  משולש  משקל גד,מחלבות גד,,,"ק""ג",1,,true,1,129,129,false,1,
1482049,true,בולגריה בקוביות עם שמן ותבלינים שקיל,ג.וילי פוד אינטרנשיונל בעמ,,,"ק""ג",1,,true,1,65,65,false,1,
1482094,true,פרמזנו 200 ג ויליפוד,ג.וילי פוד אינטרנשיונל בעמ,,,"י""ח",200,ל  גרם,false,1,18.90,9.45,false,1,
1567043,true,פסטרמה  מעודנת על האש,מעדני יחיעם 1993 בעמ,,,"ק""ג",1,,true,1,44.90,44.90,true,1,
1567142,true,סלמי תה מפולפל שקיל {יחיעם},מעדני יחיעם 1993 בעמ,,,"ק""ג",800,ל  גרם,true,1,44.90,5.61,true,1,
1567708,true,נקניק וינר 400ג ללא,מעדני יחיעם 1993 בעמ,,,"י""ח",400,ל  גרם,false,1,11.90,2.98,true,1,
1567760,true,פסטרמה של פעם  300ג,מעדני יחיעם 1993 בעמ,,,"י""ח",300,ל  גרם,false,1,24.90,8.30,false,1,
1567807,true,כתף בקר מעושן 250ג,מעדני יחיעם 1993 בעמ,,,"י""ח",250,ל  גרם,false,1,32.90,13.16,false,1,
1567906,true,פסטרמה   מעודנת 200ג,מעדני יחיעם 1993 בעמ,,,"י""ח",200,ל  גרם,false,1,12.90,6.45,false,1,
1567937,true,איטלקי מפולפל 200ג,מעדני יחיעם 1993 בעמ,,,"י""ח",200,ל  גרם,false,1,12.90,6.45,false,1,
1591505,true,סטייק דג טונה  קפוא עם עור מחנה יהודה.,נטו מלינדה סחר בעמ,,,"ק""ג",1,"ק""ג",true,1,39.90,39.90,true,1,
1591512,true,נתחי סלמון ללא עור קפוא מחנה יהודה,נטו מלינדה סחר בעמ,,,"ק""ג",1,"ק""ג",true,1,99.90,99.90,false,1,
1591529,true,פילה סלמון מנות קפוא מחנה יהודה.,נטו מלינדה סחר בעמ,,,"ק""ג",1,"ק""ג",true,1,89.90,89.90,false,1,
1591550,true,פילה אמנון ללא עור מחנה יהודה.,נטו מלינדה סחר בעמ,,,"ק""ג",1,"ק""ג",true,1,37.90,37.90,true,1,
1591567,true,פילה אמנון 100% מחנה יהודה.,נטו מלינדה סחר בעמ,,,"ק""ג",1,"ק""ג",true,1,36.90,36.90,true,1,
1591574,true,פילה אמנון 80% מחנה יהודה.,נטו מלינדה סחר בעמ,,,"ק""ג",1,"ק""ג",true,1,26.90,26.90,false,1,
1591604,true,המבורגר אנגוס מחנה יהודה 600גר,נטו מלינדה סחר בעמ,,,"י""ח",600,ל  גרם,false,1,29.90,4.98,true,1,
1591611,true,קבבוני אנגוס עגול מחנה יהודה 500גר,נטו מלינדה סחר בעמ,,,"י""ח",500,ל  גרם,false,1,29.90,5.98,true,1,
1591628,true,קבב על מקל מחנה יהודה 500גר,נטו מלינדה סחר בעמ,,,"י""ח",500,ל  גרם,false,1,29.90,5.98,true,1,
1591635,true,נקניקיות מרגז סגנון מרוקאי מחנה יהודה,נטו מלינדה סחר בעמ,,,"י""ח",500,ל  גרם,false,1,29.90,5.98,true,1,
1591642,true,קבבוני טלה מחנה יהודה 500גר.,נטו מלינדה סחר בעמ,,,"י""ח",500,ל  גרם,false,1,29.90,5.98,true,1,
1648919,true,קפה כתר 70גר3*.,רוני רג ואן,,,"י""ח",210,ל  גרם,false,1,12.90,6.14,false,1,
1664285,true,שווארמה אנטריקוט  תפזורת,בלדי בעמ,,,"ק""ג",1,"י""ח",true,1,76.90,76.90,false,1,
1690956,true,מסדאם 200גר,נטו מלינדה סחר בעמ,,,"י""ח",250,ל  גרם,false,1,22.90,9.16,false,1,
1873441,true,המבורגר 320ג בלאק אנגוס,נטו מלינדה סחר בעמ,,,"י""ח",320,ל  גרם,false,1,25.90,8.09,true,1,
1873458,true,סטייקבורגר 320ג בלאק אנגוס,נטו מלינדה סחר בעמ,,,"י""ח",320,ל  גרם,false,1,25.90,8.09,true,1,
1873564,true,שיטל קפוא מוכשר,נטו מלינדה סחר בעמ,,,"ק""ג",1,"ק""ג",true,1,84.90,84.90,false,1,
1879627,true,פילה עוף  טרי**,ח.י. מעדני גורמה בעמ,,,"ק""ג",1,,true,1,49.90,49.90,true,1,
1946121,true,פפריקה 400גר`,דין שיווק וקליה 2021 בעמ,,,"י""ח",400,ל  גרם,false,1,19.90,4.98,false,1,
2008989,true,קישקשים 225 יחידות הנמל,הנמל אריזות ושווק בעמ,,,"י""ח",225,"י""ח",false,1,9.90,0.04,false,1,
2013006,true,פסטרמה מקסיקנית,זוגלובק שיווק בעמ,,,"ק""ג",1,,true,1,76.90,76.90,false,1,
2013037,true,פסטרמה פרגיות על לבנים 1% שומן,זוגלובק שיווק בעמ,,,"ק""ג",1,,true,1,76.90,76.90,false,1,
2013174,true,פסטרמה של פעם שקיל,זוגלובק שיווק בעמ,,,"ק""ג",1,,true,1,76.90,76.90,false,1,
2013907,true,סלמי תה מעושן זוגלובק{שקיל,זוגלובק שיווק בעמ,,,"י""ח",1,,true,1,45.90,45.90,false,1,
2015192,true,מלפפונים במלח ]18/25ב.ד[,קבוצת יבנה מוצרי מזון בעמ,,,"י""ח",560,ל  גרם,false,1,11.90,2.13,false,1,
2026402,true,בלינצס גבינה 420גר,מוצרי איכות אמריקאיים בעמ,,,"י""ח",420,ל  גרם,false,1,15,3.57,true,1,
2026440,true,פרצלס קפוא,מוצרי איכות אמריקאיים בעמ,,,"י""ח",400,ל  גרם,false,1,16,4,true,1,
2043065,true,מיני פריכיות אורז חום צ. שוקול 70ג,א.ל.יצור ושיווקתבלינים בעמ,,,"י""ח",70,ל  גרם,false,1,8.90,12.71,true,1,
2043072,true,מיני פריכיות אורז חום צ. שוקול 70ג,א.ל.יצור ושיווקתבלינים בעמ,,,"י""ח",70,ל  גרם,false,1,8.90,12.71,true,1,
2043188,true,צ`יפס אורז חום מלא צ`ילי חריף 60גר,א.ל.יצור ושיווקתבלינים בעמ,,,"י""ח",60,ל  גרם,false,1,6.90,11.50,true,1,
2043218,true,צ`יפס אורז חום מלא מלוח 60גר,א.ל.יצור ושיווקתבלינים בעמ,,,"י""ח",60,ל  גרם,false,1,6.90,11.50,true,1,
2043782,true,צ`יפס אורז חום מלא טקסס ברביקיו 60גר,א.ל.יצור ושיווקתבלינים בעמ,,,"י""ח",60,ל  גרם,false,1,6.90,11.50,true,1,
2043850,true,באר אקסטרה בציפוי שוקולד מריר 90גר,א.ל.יצור ושיווקתבלינים בעמ,,,"י""ח",90,ל  גרם,false,1,13.90,15.44,true,1,
2043867,true,באר אקסטרה בציפוי שוקולד לבן 90גר,א.ל.יצור ושיווקתבלינים בעמ,,,"י""ח",90,ל  גרם,false,1,13.90,15.44,true,1,
2043874,true,באר אקסטרה קרמל בציפוי שוקולד לבן 90גר,א.ל.יצור ושיווקתבלינים בעמ,,,"י""ח",90,ל  גרם,false,1,13.90,15.44,true,1,
2053088,true,אטריות ביצים  מס` 8 200ג,גורי מוצרי צריכה בעמ,,,"י""ח",200,ל  גרם,false,1,5.90,2.95,false,1,
2053538,true,נודלס 400+100ג תוספת,גורי מוצרי צריכה בעמ,,,"י""ח",500,ל  גרם,false,1,13.90,2.78,false,1,
2057437,true,שיפקונית A-2,קבוצת יבנה מוצרי מזון בעמ,,,"י""ח",560,ל  גרם,false,1,9.90,1.77,false,1,
2065616,true,לחם שיפון גרעינים 750גר`,שלמה א.אנג ל בעמ,,,"י""ח",750,ל  גרם,false,1,12.90,1.72,false,1,
2065623,true,לחם שיפון כפרי 750גר`,שלמה א.אנג ל בעמ,,,"י""ח",750,ל  גרם,false,1,12.90,1.72,false,1,
2075271,true,ריקולה שקית 70ג צמחים,שוקוטרייד בעמ,,,"י""ח",70,ל  גרם,false,1,11.90,17,false,1,
2077268,true,מיני קציצות דג 500 גרם,נטו מלינדה סחר בעמ,,,"י""ח",500,ל  גרם,false,1,21.90,4.38,false,1,
2077725,true,סלומון נורווגי מצונן 100 גרם(נטו),נטו מלינדה סחר בעמ,,,"י""ח",100,ל  גרם,false,1,19.90,19.90,false,1,
2105183,true,צלי כתף 5 בקר קפוא מחפוד,עוף ירושלים שיווק בעמ,,,"ק""ג",0,ל  גרם,true,1,99,99,false,1,
2105466,true,לשון בקר מחפוד קפוא,עוף ירושלים שיווק בעמ,,,"ק""ג",1,,true,1,54.90,54.90,false,1,
2105527,true,גולש בקר800 גר`מחפוד,עוף ירושלים שיווק בעמ,,,"י""ח",800,ל  גרם,false,1,44.90,5.61,false,1,
2105541,true,סטייק אנטריקוט 800גר`,עוף ירושלים שיווק בעמ,,,"י""ח",800,ל  גרם,false,1,44.90,5.61,false,1,
2105572,true,צלי כתף מעובד מחפוד,עוף ירושלים שיווק בעמ,,,"ק""ג",1,"ק""ג",true,1,49.90,49.90,false,1,
2107422,true,בולגרית 5%,*החברה המרכזית להפצת משקאותבעמ,,,"ק""ג",1,,true,1,49.90,49.90,false,1,
2107743,true,צפתית צוריאל מעודנת,*החברה המרכזית להפצת משקאותבעמ,,,"ק""ג",1,,true,1,49.90,49.90,false,1,
2129455,true,פיצה איטלקית XL גדולה 450ג,נטו מלינדה סחר בעמ,,,"י""ח",450,ל  גרם,false,1,21.90,4.87,false,1,
2129462,true,פיצה איטלקית דקה שלושת האופים זוג 640ג,נטו מלינדה סחר בעמ,,,"י""ח",640,ל  גרם,false,1,28.90,4.52,true,1,
2129479,true,פיצה איטלקית דקה שלושת האופים 320גר,נטו מלינדה סחר בעמ,,,"י""ח",320,ל  גרם,false,1,16.90,5.28,true,1,
2129486,true,פיצה איטלקית דקה שלושת האופים 340גר,נטו מלינדה סחר בעמ,,,"י""ח",340,ל  גרם,false,1,16.90,4.97,false,1,
2157830,true,קוביות גולש 100% בשר  800ג,נטו מלינדה סחר בעמ,,,"י""ח",800,ל  גרם,false,1,39.90,4.99,false,1,
2157953,true,טונה  קנולה 140ג 1/4,נטו מלינדה סחר בעמ,,,"י""ח",560,ל  גרם,false,1,19.90,3.55,true,1,
2157960,true,טונה  במים 140ג 1/4,נטו מלינדה סחר בעמ,,,"י""ח",560,ל  גרם,false,1,19.90,3.55,true,1,
2195054,true,המבורגר בלדי 400גרם ארוז,בלדי בעמ,,,"י""ח",400,ל  גרם,false,1,13.90,3.48,true,1,
2195085,true,קבב מזרחי 400גרם  ארוז,בלדי בעמ,,,"י""ח",400,ל  גרם,false,1,13.90,3.48,true,1,
2198109,true,צלעות אסאדו מעושנות שקיל,זוגלובק שיווק בעמ,,,"ק""ג",1,"י""ח",true,1,139.90,139.90,false,1,
2198116,true,פסטרמה ברזילאית זוגלובק,זוגלובק שיווק בעמ,,,"ק""ג",1000,ל  גרם,true,1,114.90,11.49,false,1,
2247774,true,לבבות עוף}קפוא{,נטו מלינדה סחר בעמ,,,"ק""ג",1,"ק""ג",true,1,24.90,24.90,false,1,
2253235,true,דורות רוטב פסטו 160גר,קבוצת אוסם סחר-שות.מוגבלת,,,"י""ח",160,ל  גרם,false,1,10.90,6.81,false,1,
2263562,true,"רוטב לימון משומר 200מ""ל",א.ל.יצור ושיווקתבלינים בעמ,,,"י""ח",200,"ל  מ""ל",false,1,6.70,3.35,false,1,
2263661,true,"מיץ לימון 100% טבעי 250מ""ל מימון",א.ל.יצור ושיווקתבלינים בעמ,,,"י""ח",250,"ל  מ""ל",false,1,7.90,3.16,false,1,
2277422,true,ריבועי בצק עלים מרודד 700ג,נטו מלינדה סחר בעמ,,,"י""ח",700,ל  גרם,false,1,19.90,2.84,true,1,
2277668,true,טונה פוסידון רביעיות,נטו מלינדה סחר בעמ,,,"י""ח",340,ל  גרם,false,1,19.90,5.85,false,1,
2278528,true,זוג כריות ניקוי כלים,ח.כהן סוכנות מזון ומשקאות בע,,,"י""ח",2,"י""ח",false,1,7.90,3.95,false,1,
2281382,true,נתחי פילה סלמון נורבגי מנות,נטו מלינדה סחר בעמ,,,"ק""ג",1,"ק""ג",true,1,99,99,false,1,
2281405,true,סלט סלמון מעושן 160*2יח,נטו מלינדה סחר בעמ,,,"י""ח",320,ל  גרם,false,1,9.90,3.09,false,1,
2281429,true,סטייק דג טונה קפוא ללא עור,נטו מלינדה סחר בעמ,,,"ק""ג",1,"ק""ג",true,1,54.90,54.90,false,1,
2281436,true,סטייק דג טונה בהירה קפוא ללא עור,נטו מלינדה סחר בעמ,,,"ק""ג",1,,true,1,44.90,44.90,false,1,
2281443,true,סטייק דג טונה  קפוא עם עור,נטו מלינדה סחר בעמ,,,"ק""ג",1,"ק""ג",true,1,39.90,39.90,true,1,
2281498,true,מגורדת 500ג ריץ,נטו מלינדה סחר בעמ,,,"י""ח",500,ל  גרם,false,1,26.90,5.38,false,1,
2281825,true,בשר  מס `5  מוכשר,נטו מלינדה סחר בעמ,,,"ק""ג",1,,true,1,69.90,69.90,false,1,
2281832,true,בשר  מס `6 מוכשר,נטו מלינדה סחר בעמ,,,"ק""ג",1,,true,1,39.90,39.90,false,1,
2281856,true,שריר בשר  מס `8  מוכשר,נטו מלינדה סחר בעמ,,,"ק""ג",1,,true,1,29.90,29.90,false,1,
2281894,true,בשר  מס `2חלק,נטו מלינדה סחר בעמ,,,"ק""ג",1,,true,1,34.90,34.90,false,1,
2291107,true,"אפונה וגזר  2.5ק""ג",בלדי בעמ,,,"ק""ג",2.50,"ק""ג",true,1,10.90,4.36,false,1,
2291121,true,"גזר גמדי   2.5ק""ג",בלדי בעמ,,,"ק""ג",2.50,"ק""ג",true,1,10.90,4.36,false,1,
2291138,true,"לקט ירקות העונה 2.5ק,ג",בלדי בעמ,,,"ק""ג",2.50,"ק""ג",true,1,10.90,4.36,false,1,
2291145,true,"שעועית ירוקה חתוכה    2.5ק""ג",בלדי בעמ,,,"ק""ג",2.50,"ק""ג",true,1,10.90,4.36,false,1,
2291169,true,"שעועית ירוקה שלמה עדינה    2.5ק""ג",בלדי בעמ,,,"ק""ג",2.50,"ק""ג",true,1,10.90,4.36,false,1,
2291206,true,"שעועית צהובה  שלמה    2.5ק""ג",בלדי בעמ,,,"ק""ג",2.50,"ק""ג",true,1,10.90,4.36,false,1,
2291244,true,"במיה  2.5ק""ג",בלדי בעמ,,,"ק""ג",2.50,"ק""ג",true,1,10.90,4.36,false,1,
2291275,true,"תחתיות ארטישוק  2ק""ג",בלדי בעמ,,,"ק""ג",2,"ק""ג",true,1,19.90,9.95,false,1,
2291695,true,צוואר  מס10 מוכשר ברזיל קפוא,בלדי בעמ,,,"ק""ג",1,,true,1,30.90,30.90,false,1,
2300884,true,צ`דר אנגלי כתום נטו.,א. סיימן סחר בעמ,,,"ק""ג",1,,true,1,129,129,true,1,
2301850,true,גאודה עם כמון שקיל,נטו מלינדה סחר בעמ,,,"ק""ג",1,,true,1,129.90,129.90,false,1,
2327073,true,בורקס גבינה 800 גרם,נטו מלינדה סחר בעמ,,,"י""ח",800,ל  גרם,false,1,17.90,2.24,true,1,
2331360,true,נביעות שישיות 500 מייל פקק ספורט,החברה המרכזית להפצת משקאות בעמ,,,"י""ח",3,ליטר,false,1,14.90,4.37,true,1,
2331483,true,"נביעות שישיות בייבי 320מ""ל",החברה המרכזית להפצת משקאות בעמ,,,"י""ח",3,ליטר,false,1,13.80,4,true,1,
2331490,true,נביעות 1ליטר,החברה המרכזית להפצת משקאות בעמ,,,"י""ח",1,ליטר,false,1,3.50,3.50,true,1,
2345015,true,סינטה דקדק 250גר אל גאוצו,נטו מלינדה סחר בעמ,,,"י""ח",250,ל  גרם,false,1,16.90,6.76,true,1,
2345022,true,אנטריקוט דקדק 250גר,נטו מלינדה סחר בעמ,,,"י""ח",250,ל  גרם,false,1,19.90,7.96,true,1,
2345077,true,שניצל בקר דק דק 250ג אל גאוצו,נטו מלינדה סחר בעמ,,,"י""ח",250,ל  גרם,false,1,14.90,5.96,true,1,
2345121,true,אסאדו דקדק 250גר אל גאוצו,נטו מלינדה סחר בעמ,,,"י""ח",250,ל  גרם,false,1,27.90,11.16,true,1,
2345435,true,פילה מרלוזה,נטו מלינדה סחר בעמ,,,"ק""ג",1,"ק""ג",true,1,31.90,31.90,false,1,
2370680,true,אצבעות מוצרלי במשקל ויליפוד,ג.וילי פוד אינטרנשיונל בעמ,,,"ק""ג",1,,true,1,79.90,79.90,true,1,
2370901,true,גבינת עיזים שקיל.,ג.וילי פוד אינטרנשיונל בעמ,,,"ק""ג",1,"ק""ג",true,1,126,126,false,1,
2371533,true,סלסולי פסטרמה דבש   120גר`,תנובה בשר,,,"י""ח",120,ל  גרם,false,1,13.90,11.58,false,1,
2371571,true,פסטרמה פרגיות טירת צבי,תנובה בשר,,,"ק""ג",1,,true,1,79,79,false,1,
2371939,true,סרוולד צרפתי 120גר,תנובה בשר,,,"י""ח",120,ל  גרם,false,1,23.90,19.92,false,1,
2374640,true,שמן קנולה פלוס אומגה 3 עץ הזית 1ליטר,סוגת תעשיות בעמ,,,"י""ח",1,ליטר,false,1,15.90,15.90,false,1,
2385196,true,רוקפור גליל שקיל גד,מחלבות גד,,,"ק""ג",1,,true,1,126,126,false,1,
2385486,true,גבינת שמנת טבעית 30% שקיל גד,מחלבות גד,,,"ק""ג",1,,true,1,44.90,44.90,false,1,
2385493,true,גבינת שמנת זיתים 30% שקיל,מחלבות גד,,,"ק""ג",1,,true,1,44.90,44.90,false,1,
2385509,true,גבינת שמנת שמיר 30% שקיל גד,מחלבות גד,,,"ק""ג",1,,true,1,44.90,44.90,false,1,
2385622,true,ריקוטה  }גד{,מחלבות גד,,,"י""ח",1,,true,1,53.90,53.90,false,1,
2385738,true,מנצ`יגו משולשים שקיל גד,מחלבות גד,,,"ק""ג",1,,true,1,135,135,false,1,
2390541,true,חלה  כפתור}דגנית{,מאפיה מרחבית קרית שמונה,,,"י""ח",500,ל  גרם,false,1,4.90,0.98,false,1,
2394982,true,חריץ מוצרלה,*החברה המרכזית להפצת משקאותבעמ,,,"ק""ג",1,,true,1,80,80,false,1,
2395415,true,חריץ גבינה נעם 9% שקיל,*החברה המרכזית להפצת משקאותבעמ,,,"ק""ג",1,,true,1,70.90,70.90,false,1,
2395422,true,גבינה צהובה נעם 22%  שקיל*,*החברה המרכזית להפצת משקאותבעמ,,,"ק""ג",1,,true,1,42.58,42.58,false,1,
2403517,true,חזה אווז קפוא וואקום.,פו גרס מוצרי בשר אקספורט בעמ,,,"ק""ג",1,,true,1,199.90,199.90,false,1,
2439752,true,גאודה הולנדית שקיל,נטו מלינדה סחר בעמ,,,"ק""ג",1,,true,1,119,119,false,1,
2439981,true,קבב בקר  אל גאוצ`ו 400גר`,נטו מלינדה סחר בעמ,,,"י""ח",400,ל  גרם,false,1,22.90,5.73,true,1,
2439998,true,קבב בקר וכבש אל גאוצ`ו 400גר`,נטו מלינדה סחר בעמ,,,"י""ח",400,ל  גרם,false,1,22.90,5.73,true,1,
2507277,true,קציצות דג 700 גרם,נטו מלינדה סחר בעמ,,,"י""ח",700,ל  גרם,false,1,24.90,3.56,true,1,
2507284,true,שניצל דג מצופה 700 במבינו,נטו מלינדה סחר בעמ,,,"י""ח",700,ל  גרם,false,1,24.90,3.56,false,1,
2507604,true,פיצה השף איטלקית 320ג,נטו מלינדה סחר בעמ,,,"י""ח",320,ל  גרם,false,1,17.90,5.59,true,1,
2509002,true,לחם  שחור/לבן*,שלמה א.אנג ל בעמ,,,"י""ח",700,ל  גרם,false,1,4.90,0.70,false,1,
2511212,true,צפתית עיראקית המושבה,מחלבות המושבה בעמ,,,"ק""ג",1,,true,1,65.90,65.90,false,1,
2511229,true,בולגרית מעודנת 16%  המושבה,מחלבות המושבה בעמ,,,"ק""ג",1000,ל  גרם,true,1,39.90,3.99,false,1,
2511236,true,בולגרית מעודנת  5%  המושבה,מחלבות המושבה בעמ,,,"ק""ג",1,,true,1,39.90,39.90,false,1,
2511281,true,ברינזה צאן/כבשים המושבה,מחלבות המושבה בעמ,,,"ק""ג",1,"ק""ג",true,1,79.90,79.90,false,1,
2511335,true,גבינת תום  כבשים,מחלבות המושבה בעמ,,,"ק""ג",1,,true,1,124.90,124.90,false,1,
2511342,true,גבינת מנצ`גו כבשים,מחלבות המושבה בעמ,,,"ק""ג",1,,true,1,124.90,124.90,false,1,
2512066,true,גחנון אפוי  650 גרם צנעני,א.ג בחירה חכמה בעמ,,,"י""ח",650,ל  גרם,false,1,18.90,2.91,false,1,
2512257,true,מלאווח מופחת שומן 700ג צנעני,א.ג בחירה חכמה בעמ,,,"י""ח",700,ל  גרם,false,1,16.90,2.41,false,1,
2512264,true,גחנון מופחת שומן 700ג צנעני,א.ג בחירה חכמה בעמ,,,"י""ח",600,ל  גרם,false,1,16.90,2.82,false,1,
2542506,true,בירה קורונה  355מייל,תימקו בירה בעמ,,,"י""ח",330,"ל  מ""ל",false,1,10.90,3.21,false,1,
2542780,true,"בירה סטלה ארטואה 330מ""ל  1/6 בקבוק",תימקו בירה בעמ,,,"י""ח",330,"ל  מ""ל",false,1,39.90,11.55,true,1,
2564515,true,קליפות הדר מצופות בשוקולד מריר 100ג,תה ויסוצקי (ישראל)בעמ,,,"י""ח",100,ל  גרם,false,1,9.90,9.90,false,1,
2564522,true,דרז`ה פולי קפה בשוקולד מריר 100ג,תה ויסוצקי (ישראל)בעמ,,,"י""ח",100,ל  גרם,false,1,9.90,9.90,false,1,
2564539,true,דרז`ה פקאן בשוקולד מריר 100ג,תה ויסוצקי (ישראל)בעמ,,,"י""ח",100,ל  גרם,false,1,9.90,9.90,false,1,
2577508,true,פילה הרינג בשמן ובצל  240 ג,נטו מלינדה סחר בעמ,,,"י""ח",240,ל  גרם,false,1,22.30,9.29,false,1,
2579731,true,"נר נשמה שבועי   בזכוכית""שווה""",ח.כהן סוכנות מזון ומשקאות בע,,,"י""ח",1,,false,1,9.90,9.90,false,1,
2603016,true,טונה  במים 140ג 1/4,נטו מלינדה סחר בעמ,,,"י""ח",560,ל  גרם,false,1,19.90,3.55,true,1,
2603474,true,פיצה שף שגב רוטב פטריות טעם ממהין200ג,נטו מלינדה סחר בעמ,,,"י""ח",200,ל  גרם,false,1,16.90,8.45,true,1,
2603481,true,פיצה שף שגב פסטו ועגבניות 200ג,נטו מלינדה סחר בעמ,,,"י""ח",200,ל  גרם,false,1,16.90,8.45,true,1,
2603498,true,פיצה שף שגב אנטיפסטי 200ג,נטו מלינדה סחר בעמ,,,"י""ח",200,ל  גרם,false,1,16.90,8.45,true,1,
2603504,true,פיצה שף שגב עגבניות ובצל סגול 200ג,נטו מלינדה סחר בעמ,,,"י""ח",200,ל  גרם,false,1,16.90,8.45,true,1,
2603634,true,"משולש זיתים דק תפזורת בעל""ז",נטו מלינדה סחר בעמ,,,"י""ח",1,"י""ח",false,1,2.90,2.90,true,1,
2603696,true,מקלות פילו XL גבינה 450גר,נטו מלינדה סחר בעמ,,,"י""ח",450,ל  גרם,false,1,21.90,4.87,true,1,
2608202,true,לחם כוסמין בחוש 530גר,ג נרל מילס ישראל בעמ,,,"י""ח",530,ל  גרם,false,1,16.90,3.19,true,1,
2608509,true,לחם מחמצת זיתי קלמטה 530גר,ג נרל מילס ישראל בעמ,,,"י""ח",530,ל  גרם,false,1,16.90,3.19,true,1,
2610250,true,כבד עוף קפוא ארוז שופרא,עוף ירושלים שיווק בעמ,,,"ק""ג",1,,true,1,14.90,14.90,false,1,
2628170,true,צלי כתף מס 5 חלק ג.חול פרגוואי.,בלדי בעמ,,,"ק""ג",1,"ק""ג",true,1,79.90,79.90,true,1,
2661153,true,"לחם דני קל 1ק""ג",י.את א. ברמן בעמ,,,"י""ח",1,"ק""ג",false,1,16.90,16.90,false,1,
2661986,true,פריך תירס  100ג,י.את א. ברמן בעמ,,,"י""ח",100,ל  גרם,false,1,7.90,7.90,false,1,
2692768,true,תרסיס שמן קנולה מזוכך ללא תוספת גז 200,סוגת תעשיות בעמ,,,"י""ח",200,"ל  מ""ל",false,1,14.90,7.45,false,1,
2706731,true,רצועות פילה נסיכה קפוא 100% דג,נטו מלינדה סחר בעמ,,,"ק""ג",1,"ק""ג",true,1,79.90,79.90,false,1,
2707141,true,"סולת 1ק""ג",טחנות קמח מפרץ בעמ,,,"י""ח",1,"ק""ג",false,1,3.90,3.90,false,1,
2707172,true,"סולת חיטה עבה  1ק""ג",טחנות קמח מפרץ בעמ,,,"י""ח",1,"ק""ג",false,1,3.90,3.90,false,1,
2730903,true,סבון מוצק ורדים פלמוליב  4יח,ש.שסטוביץ בעמ,,,"י""ח",360,ל  גרם,false,1,16.90,4.69,true,1,
2739685,true,נקניקיות מרגז  400גרם מוכן עטרה,נטו מלינדה סחר בעמ,,,"י""ח",400,ל  גרם,false,1,22.90,5.73,false,1,
2750178,true,גבטה 180 כפרית,ג נרל מילס ישראל בעמ,,,"י""ח",1,,false,1,4.50,4.50,true,1,
2750338,true,לחם עגבניות מיובשות 530גר,ג נרל מילס ישראל בעמ,,,"י""ח",530,ל  גרם,false,1,16.90,3.19,true,1,
2750451,true,לחם מחמצת טוסקני לבן 530גר,ג נרל מילס ישראל בעמ,,,"י""ח",530,ל  גרם,false,1,16.90,3.19,true,1,
2750925,true,חצי בגט כפרי,ג נרל מילס ישראל בעמ,,,"י""ח",1,,false,1,3,3,false,1,
2757115,true,טומהוק מוכשר קפוא,נטו מלינדה סחר בעמ,,,"ק""ג",120,ל  גרם,true,1,149.90,124.92,false,1,
2757139,true,מלוואח 700 גר`שלושת האופים,נטו מלינדה סחר בעמ,,,"י""ח",700,ל  גרם,false,1,17.90,2.56,true,1,
2757511,true,קציצת דג לבישול 750גר`,נטו מלינדה סחר בעמ,,,"י""ח",750,"ל  מ""ל",false,1,28.90,3.85,true,1,
2757535,true,בורקס פילו-אצבעות גבינה 500גר`,נטו מלינדה סחר בעמ,,,"י""ח",500,ל  גרם,false,1,21.90,4.38,true,1,
2757542,true,אטריות קדאיף 400גר,נטו מלינדה סחר בעמ,,,"י""ח",400,ל  גרם,false,1,21.90,5.48,false,1,
2757665,true,קבב מזרחי 400גר`,נטו מלינדה סחר בעמ,,,"י""ח",400,ל  גרם,false,1,12.90,3.23,false,1,
2757719,true,"בצק עלים 1 ק""ג",נטו מלינדה סחר בעמ,,,"י""ח",1,"ק""ג",false,1,16.90,16.90,false,1,
2757726,true,בורקס גבינה 700 ג`,נטו מלינדה סחר בעמ,,,"י""ח",700,ל  גרם,false,1,19.90,2.84,false,1,
2757733,true,ג`חנון 650 ג`,נטו מלינדה סחר בעמ,,,"י""ח",650,ל  גרם,false,1,12.90,1.98,false,1,
2757740,true,"בורקס תפו""א 700 ג` סדרה אדומה",נטו מלינדה סחר בעמ,,,"י""ח",700,ל  גרם,false,1,14.90,2.13,false,1,
2757757,true,מלאווח 700גר`,נטו מלינדה סחר בעמ,,,"י""ח",700,ל  גרם,false,1,13.90,1.99,false,1,
2775317,true,פילה זהבנון,נטו מלינדה סחר בעמ,,,"ק""ג",1,,true,1,22.90,22.90,false,1,
2787228,true,מאסדאם  שקיל,נטו מלינדה סחר בעמ,,,"ק""ג",1,,true,1,64.90,64.90,false,1,
2787495,true,פילה סלמון קפוא,נטו מלינדה סחר בעמ,,,"ק""ג",1,,true,1,79.90,79.90,false,1,
2787891,true,מקלות בורקס פילו תרד 650גר`,נטו מלינדה סחר בעמ,,,"י""ח",650,ל  גרם,false,1,21.90,3.37,true,1,
2814290,true,קצף מרוכז אקונומיקה 1ל בלנקו,קומפלקס כימיקלסבעמ ~~~,,,"י""ח",1,ליטר,false,1,10.90,10.90,false,1,
2814603,true,"מסיר שומנים קר מבושם 750מ""ל",קומפלקס כימיקלסבעמ ~~~,,,"י""ח",0.75,ליטר,false,1,13.90,18.53,false,1,
2814870,true,"מסיר שומנים קר מבושם 750מ""ל",קומפלקס כימיקלסבעמ ~~~,,,"י""ח",0.75,ליטר,false,1,12.90,17.20,false,1,
2814887,true,מטליות לחות לניקוי רצפות,קומפלקס כימיקלסבעמ ~~~,,,"י""ח",100,ל  גרם,false,1,9.90,9.90,false,1,
2827306,true,נקניקיות עוף 400 גר`מחפוד,עוף ירושלים שיווק בעמ,,,"י""ח",400,ל  גרם,false,1,8.90,2.23,true,1,
2827337,true,נקניקיות עוף פיקנטי400 גר`מחפוד,עוף ירושלים שיווק בעמ,,,"י""ח",400,ל  גרם,false,1,8.90,2.23,true,1,
2830245,true,פילה לברק 5-7  קפוא,נטו מלינדה סחר בעמ,,,"ק""ג",200,ל  גרם,true,1,52.90,26.45,false,1,
2862109,true,פרורי לחם מוזהבים 400גר,רוז חקלאות בעמ,,,"י""ח",400,ל  גרם,false,1,6.90,1.73,false,1,
2862222,true,"פרורי לחם רגילים 1ק""ג",רוז חקלאות בעמ,,,"י""ח",1,"ק""ג",false,1,9.90,9.90,false,1,
2862444,true,"פרורי לחם מוזהבים 1ק""ג הררית",רוז חקלאות בעמ,,,"י""ח",1,"ק""ג",false,1,12.90,12.90,false,1,
2862840,true,מתובלים 400ג בטעם שום,רוז חקלאות בעמ,,,"י""ח",400,ל  גרם,false,1,8.90,2.23,false,1,
2862857,true,מתובלים 400ג בטעם גריל,רוז חקלאות בעמ,,,"י""ח",400,ל  גרם,false,1,8.90,2.23,false,1,
2862864,true,מתובלים טעם קלאסי 400ג,רוז חקלאות בעמ,,,"י""ח",400,ל  גרם,false,1,6.90,1.73,false,1,
2871248,true,טובורג רד 500 חוזר,החברה המרכזית להפצת משקאות בעמ,,,"י""ח",500,"ל  מ""ל",false,1,8.20,1.40,true,1,
2871361,true,קרלסברג  בירה 500 חוזר,החברה המרכזית להפצת משקאות בעמ,,,"י""ח",500,"ל  מ""ל",false,1,8.20,1.40,false,1,
2900436,true,פסטרמה איטלקית מילאנו{טירת  צבי},תנובה בשר,,,"ק""ג",360,ל  גרם,true,1,79,21.94,false,1,
2909569,true,פילה  ברבוניה 400 גרם,בלדי בעמ,,,"י""ח",400,ל  גרם,false,1,25.90,6.48,false,1,
2909576,true,בשר בקר טחון  לקציצות ולקבב 500גר.,בלדי בעמ,,,"י""ח",500,ל  גרם,false,1,18.90,3.78,false,1,
2909804,true,פילה   בקלה(מרלוזה)ארוז ללא עור.,בלדי בעמ,,,"ק""ג",1,"ק""ג",true,1,29.90,29.90,false,1,
2909880,true,פולי סויה אדממה 400גר,בלדי בעמ,,,"י""ח",400,ל  גרם,false,1,8.90,2.23,false,1,
2919179,true,פילה אמנון ללא עור בלדי,בלדי בעמ,,,"ק""ג",1,"ק""ג",true,1,39.90,39.90,false,1,
2920311,true,קממבר צאן משולש שקיל  גד,מחלבות גד,,,"ק""ג",1,,true,1,122.90,122.90,false,1,
2922872,true,המבורגר מובחר טאק טורו בית יוסף 500ג,נטו מלינדה סחר בעמ,,,"י""ח",500,ל  גרם,false,1,17.90,3.58,true,1,
2929130,true,דנאבלו 100% גבינה נטו,נטו מלינדה סחר בעמ,,,"ק""ג",1,,true,1,109.90,109.90,false,1,
2929284,true,טונה פוסידון 140ג 1/4,נטו מלינדה סחר בעמ,,,"י""ח",560,ל  גרם,false,1,19.90,3.55,false,1,
2929512,true,פלאפל כדורי קפוא 500גרם,נטו מלינדה סחר בעמ,,,"י""ח",500,ל  גרם,false,1,13.90,2.78,false,1,
2929536,true,קובה למרק 600ג ג,נטו מלינדה סחר בעמ,,,"י""ח",600,ל  גרם,false,1,13.90,2.32,false,1,
2929642,true,טונה מארז 4 יח  }ויליגיר{ 140גר,נטו מלינדה סחר בעמ,,,"י""ח",560,ל  גרם,false,1,19.90,3.55,true,1,
2954217,true,"אורז יסמין מדליה 1ק""ג",בני ג ורג שוקחה (חיפה) בעמ,,,"י""ח",1,"ק""ג",false,1,9.90,9.90,false,1,
2971955,true,"קמח לבן 650 ללא צורך בניפוי 1ק""ג שטיבל",ח.כהן סוכנות מזון ומשקאות בע,,,"י""ח",1,"ק""ג",false,1,8.90,8.90,false,1,
2971962,true,"קמח מלא 100% 1ק""ג  ללא צורך בניפוי",ח.כהן סוכנות מזון ומשקאות בע,,,"י""ח",1,"ק""ג",false,1,8.90,8.90,false,1,
2971986,true,קמח שיפון ללא צורך  בניפוי,ח.כהן סוכנות מזון ומשקאות בע,,,"י""ח",1,"ק""ג",false,1,8.90,8.90,false,1,
2971993,true,קמח כוסמין מלא ללא צורך  בניפוי,ח.כהן סוכנות מזון ומשקאות בע,,,"י""ח",1,"ק""ג",false,1,14.90,14.90,false,1,
2972365,true,"קמח תופח ללא צורך בניפוי 1ק""ג",ח.כהן סוכנות מזון ומשקאות בע,,,"י""ח",1,"ק""ג",false,1,8.90,8.90,false,1,
2973669,true,"קמח לחם שטיבל 2 ללא צורך בניפוי 1ק""ג",טחנות קמח שטיבל בש בעמ,,,"י""ח",1,"ק""ג",false,1,7.90,7.90,false,1,
2973812,true,"קמח כוסמין 80% ללא צורך  בניפוי 1ק""ג",ח.כהן סוכנות מזון ומשקאות בע,,,"י""ח",1,"ק""ג",false,1,15.90,15.90,false,1,
2973829,true,"קמח כוסמין לבן ללא צורך  בניפוי 1ק""ג.",ח.כהן סוכנות מזון ומשקאות בע,,,"י""ח",1,"ק""ג",false,1,15.90,15.90,false,1,
2974116,true,קמח כפרי שטיבל ללא צ.בניפוי,ח.כהן סוכנות מזון ומשקאות בע,,,"י""ח",1,"ק""ג",false,1,8.90,8.90,false,1,
2974239,true,קמח עוגיות 5 שטיבל ללא צ.בניפוי,ח.כהן סוכנות מזון ומשקאות בע,,,"י""ח",1,"ק""ג",false,1,7.90,7.90,false,1,
2974314,true,קמח פיצה שטיבל ללא צ.בניפוי,ח.כהן סוכנות מזון ומשקאות בע,,,"י""ח",1,"ק""ג",false,1,10.90,10.90,false,1,
3069156,true,פילה דג סלמון קפוא V,נטו מלינדה סחר בעמ,,,"ק""ג",1,"ק""ג",true,1,79.90,79.90,false,1,
3069590,true,"סול פילה ארוז 1ק""ג.",נטו מלינדה סחר בעמ,,,"י""ח",1,"ק""ג",false,1,36.90,36.90,false,1,
3069705,true,"פיצה אישית גבינה דקה תפזורת בעל""ז",נטו מלינדה סחר בעמ,,,"י""ח",1,"י""ח",false,1,2.90,2.90,true,1,
3072118,true,סלמי מפולפל בסגנון איטלקי,תנובה בשר,,,"ק""ג",1,"ק""ג",true,1,79,79,false,1,
3072965,true,קבנוס חריף מעושן 120ג,תנובה בשר,,,"י""ח",120,ל  גרם,false,1,9.90,8.25,false,1,
3072972,true,קבנוס בתיבול שום 120ג,תנובה בשר,,,"י""ח",120,ל  גרם,false,1,9.90,8.25,false,1,
3075553,true,לבנה 500גר,מחלבת רג`ב בעמ,,,"י""ח",500,ל  גרם,false,1,21.90,4.38,false,1,
3075652,true,לבנה 250גר,מחלבת רג`ב בעמ,,,"י""ח",250,ל  גרם,false,1,13.90,5.56,false,1,
3075805,true,גבינה ברנזה 400גר,מחלבת רג`ב בעמ,,,"י""ח",360,ל  גרם,false,1,29.90,8.31,false,1,
3075850,true,לבנה עם זעתר 250גר,מחלבת רג`ב בעמ,,,"י""ח",250,ל  גרם,false,1,14.90,5.96,false,1,
3102136,true,צמר גפן רפואי,אינטרסן (1996) בעמ,,,"י""ח",1,,false,1,4.50,4.50,false,1,
3103285,true,פטינה שקיל שאראוס .,שטראוס גרופ ***בעמ,,,"ק""ג",1,"ק""ג",true,1,24.90,24.90,true,1,
3105807,true,בלוז שקיל שטראוס .,שטראוס גרופ ***בעמ,,,"ק""ג",1,"ק""ג",true,1,69.90,69.90,true,1,
3107353,true,משפר אפיה ביתי שמרים יבשים שטיבל 33ג,ח.כהן סוכנות מזון ומשקאות בע,,,"י""ח",33,ל  גרם,false,1,5.90,17.88,false,1,
3111034,true,"שיפוד שווארמה עוף מתובל 20ק""ג",בלדי בעמ,,,"ק""ג",1,,true,1,57.90,57.90,false,1,
3118113,true,מארז פיתות ביס לבן,מאפיית דואט בעמ,,,"י""ח",700,ל  גרם,false,1,14.90,2.13,false,1,
3122042,true,שניצל הודו מעובד 120ג,בלדי בעמ,,,"ק""ג",1,,true,1,36.90,36.90,false,1,
3122043,true,שניצל הודו מעובד 170ג,בלדי בעמ,,,"ק""ג",1,,true,1,36.90,36.90,false,1,
3122045,true,שניצל הודו מעובד 200ג,בלדי בעמ,,,"ק""ג",1,,true,1,36.90,36.90,false,1,
3141071,true,פרגיות עוף ארוך בלי עור קפוא ארוז.,בלדי בעמ,,,"ק""ג",1,,true,1,61.90,61.90,false,1,
3141072,true,פרגיות עוף ארוך עם עור קפוא ארוז.,בלדי בעמ,,,"ק""ג",1,,true,1,57.90,57.90,false,1,
3141074,true,"שניצל עוף 120גר קפוא ארוז 10ק""ג",בלדי בעמ,,,"ק""ג",500,ל  גרם,true,1,47.90,9.58,false,1,
3141075,true,"שניצל עוף 150גר קפוא ארוז 10ק""ג",בלדי בעמ,,,"ק""ג",500,ל  גרם,true,1,49.90,9.98,false,1,
3141076,true,"שניצל עוף 170גר קפוא ארוז 10ק""ג",בלדי בעמ,,,"ק""ג",500,ל  גרם,true,1,49.90,9.98,false,1,
3141157,true,שניצל הודו מעובד 150ג,בלדי בעמ,,,"ק""ג",1,,true,1,36.90,36.90,false,1,
3142422,true,גרעיני חמניות ללא מלח 180 גרם,ליימן שליסל,,,"י""ח",180,ל  גרם,false,1,6.40,3.56,true,1,
3143139,true,סילאן קליית גת 900גרם,ליימן שליסל,,,"י""ח",900,ל  גרם,false,1,14.90,1.66,true,1,
3143146,true,"ממרח תמרים קליית גת 450גרם כשל""פ",ליימן שליסל,,,"י""ח",450,ל  גרם,false,1,6.30,1.40,false,1,
3143276,true,יוגטה מרשמלו מגולגל 180ג,ליימן שליסל,,,"י""ח",180,ל  גרם,false,1,8.90,4.94,false,1,
3144310,true,תערובת אגוזים וחמוציות 150ג,ליימן שליסל,,,"י""ח",150,ל  גרם,false,1,17.90,11.93,false,1,
3144679,true,הוטפופ 5(בדלי) שקיות עם מלח,ליימן שליסל,,,"י""ח",500,ל  גרם,false,1,16.90,3.38,true,1,
3157624,true,שניצל עוף פרוס ארוז טמה שווארץ  קפוא~,עוף ירושלים שיווק בעמ,,,"ק""ג",1,"ק""ג",true,1,49.90,49.90,false,1,
3189045,true,הולנדי כפיר-א. חלב נוכרי,גבינות הכפר בעמ,,,"ק""ג",1,,true,1,37.90,37.90,false,1,
3189199,true,צהובה חריפה במשקל-א.חלב נוכרי,גבינות הכפר בעמ,,,"ק""ג",1,,true,1,33.90,33.90,false,1,
3189274,true,צהובה מעושן חלב נוכרי במשקל,גבינות הכפר בעמ,,,"ק""ג",1,"י""ח",true,1,39.90,39.90,false,1,
3189380,true,צהובה שום שמיר במשקל חלב נוכרי,גבינות הכפר בעמ,,,"ק""ג",1,,true,1,35.90,35.90,false,1,
3196100,true,באגט,****דין שיווק וקליה 2021 בעמ,,,"י""ח",1,,false,1,4.70,4.70,false,1,
3196124,true,חצי באגט,****דין שיווק וקליה 2021 בעמ,,,"י""ח",1,,false,1,2.90,2.90,false,1,
3211227,true,זית ירוק יווני ענק שקיל,***א.מ.ס.ש ניהול והשקעות בעמ,,,"ק""ג",1,"י""ח",true,1,33.90,33.90,false,1,
3224036,true,אוכמניות כחולות 300ג,מאמא מרי בעמ,,,"י""ח",300,ל  גרם,false,1,16.90,5.63,false,1,
3224043,true,צ`בורקי מטוגן 6יח,מאמא מרי בעמ,,,"י""ח",6,"י""ח",false,1,21.90,3.65,false,1,
3224128,true,"כיסוני תפו""א 800ג",מאמא מרי בעמ,,,"י""ח",800,ל  גרם,false,1,17.90,2.24,false,1,
3224265,true,כיסוני בשר בקר  800ג,מאמא מרי בעמ,,,"י""ח",800,ל  גרם,false,1,31.90,3.99,false,1,
3224340,true,חמוציות 300ג,מאמא מרי בעמ,,,"י""ח",300,ל  גרם,false,1,23.90,7.97,false,1,
3224654,true,מיקס פירות יער  300ג,מאמא מרי בעמ,,,"י""ח",300,ל  גרם,false,1,14.90,4.97,false,1,
3224845,true,"קרפלוני תפו""א ופטריות  800גר",מאמא מרי בעמ,,,"י""ח",800,ל  גרם,false,1,18.90,2.36,false,1,
3229154,true,סלמי קוניאק מובחר,תנובה בשר,,,"י""ח",300,ל  גרם,false,1,24.90,8.30,false,1,
3268252,true,לחם חיטה מלא 750 לילדים,דגנית עין בר ~~~,,,"י""ח",750,ל  גרם,false,1,13.90,1.85,false,1,
3268429,true,לחם ירוק 750גר,דגנית עין בר ~~~,,,"י""ח",750,ל  גרם,false,1,14.90,1.99,false,1,
3272273,true,חמוציות ללא סוכר לבן שקיל,****דין שיווק וקליה 2021 בעמ,,,"ק""ג",1,,true,1,69,69,false,1,
3287253,true,מרגז ארוז 500גרם,בלדי בעמ,,,"י""ח",500,ל  גרם,false,1,31.90,6.38,false,1,
3332007,true,קפה נחלה עם הל 250ג,סובחה נחלה ובניו בעמ,,,"י""ח",250,ל  גרם,false,1,13.90,5.56,false,1,
3332021,true,"קפה נחלה 1 ק""ג",סובחה נחלה ובניו בעמ,,,"י""ח",1,"ק""ג",false,1,49.90,49.90,false,1,
3332045,true,קפה נחלה אדום בלי הל 250 ג^,סובחה נחלה ובניו בעמ,,,"י""ח",250,ל  גרם,false,1,13.90,5.56,false,1,
3400500,true,חטיף קרמל עם בוטנים נטרייג`ס 47גר,ליימן שליסל,,,"י""ח",47,ל  גרם,false,1,4.90,10.43,false,1,
3402809,true,חטיף שוקולד לבן ריזס 39גר.,ליימן שליסל,,,"י""ח",39,ל  גרם,false,1,3.90,10,false,1,
3423909,true,חטיף שוקולד לבן קוקיז אנד קרים 43,ליימן שליסל,,,"י""ח",43,ל  גרם,false,1,4.90,11.40,false,1,
3444009,true,חטיף שוקולד לבן ריזס 42גר,ליימן שליסל,,,"י""ח",43,ל  גרם,false,1,3.90,9.07,false,1,
3514007,true,שקדי מרק 400 גר`MANA,ש.שסטוביץ בעמ,,,"י""ח",400,ל  גרם,false,1,8.90,2.23,true,1,
3526871,true,פטריות חתוך מארז שלשות,נטו מלינדה סחר בעמ,,,"י""ח",290,ל  גרם,false,1,11.90,4.10,false,1,
3550937,true,רגל פרוסה במגש.,נטו מלינדה סחר בעמ,,,"ק""ג",1,,true,1,39.90,39.90,false,1,
3570171,true,מינוט שניצל 300גר,בלדי בעמ,,,"י""ח",300,ל  גרם,false,1,26.90,8.97,true,1,
3572267,true,חזה בקר מס 3 מוכשר ברזיל קפוא,בלדי בעמ,,,"ק""ג",1,,true,1,29.90,29.90,false,1,
3579379,true,מרלוזה פילה ללא עור קפוא,בלדי בעמ,,,"ק""ג",1,,true,1,24.90,24.90,false,1,
3579683,true,צלעות  מס2 מוכשר ברזיל קפוא,בלדי בעמ,,,"ק""ג",1,,true,1,38.90,38.90,true,1,
3579751,true,בשר ראש מוכשר ברזיל,בלדי בעמ,,,"ק""ג",1,,true,1,70.90,70.90,false,1,
3579768,true,צלי כתף מס 5 מוכשר.,בלדי בעמ,,,"ק""ג",1,"ק""ג",true,1,72.90,72.90,true,1,
3579775,true,לשון בקר מוכשר ברזיל,בלדי בעמ,,,"ק""ג",1,,true,1,33.90,33.90,false,1,
3579812,true,מכסה הצלע   מס7 מוכשר ברזיל קפוא,בלדי בעמ,,,"ק""ג",1,,true,1,30.90,30.90,false,1,
3633957,true,בשר ראש   קפוא,ח.י. מעדני גורמה בעמ,,,"ק""ג",1,,true,1,59.90,59.90,false,1,
3633964,true,בשר ראש קפוא חלק[,נטו מלינדה סחר בעמ,,,"ק""ג",1,,true,1,69.90,69.90,false,1,
3648221,true,מקרל בשמן שקיל,בידאני נתן,,,"ק""ג",1,"ק""ג",true,1,129,129,false,1,
3648269,true,מטיאס חתוך עם בצל שקיל,סלטי שמיר2006בעמ,,,"ק""ג",1,"ק""ג",true,1,59.90,59.90,false,1,
3706624,true,פטריות טרי במגש,ביכורי השדה צפון 1994 ג.ד. בעמ,,,"י""ח",1,,false,1,10.90,10.90,true,1,
3718610,true,במיה 400 גרם ארוז,בלדי בעמ,,,"י""ח",600,ל  גרם,false,1,9.90,1.65,false,1,
3718627,true,פול ירוק  ארוז 400ג,בלדי בעמ,,,"י""ח",400,ל  גרם,false,1,9.90,2.48,false,1,
3718719,true,לברק פילה 5/7 עדה חרדית קפוא,בלדי בעמ,,,"ק""ג",1,,true,1,46.80,46.80,false,1,
3726592,true,טופו ויילר 300גר טעם פסטו,שטראוס גרופ ***בעמ,,,"י""ח",300,ל  גרם,false,1,11.90,3.97,true,1,
3726615,true,טופו ויילר 300גר,שטראוס גרופ ***בעמ,,,"י""ח",300,ל  גרם,false,1,11.90,3.97,true,1,
3726806,true,שניצל טופו עם ברוקולי 420גר,קפוא זן תעשיות מזון בעמ,,,"י""ח",420,ל  גרם,false,1,27.90,6.64,false,1,
3976263,true,"תרסיס די תיקן 300מ""ל טאצ`.",סאסאטק אגשח בעמ,,,"י""ח",300,"ל  מ""ל",false,1,11.90,3.97,false,1,
3976270,true,"תרסיס די תוש 300מ""ל טאצ`.",סאסאטק אגשח בעמ,,,"י""ח",300,"ל  מ""ל",false,1,11.90,3.97,false,1,
3976546,true,מתקן מטהר אוויר אוטו טאץ,סאסאטק אגשח בעמ,,,"י""ח",1,"י""ח",false,1,23.90,23.90,false,1,
3976607,true,אקונומיקה סמיכה 4 ל` טאצ`לבנדר.,סאסאטק אגשח בעמ,,,"י""ח",4,ליטר,false,1,12.90,3.23,true,1,
3976614,true,אקונומיקה סמיכה 4 ל` טאצ`פרחים,סאסאטק אגשח בעמ,,,"י""ח",4,ליטר,false,1,12.90,3.23,true,1,
3976966,true,מרסס לניקוי כללי בתוספת חומץ 1ליטר טאצ,סאסאטק אגשח בעמ,,,"י""ח",1,ליטר,false,1,12.90,12.90,false,1,
4011284,true,"בסיס להכנת קצפת 212מ""ל",נטו מלינדה סחר בעמ,,,"י""ח",212,"ל  מ""ל",false,1,9.90,4.67,true,1,
4011291,true,"בסיס להכנת קצפת 425מ""ל",נטו מלינדה סחר בעמ,,,"י""ח",425,"ל  מ""ל",false,1,12.90,3.04,false,1,
4011338,true,"קצפת 250מ""ל",נטו מלינדה סחר בעמ,,,"י""ח",250,"ל  מ""ל",false,1,9.90,3.96,false,1,
4011345,true,"קצפת  ריצ`פרווה במיכל 250 מ""ל",נטו מלינדה סחר בעמ,,,"י""ח",250,"ל  מ""ל",false,1,9.90,3.96,false,1,
4011796,true,קבבונים אל גאוצ`ו 400גר`,נטו מלינדה סחר בעמ,,,"י""ח",400,ל  גרם,false,1,24.90,6.23,true,1,
4011826,true,מיני המבורגר ריב אנטריקוט 320גרם,נטו מלינדה סחר בעמ,,,"י""ח",320,ל  גרם,false,1,21.90,6.84,true,1,
4026776,true,לחם מחמצת אגוזים וצימוקים 530גר,ג נרל מילס ישראל בעמ,,,"י""ח",530,ל  גרם,false,1,16.90,3.19,true,1,
4026851,true,בייגלה רומני,ג נרל מילס ישראל בעמ,,,"י""ח",150,ל  גרם,false,1,4.50,3,true,1,
4030445,true,מיץ תפוזים 1 ליטר,תנובה בעמ ***,,,"י""ח",1,ליטר,false,1,14.90,14.90,false,1,
4030544,true,מיץ לימונדה לואיזה ולימון גראס 1 ליטר,תנובה בעמ ***,,,"י""ח",1,ליטר,false,1,15.60,15.60,true,1,
4030728,true,"מיץ לימון 100%  250 מ""ל מחנה יהודה",פריניב סחר והפצה בעמ,,,"י""ח",250,"ל  מ""ל",false,1,7.90,3.16,true,1,
4030834,true,מיץ רימונים 1 ליטר,תנובה בעמ ***,,,"י""ח",1,ליטר,false,1,25.50,25.50,false,1,
4063016,true,"מלח שולחן 1 ק""ג*",סוגת תעשיות בעמ,,,"י""ח",1,"ק""ג",false,1,1.70,1.70,false,1,
4063153,true,מלח ים אטלנטי טבעי,סוגת תעשיות בעמ,,,"י""ח",1,"ק""ג",false,1,17.90,17.90,false,1,
4064082,true,מטחנה מלח ים טבעי,סוגת תעשיות בעמ,,,"י""ח",400,ל  גרם,false,1,12.90,3.23,false,1,
4064099,true,מטחנה מלח מהרי ההימלאיה,סוגת תעשיות בעמ,,,"י""ח",400,ל  גרם,false,1,12.90,3.23,false,1,
4064105,true,מטחנה מלח עשבי תיבול,סוגת תעשיות בעמ,,,"י""ח",400,ל  גרם,false,1,12.90,3.23,false,1,
4064174,true,"מלח דק 1 ק""ג צנצנת ההימלאיה",סוגת תעשיות בעמ,,,"י""ח",1,"ק""ג",false,1,17.90,17.90,false,1,
4064228,true,מטחנה מלח אקסטרא תבלינים שום פלפל,סוגת תעשיות בעמ,,,"י""ח",175,ל  גרם,false,1,13.90,7.94,false,1,
4064297,true,"מלח מאושר ביוד צנצנת 1ק""ג",סוגת תעשיות בעמ,,,"י""ח",1,"ק""ג",false,1,8.90,8.90,false,1,
4064358,true,"מלח דק זורם בקלות 1ק""ג קרטון",סוגת תעשיות בעמ,,,"י""ח",1,"ק""ג",false,1,4.90,4.90,false,1,
4064389,true,מלח הימלאיה דק מלחייה 250 גרם,סוגת תעשיות בעמ,,,"י""ח",2.50,"י""ח",false,1,9.90,3.96,false,1,
4068028,true,"יוגורט ציזיקי 500מ""ל",מחלבות גד,,,"י""ח",500,"ל  מ""ל",false,1,9.10,1.82,false,1,
4068035,true,"איירן 500מ""ל",מחלבות גד,,,"י""ח",500,"ל  מ""ל",false,1,7.90,1.58,false,1,
4068172,true,יוגורט עזים דלי 600ג 5%,מחלבות גד,,,"י""ח",600,ל  גרם,false,1,17.20,2.87,false,1,
4068332,true,קממבר בקר משולשים גד שקיל 25%,מחלבות גד,,,"ק""ג",1,,true,1,111,111,false,1,
4068585,true,גאודה עיזים משולשים שקיל גד,מחלבות גד,,,"ק""ג",1,,true,1,130,130,false,1,
4078263,true,צימרוני אוזניים בלונס,ש.שסטוביץ בעמ,,,"י""ח",1,,false,1,11.70,11.70,false,1,
4122607,true,עמק לייט חריץ 9% שקיל,תנובה בעמ ***,,,"ק""ג",1000,ל  גרם,true,1,75,7.50,false,1,
4128333,true,לבנה פיראוס,תנובה בעמ ***,,,"י""ח",500,ל  גרם,false,1,20,4,false,1,
4135324,true,בולגרית מעודנת,תנובה בעמ ***,,,"ק""ג",1,"ק""ג",true,1,43,43,false,1,
4136291,true,צפתית מעודנת פיראוס (5%שקיל).,תנובה בעמ ***,,,"ק""ג",1,"ק""ג",true,1,51,51,false,1,
4150143,true,חציל במיונז פיקנטי פרמיום 300ג,סלטי שמיר2006בעמ,,,"י""ח",300,ל  גרם,false,1,15.90,5.30,true,1,
4150174,true,קולסלאו פיקנטי פרמיום 300ג,סלטי שמיר2006בעמ,,,"י""ח",300,ל  גרם,false,1,15.90,5.30,true,1,
4150181,true,חמוצים סיני פיקנטי פרמיום 300ג,סלטי שמיר2006בעמ,,,"י""ח",300,ל  גרם,false,1,15.90,5.30,true,1,
4150211,true,תורכי אינסטנבול פיקנטי פרמיום 300ג,סלטי שמיר2006בעמ,,,"י""ח",300,ל  גרם,false,1,15.90,5.30,true,1,
4150228,true,כרוב אדום פיקנטי פרמיום 300ג,סלטי שמיר2006בעמ,,,"י""ח",300,ל  גרם,false,1,15.90,5.30,true,1,
4165017,true,"רסק תפו""ע דל קלוריות 560גר.",זנלכל בעמ,,,"י""ח",560,ל  גרם,false,1,8.90,1.59,false,1,
4194185,true,עוף  מחפוד}קפוא{,עוף ירושלים שיווק בעמ,,,"ק""ג",1,"ק""ג",true,1,24.90,24.90,false,1,
4194239,true,חזה עוף ארוז מחפוד  קפוא~,עוף ירושלים שיווק בעמ,,,"ק""ג",1,"ק""ג",true,1,31.90,31.90,false,1,
4194253,true,כנפיים עוף ארוז מחפוד קפוא ~,עוף ירושלים שיווק בעמ,,,"ק""ג",1,"ק""ג",true,1,13.90,13.90,true,1,
4194260,true,שוקיים עוף ארוז מחפוד קפוא,עוף ירושלים שיווק בעמ,,,"ק""ג",1,"ק""ג",true,1,31.90,31.90,false,1,
4194345,true,שניצל עוף פרוס ארוז מחפוד  קפוא~,עוף ירושלים שיווק בעמ,,,"ק""ג",1,"ק""ג",true,1,32.90,32.90,false,1,
4194703,true,כבד עוף צלוי טרי ארוז  מחפוד**,עוף ירושלים שיווק בעמ,,,"ק""ג",1,,true,1,29.90,29.90,false,1,
4225285,true,דנאבלו 100גר נטו,נטו מלינדה סחר בעמ,,,"י""ח",100,ל  גרם,false,1,12.10,12.10,false,1,
4225872,true,"קרם קוקוס 400מ""ל ויליגר",נטו מלינדה סחר בעמ,,,"י""ח",400,"ל  מ""ל",false,1,6.90,1.73,false,1,
4228415,true,פיצה שף שגב עבה סיצליה 425גר,נטו מלינדה סחר בעמ,,,"י""ח",425,ל  גרם,false,1,19.90,4.68,false,1,
4228767,true,נתחי פילה אמנון ללא עור בציפוי שגב,נטו מלינדה סחר בעמ,,,"י""ח",350,ל  גרם,false,1,29.90,8.54,true,1,
4228804,true,עלי בצק למילוי סיגרים 450 ג`,נטו מלינדה סחר בעמ,,,"י""ח",450,ל  גרם,false,1,13.90,3.09,false,1,
4229870,true,בורקס פטריות 600 ג,נטו מלינדה סחר בעמ,,,"י""ח",600,ל  גרם,false,1,19.90,3.32,true,1,
4230081,true,קציצות עוף ברוטב עגבניות שגב 800גר,נטו מלינדה סחר בעמ,,,"י""ח",800,ל  גרם,false,1,29.90,3.74,true,1,
4230104,true,קציצות בקר ברוטב עגבניות  שגב 800גר,נטו מלינדה סחר בעמ,,,"י""ח",800,ל  גרם,false,1,29.90,3.74,true,1,
4230326,true,מקלות פילו עץ וקינמון שגב 600 גרם.,נטו מלינדה סחר בעמ,,,"י""ח",600,ל  גרם,false,1,19.90,3.32,true,1,
4230364,true,מקלות בורקס פילו גבינה צרפתית,נטו מלינדה סחר בעמ,,,"י""ח",700,ל  גרם,false,1,21.90,3.13,true,1,
4230944,true,מקלות בורקס פילו גבינה  600 גרם,נטו מלינדה סחר בעמ,,,"י""ח",600,ל  גרם,false,1,21.90,3.65,true,1,
4256180,true,גבינה גאודה נטו.,נטו מלינדה סחר בעמ,,,"ק""ג",1,"ק""ג",true,1,89.90,89.90,false,1,
4256197,true,גבינת עיזים הולנד נטו,נטו מלינדה סחר בעמ,,,"ק""ג",1,"ק""ג",true,1,105,105,false,1,
4257125,true,סינטה דק דק 250ג עטרה,נטו מלינדה סחר בעמ,,,"י""ח",250,ל  גרם,false,1,34.90,13.96,false,1,
4257491,true,"טחון בקר עטרה 100% 1 ק""ג",נטו מלינדה סחר בעמ,,,"י""ח",1,"ק""ג",false,1,49.90,49.90,false,1,
4263041,true,גולש עגל-עטרה,נטו מלינדה סחר בעמ,,,"ק""ג",1,"ק""ג",true,1,39.90,39.90,false,1,
4263485,true,צלעות לא. מ]עטרה[,נטו מלינדה סחר בעמ,,,"ק""ג",1,"ק""ג",true,1,44.90,44.90,false,1,
4263782,true,עצמות מוח עטרה,נטו מלינדה סחר בעמ,,,"ק""ג",1,,true,1,32.90,32.90,false,1,
4263867,true,בשר מס  }6עטרה,נטו מלינדה סחר בעמ,,,"ק""ג",1,"ק""ג",true,1,69.90,69.90,false,1,
4267216,true,עוגיות ממולאות ריבה 200  ג`ברמן,ח.כהן סוכנות מזון ומשקאות בע,,,"י""ח",200,ל  גרם,false,1,5.90,2.95,false,1,
4267261,true,עוגיות טופז 600גר`,ח.כהן סוכנות מזון ומשקאות בע,,,"י""ח",600,ל  גרם,false,1,14.90,2.48,false,1,
4267544,true,עוגיות ממולאות תות 600גר`,ח.כהן סוכנות מזון ומשקאות בע,,,"י""ח",600,ל  גרם,false,1,14.90,2.48,false,1,
4267650,true,עוגיות ריבה 600גר`,ח.כהן סוכנות מזון ומשקאות בע,,,"י""ח",600,ל  גרם,false,1,14.90,2.48,false,1,
4267667,true,עוגיות שוקו ציפס 600 ג`,ח.כהן סוכנות מזון ומשקאות בע,,,"י""ח",600,ל  גרם,false,1,14.90,2.48,false,1,
4329686,true,"שיפוד שווארמה עוף מתובל 10ק""ג",בלדי בעמ,,,"ק""ג",1,,true,1,57.90,57.90,false,1,
4456566,true,צלעות  מס `2 אשפר  פרגוואי,בלדי בעמ,,,"ק""ג",1,,true,1,41.90,41.90,false,1,
4652364,true,גבינת קשקבל ספרדי שקיל מעדניה,נטו מלינדה סחר בעמ,,,"ק""ג",200,ל  גרם,true,1,89,44.50,false,1,
4652401,true,ג חנון ללא מרגרינה 650גר שגב,נטו מלינדה סחר בעמ,,,"י""ח",650,ל  גרם,false,1,14.90,2.29,true,1,
4685089,true,לחם חמניות 750 גר`ברמן,י.את א. ברמן בעמ,,,"י""ח",750,ל  גרם,false,1,15.90,2.12,false,1,
4685447,true,לחמניות כוסמין 6 בשקית,י.את א. ברמן בעמ,,,"י""ח",450,ל  גרם,false,1,14.50,3.22,false,1,
4685454,true,לחם שיבולת שועל 500ג,י.את א. ברמן בעמ,,,"י""ח",500,ל  גרם,false,1,17.90,3.58,false,1,
4731564,true,מבשם ומרכך למייבש כביסה כחול,החב הדרומית לשיווק,,,"י""ח",750,"ל  מ""ל",false,1,16.30,2.17,true,1,
4768294,true,פילה אמנון ללא עור בלדי,בלדי בעמ,,,"ק""ג",1,"ק""ג",true,1,39.90,39.90,false,1,
4861025,true,בולגרית מסורתית שקיל 5% המושבה,מחלבות המושבה בעמ,,,"ק""ג",10,"ק""ג",true,1,49.90,4.99,false,1,
4861056,true,צפתית טבעי המושבה שקילה 5%.,מחלבות המושבה בעמ,,,"ק""ג",1000,ל  גרם,true,1,49,4.90,false,1,
4861070,true,גבינה צפתית קשה,מחלבות המושבה בעמ,,,"ק""ג",1,,true,1,73.90,73.90,false,1,
4861278,true,גבינת שמנת טבעי/שום שמיר 30%  המושבה,מחלבות המושבה בעמ,,,"ק""ג",1,,true,1,39.90,39.90,false,1,
4861285,true,טבורוג המושבה שקילה 5%,מחלבות המושבה בעמ,,,"ק""ג",1,"ק""ג",true,1,29.90,29.90,false,1,
4861360,true,צפתית קצח  המושבה שקיל,מחלבות המושבה בעמ,,,"ק""ג",100,ל  גרם,true,1,44.90,44.90,false,1,
4982393,true,ברס בלו-א.חלב נוכרי,א. סיימן סחר בעמ,,,"ק""ג",1,"ק""ג",true,1,180,180,true,1,
5079221,true,בולגרית צוריאל מעודנת,*החברה המרכזית להפצת משקאותבעמ,,,"ק""ג",1,,true,1,49.90,49.90,false,1,
5079290,true,חריץ גבינה נעם 15% שקיל,*החברה המרכזית להפצת משקאותבעמ,,,"ק""ג",1,,true,1,66.90,66.90,false,1,
5079412,true,אמנטל נעם חריץ מעדניה.,*החברה המרכזית להפצת משקאותבעמ,,,"ק""ג",200,ל  גרם,true,1,59.90,29.95,false,1,
5095641,true,חיטה תפוחה  מתוקה(שלוה),ציון תורגמן בעמ,,,"י""ח",1,"י""ח",false,1,8.90,8.90,false,1,
5095702,true,חיטה תפוחה  בדבש(שלוה),ציון תורגמן בעמ,,,"י""ח",1,"י""ח",false,1,8.90,8.90,false,1,
5095719,true,חיטה תפוחה  טבעית(שלוה),ציון תורגמן בעמ,,,"י""ח",1,"י""ח",false,1,8.90,8.90,false,1,
5100079,true,לחמניה אצבע שומשום לבנה,ג נרל מילס ישראל בעמ,,,"י""ח",75,ל  גרם,false,1,2.90,3.87,false,1,
5100549,true,חלה פילסברי מתוקה,ג נרל מילס ישראל בעמ,,,"י""ח",1,,false,1,10.90,10.90,true,1,
5113222,true,מיקס זיתים 2 A יבנה,קבוצת יבנה מוצרי מזון בעמ,,,"י""ח",1,,false,1,9.80,9.80,false,1,
5326523,true,אוליביה פסטו פטרוזיליה ונענע 180גר,תה ויסוצקי (ישראל)בעמ,,,"י""ח",180,ל  גרם,false,1,13.90,7.72,false,1,
5326585,true,אוליביה פסטו בזיליקום,תנובה בעמ ***,,,"י""ח",180,ל  גרם,false,1,11.90,6.61,false,1,
5326677,true,רוטב ברביקיו  350ג,תה ויסוצקי (ישראל)בעמ,,,"י""ח",350,"ל  מ""ל",false,1,13.90,3.97,true,1,
5358753,true,לשון חלק,נטו מלינדה סחר בעמ,,,"ק""ג",1,,true,1,34.90,34.90,false,1,
5358883,true,שריר בשר  מס `8   חלק.,נטו מלינדה סחר בעמ,,,"ק""ג",1,,true,1,32.90,32.90,false,1,
5384899,true,בסגנון פטה ים תיכונית 19%שומן שקיל,ג.וילי פוד אינטרנשיונל בעמ,,,"ק""ג",1,,true,1,22.90,22.90,true,1,
5387043,true,צלעות מס 2 חלק רבנות,בלדי בעמ,,,"ק""ג",1,"ק""ג",true,1,34.90,34.90,false,1,
5424755,true,מטליות לחות לריצפה ריצפז פלוס 10 יחידו,החב הדרומית לשיווק,,,"י""ח",10,"י""ח",false,1,13.90,1.39,false,1,
5425110,true,תרסיס חיטוי משטחים 99.9% סנו,החב הדרומית לשיווק,,,"י""ח",750,"ל  מ""ל",false,1,14.90,1.99,false,1,
5431883,true,מלבי חלבי 165ג. תנובה,תנובה בעמ ***,,,"י""ח",165,"ל  מ""ל",false,1,6.90,4.18,false,1,
5431913,true,עוגת גבינה פירורים 92ג(. תנובה),תנובה בעמ ***,,,"י""ח",92,"ל  מ""ל",false,1,6.90,7.50,false,1,
5431968,true,מלבי שמנת 150ג,תנובה בעמ ***,,,"י""ח",150,"ל  מ""ל",false,1,6.90,4.60,false,1,
5555502,true,אריזת פקדון 30 אגורות,שונות /שרות,,,"י""ח",1,,false,1,0.30,0.30,false,1,
5559907,true,פיצה משפחתית גבינה 500 ג מעדנות,תנובה בשר,,,"י""ח",500,ל  גרם,false,1,19.90,3.98,true,1,
5559990,true,בצק פילאס טורקי,תנובה בשר,,,"י""ח",600,ל  גרם,false,1,22.90,3.82,false,1,
5678028,true,ענבים טלי לבן,ביכורי השדה צפון 1994 ג.ד. בעמ,,,"ק""ג",1,,true,1,22.90,22.90,false,1,
5678035,true,ענבים זני,ביכורי השדה צפון 1994 ג.ד. בעמ,,,"ק""ג",1,,true,1,22.90,22.90,false,1,
5678202,true,ענבים אדומים,ביכורי השדה צפון 1994 ג.ד. בעמ,,,"ק""ג",1,,true,1,19.90,19.90,false,1,
5678318,true,ענב טלי בוטיק אוטם קריספי,ביכורי השדה צפון 1994 ג.ד. בעמ,,,"ק""ג",1,,true,1,22.90,22.90,false,1,
5678325,true,ענב טלי,ביכורי השדה צפון 1994 ג.ד. בעמ,,,"ק""ג",1,,true,1,22.90,22.90,false,1,
5678387,true,ענב טלי,ביכורי השדה צפון 1994 ג.ד. בעמ,,,"ק""ג",1,,true,1,22.90,22.90,false,1,
5678585,true,ענב סקרלוטה אדום מארז,ביכורי השדה צפון 1994 ג.ד. בעמ,,,"ק""ג",1,,true,1,18.90,18.90,false,1,
5678608,true,ענבים אדומים טלי,ביכורי השדה צפון 1994 ג.ד. בעמ,,,"ק""ג",1,,true,1,18.90,18.90,false,1,
5678738,true,ענב טלי,ביכורי השדה צפון 1994 ג.ד. בעמ,,,"ק""ג",1,,true,1,22.90,22.90,false,1,
5678806,true,ענב אדום ארוז.,ביכורי השדה צפון 1994 ג.ד. בעמ,,,"ק""ג",1,,true,1,22.90,22.90,false,1,
5678844,true,ענבים לבן טימפסון,ביכורי השדה צפון 1994 ג.ד. בעמ,,,"ק""ג",1,,true,1,22.90,22.90,false,1,
5719318,true,לחמניות המבורגר 4יח,****דין שיווק וקליה 2021 בעמ,,,"י""ח",4,"י""ח",false,1,12.90,3.23,false,1,
5778711,true,מעטפות מכתב,צבע ומכחול (2014) בעמ,,,"י""ח",1,,false,1,5.90,5.90,false,1,
5896453,true,"מכבי  7.9% 500מ""ל בקבוק חוזר",טמפו משקאות בעמ,,,"י""ח",500,"ל  מ""ל",false,1,7.30,1.22,false,1,
5896637,true,סן בנדטו כחול בודד 1.5 ליטר,טמפו משקאות בעמ,,,"י""ח",1.50,ליטר,false,1,3.80,2.33,false,1,
5938610,true,טפנד זיתים ירוקים 220גר`,נטו מלינדה סחר בעמ,,,"י""ח",220,ל  גרם,false,1,18.90,8.59,false,1,
5938627,true,ממרח עגבניות מיובשות 220גר`,נטו מלינדה סחר בעמ,,,"י""ח",220,ל  גרם,false,1,18.90,8.59,false,1,
5966033,true,"יין הר חרמון לבן 750 מ""ל",היכל היין שקד גולן בעמ,,,"י""ח",750,"ל  מ""ל",false,1,35.90,4.75,true,1,
5992858,true,פטה עיזים  גד שקיל,מחלבות גד,,,"ק""ג",300,ל  גרם,true,1,110,36.67,false,1,
5992872,true,צפתית 5% במים}גד {.,מחלבות גד,,,"ק""ג",1,,true,1,57.90,57.90,false,1,
5996009,true,סלמי גליל מעושן 40ג.,מעדני יחיעם 1993 בעמ,,,"י""ח",40,ל  גרם,false,1,19.90,49.75,false,1,
5996078,true,סרוולט הונגרי 125ג,מעדני יחיעם 1993 בעמ,,,"י""ח",125,ל  גרם,false,1,25.90,20.72,false,1,
5996221,true,פסטרמה של פעם  דק דק 120ג,מעדני יחיעם 1993 בעמ,,,"י""ח",120,ל  גרם,false,1,9.90,8.25,false,1,
5996276,true,פסטרמה ברביקיו  דק דק 120ג,מעדני יחיעם 1993 בעמ,,,"י""ח",120,ל  גרם,false,1,9.90,8.25,false,1,
5996740,true,סלמי פפרוני 300ג,מעדני יחיעם 1993 בעמ,,,"י""ח",300,ל  גרם,false,1,19.90,6.63,false,1,
6214003,true,חלבה ממולאת  שקיל,****דין שיווק וקליה 2021 בעמ,,,"ק""ג",1,,true,1,59,59,false,1,
6214959,true,גרעין  שחור  שקיל,****דין שיווק וקליה 2021 בעמ,,,"ק""ג",1,,true,1,20,20,false,1,
6271174,true,ג חנון  בצק}מעדנות 700 ג,תנובה בשר,,,"י""ח",700,ל  גרם,false,1,18.90,2.70,false,1,
6306296,true,רביולי גבינה לילדים 400ג,מחלבות גד,,,"י""ח",400,ל  גרם,false,1,19.90,4.98,false,1,
6342645,true,טורטיה גדולה 840 ג  12 יח`,דין שיווק וקליה 2021 בעמ,,,"י""ח",840,ל  גרם,false,1,14.90,1.77,false,1,
6366542,true,חזה אסאדו כבש עטרה,נטו מלינדה סחר בעמ,,,"ק""ג",1,,true,1,69.90,69.90,false,1,
6421511,true,"פריגת לימונענע  280מ""ל  קפוא",*החברה המרכזית להפצת משקאותבעמ,,,"י""ח",280,ל  גרם,false,1,10.90,3.89,false,1,
6439581,true,"תורמוס מתוק 1ק""ג",בני ג ורג שוקחה (חיפה) בעמ,,,"י""ח",1,"ק""ג",false,1,8.90,8.90,false,1,
6511706,true,גבינת גאודה עם כמון שקיל,ג.וילי פוד אינטרנשיונל בעמ,,,"ק""ג",1,"ק""ג",true,1,110,110,true,1,
6582355,true,סילאן 900 גר`דין שווק,דין שיווק וקליה 2021 בעמ,,,"י""ח",900,ל  גרם,false,1,13.50,1.50,false,1,
6632111,true,ביצי דג קפוא ארוז,דגי מהדרין בעמ,,,"י""ח",250,ל  גרם,false,1,26.90,10.76,true,1,
6640024,true,מגש קרטון קטן,צבע ומכחול (2014) בעמ,,,"י""ח",1,,false,1,4.90,4.90,false,1,
6640031,true,דבק דו צדדי,צבע ומכחול (2014) בעמ,,,"י""ח",1,,false,1,5.50,5.50,false,1,
6681003,true,קרמיסימו 1.33 ל  סורבט,גלידות שטראוס בעמ,,,"י""ח",1,,false,1,18.90,18.90,false,1,
6681577,true,אסקימו לימון+דובדבן 8+2 שטראוס,גלידות שטראוס בעמ,,,"י""ח",10,"י""ח",false,1,15.90,1.59,false,1,
6739124,true,בצק פילאס 500גר זוגלובק,זוגלובק שיווק בעמ,,,"י""ח",500,ל  גרם,false,1,17.90,3.58,true,1,
6739131,true,בצק פילו 500גר זוגלובק,זוגלובק שיווק בעמ,,,"י""ח",500,ל  גרם,false,1,14.90,2.98,true,1,
6739247,true,פסטרמה   איטלקית(שקיל) זוגלובק,זוגלובק שיווק בעמ,,,"ק""ג",1,,true,1,76.90,76.90,false,1,
6739292,true,פסטרמה תבור 330 ג,זוגלובק שיווק בעמ,,,"י""ח",330,ל  גרם,false,1,26.90,8.15,false,1,
6739407,true,שניצל תירס לייט 600גר`,זוגלובק שיווק בעמ,,,"י""ח",600,ל  גרם,false,1,25.90,4.32,true,1,
6739421,true,מעושן איטלקי 300גר`,זוגלובק שיווק בעמ,,,"י""ח",300,ל  גרם,false,1,26.90,8.97,false,1,
6739445,true,שניצל תירס קלאסי  750גר`,זוגלובק שיווק בעמ,,,"י""ח",750,ל  גרם,false,1,26.90,3.59,true,1,
6742278,true,פסטרממיה צלויה על לבנים 330גר`,זוגלובק שיווק בעמ,,,"י""ח",330,ל  גרם,false,1,26.90,8.15,false,1,
6742292,true,פסטרממיה בדבש 330גר`,זוגלובק שיווק בעמ,,,"י""ח",330,ל  גרם,false,1,26.90,8.15,false,1,
6742315,true,חזה הודו ברביקיו 330גר`,זוגלובק שיווק בעמ,,,"י""ח",330,ל  גרם,false,1,26.90,8.15,false,1,
6764058,true,"בירה נשר לבנה 500  מ""ל}חוזר{",טמפו משקאות בעמ,,,"י""ח",500,"ל  מ""ל",false,1,5,0.76,false,1,
6764065,true,נשר מאלט }500 חוזר{,טמפו משקאות בעמ,,,"י""ח",500,"ל  מ""ל",false,1,5,0.76,true,1,
6764072,true,"גולדסטאר 500  מ""ל}חוזר{",טמפו משקאות בעמ,,,"י""ח",500,"ל  מ""ל",false,1,7.70,1.30,false,1,
6764157,true,"בירה גולדסטאר לא מסונן חוזר 500מ""ל",טמפו משקאות בעמ,,,"י""ח",500,"ל  מ""ל",false,1,7.90,1.34,false,1,
6764485,true,נשר מאלט 330 שישיה,טמפו משקאות בעמ,,,"י""ח",1.98,ליטר,false,1,29.90,14.19,false,1,
6764737,true,נשר מאלט 500  דיאט}חוזר{,טמפו משקאות בעמ,,,"י""ח",500,"ל  מ""ל",false,1,5,0.76,true,1,
6765871,true,שקד טבעי  שקיל,****דין שיווק וקליה 2021 בעמ,,,"ק""ג",1,,true,1,79,79,false,1,
6775801,true,רוגלך 400גרם,אחדות בעמ,,,"י""ח",400,ל  גרם,false,1,13.90,3.48,false,1,
6784360,true,מס  1 לניקוי חלונות 1 ליטר,קומפלקס כימיקלסבעמ ~~~,,,"י""ח",1,ליטר,false,1,5.90,5.90,false,1,
6784506,true,"מסיר כתמים 750מ""ל OXY",קומפלקס כימיקלסבעמ ~~~,,,"י""ח",650,"ל  מ""ל",false,1,9.90,1.52,false,1,
6784865,true,מטבחים 1ל מרוכז.,קומפלקס כימיקלסבעמ ~~~,,,"י""ח",1,ליטר,false,1,9.90,9.90,false,1,
6805362,true,חצי בגט מאפית אפיה מקומית.,ג נרל מילס ישראל בעמ,,,"י""ח",1,,false,1,3.30,3.30,true,1,
6805379,true,שליש  בגט,ג נרל מילס ישראל בעמ,,,"י""ח",1,,false,1,2.90,2.90,false,1,
6805386,true,שליש  בגאט כפרי,ג נרל מילס ישראל בעמ,,,"י""ח",1,,false,1,2.50,2.50,false,1,
6805683,true,לחמניה שמינייה דגנים,ג נרל מילס ישראל בעמ,,,"י""ח",150,ל  גרם,false,1,3.90,2.60,false,1,
6805928,true,פתית פאן כפרי 10 יח,ג נרל מילס ישראל בעמ,,,"י""ח",1,,false,1,12.90,12.90,false,1,
6822192,true,אושן ספריי דיאט חמוציות 1ליטר,החברה המרכזית להפצת משקאות בעמ,,,"י""ח",1000,"ל  מ""ל",false,1,11,1.07,false,1,
6855251,true,חטיפי אנרגיה ברבריא קשיו וחמוציות 4*27,ש.שסטוביץ בעמ,,,"י""ח",108,ל  גרם,false,1,18.90,17.50,false,1,
6941022,true,סכינים ח.פ100. שווה,ח.כהן סוכנות מזון ומשקאות בע,,,"י""ח",1,,false,1,8.90,8.90,false,1,
6941466,true,שמן קנולה 1 ליטר שווה,ח.כהן סוכנויות מזון ומשקאות***,,,"י""ח",1,ליטר,false,1,9.90,9.90,false,1,
8101318,true,קריספי פירורי לחם זהוב 300גר,א.ל.יצור ושיווקתבלינים בעמ,,,"י""ח",300,ל  גרם,false,1,6.90,2.30,true,1,
8175814,true,"פטריות חתוך 400 גרם 8""",ג.וילי פוד אינטרנשיונל בעמ,,,"י""ח",400,ל  גרם,false,1,5.40,1.35,false,1,
8211145,true,גבינה גאודה נטו.,א. סיימן סחר בעמ,,,"ק""ג",4.50,"ק""ג",true,1,99,22,true,1,
8345156,true,פילה מקרוסקה 2.5 קג שקיל,נטו מלינדה סחר בעמ,,,"ק""ג",1,,true,1,125,125,false,1,
8350150,true,בצק פילו מצונן מרודד השף-שגב,נטו מלינדה סחר בעמ,,,"י""ח",350,ל  גרם,false,1,15.90,4.54,false,1,
8403238,true,ברי איסיני שקיל. רבנות נטו,א. סיימן סחר בעמ,,,"ק""ג",250,ל  גרם,true,1,129,51.60,false,1,
8403917,true,גאודה פסטו ירוק  שקיל,א. סיימן סחר בעמ,,,"ק""ג",1,,true,1,144,144,true,1,
8409049,true,מיני מיני שניצלונים בציפוי שומשום,תנובה בשר,,,"י""ח",1,,false,1,22.90,22.90,false,1,
8409315,true,מיני מיני שניצלונים בציפוי פריך 500ג,תנובה בשר,,,"י""ח",1,,false,1,22.90,22.90,false,1,
8458023,true,כבד עוף מצונן טרי ארוז,ח.י. מעדני גורמה בעמ,,,"ק""ג",1,,true,1,24.90,24.90,false,1,
8461047,true,גבינה ברי לרוסטיק,א. סיימן סחר בעמ,,,"ק""ג",1,,true,1,150,150,true,1,
8464024,true,"גולדסטאר פחית 500 מ""ל לט מסונן",טמפו משקאות בעמ,,,"י""ח",500,"ל  מ""ל",false,1,9,1.74,false,1,
8464130,true,גולדסטאר UF שישייה לא מסונן,טמפו משקאות בעמ,,,"י""ח",1.98,ליטר,false,1,36.70,17.63,true,1,
8464208,true,"מכבי  7.9% 330מ""ל בקבוק",טמפו משקאות בעמ,,,"י""ח",1.98,ליטר,false,1,7.30,3.54,false,1,
8464222,true,"מכבי  7.9% 500מ""ל פחית",טמפו משקאות בעמ,,,"י""ח",0.50,ליטר,false,1,8,15.40,false,1,
8464673,true,"גולדסטאר פחית 500 מ""ל Slowbrew 10%",טמפו משקאות בעמ,,,"י""ח",500,"ל  מ""ל",false,1,8.50,1.64,false,1,
8464697,true,"מכבי שישייה 7.9% 330מ""ל בקבוק",טמפו משקאות בעמ,,,"י""ח",1.98,ליטר,false,1,35.90,17.22,true,1,
8464741,true,גולדסטאר  330 מייל שישייה.,טמפו משקאות בעמ,,,"י""ח",1980,"ל  מ""ל",false,1,33.90,1.62,true,1,
8464796,true,היינקן   שישיה}בקבוק 330 מייל,טמפו משקאות בעמ,,,"י""ח",1.98,ליטר,false,1,38.90,18.74,true,1,
8466806,true,מארז שניק וניל 500ג מחנה יהודה,הלל בן הלל שיווק ומסחר בעמ,,,"י""ח",500,ל  גרם,false,1,17.90,3.58,true,1,
8500128,true,עוגת שמרים שוקולד,ג נרל מילס ישראל בעמ,,,"י""ח",500,ל  גרם,false,1,24.90,4.98,true,1,
8500135,true,עוגת שמרים קינמון,ג נרל מילס ישראל בעמ,,,"י""ח",500,ל  גרם,false,1,24.90,4.98,true,1,
8500142,true,"עוגת שמרים תפו""ע",ג נרל מילס ישראל בעמ,,,"י""ח",500,ל  גרם,false,1,24.90,4.98,true,1,
8500166,true,עוגת שמרים פרג,ג נרל מילס ישראל בעמ,,,"י""ח",500,ל  גרם,false,1,24.90,4.98,true,1,
8500661,true,עוגיות מיניבאדי קלאסי שקיל,ג נרל מילס ישראל בעמ,,,"ק""ג",1,,true,1,49,49,false,1,
8500678,true,עוגיות מיניבאדי צ`ילי שקיל,ג נרל מילס ישראל בעמ,,,"ק""ג",1,,true,1,49,49,false,1,
8670029,true,"יין  רקאנטי מרלו 750 מ""ל",היכל היין שקד גולן בעמ,,,"י""ח",750,"ל  מ""ל",false,1,54.90,7.28,true,1,
8739955,true,רחנים,מוסקו בעמ,,,"י""ח",1,,false,1,11.90,11.90,false,1,
8747547,true,"תפוצ יפס קראנץ טבעי 200ג כשל""פ",שטראוס פריטו ליי בעמ,,,"י""ח",200,ל  גרם,false,1,10.90,5.45,true,1,
8757072,true,פחית שוופס תות,יפאורה שותפות מוגבלת לשיווק,,,"י""ח",330,"ל  מ""ל",false,1,4.90,1.39,true,1,
8792264,true,מפיות  טאצ `100יח`צבעוני,שניב תעשיות נייר בעמ,,,"י""ח",100,"י""ח",false,1,4.90,0.05,true,1,
8801522,true,K.D קונקורד,אגודת הכורמים,,,"י""ח",750,"ל  מ""ל",false,1,21.90,2.88,true,1,
8802512,true,VINO אדום כרמל 750,אגודת הכורמים,,,"י""ח",750,"ל  מ""ל",false,1,21,2.76,true,1,
8802529,true,VINO לבן כרמל 0.75 ל,אגודת הכורמים,,,"י""ח",750,"ל  מ""ל",false,1,21,2.76,true,1,
8803014,true,"כרמל הוק 750 מ""ל",אגודת הכורמים,,,"י""ח",750,"ל  מ""ל",false,1,21.90,2.88,true,1,
8803021,true,יין אדום עתיק 750,אגודת הכורמים,,,"י""ח",750,"ל  מ""ל",false,1,23,3.03,true,1,
8803090,true,הסדרה האזורית מרלו 750מייל,אגודת הכורמים,,,"י""ח",750,"ל  מ""ל",false,1,59.90,7.95,true,1,
8805049,true,סלקטד רוזה  0.75 ל,אגודת הכורמים,,,"י""ח",750,"ל  מ""ל",false,1,29.90,3.95,true,1,
8805384,true,".יין מוסקטו   סלקטד 750מ""ל",אגודת הכורמים,,,"י""ח",750,"ל  מ""ל",false,1,29.90,3.95,true,1,
8805520,true,סלקטד קברנה מרלו  0.75 ל,אגודת הכורמים,,,"י""ח",750,"ל  מ""ל",false,1,29.90,3.95,true,1,
8830676,true,תערובת  מן הטבע,****דין שיווק וקליה 2021 בעמ,,,"י""ח",300,ל  גרם,false,1,5,1.67,false,1,
8830690,true,למובחרים מן הטבע 300ג,****דין שיווק וקליה 2021 בעמ,,,"י""ח",300,ל  גרם,false,1,10,3.33,false,1,
8899321,true,חלה רגילה קלועה (אפיה מקומית).,ג נרל מילס ישראל בעמ,,,"י""ח",570,ל  גרם,false,1,10.90,1.91,true,1,
8899376,true,לחמניה פילסברי קשר.אפיה מקומית,ג נרל מילס ישראל בעמ,,,"י""ח",1,,false,1,2.50,2.50,true,1,
8899505,true,בגט ארוך לבן (אפיה מקומית),ג נרל מילס ישראל בעמ,,,"י""ח",250,ל  גרם,false,1,4.50,1.80,true,1,
8899512,true,בגט כפרי (אפיה מקומית),ג נרל מילס ישראל בעמ,,,"י""ח",1,,false,1,4.50,4.50,true,1,
8989091,true,פריכיות אורז שלישיה B D,בטר אנד דיפרנט בעמ,,,"י""ח",310,ל  גרם,false,1,12.90,4.16,false,1,
9068955,true,חמניה קלופה שקיל,****דין שיווק וקליה 2021 בעמ,,,"ק""ג",1,,true,1,45,45,false,1,
9069174,true,שקד מסוכר שקיל,****דין שיווק וקליה 2021 בעמ,,,"ק""ג",1,,true,1,90,90,false,1,
9069518,true,גינגר מסוכר שקיל,****דין שיווק וקליה 2021 בעמ,,,"ק""ג",1,,true,1,50,50,false,1,
9069990,true,תערובת הבית  שקיל,****דין שיווק וקליה 2021 בעמ,,,"ק""ג",1,,true,1,100,100,false,1,
9077490,true,זית מרוקאי  שקיל,****דין שיווק וקליה 2021 בעמ,,,"ק""ג",1,,true,1,44,44,false,1,
9077575,true,זיתים  שקיל,****דין שיווק וקליה 2021 בעמ,,,"ק""ג",1,,true,1,44,44,false,1,
9077650,true,זית יווני שקיל,****דין שיווק וקליה 2021 בעמ,,,"ק""ג",1,,true,1,59,59,false,1,
9077667,true,מלפפון/ירקות  שקיל,****דין שיווק וקליה 2021 בעמ,,,"ק""ג",1,,true,1,30,30,false,1,
9099461,true,פפריקה שקיל,****דין שיווק וקליה 2021 בעמ,,,"ק""ג",1,,true,1,35,35,false,1,
9169272,true,פקדון,שונות /שרות,,,"י""ח",1,,false,1,0.30,0.30,false,1,
9770027,true,פיסטוק קלוי  שקיל,****דין שיווק וקליה 2021 בעמ,,,"ק""ג",1,,true,1,97,97,false,1,
9951400,true,סוכריות גומי שקיל כשר חלבי א.חלב נוכרי,****דין שיווק וקליה 2021 בעמ,,,"ק""ג",1,,true,1,36,36,false,1,
9951417,true,לקריץ שקיל  כשר פרווה למהדרין,****דין שיווק וקליה 2021 בעמ,,,"ק""ג",1,,true,1,59,59,false,1,
9951424,true,פרלינים  שקיל כשר חלבי א.חלב נוכרי,****דין שיווק וקליה 2021 בעמ,,,"ק""ג",1,,true,1,89,89,false,1,
9951431,true,פירות אקזוטיים   שקיל,****דין שיווק וקליה 2021 בעמ,,,"ק""ג",1,,true,1,90,90,false,1,
9951448,true,תבלינים     שקיל,****דין שיווק וקליה 2021 בעמ,,,"ק""ג",1,,true,1,70,70,false,1,
9951455,true,תבלינים     שקיל,****דין שיווק וקליה 2021 בעמ,,,"ק""ג",1,,true,1,74,74,false,1,
9951479,true,תבלינים שקיל,****דין שיווק וקליה 2021 בעמ,,,"ק""ג",1,,true,1,159,159,false,1,
9951561,true,סוכריות קשות  שקיל כשר חלבי א.חלב נוכר,****דין שיווק וקליה 2021 בעמ,,,"ק""ג",1,,true,1,40,40,false,1,
13038234,true,אקווה נובה שישייה,שונות /שרות,,,"י""ח",1,,false,1,10.90,10.90,false,1,
13580160,true,אסאדו מס9 מוכשר ברזיל קפוא,בלדי בעמ,,,"ק""ג",1,"ק""ג",true,1,49.90,49.90,false,1,
14205017,true,"צלחת   קטנות""שווה""50יח",ח.כהן סוכנות מזון ומשקאות בע,,,"י""ח",30,"י""ח",false,1,10.90,0.36,false,1,
15979559,true,חסה ערבית,ביכורי השדה צפון 1994 ג.ד. בעמ,,,"י""ח",1,,false,1,4.90,4.90,false,1,
16000247,true,רימון בינוני,לפ חגים נחלים שיווק בעמ,,,"י""ח",1,,false,1,7.90,7.90,false,1,
17724294,true,גרנולה ציפס חמוציות  ללא סוכר 200ג,הלל בן הלל שיווק ומסחר בעמ,,,"י""ח",200,ל  גרם,false,1,23.90,11.95,false,1,
40052403,true,קיט קט אצבעות חלב 42גר,קבוצת אוסם סחר-שות.מוגבלת,,,"י""ח",42,ל  גרם,false,1,3.90,9.29,true,1,
40084107,true,קינדר ביצת  הפתעה בודד,פרימיום - חברה לדברי מתיקה ולמ,,,"י""ח",1,,false,1,5.90,5.90,false,1,
40099132,true,הובה בובה תות 20חפ`,מרס ריגלי ישראל בעמ,,,"י""ח",35,ל  גרם,false,1,3.80,10.86,false,1,
40111216,true,באונטי חטיף שוקולד 57גר,מרס ריגלי ישראל בעמ,,,"י""ח",57,ל  גרם,false,1,4.50,7.89,true,1,
40345123,true,סמרטיס גליל 38 גר,קבוצת אוסם סחר-שות.מוגבלת,,,"י""ח",38,ל  גרם,false,1,3.90,10.26,true,1,
42061939,true,"בירה בק`ס 500מ""ל בקבוק",הכרם משקאות חריפים בעמ,,,"י""ח",500,"ל  מ""ל",false,1,9.90,1.92,false,1,
42123866,true,הובה בובה קלאסי,מרס ריגלי ישראל בעמ,,,"י""ח",35,ל  גרם,false,1,3.80,10.86,false,1,
42138105,true,וינסטון  סלימס,גלוברנדס בעמ,,,"י""ח",1,,false,1,32.50,32.50,false,1,
42149996,true,"בירה בקס בקבוק 275מ""ל",לפ י.ד.עסקים בעמ י.ד 1986עסקים,,,"י""ח",275,"ל  מ""ל",false,1,10,3.53,false,1,
42246640,true,ניוואה רול און לאשה,אלפא ב.ד.ף בעמ,,,"י""ח",150,"ל  מ""ל",false,1,13.90,9.27,true,1,
42315926,true,"קרם ידיים לתחושת רכות 100מ""ל",אלפא ב.ד.ף בעמ,,,"י""ח",100,ל  גרם,false,1,24.90,24.90,false,1,
50398904,true,"תחליב חמצן 6% 60מ""ל",הנקל סוד בעמ,,,"י""ח",1,,false,1,5.10,5.10,false,1,
59068907,true,פאל מאל כחול דמי סמילס,גלוברנדס בעמ,,,"י""ח",1,,false,1,25,25,false,1,
59068914,true,פאל מאל סילבר דמי סמילס,גלוברנדס בעמ,,,"י""ח",1,,false,1,25,25,false,1,
72940754,true,"מילקי וניל רובין כשל""פ 135גר",שטראוס גרופ ***בעמ,,,"י""ח",130,"ל  מ""ל",false,1,2.90,2.23,true,1,
72940761,true,"מילקי   שוקו}שטראוס{רובין כשל""פ",שטראוס גרופ ***בעמ,,,"י""ח",130,"ל  מ""ל",false,1,2.90,2.23,true,1,
72940952,true,מילקי פי2 קצפת 111גר,שטראוס גרופ ***בעמ,,,"י""ח",111,ל  גרם,false,1,3.60,3.24,true,1,
72940976,true,כרוב  אדום}אחלה{,שטראוס גרופ ***בעמ,,,"י""ח",250,ל  גרם,false,1,7.50,3,true,1,
72940983,true,חומוס אחלה 250 גר.,שטראוס גרופ ***בעמ,,,"י""ח",250,ל  גרם,false,1,6.90,2.76,true,1,
72941041,true,מיני מילקי שוקו,שטראוס גרופ ***בעמ,,,"י""ח",130,"ל  מ""ל",false,1,2,1.54,true,1,
72945308,true,שמרים קוביות 50,שטראוס גרופ ***בעמ,,,"י""ח",50,ל  גרם,false,1,3.60,7.20,true,1,
72961209,true,שמנית*,תנובה בעמ ***,,,"י""ח",200,"ל  מ""ל",false,1,2.40,1.20,false,1,
72961223,true,גילה*,תנובה בעמ ***,,,"י""ח",200,"ל  מ""ל",false,1,1.51,0.76,false,1,
72961506,true,"פרילי תות 125 מ""ל",תנובה בעמ ***,,,"י""ח",125,"ל  מ""ל",false,1,3.50,2.80,false,1,
72961544,true,באדי תות,תנובה בעמ ***,,,"י""ח",125,"ל  מ""ל",false,1,3,2.40,false,1,
72964132,true,טבעגורט,תנובה בעמ ***,,,"י""ח",200,"ל  מ""ל",false,1,4.70,2.35,false,1,
72983997,true,גולף ארוך חדש,דובק בעמ,,,"י""ח",1,,false,1,30.50,30.50,false,1,
72986370,true,גלידה פיינטים וניל,מוצרי איכות אמריקאיים בעמ,,,"י""ח",500,"ל  מ""ל",false,1,19.90,3.98,true,1,
72986448,true,גלידה פיינטים טופי קראנץ,מוצרי איכות אמריקאיים בעמ,,,"י""ח",750,"ל  מ""ל",false,1,19.90,2.65,true,1,
72986455,true,גלידה פיינטים ניו-יורק סופר,מוצרי איכות אמריקאיים בעמ,,,"י""ח",500,"ל  מ""ל",false,1,19.90,3.98,true,1,
72986479,true,גלידה פיינטים צאנקי מנקי,מוצרי איכות אמריקאיים בעמ,,,"י""ח",500,"ל  מ""ל",false,1,19.90,3.98,true,1,
72991374,true,טיים בודד,דובק בעמ,,,"י""ח",1,,false,1,29.20,29.20,false,1,
72991886,true,גלידה פיינטים דולציה דה לצ ה,מוצרי איכות אמריקאיים בעמ,,,"י""ח",500,"ל  מ""ל",false,1,19.90,3.98,true,1,
72993637,true,דני שוקולד בודד,שטראוס גרופ ***בעמ,,,"י""ח",125,"ל  מ""ל",false,1,2.60,2.08,true,1,
72994061,true,פסק זמן GOOD 2,שטראוס גרופ בעמ,,,"י""ח",40,ל  גרם,false,1,4.90,12.25,true,1,
76136184,true,פאל מל סלים בודד,גלוברנדס בעמ,,,"י""ח",1,,false,1,29.50,29.50,false,1,
80042556,true,עגבניות חתוכות 400ג   MUTTI.,רסטרטו יבוא ושיווק בעמ,,,"י""ח",400,ל  גרם,false,1,5.90,1.48,true,1,
80042563,true,מחית  עגבניות 700ג צהוב MUTTI,רסטרטו יבוא ושיווק בעמ,,,"י""ח",700,ל  גרם,false,1,13.90,1.99,false,1,
80050025,true,טיק טק תפוז,פרימיום - חברה לדברי מתיקה ולמ,,,"י""ח",16,ל  גרם,false,1,3.50,21.88,true,1,
80050124,true,חטיף טיק טק,פרימיום - חברה לדברי מתיקה ולמ,,,"י""ח",16,ל  גרם,false,1,3.50,21.88,true,1,
80052760,true,קינדר בואנו,פרימיום - חברה לדברי מתיקה ולמ,,,"י""ח",1,,false,1,3.90,3.90,false,1,
80136194,true,קינדר הפי היפו 1/5 אגוזי לוז,פרימיום - חברה לדברי מתיקה ולמ,,,"י""ח",5,"י""ח",false,1,12.90,2.58,false,1,
80176800,true,נוטלה 750 גרם,פרימיום - חברה לדברי מתיקה ולמ,,,"י""ח",750,ל  גרם,false,1,25.90,3.45,false,1,
80177173,true,נוטלה 350 גרם.,פרימיום - חברה לדברי מתיקה ולמ,,,"י""ח",3.50,"י""ח",false,1,14.90,4.26,false,1,
80177609,true,קינדר 50 גרם,פרימיום - חברה לדברי מתיקה ולמ,,,"י""ח",50,ל  גרם,false,1,4.20,8.40,false,1,
80310167,true,קינדר אצבעות 126 גר,פרימיום - חברה לדברי מתיקה ולמ,,,"י""ח",126,ל  גרם,false,1,9.90,7.86,false,1,
80310891,true,ביצת הפתעה קינדר ג וי 20ג,פרימיום - חברה לדברי מתיקה ולמ,,,"י""ח",200,ל  גרם,false,1,5.40,2.70,false,1,
80768838,true,מסטיק מנטוס וויט מנטה,ליימן שליסל,,,"י""ח",900,ל  גרם,false,1,16.90,1.88,true,1,
80769545,true,מנטוס טעם לימון בקבוק 60ג,ליימן שליסל,,,"י""ח",60,ל  גרם,false,1,9.90,16.50,true,1,
80773429,true,מנטוס טעם תות בקבוק 60ג,ליימן שליסל,,,"י""ח",60,ל  גרם,false,1,9.90,16.50,true,1,
80773443,true,מנטוס טעם פירות מנטה  בקבוק 60ג,ליימן שליסל,,,"י""ח",60,ל  גרם,false,1,9.90,16.50,true,1,
80776307,true,מנטוס טעם  פירות מנטה   בקבוק 90ג,ליימן שליסל,,,"י""ח",90,ל  גרם,false,1,15.90,17.67,false,1,
80790990,true,מנטוס טעם מנטה  עדין בקבוק 60ג,ליימן שליסל,,,"י""ח",60,ל  גרם,false,1,9.90,16.50,true,1,
80843184,true,מנטוס טעם ענבים  בקבוק 60ג,ליימן שליסל,,,"י""ח",60,ל  גרם,false,1,9.90,16.50,true,1,
80864295,true,מנטוס בוקס וואיט מנטה עדינה  30 יח`,ליימן שליסל,,,"י""ח",60,ל  גרם,false,1,9.90,16.50,true,1,
80896081,true,מנטוס טעם אבטיח בקבוק 60ג,ליימן שליסל,,,"י""ח",60,ל  גרם,false,1,9.90,16.50,true,1,
80913467,true,מנטוס טעם מנטה בקבוק 60ג,ליימן שליסל,,,"י""ח",60,ל  גרם,false,1,9.90,16.50,true,1,
80936459,true,ביצי שוקולד שלישייה ריגלי אקדמי,שמחה זה אנחנו,,,"י""ח",1,,false,1,14.90,14.90,false,1,
80945468,true,מנטוס בוקס וואיט מנטה מתוקה  30 יח`,ליימן שליסל,,,"י""ח",60,ל  גרם,false,1,9.90,16.50,true,1,
80974215,true,מנטוס פיור פרש בקבוק ביג טעם תות,ליימן שליסל,,,"י""ח",90,ל  גרם,false,1,15.90,17.67,false,1,
80979128,true,מנטוס טעם דובדבן  בקבוק 60ג,ליימן שליסל,,,"י""ח",60,ל  גרם,false,1,9.90,16.50,true,1,
80995128,true,מנטוס טעם הדרים בתוספת ויטמין D,ליימן שליסל,,,"י""ח",60,ל  גרם,false,1,9.90,16.50,true,1,
87108651,true,מנטוס מנטה 1\4,ליימן שליסל,,,"י""ח",1,,false,1,11.90,11.90,false,1,
87108712,true,מנטוס פירות 1\4,ליימן שליסל,,,"י""ח",150,ל  גרם,false,1,11.90,7.93,false,1,
90162602,true,"רד בול פחית 250 מ""ל",דיפלומט מפיצים (1968) בעמ**,,,"י""ח",250,"ל  מ""ל",false,1,5.90,2.24,true,1,
90162800,true,"רד בול פחית 250 מ""ל",דיפלומט מפיצים (1968) בעמ**,,,"י""ח",250,"ל  מ""ל",false,1,6.20,2.36,true,1,
90448867,true,"רד בול ללא פחמימות פחית 250 מ""ל",דיפלומט מפיצים (1968) בעמ**,,,"י""ח",250,"ל  מ""ל",false,1,6.80,2.60,false,1,
90453427,true,"רד בול פיטאיה פחית 250 מ""ל",דיפלומט מפיצים (1968) בעמ**,,,"י""ח",250,"ל  מ""ל",false,1,6.80,2.60,false,1,
96137130,true,דאו דאב  רול און גו פרש בניחוח אגס,יוניליוור ישראל שיווק בעמ,,,"י""ח",175,"ל  מ""ל",false,1,19.90,11.37,true,1,
8112100298,true,"שמן שומשום טהור  185מ""ל",מזרח ומערב יבוא ושיווק,,,"י""ח",185,"ל  מ""ל",false,1,14.90,8.05,false,1,
9800800056,true,נוטלה גו 52ג,פרימיום - חברה לדברי מתיקה ולמ,,,"י""ח",52,ל  גרם,false,1,5.90,11.35,false,1,
11182700923,true,שעועית אדומה בהירה קינג קול  439גר,מור ים מרקטינג בעמ,,,"י""ח",439,ל  גרם,false,1,11.90,2.71,false,1,
11210000094,true,"טבסקו חריף 60 מ""ל",ציון תורגמן בעמ,,,"י""ח",60,"ל  מ""ל",false,1,9.90,16.50,true,1,
16000185517,true,פייבר וואן 555גר.,קבוצת אוסם סחר-שות.מוגבלת,,,"י""ח",460,ל  גרם,false,1,24.90,5.41,true,1,
16000281684,true,נייטשר קראנצ`י פקאן 1/5,ליימן שליסל,,,"י""ח",210,ל  גרם,false,1,19.90,9.48,true,1,
16000423534,true,נייטשר קראנצ`י ש.שועל ושוקולד מריר 1/5,ליימן שליסל,,,"י""ח",210,ל  גרם,false,1,19.90,9.48,true,1,
16000548404,true,נייטשר קראנצ`י שיבולת שועל ודבש 1/5,ליימן שליסל,,,"י""ח",210,ל  גרם,false,1,19.90,9.48,true,1,
16000548503,true,חטיף ניצ`ר ואלי  מייפל בסוכר חום,ליימן שליסל,,,"י""ח",210,ל  גרם,false,1,19.90,9.48,true,1,
16000548602,true,נייטשר קראנצ`י קינמון 1/5,ליימן שליסל,,,"י""ח",210,ל  גרם,false,1,19.90,9.48,true,1,
16000548909,true,נייטשר קראנצ`י בריאות מעורב 1/5,ליימן שליסל,,,"י""ח",210,ל  גרם,false,1,19.90,9.48,true,1,
16229924263,true,"קרם קוקוס 250מ""ל",גורי מוצרי צריכה בעמ,,,"י""ח",250,"ל  מ""ל",false,1,9.90,3.96,false,1,
18000701223,true,תערובת לעוגת  שוק(פילסברי),ליימן שליסל,,,"י""ח",517,ל  גרם,false,1,17.90,3.46,false,1,
18000703494,true,תערובת לעוגות  וניל(פילסברי),ליימן שליסל,,,"י""ח",524,ל  גרם,false,1,17.90,3.42,false,1,
19548003107,true,בלוק צימקאו לבן 300גר,תה ויסוצקי (ישראל)בעמ,,,"י""ח",300,ל  גרם,false,1,8.90,2.97,false,1,
21723339994,true,"רוטב דגים 300מ""ל",מזרח ומערב יבוא ושיווק,,,"י""ח",300,ל  גרם,false,1,9.90,3.30,false,1,
22200956932,true,##ספיד סטיק ג ל-כחול,ש.שסטוביץ בעמ,,,"י""ח",51,ל  גרם,false,1,19.90,39.02,true,1,
22200956949,true,ספיד סטיק ג ל-כתום,ש.שסטוביץ בעמ,,,"י""ח",51,ל  גרם,false,1,19.90,39.02,true,1,
24000161035,true,עגבניות קצוצות דק במיץ עגב. מארז 3*400,ליימן שליסל,,,"י""ח",1.20,"ק""ג",false,1,12.90,10.75,false,1,
25675120006,true,חמצוצים 4 טעמים טבעי 100 ג`,גורי ע.ע.ע. בעמ,,,"י""ח",1,,false,1,7.90,7.90,false,1,
25675120020,true,מקלות חמוצות 100,גורי ע.ע.ע. בעמ,,,"י""ח",100,ל  גרם,false,1,8.90,8.90,false,1,
25675120037,true,מקלות חמוצות 100,גורי ע.ע.ע. בעמ,,,"י""ח",100,ל  גרם,false,1,10.20,10.20,false,1,
25675120044,true,מקלות חמוצות 100,גורי ע.ע.ע. בעמ,,,"י""ח",100,ל  גרם,false,1,8.90,8.90,false,1,
25675120068,true,ממתק מקלות בטעם קולה,גורי ע.ע.ע. בעמ,,,"י""ח",100,ל  גרם,false,1,8.90,8.90,false,1,
25675121027,true,חמצוצים 115גר`,גורי ע.ע.ע. בעמ,,,"י""ח",115,ל  גרם,false,1,10.20,8.87,false,1,
25675301092,true,חמצוצים 4 טעמים טבעי 40גר`,גורי ע.ע.ע. בעמ,,,"י""ח",40,ל  גרם,false,1,4.20,10.50,false,1,
25675301153,true,מקלות חמוצות 50 ג  פטל,גורי ע.ע.ע. בעמ,,,"י""ח",50,ל  גרם,false,1,4.90,9.80,false,1,
25675301184,true,מקלות חמוצות קולה,גורי ע.ע.ע. בעמ,,,"י""ח",50,ל  גרם,false,1,4.90,9.80,false,1,
30000315989,true,קוואקר פרוטאין חמוציות ושקדים 372ג.,שטראוס פריטו ליי בעמ,,,"י""ח",372,ל  גרם,false,1,21.90,5.89,true,1,
34000196173,true,הרשי קוקיס קרים XL,ליימן שליסל,,,"י""ח",47,ל  גרם,false,1,8.90,18.94,false,1,
34000442652,true,ריזס קבלה XL,ליימן שליסל,,,"י""ח",47,ל  גרם,false,1,8.90,18.94,false,1,
34000544028,true,ממתק בטעם תות 198ג,ליימן שליסל,,,"י""ח",198,ל  גרם,false,1,7.90,3.99,false,1,
35000458476,true,קולגייט מברשת ילדים מארז רביעייה,ש.שסטוביץ בעמ,,,"י""ח",1,,false,1,17.90,17.90,false,1,
37600207188,true,חמאת קלאסי סקיפי,דיפלומט מפיצים (1968) בעמ**,,,"י""ח",462,ל  גרם,false,1,19.90,4.31,false,1,
37600207256,true,חמאת בוטנים סקיפי עם שברי בוטנים 462 ג,דיפלומט מפיצים (1968) בעמ**,,,"י""ח",462,ל  גרם,false,1,19.90,4.31,false,1,
37600297967,true,מטבל סלסה עדינה 300ג CHI CHIS,ליימן שליסל,,,"י""ח",300,"ל  מ""ל",false,1,16.90,5.63,true,1,
38000138638,true,פרינגלס פיצה 161 גר`פלקס,דיפלומט מפיצים (1968) בעמ**,,,"י""ח",161,ל  גרם,false,1,9.90,6.15,true,1,
38000138720,true,פרינגלס ראנץ  158ג,דיפלומט מפיצים (1968) בעמ**,,,"י""ח",161,ל  גרם,false,1,9.90,6.15,true,1,
38000183928,true,פרינגלס חרדל דבש 158ג`,דיפלומט מפיצים (1968) בעמ**,,,"י""ח",158,ל  גרם,false,1,9.90,6.27,true,1,
38000197840,true,פרינגלס גלי בטעם חריף מתוק 137גר,דיפלומט מפיצים (1968) בעמ**,,,"י""ח",149,ל  גרם,false,1,9.90,6.64,true,1,
38000202278,true,פרינגלס גלי בטעם אוריגינל 130 גר`,דיפלומט מפיצים (1968) בעמ**,,,"י""ח",130,ל  גרם,false,1,9.90,7.62,true,1,
38000232152,true,פרינגלס ברביקיו 161 גר`פלקס,דיפלומט מפיצים (1968) בעמ**,,,"י""ח",161,ל  גרם,false,1,9.90,6.15,true,1,
38000232176,true,פרינגלס שמנת בצל 161 גר`פלקס,דיפלומט מפיצים (1968) בעמ**,,,"י""ח",161,ל  גרם,false,1,9.90,6.15,true,1,
38000232183,true,פרינגלס אוריגינל 149 גר`.,דיפלומט מפיצים (1968) בעמ**,,,"י""ח",149,ל  גרם,false,1,9.90,6.64,true,1,
40000513568,true,שוקולד M M אריזה גדולה  156ג,מרס ריגלי ישראל בעמ,,,"י""ח",1560,ל  גרם,false,1,10.90,0.70,false,1,
40000513629,true,חמאת בוטנים   M M אריזה גדולה  156ג,מרס ריגלי ישראל בעמ,,,"י""ח",1560,ל  גרם,false,1,10.90,0.70,false,1,
41390010309,true,"רוטב טריאקי 444מ""ל",דיפלומט מפיצים (1968) בעמ**,,,"י""ח",144,"ל  מ""ל",false,1,19.90,13.82,false,1,
42400108153,true,דגני בוקר תותיס פרוטיס  354גר,ר.ב. מוצרי דגנים בעמ,,,"י""ח",354,ל  גרם,false,1,19.90,5.62,false,1,
46214731552,true,עוגיות שוקו צ יפ מרבה,ש.שסטוביץ בעמ,,,"י""ח",225,ל  גרם,false,1,8.90,3.96,false,1,
48256214758,true,"אוקסי אבקת הפלא 1 ק""ג",יעקב יעקבי ובניו בעמ,,,"י""ח",1,"ק""ג",false,1,19.90,19.90,false,1,
50000292615,true,פנסי פיסט לבבות עוף וכבד רוטב עשיר 85ג,קבוצת אוסם סחר-שות.מוגבלת,,,"י""ח",85,ל  גרם,false,1,6.40,7.53,false,1,
50000429042,true,פנסי פיטס כבד מעודן ועוף,קבוצת אוסם סחר-שות.מוגבלת,,,"י""ח",85,ל  גרם,false,1,6.40,7.53,false,1,
50000434640,true,פנסי פיסט טעם כבד,קבוצת אוסם סחר-שות.מוגבלת,,,"י""ח",85,ל  גרם,false,1,6.40,7.53,false,1,
50000574438,true,פריסקיז  פארטי מיקס מעדני ים 60גר,קבוצת אוסם סחר-שות.מוגבלת,,,"י""ח",60,ל  גרם,false,1,11.90,19.83,false,1,
55369901673,true,רבעיות אפרסק חתם סופר 452 גר,מור ים מרקטינג בעמ,,,"י""ח",452,ל  גרם,false,1,15.90,3.52,false,1,
55369902564,true,"מחית תפ""ע לא ממותק  452גר אפלסנקס",מור ים מרקטינג בעמ,,,"י""ח",452,ל  גרם,false,1,15.90,3.52,false,1,
64144090051,true,תרסיס שמן פאם קנולה 148 ג,ליימן שליסל,,,"י""ח",148,"ל  מ""ל",false,1,16.90,11.42,false,1,
70080000016,true,חרדל לחיץ,ציון תורגמן בעמ,,,"י""ח",360,ל  גרם,false,1,9.90,2.75,false,1,
72600062290,true,הר חטיף גבינה חלפניו חריף  198 ג,מור ים מרקטינג בעמ,,,"י""ח",198,ל  גרם,false,1,24.90,12.58,false,1,
76840001774,true,גלידה פיינטים בצק עוגיות שוקולד צ`יפס,מוצרי איכות אמריקאיים בעמ,,,"י""ח",750,"ל  מ""ל",false,1,23.90,3.19,true,1,
76840002542,true,גלידה פיינטים נטפליקס צ`ילד,מוצרי איכות אמריקאיים בעמ,,,"י""ח",500,"ל  מ""ל",false,1,19.90,3.98,true,1,
76840100156,true,גלידה פיינטים צרי גרסיה,מוצרי איכות אמריקאיים בעמ,,,"י""ח",750,"ל  מ""ל",false,1,19.90,2.65,true,1,
76840100583,true,גלידה פיינטים בצק עוגיות 473 מל,מוצרי איכות אמריקאיים בעמ,,,"י""ח",750,"ל  מ""ל",false,1,19.90,2.65,true,1,
76840400218,true,"גלידת בן אנד גריס 473מ""לעוגת גבינה עם",מוצרי איכות אמריקאיים בעמ,,,"י""ח",473,"ל  מ""ל",false,1,23.90,5.05,true,1,
77245110610,true,סוכריות מאסט מנטה ללא סוכ,שטראוס גרופ בעמ,,,"י""ח",80,ל  גרם,false,1,8.80,11,true,1,
77975088234,true,סניידרס שברי בגיילה טעם חלפיניו 340גר,ליימן שליסל,,,"י""ח",340,ל  גרם,false,1,15.90,4.68,true,1,
77975094624,true,סניידרס שברי בייגל חמאת בונים 283גר,ליימן שליסל,,,"י""ח",340,ל  גרם,false,1,15.90,4.68,true,1,
77975094631,true,סנדוויץ בייגל במילוי קרם צ דר 226ג.,ליימן שליסל,,,"י""ח",226,ל  גרם,false,1,15.90,7.04,true,1,
77975094761,true,סניידרס שברי בייגל גבינת צ`דר 340גר,ליימן שליסל,,,"י""ח",340,ל  גרם,false,1,15.90,4.68,true,1,
77975094778,true,"סניידרס שברי בייגל  בצל,חרדל ודבש 340ג",ליימן שליסל,,,"י""ח",340,ל  גרם,false,1,15.90,4.68,true,1,
77975095133,true,סניידרס שברי בייגל   318ג,ליימן שליסל,,,"י""ח",318,ל  גרם,false,1,15.90,5,true,1,
77975095263,true,סניידרס שברי בייגל גבינת צ`דר 319גר,ליימן שליסל,,,"י""ח",319,ל  גרם,false,1,15.90,4.98,true,1,
80518532859,true,בלונים 100 יח,שמחה זה אנחנו,,,"י""ח",1,,false,1,21.90,21.90,false,1,
85696608044,true,טופו ללא גלוטן 349גר,מזרח ומערב יבוא ושיווק,,,"י""ח",349,ל  גרם,false,1,12.90,3.70,true,1,
89041081056,true,"שמן צילי 185מ""ל",מזרח ומערב יבוא ושיווק,,,"י""ח",185,"ל  מ""ל",false,1,10.90,5.89,false,1,
93133737325,true,רוטב טריאקי 566 גרם,מור ים מרקטינג בעמ,,,"י""ח",566,ל  גרם,false,1,44.90,7.93,false,1,
97643070248,true,שוקולד רוזמרי  שווצרי לבן ממולא,קדמה ירושלים יבוא 2002 בעמ,,,"י""ח",100,ל  גרם,false,1,12.90,12.90,false,1,
97643082449,true,שוקולד שווצרי מילוי פרלין,קדמה ירושלים יבוא 2002 בעמ,,,"י""ח",100,ל  גרם,false,1,12.90,12.90,false,1,
97643083040,true,שוקולד רוזמרי חלב נוסטלגי,קדמה ירושלים יבוא 2002 בעמ,,,"י""ח",1,,false,1,12.90,12.90,false,1,
613008753320,true,"אריזונה ג`נסנג ודבש 450מ""ל",טמפו משקאות בעמ,,,"י""ח",450,"ל  מ""ל",false,1,7.40,1.58,true,1,
613008755461,true,אריזונה אוכמניות בקבוק 1ליטר,טמפו משקאות בעמ,,,"י""ח",1,ליטר,false,1,10.90,10.90,false,1,
628154383659,true,דגני בוקר פרוטי פבלס 311גר,ר.ב. מוצרי דגנים בעמ,,,"י""ח",311,ל  גרם,false,1,21.90,7.04,false,1,
651080647519,true,פלאקרס פלוסר קיסם+חוט,דנשר (1963) בעמ,,,"י""ח",1,,false,1,10.90,10.90,false,1,
655003854671,true,חסה הולנדיה הידרופוני,ביכורי השדה צפון 1994 ג.ד. בעמ,,,"י""ח",1,,false,1,11.90,11.90,false,1,
693493034456,true,סרדין בשמן זית,ויצמן פרימיום בעמ,,,"י""ח",125,ל  גרם,false,1,5.90,4.72,false,1,
693493034500,true,פילה אנשובי בשמן חמניות 50ג פחית,ויצמן פרימיום בעמ,,,"י""ח",100,ל  גרם,false,1,5.90,5.90,false,1,
693493034517,true,פילה אנשובי בשמן חמניות צלפים,ויצמן פרימיום בעמ,,,"י""ח",100,ל  גרם,false,1,5.90,5.90,false,1,
693493102575,true,עגבניות שרי קלמרים,ביכורי השדה צפון 1994 ג.ד. בעמ,,,"י""ח",450,ל  גרם,false,1,9.90,2.20,false,1,
693493136358,true,בייבי בטטה,ביכורי השדה צפון 1994 ג.ד. בעמ,,,"י""ח",1,,false,1,8.90,8.90,false,1,
710069006867,true,סנדוויץ עוגיות וניל הדר 150גר,ח.כהן סוכנות מזון ומשקאות בע,,,"י""ח",150,ל  גרם,false,1,3.90,2.60,false,1,
728229123811,true,תה רה צי פס מתובל,מ.סידס ובנו בעמ,,,"י""ח",50,ל  גרם,false,1,15.90,31.80,true,1,
728229130154,true,חטיף צ`יפס בטטה וסלק 110גר`,מ.סידס ובנו בעמ,,,"י""ח",110,ל  גרם,false,1,15.90,14.45,true,1,
729002864025,true,נבטי אלפלפא,ביכורי השדה צפון 1994 ג.ד. בעמ,,,"י""ח",1,,false,1,6.90,6.90,false,1,
729016400205,true,צלחות 100יח גדול צבעוני שווה,ח.כהן סוכנות מזון ומשקאות בע,,,"י""ח",100,"י""ח",false,1,34.90,0.35,false,1,
748855429859,true,עגלה משולבת,כוכב נולד פלוס נתיבות בעמ,,,"י""ח",1,,false,1,999,999,false,1,
753182231761,true,משקה אנרגיה בלו סיקס ללא סוכר,בני פאוזי שמשום (2009) בעמ,,,"י""ח",250,"ל  מ""ל",false,1,4.50,1.68,true,1,
768404001640,true,גלידה פיינטים קפה,מוצרי איכות אמריקאיים בעמ,,,"י""ח",500,"ל  מ""ל",false,1,19.90,3.98,true,1,
769904000607,true,.שקדי  מרק ברפוד 200גר`,בטר אנד דיפרנט בעמ,,,"י""ח",200,ל  גרם,false,1,12.90,6.45,false,1,
769904001000,true,אטריות דקות 200ג,בטר אנד דיפרנט בעמ,,,"י""ח",200,ל  גרם,false,1,12.90,6.45,false,1,
786150000281,true,"לף בראון בקבוק 330מ""ל 1/6",תימקו בירה בעמ,,,"י""ח",330,"ל  מ""ל",false,1,49.90,14.58,true,1,
807250553009,true,בר בצק,צבע ומכחול (2014) בעמ,,,"י""ח",1,,false,1,9.90,9.90,false,1,
807253241019,true,גואש אומגה 12יח.,צבע ומכחול (2014) בעמ,,,"י""ח",1,,false,1,14.90,14.90,false,1,
807259201284,true,עפרונות אומגה 12יח,צבע ומכחול (2014) בעמ,,,"י""ח",1,,false,1,7.50,7.50,false,1,
807259401028,true,צבעי מים,צבע ומכחול (2014) בעמ,,,"י""ח",1,,false,1,9.90,9.90,false,1,
807259441888,true,דבק סטיק 3יח,צבע ומכחול (2014) בעמ,,,"י""ח",1,,false,1,7.90,7.90,false,1,
818570007066,true,תמצית ווטקינס וניל,מ.סידס ובנו בעמ,,,"י""ח",1,,false,1,29.90,29.90,false,1,
835811004189,true,פרורי לחם מוזהבים  800 גרם הנמל,הנמל אריזות ושווק בעמ,,,"י""ח",800,ל  גרם,false,1,13.20,1.65,false,1,
835811004424,true,חלב מרוכז  340ג,הנמל אריזות ושווק בעמ,,,"י""ח",340,ל  גרם,false,1,13.90,4.09,false,1,
839762000641,true,איילנד מנגו 1 ליטר,טמפו משקאות בעמ,,,"י""ח",1,ליטר,false,1,13.20,13.20,true,1,
839762002379,true,"איילנד מנגו 350מ""ל",טמפו משקאות בעמ,,,"י""ח",350,"ל  מ""ל",false,1,5.40,1.46,false,1,
839762002386,true,"איילנד גויאבה 350מ""ל",טמפו משקאות בעמ,,,"י""ח",350,"ל  מ""ל",false,1,5.40,1.46,false,1,
850006036028,true,מקלונים טעם סלק בצל 400ג,תה ויסוצקי (ישראל)בעמ,,,"י""ח",400,ל  גרם,false,1,17.90,4.48,true,1,
851621000043,true,"בירה Blanc 1664 5% 330מ""ל בודד",החברה המרכזית להפצת משקאות בעמ,,,"י""ח",330,"ל  מ""ל",false,1,9.20,2.70,false,1,
856591000055,true,עבאדי עוגיות מזרחיות קריספי  -400,תה ויסוצקי (ישראל)בעמ,,,"י""ח",400,ל  גרם,false,1,17.90,4.48,false,1,
856591000062,true,עבאדי עוגיות מזרחיות מלח  -400,תה ויסוצקי (ישראל)בעמ,,,"י""ח",400,ל  גרם,false,1,17.90,4.48,false,1,
856591000109,true,עבאדי עוגיות מזרחיות פריך במיוחד 400גר,תה ויסוצקי (ישראל)בעמ,,,"י""ח",400,ל  גרם,false,1,17.90,4.48,false,1,
856591000512,true,עוגיות מזרחיות מקלות לניגוב 400גר`,תה ויסוצקי (ישראל)בעמ,,,"י""ח",400,ל  גרם,false,1,17.90,4.48,true,1,
856591000918,true,מארז עבאדי חטיף טבעי 80גר,תה ויסוצקי (ישראל)בעמ,,,"י""ח",320,ל  גרם,false,1,14.90,4.66,false,1,
856591000949,true,עבאדי קטנטנים מאפה חיטה מלוח 350גר,תה ויסוצקי (ישראל)בעמ,,,"י""ח",350,ל  גרם,false,1,16.90,4.83,true,1,
859547004084,true,ספוג ניקוי SCRUB DADDY LEMON,ר.ב. מוצרי דגנים בעמ,,,"י""ח",1,,false,1,17.90,17.90,false,1,
859547004466,true,ספוג ניקוי SCRUB MOMMY,ר.ב. מוצרי דגנים בעמ,,,"י""ח",1,,false,1,17.90,17.90,false,1,
873999000890,true,סוללות גדול,עולם הבית שיווק והפצה בעמ,,,"י""ח",1,,false,1,3.90,3.90,false,1,
877300003259,true,רוטב סיצואן   340ג,נפטון מוצרי מזון 1990בעם,,,"י""ח",340,ל  גרם,false,1,13,3.82,false,1,
884912117625,true,שלווה גולדן קריספי,ר.ב. מוצרי דגנים בעמ,,,"י""ח",100,ל  גרם,false,1,19.90,19.90,false,1,
884912359421,true,האני באנצ  מייפל ופקאן 340ג,ר.ב. מוצרי דגנים בעמ,,,"י""ח",340,ל  גרם,false,1,21.90,6.44,true,1,
884912365200,true,דגני בוקר אוראו 311גר.,ר.ב. מוצרי דגנים בעמ,,,"י""ח",311,ל  גרם,false,1,23.90,7.68,true,1,
884912377142,true,דגני בוקר האני באנצ וניל 340ג,ר.ב. מוצרי דגנים בעמ,,,"י""ח",340,ל  גרם,false,1,21.90,6.44,true,1,
893594002051,true,חטיף פופקורן צ`יפס טעם גבינת צ`דר 28גר,שטראוס פריטו ליי בעמ,,,"י""ח",28,ל  גרם,false,1,5.90,21.07,true,1,
3014260022839,false,אורל בי נטורל פרש זוג 40,דיפלומט מפיצים 1968 בעמ,,,"י""ח",1,,false,1,19.90,19.90,true,1,
3014260228842,false,"גילט קצף גילוח רגיל 200 מ""ל",דיפלומט מפיצים 1968 בעמ,,,"י""ח",200,"ל  מ""ל",false,1,16.30,8.15,true,1,
3014260240226,false,"גילט קצף גילוח רגיש 200 מ""ל",דיפלומט מפיצים 1968 בעמ,,,"י""ח",200,"ל  מ""ל",false,1,16.30,8.15,true,1,
3045200760009,false,"דזיטול נוזל מחטא בגדים בכביסה 500מ""ל.",יעקב יעקבי ובניו בעמ,,,"י""ח",500,"ל  מ""ל",false,1,14.90,2.98,true,1,
3045201106004,false,אידיאל לכתמים-כדור מסתובב,יעקב יעקבי ובניו בעמ,,,"י""ח",1,ליטר,false,1,19.90,19.90,false,1,
3045206360609,false,דזיטול נוזל מחטא בגדים בכביסה1ל,יעקב יעקבי ובניו בעמ,,,"י""ח",500,"ל  מ""ל",false,1,23.90,4.78,true,1,
3046920028004,false,לינדט אקסלנס 70% 100ג,מ.סידס ובנו בעמ,,,"י""ח",100,ל  גרם,false,1,16.90,16.90,true,1,
3046920029759,false,לינדט אקסלנס 90% 100ג,מ.סידס ובנו בעמ,,,"י""ח",100,ל  גרם,false,1,16.90,16.90,true,1,
3073781161663,false,גבינה לוואש קירי 8יח`,בני ג ורג שוקחה (חיפה) בעמ,,,"י""ח",128,ל  גרם,false,1,11.90,9.30,false,1,
3073781161687,false,גבינה לוואש קירי 16 יח`,בני ג ורג שוקחה (חיפה) בעמ,,,"י""ח",256,ל  גרם,false,1,22.90,8.95,true,1,
3073781161700,false,גבינה לוואש קירי 32 יח`,בני ג ורג שוקחה (חיפה) בעמ,,,"י""ח",480,ל  גרם,false,1,37.90,7.90,false,1,
3073781162790,false,בייבי בל 6 יח  120גר` נטו,א. סיימן סחר בעמ,,,"י""ח",120,ל  גרם,false,1,21.90,18.25,true,1,
3073781177220,false,בייבי בל רול 102ג,א. סיימן סחר בעמ,,,"י""ח",120,ל  גרם,false,1,21.90,18.25,true,1,
3141360054405,false,פיניש ציטרופרש לימון,רקיט בנקיזר (ניר איסט) בעמ,,,"י""ח",27,ל  גרם,false,1,14.90,55.19,true,1,
3178530402353,false,מדלן עוגיות רכות 175ג,א. סיימן סחר בעמ,,,"י""ח",175,ל  גרם,false,1,10.90,6.23,true,1,
3178530407938,false,מיני מדליין עם פצפוצי שוקולד 175ג,א. סיימן סחר בעמ,,,"י""ח",175,ל  גרם,false,1,11.90,6.80,true,1,
3179732348913,false,פרייה ירוק פלסטיק 1 ליטר,טמפו משקאות בעמ,,,"י""ח",1,ליטר,false,1,8.20,8.20,false,1,
3282554138911,false,כפיות לבן 100יח  שווה,ח.כהן סוכנות מזון ומשקאות בע,,,"י""ח",100,"י""ח",false,1,6.90,0.07,false,1,
3282554174841,false,מזלגות לבן 100יח  שווה,ח.כהן סוכנות מזון ומשקאות בע,,,"י""ח",100,"י""ח",false,1,9.90,0.10,false,1,
3282554174957,false,כפות לבן 100יח  שווה,ח.כהן סוכנות מזון ומשקאות בע,,,"י""ח",100,"י""ח",false,1,9.90,0.10,false,1,
3387390320244,false,פיטנס דגנים עם פירות 375גרם,קבוצת אוסם סחר-שות.מוגבלת,,,"י""ח",375,ל  גרם,false,1,22.90,6.11,true,1,
3387390525960,false,קראנץ  500גר`,קבוצת אוסם סחר-שות.מוגבלת,,,"י""ח",500,ל  גרם,false,1,19.90,3.98,true,1,
3480341002685,false,טרטר אפרטיף בנוסח פרובנס 100גר,א. סיימן סחר בעמ,,,"י""ח",10000,ל  גרם,false,1,19.90,0.20,false,1,
3480341002692,false,טרטר אפרטיף בנוסח איטלקי 100גר,א. סיימן סחר בעמ,,,"י""ח",100,ל  גרם,false,1,19.90,19.90,false,1,
3523230026826,false,פירמידה עיזים טבעי 140ג,א. סיימן סחר בעמ,,,"י""ח",125,ל  גרם,false,1,23.90,19.12,true,1,
3523230026888,false,פירמידה עיזים שום ועשבי תיבול 140ג.,א. סיימן סחר בעמ,,,"י""ח",125,ל  גרם,false,1,23.90,19.12,true,1,
3563490014898,false,חרדל דיג ון 255 גרם,דיפלומט מפיצים (1968) בעמ**,,,"י""ח",255,ל  גרם,false,1,12.90,5.06,false,1,
3574660089547,false,טמפוני OB 32 נורמל,ש.שסטוביץ בעמ,,,"י""ח",1,,false,1,24.90,24.90,false,1,
3574660115154,false,טמפוני OB 32+8,ש.שסטוביץ בעמ,,,"י""ח",1,,false,1,24.90,24.90,false,1,
3574660333466,false,אובה 32 יח מיני,ש.שסטוביץ בעמ,,,"י""ח",1,,false,1,24.90,24.90,false,1,
3574660464337,false,קרפרי מגן תחתון מבושם 76יח`,ש.שסטוביץ בעמ,,,"י""ח",76,"י""ח",false,1,19.90,0.26,false,1,
3574660464368,false,קרפרי מגן תחתון אלוורה 76יח`,ש.שסטוביץ בעמ,,,"י""ח",1,,false,1,22.90,22.90,false,1,
3574660464429,false,קרפרי מגן תחתון אוורירי 76יח`,ש.שסטוביץ בעמ,,,"י""ח",1,,false,1,22.90,22.90,false,1,
3574661487328,false,קרפרי רגיל 56יח,ש.שסטוביץ בעמ,,,"י""ח",58,"י""ח",false,1,19.90,0.34,true,1,
3574661491806,false,"ליסטרין אדוונסד וואט  500 מ""ל",שקד תבל בעמ,,,"י""ח",500,"ל  מ""ל",false,1,18.90,3.78,true,1,
3574661500355,false,קרפרי לונג  +40 יחידות,ש.שסטוביץ בעמ,,,"י""ח",1,,false,1,15.90,15.90,true,1,
3574661552576,false,קרפרי מגן תחתון רגיל טנגה לבן 56יח`,ש.שסטוביץ בעמ,,,"י""ח",1,,false,1,15.90,15.90,true,1,
3574661554877,false,קרפרי כותון מבושם 56 יח`,ש.שסטוביץ בעמ,,,"י""ח",1,,false,1,15.90,15.90,true,1,
3574661554884,false,קרפרי רגיל טנגה ריחניה 56יח`,ש.שסטוביץ בעמ,,,"י""ח",1,,false,1,15.90,15.90,true,1,
3600523642489,false,אלביב מסכה 6 שמנים מופלאים,לוריאל ישראל קוסמטיקס בעמ,,,"י""ח",1,,false,1,34.90,34.90,false,1,
3600523651900,false,"אלביב מרכך ארגנון  550מ""ל",לוריאל ישראל קוסמטיקס בעמ,,,"י""ח",550,"ל  מ""ל",false,1,14.90,2.71,true,1,
3600523652242,false,"אלביב שמפו קולור   550מ""ל",לוריאל ישראל קוסמטיקס בעמ,,,"י""ח",550,"ל  מ""ל",false,1,14.90,2.71,true,1,
3600523652259,false,"אלביב מרכך קולור  550מ""ל",לוריאל ישראל קוסמטיקס בעמ,,,"י""ח",550,"ל  מ""ל",false,1,14.90,2.71,true,1,
3600523652280,false,"אלביב שמפו 6 שמנים   550מ""ל",לוריאל ישראל קוסמטיקס בעמ,,,"י""ח",550,"ל  מ""ל",false,1,14.90,2.71,true,1,
3600523652297,false,"אלביב מרכך 6 שמנים 550מ""ל",לוריאל ישראל קוסמטיקס בעמ,,,"י""ח",550,"ל  מ""ל",false,1,14.90,2.71,true,1,
3600523782567,false,אלביב שמפו דרים לונג 500,לוריאל ישראל קוסמטיקס בעמ,,,"י""ח",500,"ל  מ""ל",false,1,14.90,2.98,true,1,
3600523782581,false,אלביב מרכך דרים לונג 500,לוריאל ישראל קוסמטיקס בעמ,,,"י""ח",500,"ל  מ""ל",false,1,14.90,2.98,true,1,
3600524051570,false,"אלביב מסכה היאלורונית  300מ""ל",לוריאל ישראל קוסמטיקס בעמ,,,"י""ח",300,"ל  מ""ל",false,1,34.90,11.63,true,1,
3600541253667,false,גרנייה דאודורנט כל הסוגים,לוריאל ישראל קוסמטיקס בעמ,,,"י""ח",150,"ל  מ""ל",false,1,14.90,9.93,true,1,
3600541402270,false,"גרנייה אינביזי דאו ספריי 50מ""ל",לוריאל ישראל קוסמטיקס בעמ,,,"י""ח",50,"ל  מ""ל",false,1,14.90,29.80,true,1,
3600542365796,false,ג`ל ניקוי גרניה ענבים,לוריאל ישראל קוסמטיקס בעמ,,,"י""ח",200,"ל  מ""ל",false,1,24.90,12.45,true,1,
3600542385091,false,דאו גרניה אקשן קונטרול  72שעות,לוריאל ישראל קוסמטיקס בעמ,,,"י""ח",1,,false,1,14.90,14.90,true,1,
3600542431828,false,צבע לשיער גרניה קולור נטורלס 1,לוריאל ישראל קוסמטיקס בעמ,,,"י""ח",1,,false,1,18.90,18.90,false,1,
3600542431842,false,צבע לשיער גרניה קולור 4,לוריאל ישראל קוסמטיקס בעמ,,,"י""ח",1,,false,1,18.90,18.90,false,1,
3600542431866,false,צבע לשיער גרניה קולור,לוריאל ישראל קוסמטיקס בעמ,,,"י""ח",1,,false,1,18.90,18.90,false,1,
3607340717635,false,"אדידס גל רחצה 400מ""ל אייס דייב",דנשר (1963) בעמ,,,"י""ח",400,"ל  מ""ל",false,1,10.90,2.73,false,1,
3608580730255,false,קונפיטורה משמש  370ג,ר.ב. מוצרי דגנים בעמ,,,"י""ח",370,ל  גרם,false,1,19.90,5.38,false,1,
3614221653715,false,"אדידס גל רחצה 400מ""ל  קליימקול",דנשר (1963) בעמ,,,"י""ח",400,"ל  מ""ל",false,1,10.90,2.73,false,1,
3614223736485,false,"אדידס ספריי גברים אדיפיור 200מ""ל.",דנשר (1963) בעמ,,,"י""ח",1,,false,1,19.90,19.90,false,1,
3665468301723,false,אירוויק מבשם אוויר ונטרל ריחות ערפילי,רקיט בנקיזר (ניר איסט) בעמ,,,"י""ח",345,"ל  מ""ל",false,1,14.90,4.32,true,1,
3800020423578,false,קיט קאט צ`אנקי 40 גרם,קבוצת אוסם סחר-שות.מוגבלת,,,"י""ח",48,ל  גרם,false,1,3.90,8.13,true,1,
3800020472712,false,קיט קאט צ`אנקי פופקורן 42 גרם,קבוצת אוסם סחר-שות.מוגבלת,,,"י""ח",42,ל  גרם,false,1,3.90,9.29,true,1,
3838824127200,false,צבעי שיער חום כהה סמי קיט,הנקל סוד בעמ,,,"י""ח",1,,false,1,19.90,19.90,true,1,
3838824127224,false,צבעי שיער חום בינוני סמי קיט,הנקל סוד בעמ,,,"י""ח",1,,false,1,19.90,19.90,true,1,
3838824127248,false,צבעי שיער חום בהיר סמי קיט,הנקל סוד בעמ,,,"י""ח",1,,false,1,19.90,19.90,true,1,
3838824127309,false,צבעי שיער בלונד בהיר סמי קיט,הנקל סוד בעמ,,,"י""ח",1,,false,1,19.90,19.90,true,1,
3838824127361,false,צבעי שיער ערמונים סמי קיט,הנקל סוד בעמ,,,"י""ח",1,,false,1,19.90,19.90,true,1,
3838824193939,false,צבע לשיער סמי קיט,הנקל סוד בעמ,,,"י""ח",1,,false,1,38,38,true,1,
3838824332130,false,צבעי שיער סמי קיט,הנקל סוד בעמ,,,"י""ח",1,,false,1,19.90,19.90,true,1,
3838824367781,false,"גליס מסכת פרוטאין 4ב1 400מ""ל שמן אגוז",הנקל סוד בעמ,,,"י""ח",400,"ל  מ""ל",false,1,42.90,10.73,true,1,
4000417019004,false,ריטר חלב אגוזים 100 גרם,ליימן שליסל,,,"י""ח",100,ל  גרם,false,1,10.90,10.90,true,1,
4000417022004,false,ריטר שוקולד צימוק אגוז,ליימן שליסל,,,"י""ח",100,ל  גרם,false,1,8.90,8.90,true,1,
4000417023001,false,ריטר ספורט שקדים חלב,ליימן שליסל,,,"י""ח",100,ל  גרם,false,1,10.90,10.90,true,1,
4000417025005,false,ריטר ספורט מרציפן,ליימן שליסל,,,"י""ח",100,ל  גרם,false,1,8.90,8.90,true,1,
4000417026002,false,ריטר שוקולד פרלין 100 גרם,ליימן שליסל,,,"י""ח",100,ל  גרם,false,1,8.90,8.90,true,1,
4000417101211,false,אמיצ`לי אגוז 150גר,ליימן שליסל,,,"י""ח",150,ל  גרם,false,1,17.90,11.93,false,1,
4000417101273,false,אמיצ`לי גלילי וופל עם קרם 300ג,ליימן שליסל,,,"י""ח",300,ל  גרם,false,1,34.90,11.63,true,1,
4000417212009,false,ריטר שוקולד מריר תפוז שקד 100 גרם,ליימן שליסל,,,"י""ח",100,ל  גרם,false,1,8.90,8.90,true,1,
4000417222008,false,ריטר שוקולד חלב עם שברי אגוזים 100גר`,ליימן שליסל,,,"י""ח",100,ל  גרם,false,1,8.90,8.90,true,1,
4000417224002,false,ריטר ספורט שוקולד מריר עם אגוזים שלמים,ליימן שליסל,,,"י""ח",100,ל  גרם,false,1,10.90,10.90,true,1,
4000417294005,false,ריטר מוס קקאו,ליימן שליסל,,,"י""ח",100,ל  גרם,false,1,8.90,8.90,true,1,
4000417298003,false,ריטר קוקוס אגוז 100גר,ליימן שליסל,,,"י""ח",100,ל  גרם,false,1,8.90,8.90,true,1,
4000417629616,false,ריטר ספורט שקדים מקורמלים,ליימן שליסל,,,"י""ח",100,ל  גרם,false,1,8.90,8.90,true,1,
4000417692313,false,ריטר ספורט קינמון קריספי לבן 100ג,ליימן שליסל,,,"י""ח",100,ל  גרם,false,1,8.90,8.90,true,1,
4000417694119,false,ריטר ספורט קפה קריספי 100ג,ליימן שליסל,,,"י""ח",100,ל  גרם,false,1,8.90,8.90,true,1,
4000417707000,false,ריטר ספורט חלב קשיו,ליימן שליסל,,,"י""ח",100,ל  גרם,false,1,10.90,10.90,true,1,
4000417708007,false,ריטר ספורט חלב שקד 100גר,ליימן שליסל,,,"י""ח",100,ל  גרם,false,1,10.90,10.90,true,1,
4000522009747,false,"סטיקלטי תפו""א 80גר",ר.ב. מוצרי דגנים בעמ,,,"י""ח",80,ל  גרם,false,1,3.90,4.88,false,1,
4000522061752,false,בייגלה צ`יו מקלות 100גר.,ר.ב. מוצרי דגנים בעמ,,,"י""ח",100,ל  גרם,false,1,3.90,3.90,false,1,
4000869032569,false,הפי פרש יעקובי,יעקב יעקבי ובניו בעמ,,,"י""ח",1,,false,1,10.20,10.20,false,1,
4002448019480,false,~סיליט באנג מסיר שומנים,רקיט בנקיזר (ניר איסט) בעמ,,,"י""ח",750,"ל  מ""ל",false,1,12.90,1.72,false,1,
4002575016253,false,מרצפן 100גר.,ליימן שליסל,,,"י""ח",100,ל  גרם,false,1,9.90,9.90,false,1,
4002590000022,false,קלפני אוכמניות 150גר.,ליימן שליסל,,,"י""ח",150,ל  גרם,false,1,9.50,6.33,false,1,
4002590000633,false,קלפני פירות 150גר.,ליימן שליסל,,,"י""ח",150,ל  גרם,false,1,9.50,6.33,false,1,
4002720004371,false,קפה אספרסו בלה קרמה 250גרם קלוי,דנשר (1963) בעמ,,,"י""ח",250,ל  גרם,false,1,15.90,6.36,false,1,
4002720005736,false,קפה לפילטר מליטה 250גר`,דנשר (1963) בעמ,,,"י""ח",250,ל  גרם,false,1,15.90,6.36,false,1,
4004666042004,false,מלרוז משמיד עובש,יעקב יעקבי ובניו בעמ,,,"י""ח",750,"ל  מ""ל",false,1,29.90,3.99,false,1,
4004715020755,false,קישוטי עוגה פרינס אנד פרינסס,ליימן שליסל,,,"י""ח",1,,false,1,13.90,13.90,false,1,
4005808128631,false,ניוואה ג`ל רחצה לגבר עם תמציות ליים 50,אלפא ב.ד.ף בעמ,,,"י""ח",500,"ל  מ""ל",false,1,14.90,2.98,true,1,
4005808293469,false,דאו  ספריי לגבר יבש,אלפא ב.ד.ף בעמ,,,"י""ח",150,"ל  מ""ל",false,1,15.90,10.60,true,1,
4005808366392,false,שפתון לבלו כחול,אלפא ב.ד.ף בעמ,,,"י""ח",1,,false,1,11.90,11.90,true,1,
4005808368280,false,שפתון לבלו דובדבן,אלפא ב.ד.ף בעמ,,,"י""ח",1,"י""ח",false,1,11.90,11.90,true,1,
4005808588640,false,"קרם גילוח לעור רגיש ניוואה 100מ""ל",אלפא ב.ד.ף בעמ,,,"י""ח",100,"ל  מ""ל",false,1,13.90,13.90,false,1,
4005808668847,false,תרחיץ פנים עדין לעור יבש 150 מ``ל,אלפא ב.ד.ף בעמ,,,"י""ח",1,"י""ח",false,1,24.90,24.90,true,1,
4005808670314,false,קרם לחות לעור רגיל אקווה אפקט,אלפא ב.ד.ף בעמ,,,"י""ח",100,"ל  מ""ל",false,1,49,49,true,1,
4005808817405,false,"ג ל גילוח לעור רגיש ניוואה 200מ""ל",אלפא ב.ד.ף בעמ,,,"י""ח",200,"ל  מ""ל",false,1,19.90,9.95,false,1,
4005808850723,false,שפתון לבלו תות,אלפא ב.ד.ף בעמ,,,"י""ח",1,"י""ח",false,1,11.90,11.90,true,1,
4005808890507,false,"קרם ניוואה סופט צנצנת 200מ""ל",אלפא ב.ד.ף בעמ,,,"י""ח",250,ל  גרם,false,1,24.90,9.96,true,1,
4005900036445,false,דאו ניוואה פיור רול און,אלפא ב.ד.ף בעמ,,,"י""ח",150,"ל  מ""ל",false,1,13.90,9.27,true,1,
4005900036506,false,דאו רול און  בלק אנד וויט גבר,אלפא ב.ד.ף בעמ,,,"י""ח",50,"ל  מ""ל",false,1,13.90,27.80,true,1,
4005900037909,false,דאו  ספריי ניוואה דאבל אפקט,אלפא ב.ד.ף בעמ,,,"י""ח",150,"ל  מ""ל",false,1,15.90,10.60,true,1,
4005900138842,false,"ניוואה תחליב רחצה 750מ""ל סמוד",אלפא ב.ד.ף בעמ,,,"י""ח",750,"ל  מ""ל",false,1,15.90,2.12,true,1,
4005900274304,false,דאו ספריי  לגבר,אלפא ב.ד.ף בעמ,,,"י""ח",50,"ל  מ""ל",false,1,15.90,31.80,true,1,
4005900420220,false,"ניוואה ג`ל רחצה לגב פיור אימפקט 500מ""ל",אלפא ב.ד.ף בעמ,,,"י""ח",500,"ל  מ""ל",false,1,14.90,2.98,true,1,
4005900513045,false,דאו ספריי DEEP גבר,אלפא ב.ד.ף בעמ,,,"י""ח",150,"ל  מ""ל",false,1,15.90,10.60,true,1,
4005900521262,false,"ניוואה ג`ל רחצה לגב 500מ""ל DEEP",אלפא ב.ד.ף בעמ,,,"י""ח",500,"ל  מ""ל",false,1,14.90,2.98,true,1,
4005900555915,false,"תחליב רחצה RELAXING MOMENTS 750מ""ל קוקוס",אלפא ב.ד.ף בעמ,,,"י""ח",750,"ל  מ""ל",false,1,15.90,2.12,true,1,
4005900683878,false,שפתון לבלו סקראב אלוורה  בליסטר,אלפא ב.ד.ף בעמ,,,"י""ח",1,"י""ח",false,1,11.90,11.90,true,1,
4005900683908,false,שפתון לבלו סקראב ווילד רוז בליסטר,אלפא ב.ד.ף בעמ,,,"י""ח",1,"י""ח",false,1,11.90,11.90,true,1,
4005900828088,false,דאו  רול און לגבר פרש,אלפא ב.ד.ף בעמ,,,"י""ח",50,"ל  מ""ל",false,1,13.90,27.80,true,1,
4005900835642,false,"ניוואה ניקוי חימר 3ב1ש 150מ""ל",אלפא ב.ד.ף בעמ,,,"י""ח",150,"ל  מ""ל",false,1,29.90,19.93,true,1,
4008287051032,false,קרומבאכר פילס פחית בודד 0.5ל,אגודת הכורמים,,,"י""ח",50,"ל  מ""ל",false,1,9.90,19.20,true,1,
4009300522935,false,תה ירוק עם לימונית ולואיז,ש.שסטוביץ בעמ,,,"י""ח",30,ל  גרם,false,1,16.90,56.33,false,1,
4009300522966,false,תה ירוק נענע,ש.שסטוביץ בעמ,,,"י""ח",36,ל  גרם,false,1,16.90,46.94,false,1,
4009300524588,false,פומפדור חליטת פירות יער,ש.שסטוביץ בעמ,,,"י""ח",300,ל  גרם,false,1,13.90,4.63,true,1,
4009300527909,false,פומפדור-חליטת גינגר כורכום,ש.שסטוביץ בעמ,,,"י""ח",30,ל  גרם,false,1,13.90,46.33,true,1,
4009300528821,false,תה ירוק גינגר וקנמון פומפדור,ש.שסטוביץ בעמ,,,"י""ח",30,ל  גרם,false,1,16.90,56.33,false,1,
4009300528845,false,תה ירוק לימונית גבש פומפדור,ש.שסטוביץ בעמ,,,"י""ח",30,ל  גרם,false,1,16.90,56.33,false,1,
4009300529538,false,פומפדור חליטת פירות לימון,ש.שסטוביץ בעמ,,,"י""ח",30,ל  גרם,false,1,14.90,49.67,false,1,
4009300530107,false,פומפדור חליטה קרה עם תות שדה ותפוז,ש.שסטוביץ בעמ,,,"י""ח",300,ל  גרם,false,1,14.90,4.97,true,1,
4009300530183,false,פומפדור חליטה תפוז ספרדי,ש.שסטוביץ בעמ,,,"י""ח",44,ל  גרם,false,1,15.90,36.14,false,1,
4009300530206,false,פומפדור חליטה תפוח טורקי,ש.שסטוביץ בעמ,,,"י""ח",44,ל  גרם,false,1,15.90,36.14,false,1,
4009900013581,false,מארז חמישיית אורביט סטיקס ספירמינט,מרס ריגלי ישראל בעמ,,,"י""ח",5,"י""ח",false,1,9.90,1.98,false,1,
4009900402965,false,אורביט בקבוקון WHITE טעם פירות,מרס ריגלי ישראל בעמ,,,"י""ח",90,ל  גרם,false,1,10.50,11.67,true,1,
4009900403023,false,אורביט בקבוקון WHITE טעם מנטה,מרס ריגלי ישראל בעמ,,,"י""ח",90,ל  גרם,false,1,10.50,11.67,true,1,
4009900420129,false,אורביט בקבוקון פרופשיונל פפרמינט,מרס ריגלי ישראל בעמ,,,"י""ח",90,ל  גרם,false,1,10.50,11.67,true,1,
4009900426039,false,איירוויבז בקבוקון טעם מנטה אקליפטוס,מרס ריגלי ישראל בעמ,,,"י""ח",90,ל  גרם,false,1,10.50,11.67,true,1,
4009900455299,false,סוכריות סקיטלס פירות 174ג,מרס ריגלי ישראל בעמ,,,"י""ח",174,ל  גרם,false,1,8.90,5.11,false,1,
4009900465304,false,סוכריות סקיטלס פירות חמוצים 174ג,מרס ריגלי ישראל בעמ,,,"י""ח",174,ל  גרם,false,1,8.90,5.11,false,1,
4009900479998,false,אורביט בקבוקון WHITE טעם אוכמניות,מרס ריגלי ישראל בעמ,,,"י""ח",90,ל  גרם,false,1,10.50,11.67,true,1,
4009900482417,false,אורביט בקבוקון באבל מינט,מרס ריגלי ישראל בעמ,,,"י""ח",90,ל  גרם,false,1,10.50,11.67,true,1,
4009900483803,false,אורביט בקבוק מנטה אקליפטוס.,מרס ריגלי ישראל בעמ,,,"י""ח",84,ל  גרם,false,1,13,15.48,false,1,
4009900484060,false,אורביט בקבוק 60יח פפרמינט,מרס ריגלי ישראל בעמ,,,"י""ח",84,ל  גרם,false,1,13,15.48,false,1,
4009900487283,false,מארז חמישיית אורביט סטיקס פירות,מרס ריגלי ישראל בעמ,,,"י""ח",5,"י""ח",false,1,9.90,1.98,false,1,
4009900491044,false,מסטיק איירוייס בקבוק אוכמניות.,מרס ריגלי ישראל בעמ,,,"י""ח",84,ל  גרם,false,1,13,15.48,false,1,
4009900496247,false,אורביט בקבוק 60יח ספירמינט,מרס ריגלי ישראל בעמ,,,"י""ח",84,ל  גרם,false,1,13,15.48,false,1,
4009900531122,false,אורביט בקבוקון פרופשיונל ספירמינט,מרס ריגלי ישראל בעמ,,,"י""ח",90,ל  גרם,false,1,10.50,11.67,true,1,
4009900536257,false,אורביט רפרשרס פפרמינט בקבוקון,מרס ריגלי ישראל בעמ,,,"י""ח",67,ל  גרם,false,1,11.90,17.76,false,1,
4009900536288,false,אורביט רפרשרס ספירמינט בקבוקון,מרס ריגלי ישראל בעמ,,,"י""ח",67,ל  גרם,false,1,11.90,17.76,false,1,
4009900539340,false,סוכריות סקיטלס גיינט סאוור 141ג,מרס ריגלי ישראל בעמ,,,"י""ח",141,ל  גרם,false,1,8.90,6.31,false,1,
4009900539401,false,פייב באונס בטעם מנטה HP,מרס ריגלי ישראל בעמ,,,"י""ח",15,ל  גרם,false,1,3.90,26,false,1,
4009900539432,false,פייב באונס בטעם אבטיח HP,מרס ריגלי ישראל בעמ,,,"י""ח",15,ל  גרם,false,1,3.90,26,false,1,
4009900539685,false,פייב באונס בטעם מנטה בקבוקון,מרס ריגלי ישראל בעמ,,,"י""ח",67,ל  גרם,false,1,11.90,17.76,true,1,
4009900539746,false,פייב באונס בטעם אבטיח בקבוקון,מרס ריגלי ישראל בעמ,,,"י""ח",67,ל  גרם,false,1,11.90,17.76,true,1,
4009900540551,false,אורביט רפרשרס טרופיקל בקבוקון,מרס ריגלי ישראל בעמ,,,"י""ח",67,ל  גרם,false,1,11.90,17.76,false,1,
4011100002227,false,באונטי מיני 403 גרם,מרס ריגלי ישראל בעמ,,,"י""ח",403,ל  גרם,false,1,22.90,5.68,false,1,
4011800290054,false,קורני חלבון שוקו 50ג,מ.סידס ובנו בעמ,,,"י""ח",50,ל  גרם,false,1,7.90,15.80,false,1,
4011800528416,false,חטיף קורני בייס סויט סולט 150גר,מ.סידס ובנו בעמ,,,"י""ח",150,ל  גרם,false,1,11.90,7.93,true,1,
4011800577810,false,קורני פרי נוגט 120 ג,מ.סידס ובנו בעמ,,,"י""ח",120,ל  גרם,false,1,14.80,12.33,true,1,
4011800629519,false,קורני בייס נאטס 150 ג,מ.סידס ובנו בעמ,,,"י""ח",150,ל  גרם,false,1,14.80,9.87,true,1,
4011800632519,false,קורני בייס קוקונט 150ג`,מ.סידס ובנו בעמ,,,"י""ח",150,ל  גרם,false,1,11.90,7.93,true,1,
4013197767010,false,קוונדיש סוכריות בפחית פירות,שוקוטרייד בעמ,,,"י""ח",300,ל  גרם,false,1,10.90,3.63,false,1,
4013197767034,false,קוונדיש סוכריות בפחית לימון,שוקוטרייד בעמ,,,"י""ח",300,ל  גרם,false,1,10.90,3.63,false,1,
4014400144078,false,קנופרס שלשה 75ג,ליימן שליסל,,,"י""ח",75,ל  גרם,false,1,7.90,10.53,false,1,
4014400901191,false,מרסי 250 ג,ליימן שליסל,,,"י""ח",250,ל  גרם,false,1,25.50,10.20,false,1,
4014400901788,false,"סוכריות וורטר חמאה 1ק""ג",ליימן שליסל,,,"י""ח",1,"ק""ג",false,1,29.90,29.90,false,1,
4014400903409,false,טופיפי 250 גרם,ליימן שליסל,,,"י""ח",250,ל  גרם,false,1,25.50,10.20,false,1,
4014400904376,false,שוקולדן 325 גרם.,ליימן שליסל,,,"י""ח",325,ל  גרם,false,1,14.90,4.58,true,1,
4014400904390,false,וולמילש 325 גרם,ליימן שליסל,,,"י""ח",325,ל  גרם,false,1,14.90,4.58,true,1,
4014400910063,false,וורטר טופי 135גר`,ליימן שליסל,,,"י""ח",135,ל  גרם,false,1,8.90,6.59,true,1,
4014400914696,false,וורטל ללא סוכר שקית 80גר`,ליימן שליסל,,,"י""ח",1,,false,1,8.90,8.90,true,1,
4014400914924,false,וורטל ללא סוכר קפה 80גר`,ליימן שליסל,,,"י""ח",1,,false,1,8.90,8.90,true,1,
4014400923711,false,טופיפי 125 גרם,ליימן שליסל,,,"י""ח",125,ל  גרם,false,1,11.90,9.52,true,1,
4015000031394,false,ספטיל להסרת כתמים,גורי שיווק בעמ,,,"י""ח",200,ל  גרם,false,1,14.90,7.45,false,1,
4015000280372,false,דאו`רול און פה פורמאן 50 מ``ל.,הנקל סוד בעמ,,,"י""ח",1,,false,1,10.90,10.90,true,1,
4015000615884,false,דאו`ספריי פה לימון 200 מ``ל,הנקל סוד בעמ,,,"י""ח",200,"ל  מ""ל",false,1,10.90,5.45,true,1,
4015000615891,false,דאו`ספריי פה 200 מ``ל Aqua,הנקל סוד בעמ,,,"י""ח",200,"ל  מ""ל",false,1,10.90,5.45,true,1,
4015000615921,false,דאו`ספריי פה ספורט 200 מ``ל,הנקל סוד בעמ,,,"י""ח",1,,false,1,10.90,10.90,true,1,
4015000976268,false,"שמפו גליס  400מ""ל  MILLION GLOSS",הנקל סוד בעמ,,,"י""ח",400,"ל  מ""ל",false,1,18.90,4.73,true,1,
4015000976275,false,"מרכך גליס  400מ""ל  MILLION GLOSS",הנקל סוד בעמ,,,"י""ח",400,"ל  מ""ל",false,1,18.90,4.73,true,1,
4015000996204,false,"שמפו גליס  400מ""ל   ULTIMATE OIL",הנקל סוד בעמ,,,"י""ח",400,"ל  מ""ל",false,1,18.90,4.73,true,1,
4015000997430,false,"דאודורנט ספריי FA 200מ""ל",הנקל סוד בעמ,,,"י""ח",200,"ל  מ""ל",false,1,10.90,5.45,true,1,
4015400564034,false,אולדייז מגה פק לונג פלוס 58 יח`***,דיפלומט מפיצים 1968 בעמ,,,"י""ח",58,"י""ח",false,1,19.90,0.34,true,1,
4015400564454,false,אולדייז מגה פק  לארג `68יח`***,דיפלומט מפיצים 1968 בעמ,,,"י""ח",1,,false,1,19.90,19.90,true,1,
4015400681670,false,אולוויז לילה בטוח 18יח,דיפלומט מפיצים 1968 בעמ,,,"י""ח",1,,false,1,19.90,19.90,true,1,
4015400715320,false,טמפקס קומפאק רגולר 22יח,דיפלומט מפיצים 1968 בעמ,,,"י""ח",1,,false,1,26.90,26.90,false,1,
4015400731719,false,אולוויז וליו פק  לילה 20יח`,דיפלומט מפיצים 1968 בעמ,,,"י""ח",1,,false,1,19.90,19.90,true,1,
4015400746812,false,אולדייז מגה פק נורמל 80יח`***,דיפלומט מפיצים 1968 בעמ,,,"י""ח",80,"י""ח",false,1,19.90,0.25,true,1,
4015400755241,false,אולוויז וליו פק  נורמל פלוס 28יח`.,דיפלומט מפיצים 1968 בעמ,,,"י""ח",1,,false,1,19.90,19.90,true,1,
4015400755487,false,אולוויז וליו פק  לונג פלוס  24יח`,דיפלומט מפיצים 1968 בעמ,,,"י""ח",1,,false,1,19.90,19.90,true,1,
4015400824725,false,טמפקס פלאש סופר 30 יח,דיפלומט מפיצים 1968 בעמ,,,"י""ח",1,,false,1,34.90,34.90,false,1,
4015600762742,false,"הד שולדרס שמפו קלאסי  500מ""ל",דיפלומט מפיצים 1968 בעמ,,,"י""ח",500,"ל  מ""ל",false,1,21.90,4.38,false,1,
4015600762780,false,"הד שולדרס 2ב1 קלאסי  500מ""ל",דיפלומט מפיצים 1968 בעמ,,,"י""ח",500,"ל  מ""ל",false,1,21.90,4.38,false,1,
4015600762940,false,"הד שולדרס שמפו תפוח   500מ""ל",דיפלומט מפיצים 1968 בעמ,,,"י""ח",500,"ל  מ""ל",false,1,21.90,4.38,false,1,
4015600763022,false,"הד שולדרס שמפו מגע משי  500מ""ל",דיפלומט מפיצים 1968 בעמ,,,"י""ח",500,"ל  מ""ל",false,1,21.90,4.38,false,1,
4015600766900,false,"הד שולדרס שמפו 2ב1 מנטול 500מ""ל",דיפלומט מפיצים 1968 בעמ,,,"י""ח",500,"ל  מ""ל",false,1,21.90,4.38,false,1,
4017100198151,false,היט באלזן וניל 220 גר,ליימן שליסל,,,"י""ח",220,ל  גרם,false,1,7.90,3.59,true,1,
4017100290008,false,ביסקוויט ליבניץ שוק חלב,ליימן שליסל,,,"י""ח",125,ל  גרם,false,1,13.30,10.64,false,1,
4017100364112,false,היט באלזן קקאו 220 גר,ליימן שליסל,,,"י""ח",220,ל  גרם,false,1,7.90,3.59,true,1,
4023800012055,false,מרציפן מצופה 50ג,שוקוטרייד בעמ,,,"י""ח",50,ל  גרם,false,1,5.90,11.80,false,1,
4023800101902,false,טבלאות מרציפן מצופה שוקולד חלב  100ג,שוקוטרייד בעמ,,,"י""ח",100,ל  גרם,false,1,10.90,10.90,false,1,
4023800201909,false,טבלאות מרציפן מצופה  שוקולד מריר100ג,שוקוטרייד בעמ,,,"י""ח",100,ל  גרם,false,1,10.90,10.90,false,1,
4023800231647,false,בונבו. מוצרט קוגל 200ג,שוקוטרייד בעמ,,,"י""ח",200,ל  גרם,false,1,20.90,10.45,false,1,
4023800592120,false,מרציפן מצופה 125ג אננס,שוקוטרייד בעמ,,,"י""ח",125,ל  גרם,false,1,10.90,8.72,false,1,
4023800601907,false,טבלאות שוקולד חלב קרם קפה 100ג,שוקוטרייד בעמ,,,"י""ח",100,ל  גרם,false,1,10.90,10.90,false,1,
4023800792124,false,מרציפן מצופה 125ג אגוזי מלך,שוקוטרייד בעמ,,,"י""ח",125,ל  גרם,false,1,10.90,8.72,false,1,
4025700001962,false,שוקולד מילקה לבן 100ג,דיפלומט מפיצים (1968) בעמ**,,,"י""ח",100,ל  גרם,false,1,6.50,6.50,true,1,
4032900124254,false,וינסטון  קומפקט ברי,גלוברנדס בעמ,,,"י""ח",1,,false,1,28,28,false,1,
4033100013348,false,אל די לייט ארוך,גלוברנדס בעמ,,,"י""ח",1,,false,1,27.50,27.50,false,1,
4033100014529,false,אל די סלימס בודד,גלוברנדס בעמ,,,"י""ח",1,,false,1,25,25,false,1,
4033100014536,false,אל די סלימס  10 יחידות,גלוברנדס בעמ,,,"י""ח",1,,false,1,248.90,248.90,false,1,
4033100024146,false,וינסטון קוד,גלוברנדס בעמ,,,"י""ח",1,,false,1,31,31,false,1,
4033100024252,false,וינסטון אקווה,גלוברנדס בעמ,,,"י""ח",1,,false,1,31,31,false,1,
4037719068508,false,קוונדיש סוכריות בפחית תות לימון,שוקוטרייד בעמ,,,"י""ח",200,ל  גרם,false,1,10.90,5.45,false,1,
4037719068515,false,קוונדיש סוכריות בפחית אוכמניות תפוח,שוקוטרייד בעמ,,,"י""ח",200,ל  גרם,false,1,10.90,5.45,false,1,
4037719068522,false,קוונדיש סוכריות בפחית דובדבן ליים,שוקוטרייד בעמ,,,"י""ח",200,ל  גרם,false,1,10.90,5.45,false,1,
4037719657290,false,קוונדיש סוכריות צנצנת שי 300ג,שוקוטרייד בעמ,,,"י""ח",300,ל  גרם,false,1,19.90,6.63,false,1,
4037719680212,false,קוונדיש סוכריות בפחית תות שדה,שוקוטרייד בעמ,,,"י""ח",200,ל  גרם,false,1,10.90,5.45,false,1,
4045787068221,false,צבע לשיער פרוטאין קולור שחור 1,הנקל סוד בעמ,,,"י""ח",1,,false,1,16.90,16.90,true,1,
4045787068306,false,פרוטאין קולור  חום  כהה 4,הנקל סוד בעמ,,,"י""ח",1,,false,1,16.90,16.90,true,1,
4053700292455,false,ויט רצועות שעווה תמצית צמחים,רקיט בנקיזר (ניר איסט) בעמ,,,"י""ח",1,"י""ח",false,1,19.90,19.90,false,1,
4065698201166,false,דונאטס מילקה מארז זוג,בלדי בעמ,,,"י""ח",100,ל  גרם,false,1,14.90,14.90,false,1,
4066600601920,false,"פאולנר חיטה פחית  500 מ""ל",טמפו משקאות בעמ,,,"י""ח",500,"ל  מ""ל",false,1,11,2.14,true,1,
4066600999614,false,"פאולנר בקבוק 500 מ""ל",טמפו משקאות בעמ,,,"י""ח",500,"ל  מ""ל",false,1,12,2.34,true,1,
4084500065598,false,"פנטן קרם לחות לשיער  300מ""ל",דיפלומט מפיצים 1968 בעמ,,,"י""ח",300,"ל  מ""ל",false,1,17.90,5.97,false,1,
4084500088917,false,"~פיירי לימון 650מ""ל",דיפלומט מפיצים 1968 בעמ,,,"י""ח",650,"ל  מ""ל",false,1,9.90,1.52,false,1,
4084500149526,false,טייד ג`ל 2.48 ליטר,דיפלומט מפיצים 1968 בעמ,,,"י""ח",2.48,ליטר,false,1,29.90,12.06,false,1,
4084500853553,false,"פיירי אוריגינל 650מ""ל",דיפלומט מפיצים 1968 בעמ,,,"י""ח",1.24,ליטר,false,1,9.90,7.98,false,1,
4084500853836,false,"פיירי ורדים ומשי 515מ""ל",דיפלומט מפיצים 1968 בעמ,,,"י""ח",1.24,ליטר,false,1,9.90,7.98,false,1,
4084500853898,false,"פיירי אלוורה ומלפפונים 515מ""ל.",דיפלומט מפיצים 1968 בעמ,,,"י""ח",515,"ל  מ""ל",false,1,9.90,1.92,false,1,
4105120623941,false,"בירה ויינשטפן בקבוק 500מ""ל",החברה המרכזית להפצת משקאות בעמ,,,"י""ח",500,"ל  מ""ל",false,1,11.90,2.32,true,1,
4105120624412,false,"ויינשטפן  ויטוס  500מ""ל בקבוק",החברה המרכזית להפצת משקאות בעמ,,,"י""ח",330,"ל  מ""ל",false,1,12.50,3.70,true,1,
4210201245193,false,אורל בי מברשת שיניים חשמלית פרוזן,דיפלומט מפיצים 1968 בעמ,,,"י""ח",1,,false,1,99.90,99.90,true,1,
4210201262183,false,אורל בי מברשת שיניים חשמלית,דיפלומט מפיצים 1968 בעמ,,,"י""ח",1,,false,1,99.90,99.90,true,1,
4210201320111,false,אורל בי מברשת שיניים חשמלית קארס,דיפלומט מפיצים 1968 בעמ,,,"י""ח",1,,false,1,99.90,99.90,true,1,
4600659010854,false,וודקה סטולי 700,הכרם משקאות חריפים בעמ,,,"י""ח",700,"ל  מ""ל",false,1,70.20,9.99,true,1,
4605561012613,false,פילה הרינג (קצוץ) בשמן 400גר,דילר בי.אמ.די פורמולה בעמ,,,"י""ח",400,ל  גרם,false,1,15.90,3.98,true,1,
4605561013009,false,פילה הרינג בשמן 400גר,דילר בי.אמ.די פורמולה בעמ,,,"י""ח",400,ל  גרם,false,1,15.90,3.98,true,1,
4607014788014,false,שמן קנולה  1  ליטר(בטרצויס),בטר צ`ויס בעמ,,,"י""ח",1,ליטר,false,1,9.90,9.90,false,1,
4607109409619,false,פיניש 25 טבליות AIO,רקיט בנקיזר (ניר איסט) בעמ,,,"י""ח",25,"י""ח",false,1,29.90,1.20,false,1,
4630139071136,false,שמן חמניות  1  ליטר(ישראבר),ישרא-בר שמנים ותבואות בעמ,,,"י""ח",1,ליטר,false,1,8.90,8.90,false,1,
4640018993350,false,פיניש קוואנטום 30 קפסולות בשקית לימון,רקיט בנקיזר (ניר איסט) בעמ,,,"י""ח",30,"י""ח",false,1,39.90,1.33,true,1,
4640018993398,false,פיניש קוואנטום 60 קפסולות בשקית,רקיט בנקיזר (ניר איסט) בעמ,,,"י""ח",45,"י""ח",false,1,59.90,1.33,true,1,
4651113680038,false,"שמן חמניות 900 מ""ל(בנגו)",לפ בנג`ו י.א ייבוא ושיווק בעמ,,,"י""ח",900,"ל  מ""ל",false,1,8.90,0.99,false,1,
4710068001692,false,מאסטר קפה לאטה 240מל פחית,טמפו משקאות בעמ,,,"י""ח",240,"ל  מ""ל",false,1,6.60,2.63,true,1,
4710068001715,false,"מאסטר קפה טרמיסו 240מ""ל",טמפו משקאות בעמ,,,"י""ח",240,"ל  מ""ל",false,1,6.60,2.63,true,1,
4710068001739,false,מאסטר קפה קולומביאני.,טמפו משקאות בעמ,,,"י""ח",1,,false,1,6.60,6.60,true,1,
4710964104916,false,"שמן שומשום טהור 370מ""ל",מזרח ומערב יבוא ושיווק,,,"י""ח",370,"ל  מ""ל",false,1,22.90,6.19,false,1,
4710964170799,false,שומשום שחור קלוי 91 גרם,מזרח ומערב יבוא ושיווק,,,"י""ח",91,ל  גרם,false,1,16.90,18.57,false,1,
4751007730938,false,שפרוטים מעושנים בשמן צמחי 240גר`,דברים טובים סגל בעמ,,,"י""ח",240,ל  גרם,false,1,12.90,5.38,true,1,
4770237048088,false,גלידת שרבט בטעם יוגורט עם אוכמניות,אייס דילר בי.אמ.די בעמ,,,"י""ח",82,ל  גרם,false,1,5.90,7.20,true,1,
4791021003588,false,תה צהוב 1.5 גרם,דברים טובים סגל בעמ,,,"י""ח",150,ל  גרם,false,1,12.90,8.60,true,1,
4791021004462,false,תה ירוק תפוח    2ג 25שקיות 1/6,דברים טובים סגל בעמ,,,"י""ח",25,"י""ח",false,1,12.90,0.52,true,1,
4791021004554,false,תה ירוק מנטה   2ג 25שקיות 1/6,דברים טובים סגל בעמ,,,"י""ח",25,"י""ח",false,1,12.90,0.52,true,1,
4791021006695,false,תה ירוק יסמין 2ג 25שקיות 1/6,דברים טובים סגל בעמ,,,"י""ח",25,"י""ח",false,1,12.90,0.52,true,1,
4791021009054,false,תה א.ב.אנגלי 2ג,דברים טובים סגל בעמ,,,"י""ח",200,ל  גרם,false,1,24.60,12.30,false,1,
4791021944720,false,תה ארלגרי 2 גרם  100,דברים טובים סגל בעמ,,,"י""ח",200,ל  גרם,false,1,21.90,10.95,true,1,
4800888209368,false,רקסונה סטיק גברים אקסטרה קול 50גר,יוניליוור ישראל שיווק בעמ,,,"י""ח",1,"י""ח",false,1,14.90,14.90,true,1,
4800888210197,false,דאו סטיק דאב 50ג קוקוס,יוניליוור ישראל שיווק בעמ,,,"י""ח",50,ל  גרם,false,1,19.90,39.80,true,1,
4810168000066,false,פילה דג הרינג מלוח מצונן עם תבלין 250ג,דילר בי.אמ.די פורמולה בעמ,,,"י""ח",250,ל  גרם,false,1,13.90,5.56,true,1,
4810168001056,false,פילה דג הרינג מלוח מצונן חתיכות 260גר,דילר בי.אמ.די פורמולה בעמ,,,"י""ח",260,ל  גרם,false,1,17.90,6.88,false,1,
4810168018795,false,חתיכות פילה דג הרינג מלוח מצונן 200גר,דילר בי.אמ.די פורמולה בעמ,,,"י""ח",200,ל  גרם,false,1,13.90,6.95,true,1,
4810168019051,false,חתיכות פילה דג הרינג מלוח מצונן מתובל,דילר בי.אמ.די פורמולה בעמ,,,"י""ח",200,ל  גרם,false,1,13.90,6.95,true,1,
4810168038977,false,גלידת שמנת בטעם וניל בגביע אישי YUKKI,אייס דילר בי.אמ.די בעמ,,,"י""ח",75,ל  גרם,false,1,5.90,7.87,true,1,
4810168038991,false,גלידת שמנת בטעם שוקולד בגביע YUKKI,אייס דילר בי.אמ.די בעמ,,,"י""ח",75,ל  גרם,false,1,5.90,7.87,true,1,
4810168045555,false,פילה סלמון מלוח פ.קפוא 100ג מוכן לאכיל,דילר בי.אמ.די פורמולה בעמ,,,"י""ח",100,ל  גרם,false,1,22.90,22.90,false,1,
4810168045562,false,פילה סלמון מעושן פ.קפוא 100ג מוכן לאכילה,דילר בי.אמ.די פורמולה בעמ,,,"י""ח",100,ל  גרם,false,1,22.90,22.90,false,1,
4810168045579,false,פילה פורל מלוח פ.קפוא 100ג מוכן לאכילה,דילר בי.אמ.די פורמולה בעמ,,,"י""ח",100,ל  גרם,false,1,22.90,22.90,false,1,
4810168045586,false,פילה פורל מעושן פ.קפוא 100ג מוכן לאכילה,דילר בי.אמ.די פורמולה בעמ,,,"י""ח",100,ל  גרם,false,1,22.90,22.90,false,1,
4810168045593,false,פילה סלמון מלוח קפוא 200ג מוכן לאכילה,דילר בי.אמ.די פורמולה בעמ,,,"י""ח",200,ל  גרם,false,1,42.90,21.45,false,1,
4810168045609,false,פילה סלמון מעושן קפוא 200ג מוכן לאכילה,דילר בי.אמ.די פורמולה בעמ,,,"י""ח",200,ל  גרם,false,1,42.90,21.45,false,1,
4810168045616,false,פילה פורל מלוח קפוא 200גר מוכן לאכילה,דילר בי.אמ.די פורמולה בעמ,,,"י""ח",200,ל  גרם,false,1,42.90,21.45,false,1,
4810168045623,false,פילה פורל מעושן קפוא 200ג מוכן לאכילה,דילר בי.אמ.די פורמולה בעמ,,,"י""ח",200,ל  גרם,false,1,42.90,21.45,false,1,
4810168049966,false,בלינצ`ס במילוי דובדבן 360גר קפוא,דילר בי.אמ.די פורמולה בעמ,,,"י""ח",360,ל  גרם,false,1,13.90,3.86,true,1,
4810168055080,false,כיסונים במילוי כרוב ופטריות 450גר קפוא,דילר בי.אמ.די פורמולה בעמ,,,"י""ח",450,ל  גרם,false,1,12.90,2.87,true,1,
4810168055165,false,לביבות גבינת טבורוג מוקפאות 450גר,דילר בי.אמ.די פורמולה בעמ,,,"י""ח",450,ל  גרם,false,1,19.90,4.42,true,1,
4810168055875,false,"חתיכות פילה דג הרינג מתובל בשמן 1.2ק""ג",דילר בי.אמ.די פורמולה בעמ,,,"י""ח",1.20,"ק""ג",false,1,39.90,33.25,false,1,
4810168055882,false,חתיכות פילה דג הרינג מומלח בשמן מצונן,דילר בי.אמ.די פורמולה בעמ,,,"י""ח",1.20,"ק""ג",false,1,39.90,33.25,false,1,
4810168055899,false,"פילה דג הרינג מומלח בשמן מצונן  1.2ק""ג",דילר בי.אמ.די פורמולה בעמ,,,"י""ח",1.20,"ק""ג",false,1,39.90,33.25,false,1,
4810168055905,false,פילה דג הרינג סקנדינבי מומלח בשמן  1.2,דילר בי.אמ.די פורמולה בעמ,,,"י""ח",1.20,"ק""ג",false,1,39.90,33.25,false,1,
4810168057435,false,פילה הרינג XXL מלוח בשמן מצונן 400גר,דילר בי.אמ.די פורמולה בעמ,,,"י""ח",400,ל  גרם,false,1,26.90,6.73,true,1,
4810168057510,false,חתיכות פילה הרינג מתובל מלוח בשמן 400גר,דילר בי.אמ.די פורמולה בעמ,,,"י""ח",400,ל  גרם,false,1,26.90,6.73,true,1,
4810168058975,false,פילה דג הרינג סקנדינבי חתיכות 260גר,דילר בי.אמ.די פורמולה בעמ,,,"י""ח",260,ל  גרם,false,1,17.90,6.88,false,1,
4820034925546,false,"בירה לאנג צאזז לייט  500מ""ל בקבוק",בני פאוזי שמשום (2009) בעמ,,,"י""ח",500,"ל  מ""ל",false,1,3.90,0.72,true,1,
4820154722469,false,"גלידת שמנת בטעם וניל ""אסקימוס""  80גר.",אייס דילר בי.אמ.די בעמ,,,"י""ח",80,ל  גרם,false,1,5.90,7.38,true,1,
4823077608513,false,רושן סוכריות טופי חלב 205גר,דילר בי.אמ.די.אינטרנשיונל בעמ,,,"י""ח",205,ל  גרם,false,1,6.90,3.37,true,1,
4823077613203,false,שוקולד רושן מריר עם אגוז שלם 90גר,דילר בי.אמ.די.אינטרנשיונל בעמ,,,"י""ח",90,ל  גרם,false,1,7.90,8.78,true,1,
4823077613630,false,חטיף שוקולד רושן ממולא קרם ברולה 43גר,דילר בי.אמ.די.אינטרנשיונל בעמ,,,"י""ח",40,ל  גרם,false,1,3.90,9.75,true,1,
4823077617041,false,חטיף שוקולד רושן ממולא קרם קרמל 43גר,דילר בי.אמ.די.אינטרנשיונל בעמ,,,"י""ח",43,ל  גרם,false,1,3.90,9.07,true,1,
4823077621635,false,וופל רושן בטעם חלב 72גר,דילר בי.אמ.די.אינטרנשיונל בעמ,,,"י""ח",72,ל  גרם,false,1,3.90,5.42,true,1,
4823077621642,false,וופל רושן בטעם שוקולד 72גר,דילר בי.אמ.די.אינטרנשיונל בעמ,,,"י""ח",72,ל  גרם,false,1,3.90,5.42,true,1,
4823077621659,false,וופל רושן בטעם אגוז 72גר,דילר בי.אמ.די.אינטרנשיונל בעמ,,,"י""ח",72,ל  גרם,false,1,3.90,5.42,true,1,
4823077623684,false,רושן סוכריות ממולאות קרם בטעם חלב 150ג,דילר בי.אמ.די.אינטרנשיונל בעמ,,,"י""ח",150,ל  גרם,false,1,4.90,3.27,true,1,
4823077623714,false,רושן סוכריות טופי ממולאות בטעם חלב 150גר,דילר בי.אמ.די.אינטרנשיונל בעמ,,,"י""ח",150,ל  גרם,false,1,6.90,4.60,true,1,
4823077624391,false,רושן סוכריות טופי מינקי בינקי 185גר,דילר בי.אמ.די.אינטרנשיונל בעמ,,,"י""ח",1,"ק""ג",false,1,6.90,6.90,true,1,
4823077625145,false,בונבוניירה רושן דובדבן Cherry ליקר שרי,דילר בי.אמ.די.אינטרנשיונל בעמ,,,"י""ח",150,ל  גרם,false,1,12.90,8.60,false,1,
4823077625589,false,וופל רושן בטעם חלב 216גר,דילר בי.אמ.די.אינטרנשיונל בעמ,,,"י""ח",216,ל  גרם,false,1,6.90,3.19,true,1,
4823077625602,false,וופל רושן בטעם שוקולד 216גר,דילר בי.אמ.די.אינטרנשיונל בעמ,,,"י""ח",216,ל  גרם,false,1,6.90,3.19,true,1,
4823077625626,false,וופל רושן בטעם אגוז 216גר,דילר בי.אמ.די.אינטרנשיונל בעמ,,,"י""ח",216,ל  גרם,false,1,6.90,3.19,true,1,
4823077626203,false,שוקולד רושן אורירי מריר 80גר,דילר בי.אמ.די.אינטרנשיונל בעמ,,,"י""ח",80,ל  גרם,false,1,6.90,8.63,true,1,
4823077626227,false,שוקולד רושן אורירי חלב 80גר,דילר בי.אמ.די.אינטרנשיונל בעמ,,,"י""ח",80,ל  גרם,false,1,6.90,8.63,true,1,
4823077626241,false,שוקולד רושן אורירי לבן קרמל 80גר,דילר בי.אמ.די.אינטרנשיונל בעמ,,,"י""ח",80,ל  גרם,false,1,6.90,8.63,true,1,
4823077626364,false,שוקולד רושן אורירי לבן 80גר,דילר בי.אמ.די.אינטרנשיונל בעמ,,,"י""ח",80,ל  גרם,false,1,6.90,8.63,true,1,
4823077629136,false,שוקולד רושן חלב 90גר LACMI,דילר בי.אמ.די.אינטרנשיונל בעמ,,,"י""ח",85,ל  גרם,false,1,6.90,8.12,true,1,
4823077630422,false,סנדוויץ קרקר חלב וניל רושן 235גר,דילר בי.אמ.די.אינטרנשיונל בעמ,,,"י""ח",235,ל  גרם,false,1,9.90,4.21,true,1,
4823077630439,false,סנדוויץ קרקר שוקולד רושן 235גר,דילר בי.אמ.די.אינטרנשיונל בעמ,,,"י""ח",235,ל  גרם,false,1,9.90,4.21,true,1,
4823077630996,false,סנדוויץ קרקר קקאו-אגוז רושן 235גר,דילר בי.אמ.די.אינטרנשיונל בעמ,,,"י""ח",235,ל  גרם,false,1,9.90,4.21,true,1,
4823077631474,false,קרקר קלאסי רושן 168גר HI DAY,דילר בי.אמ.די.אינטרנשיונל בעמ,,,"י""ח",168,ל  גרם,false,1,4.90,2.92,true,1,
4823077631856,false,"וופל  רול""קונאפטו"" קוקוס 140גר",דילר בי.אמ.די.אינטרנשיונל בעמ,,,"י""ח",140,ל  גרם,false,1,6.90,4.93,true,1,
4823077631863,false,"וופל  רול""קונאפטו"" וניל 140גר",דילר בי.אמ.די.אינטרנשיונל בעמ,,,"י""ח",140,ל  גרם,false,1,6.90,4.93,true,1,
4823077632112,false,וופל רושן בטעם קקאו חלב 216גר,דילר בי.אמ.די.אינטרנשיונל בעמ,,,"י""ח",216,ל  גרם,false,1,6.90,3.19,true,1,
4823077632259,false,חטיף שוקולד רושן עם בוטנים  43גר,דילר בי.אמ.די.אינטרנשיונל בעמ,,,"י""ח",40,ל  גרם,false,1,3.90,9.75,true,1,
4823077633034,false,"וופל  רול""קונאפטו"" קקאו 140גר",דילר בי.אמ.די.אינטרנשיונל בעמ,,,"י""ח",140,ל  גרם,false,1,6.90,4.93,true,1,
4823077633058,false,"וופל  רול""קונאפטו"" אגוז 140גר",דילר בי.אמ.די.אינטרנשיונל בעמ,,,"י""ח",140,ל  גרם,false,1,6.90,4.93,true,1,
4823077633317,false,עוגיות Lovita שוקולד עם חתיכות ש. 150ג,דילר בי.אמ.די.אינטרנשיונל בעמ,,,"י""ח",150,ל  גרם,false,1,6.90,4.60,true,1,
4823077633324,false,עוגיות שוקוצ`יפס  Lovita חתיכות שוקולד,דילר בי.אמ.די.אינטרנשיונל בעמ,,,"י""ח",150,ל  גרם,false,1,6.90,4.60,true,1,
4823077633331,false,עוגיות רושן  Lovita טעם תפוז 150גר,דילר בי.אמ.די.אינטרנשיונל בעמ,,,"י""ח",150,ל  גרם,false,1,6.90,4.60,true,1,
4823077633348,false,עוגיות רושן  Lovita עם חתיכות בוטנים,דילר בי.אמ.די.אינטרנשיונל בעמ,,,"י""ח",150,ל  גרם,false,1,6.90,4.60,true,1,
4823077633508,false,רושן חטיף וופל במילוי קרם קקאו מצופה 3,דילר בי.אמ.די.אינטרנשיונל בעמ,,,"י""ח",34,ל  גרם,false,1,3.90,11.47,true,1,
4823077633515,false,רושן חטיף וופל במילוי קרם חלבי מצופה,דילר בי.אמ.די.אינטרנשיונל בעמ,,,"י""ח",34,ל  גרם,false,1,3.90,11.47,true,1,
4823077633690,false,בונבוניירה רושן שוטרס ויסקי 150גר,דילר בי.אמ.די.אינטרנשיונל בעמ,,,"י""ח",150,ל  גרם,false,1,12.90,8.60,false,1,
4823077634178,false,עוגיות רושן במילוי תפוח קינמון 168גר,דילר בי.אמ.די.אינטרנשיונל בעמ,,,"י""ח",168,ל  גרם,false,1,6.90,4.11,true,1,
4823077634192,false,עוגיות רושן במילוי דובדבן וניל 168גר,דילר בי.אמ.די.אינטרנשיונל בעמ,,,"י""ח",168,ל  גרם,false,1,6.90,4.11,true,1,
4823077634222,false,עוגיות רושן תפוז 135גר LOVITA,דילר בי.אמ.די.אינטרנשיונל בעמ,,,"י""ח",168,ל  גרם,false,1,6.90,4.11,true,1,
4823077634246,false,עוגיות רושן פטל 135גר LOVITA,דילר בי.אמ.די.אינטרנשיונל בעמ,,,"י""ח",168,ל  גרם,false,1,6.90,4.11,true,1,
4823077634741,false,עוגיות רושן במילוי תות שדה 168גר,דילר בי.אמ.די.אינטרנשיונל בעמ,,,"י""ח",168,ל  גרם,false,1,6.90,4.11,true,1,
4823077635489,false,חטיף וופל קרם קקאו350ג Johny Krocker,דילר בי.אמ.די.אינטרנשיונל בעמ,,,"י""ח",350,ל  גרם,false,1,16.90,4.83,true,1,
4823077636004,false,עוגיות רושן קקאו דובדבן 135גר LOVITA,דילר בי.אמ.די.אינטרנשיונל בעמ,,,"י""ח",168,ל  גרם,false,1,6.90,4.11,true,1,
4823077636172,false,וופל רושן בטעם לימון 216גר,דילר בי.אמ.די.אינטרנשיונל בעמ,,,"י""ח",216,ל  גרם,false,1,6.90,3.19,true,1,
4823097809815,false,גלידה חלבית עם אוכמניות כחולות ושחורות,אייס דילר בי.אמ.די בעמ,,,"י""ח",70,ל  גרם,false,1,5.90,8.43,true,1,
4860019001346,false,"בורז ומי מים מינרלים 500מ""ל",יורוסטנדרט בעמ,,,"י""ח",500,"ל  מ""ל",false,1,8.20,1.58,false,1,
4891228304119,false,שיק אקזקטה 2 נשים,ש.שסטוביץ בעמ,,,"י""ח",1,,false,1,19.90,19.90,false,1,
4891228430047,false,סכיני גילוח שיק אקסטרה 10 יח  ירוק,ש.שסטוביץ בעמ,,,"י""ח",1,,false,1,24.90,24.90,false,1,
4891228430085,false,אקסטרים שיק רגיש 3 יח,ש.שסטוביץ בעמ,,,"י""ח",1,,false,1,14.90,14.90,false,1,
4895149084891,false,שלישיית נורות לד 12W=75W הברגה E27 אור ח,פוגיקום בעמ,,,"י""ח",1,,false,1,24.90,24.90,true,1,
4903001904192,false,"רוטב סויה יאמאסה פרימיום 500מ""ל",ליימן שליסל,,,"י""ח",500,"ל  מ""ל",false,1,17.90,3.58,false,1,
4904530589126,false,סוללות טושיבה גדול,עולם הבית שיווק והפצה בעמ,,,"י""ח",1,,false,1,9.90,9.90,false,1,
4904530589133,false,סוללות טושיבה קטן,עולם הבית שיווק והפצה בעמ,,,"י""ח",1,,false,1,9.90,9.90,false,1,
5000111047364,false,רוטב ברביקיו דבש465גר,דיפלומט מפיצים (1968) בעמ**,,,"י""ח",465,ל  גרם,false,1,15.90,3.42,false,1,
5000146048671,false,סילבו מטליות לניקוי והברקה 75גר,רקיט בנקיזר (ניר איסט) בעמ,,,"י""ח",75,ל  גרם,false,1,14.90,19.87,false,1,
5000146057710,false,"ווינדלין 750 מ""ל לניקוי חלונות",רקיט בנקיזר (ניר איסט) בעמ,,,"י""ח",1.50,ליטר,false,1,9.90,6.60,true,1,
5000157143365,false,"מתבל טעם מיונז וקטשופ 425מ""ל",דיפלומט מפיצים (1968) בעמ**,,,"י""ח",425,ל  גרם,false,1,14.90,3.51,false,1,
5000159407236,false,מרס חטיף שוק 51גר,מרס ריגלי ישראל בעמ,,,"י""ח",51,ל  גרם,false,1,4.50,8.82,true,1,
5000159409179,false,סניקרס מיני 403ג שקית,מרס ריגלי ישראל בעמ,,,"י""ח",403,ל  גרם,false,1,18.90,4.69,false,1,
5000159414197,false,מלטיזרס 135ג,מרס ריגלי ישראל בעמ,,,"י""ח",1560,ל  גרם,false,1,10.90,0.70,false,1,
5000159442572,false,טויקס מיני 403ג שקית,מרס ריגלי ישראל בעמ,,,"י""ח",403,ל  גרם,false,1,18.90,4.69,false,1,
5000159452540,false,סניקרס מארז 5 יח,מרס ריגלי ישראל בעמ,,,"י""ח",180,ל  גרם,false,1,12.90,7.17,false,1,
5000159452663,false,מרס מארז 5 יח,מרס ריגלי ישראל בעמ,,,"י""ח",180,ל  גרם,false,1,12.90,7.17,false,1,
5000159459228,false,טוויקס חטיף 50גר,מרס ריגלי ישראל בעמ,,,"י""ח",50,ל  גרם,false,1,4.50,9,true,1,
5000159461122,false,סניקרס חטיף 50גר,מרס ריגלי ישראל בעמ,,,"י""ח",51,ל  גרם,false,1,4.50,8.82,true,1,
5000159538626,false,טוויקס מארז 5 יח,מרס ריגלי ישראל בעמ,,,"י""ח",180,ל  גרם,false,1,12.90,7.17,false,1,
5000159538640,false,באונטי מארז 5 יח,מרס ריגלי ישראל בעמ,,,"י""ח",180,ל  גרם,false,1,12.90,7.17,false,1,
5000189974579,false,קיט קט מיני 200גר.,קבוצת אוסם סחר-שות.מוגבלת,,,"י""ח",200,ל  גרם,false,1,14.40,7.20,true,1,
5000204153729,false,"גלייד ספריי אוטומטי 269מ""ל מילוי",דנשר (1963) בעמ,,,"י""ח",269,"ל  מ""ל",false,1,14.90,5.54,false,1,
5000204243000,false,"טואלט דאק נוזל אפרסק 750מ""ל",דנשר (1963) בעמ,,,"י""ח",750,"ל  מ""ל",false,1,8.90,1.19,false,1,
5000204243031,false,"טואלט דאק נוזל ירח פורח 750מ""ל",דנשר (1963) בעמ,,,"י""ח",750,"ל  מ""ל",false,1,8.90,1.19,false,1,
5000267024233,false,"וויסקי ג`וני ווקר (בלאק) 700מ""ל 40%",החברה המרכזית להפצת משקאות בעמ,,,"י""ח",700,"ל  מ""ל",false,1,119.90,17.09,false,1,
5000299629253,false,"וויסקי בלנטיין 700מ""ל+2כוסות",טמפו משקאות בעמ,,,"י""ח",700,"ל  מ""ל",false,1,89.90,12.80,false,1,
5000396037548,false,מקוויטיס ביסקוויט קלאסי 250גר,תה ויסוצקי (ישראל)בעמ,,,"י""ח",250,ל  גרם,false,1,10.90,4.36,false,1,
5000396037944,false,מקוויטיס ביסקוויט קלאסי 250גר,תה ויסוצקי (ישראל)בעמ,,,"י""ח",250,ל  גרם,false,1,10.90,4.36,true,1,
5010067322453,false,טרוביה תחליף אבקת  סוכר 280ג,גורי ע.ע.ע. בעמ,,,"י""ח",280,"ל  מ""ל",false,1,34.90,12.46,true,1,
5010182997253,false,RAID ארוסול מקס,דנשר (1963) בעמ,,,"י""ח",400,"ל  מ""ל",false,1,14.90,3.73,false,1,
5010182997338,false,ג ל דאק,דנשר (1963) בעמ,,,"י""ח",55,ל  גרם,false,1,9.90,18,false,1,
5010182998847,false,"טואלט דאק נוזל כחול 750מ""ל",דנשר (1963) בעמ,,,"י""ח",750,"ל  מ""ל",false,1,8.90,1.19,false,1,
5010182998861,false,"טואלט דאק נוזל ירוק 750מ""ל",דנשר (1963) בעמ,,,"י""ח",750,"ל  מ""ל",false,1,8.90,1.19,false,1,
5010327000046,false,"וויסקי גרנטס וויסקי 700 מ""ל",הכרם משקאות חריפים בעמ,,,"י""ח",750,"ל  מ""ל",false,1,65.20,8.65,false,1,
5010677551281,false,"בקרדי בריזר לימון 275 מ""ל",טמפו משקאות בעמ,,,"י""ח",275,"ל  מ""ל",false,1,14.20,5.05,true,1,
5010677552387,false,בקרדי בריזר-אננס.,טמפו משקאות בעמ,,,"י""ח",275,"ל  מ""ל",false,1,14.20,5.05,true,1,
5010677554398,false,"בקרדי בריזר אבטיח 275מ""ל",טמפו משקאות בעמ,,,"י""ח",275,"ל  מ""ל",false,1,14.20,5.05,true,1,
5011007003005,false,"גיימסון 700 מ""ל",טמפו משקאות בעמ,,,"י""ח",700,"ל  מ""ל",false,1,99.90,14.23,true,1,
5011026108033,false,"טולמור דיו וויסקי אירי 700מ""ל",הכרם משקאות חריפים בעמ,,,"י""ח",700,"ל  מ""ל",false,1,110.90,15.80,false,1,
5011157630281,false,"אורז טילדה בסגנון בסמטי 1 ק""ג",ש.שסטוביץ בעמ,,,"י""ח",1,"ק""ג",false,1,24.90,24.90,false,1,
5014271002675,false,מעדן תפוח קינמון 284ג דלפור,א. סיימן סחר בעמ,,,"י""ח",284,ל  גרם,false,1,22.90,8.06,true,1,
5014271003979,false,מעדן פרי סופר פרוט איכמניות 170ג דלפור,א. סיימן סחר בעמ,,,"י""ח",170,ל  גרם,false,1,15.90,9.35,false,1,
5014271003986,false,מעדן פרי סופר פרוט משמש 170ג דלפור,א. סיימן סחר בעמ,,,"י""ח",170,ל  גרם,false,1,15.90,9.35,false,1,
5014271004228,false,מעדן פרי סופר פרוט דובדבן 170ג דלפור,א. סיימן סחר בעמ,,,"י""ח",170,ל  גרם,false,1,15.90,9.35,false,1,
5014271310428,false,מעדן דובדבן דלפור,א. סיימן סחר בעמ,,,"י""ח",284,ל  גרם,false,1,22.90,8.06,true,1,
5014271330426,false,מעדן אוכמניות דלפור,א. סיימן סחר בעמ,,,"י""ח",284,ל  גרם,false,1,22.90,8.06,true,1,
5014271360423,false,מעדן דלפור תפוז 284 ג,א. סיימן סחר בעמ,,,"י""ח",284,ל  גרם,false,1,22.90,8.06,true,1,
5014271400426,false,מעדן תות שדה דלפור,א. סיימן סחר בעמ,,,"י""ח",284,ל  גרם,false,1,22.90,8.06,true,1,
5014271795980,false,מעדן דלפור אוכמניות חמוציות 284גר`,א. סיימן סחר בעמ,,,"י""ח",284,ל  גרם,false,1,22.90,8.06,true,1,
5014379009972,false,"בירה באדוויזר 500מ""ל פחית",הכרם משקאות חריפים בעמ,,,"י""ח",500,"ל  מ""ל",false,1,7.90,1.52,true,1,
5017818800116,false,"ד""ר פפר",טמפו משקאות בעמ,,,"י""ח",1,,false,1,5.50,5.50,false,1,
5029053002408,false,קלינקס  נייר טואלט פרימיום לבן 1/9,קימברלי קלארק ישראל שיווק בעמ,,,"י""ח",1184,ל  גרם,false,1,31.90,2.69,false,1,
5029053002439,false,קליניקס נייר טואלט  פרימיום צהוב 1/9.,קימברלי קלארק ישראל שיווק בעמ,,,"י""ח",1184,ל  גרם,false,1,31.90,2.69,false,1,
5029053032658,false,טישו קלינקס 1/8,קימברלי קלארק ישראל שיווק בעמ,,,"י""ח",8,"י""ח",false,1,9.90,1.24,false,1,
5029053039725,false,טישו קלינקס נטורל פרש 72 דף,קימברלי קלארק ישראל שיווק בעמ,,,"י""ח",72,"י""ח",false,1,10.90,0.15,true,1,
5029053510811,false,קוטקס נורמל 28 יחידות,קימברלי קלארק ישראל שיווק בעמ,,,"י""ח",28,"י""ח",false,1,16.90,0.60,true,1,
5029053510828,false,קוטקס סופר 24 יחידות,קימברלי קלארק ישראל שיווק בעמ,,,"י""ח",24,"י""ח",false,1,16.90,0.70,true,1,
5029053523446,false,קוטקס לילה 20 יחידות,קימברלי קלארק ישראל שיווק בעמ,,,"י""ח",20,"י""ח",false,1,16.90,0.85,true,1,
5029053527574,false,דריי נייטס 4-7 בנים,קימברלי קלארק ישראל שיווק בעמ,,,"י""ח",1,"י""ח",false,1,38.90,38.90,false,1,
5029053527604,false,דריי נייטס בנות 8-15,קימברלי קלארק ישראל שיווק בעמ,,,"י""ח",1,"י""ח",false,1,38.90,38.90,false,1,
5029053535210,false,קוטקס טמפון+מוליך מיני,קימברלי קלארק ישראל שיווק בעמ,,,"י""ח",1,"י""ח",false,1,27.90,27.90,false,1,
5029053535227,false,קוטקס טמפון+מוליך נורמל,קימברלי קלארק ישראל שיווק בעמ,,,"י""ח",1,"י""ח",false,1,27.90,27.90,false,1,
5029053578309,false,טישו קלינקס קוביה אולטרא סופט 48 דף,קימברלי קלארק ישראל שיווק בעמ,,,"י""ח",48,"י""ח",false,1,7.90,0.16,false,1,
5029054220085,false,מגבוני רך נולד 1/4,קימברלי קלארק ישראל שיווק בעמ,,,"י""ח",4,"י""ח",false,1,29.90,7.48,false,1,
5035766060253,false,"מרפיס 500מ""ל פחית",טמפו משקאות בעמ,,,"י""ח",500,"ל  מ""ל",false,1,13.90,2.72,true,1,
5053827193368,false,קלוגס ברנפלקס 500ג,דיפלומט מפיצים (1968) בעמ**,,,"י""ח",500,ל  גרם,false,1,22.90,4.58,false,1,
5060517886486,false,"משקה אנרגיה מונסטר פח 500מ""ל",החברה המרכזית להפצת משקאות בעמ,,,"י""ח",500,"ל  מ""ל",false,1,7,1.34,false,1,
5060517886516,false,"משקה אנרגיה מונסטר זירו פח 500מ""ל",החברה המרכזית להפצת משקאות בעמ,,,"י""ח",500,"ל  מ""ל",false,1,7,1.34,false,1,
5060639129102,false,"משקה אנרגיה מונסטר מנגו פח 500מ""ל",החברה המרכזית להפצת משקאות בעמ,,,"י""ח",500,"ל  מ""ל",false,1,7,1.34,false,1,
5060751218173,false,"משקה אנרגיה מונסטר פח 500מ""ל",החברה המרכזית להפצת משקאות בעמ,,,"י""ח",500,"ל  מ""ל",false,1,7.50,1.44,false,1,
5060751219033,false,"משקה אנרגיה מונסטר פח 500מ""ל",החברה המרכזית להפצת משקאות בעמ,,,"י""ח",500,"ל  מ""ל",false,1,7,1.34,false,1,
5099864006391,false,סימילאק למהדרין שלב 3 900 ג`,שקד תבל בעמ ***,,,"י""ח",900,ל  גרם,false,1,79.90,8.88,false,1,
5201004020338,false,קפריס רולס קלאסיק 400 גרם,מ.סידס ובנו בעמ,,,"י""ח",400,ל  גרם,false,1,20.90,5.23,false,1,
5201178801054,false,ניוואה קרם 250,אלפא ב.ד.ף בעמ,,,"י""ח",250,ל  גרם,false,1,29.90,11.96,true,1,
5201246002215,false,"בירה פילס בקבוק 500מ""ל",ג.וילי פוד אינטרנשיונל בעמ,,,"י""ח",500,"ל  מ""ל",false,1,5.90,1.12,true,1,
5201261201532,false,היינקן בירה  500 פחית רביעייה,טמפו משקאות בעמ,,,"י""ח",2,ליטר,false,1,39,19.35,false,1,
5201347160326,false,"קלגון ג ל 750 מ""ל",רקיט בנקיזר (ניר איסט) בעמ,,,"י""ח",750,"ל  מ""ל",false,1,29.90,3.99,false,1,
5201347400545,false,ויט ארומטיק רצועות שעווה לפנים,רקיט בנקיזר (ניר איסט) בעמ,,,"י""ח",1,"י""ח",false,1,19.90,19.90,false,1,
5201940010011,false,זיתים שחורים בפח 454 גרם,ג.וילי פוד אינטרנשיונל בעמ,,,"י""ח",454,ל  גרם,false,1,14.30,3.15,false,1,
5202300014496,false,ולפלקס ספרי חזק מאד,דיפלומט מפיצים 1968 בעמ,,,"י""ח",250,"ל  מ""ל",false,1,34.70,13.88,true,1,
5205427014899,false,מיני מאפים במילוי ביונד מיט 300ג,ג.וילי פוד אינטרנשיונל בעמ,,,"י""ח",300,ל  גרם,false,1,36.90,12.30,false,1,
5208049006655,false,פאל מאל אקסטרה מנדרינה בודד,גלוברנדס בעמ,,,"י""ח",1,,false,1,28,28,false,1,
5391523057936,false,"סימילאק גולד שלב 2 700מ""ל",שקד תבל בעמ ***,,,"י""ח",700,ל  גרם,false,1,69.90,9.99,false,1,
5391523058063,false,סימילק אדוונס פלוס שלב1 700ג,שקד תבל בעמ ***,,,"י""ח",700,ל  גרם,false,1,69.90,9.99,true,1,
5391523058070,false,סימילק אדוונס פלוס שלב3 700ג,שקד תבל בעמ ***,,,"י""ח",700,ל  גרם,false,1,69.90,9.99,true,1,
5410076379378,false,"טייד קולור 5ק""ג",דיפלומט מפיצים 1968 בעמ,,,"י""ח",5,"ק""ג",false,1,36.90,7.38,true,1,
5410091648176,false,דאודורנט רול און FA,הנקל סוד בעמ,,,"י""ח",50,"ל  מ""ל",false,1,10.90,21.80,true,1,
5410091677992,false,"סאיוס ספריי מקס הולד 400מ""ל.",הנקל סוד בעמ,,,"י""ח",400,"ל  מ""ל",false,1,29.90,7.48,true,1,
5410091708948,false,"סאיוס מוס קרטין סטיילינג 250מ""ל",הנקל סוד בעמ,,,"י""ח",250,"ל  מ""ל",false,1,27.50,11,true,1,
5410091708955,false,"סאיוס ספריי קרטין סטיילינג  400מ""ל",הנקל סוד בעמ,,,"י""ח",400,"ל  מ""ל",false,1,29.90,7.48,true,1,
5410126006339,false,לוטוס ביסקויט בטעם  קרמל 124ג,דיפלומט מפיצים (1968) בעמ**,,,"י""ח",124,ל  גרם,false,1,5.90,4.76,false,1,
5410126006377,false,עוגיות לוטוס סנדוויץ בטעם וניל 150גר,דיפלומט מפיצים (1968) בעמ**,,,"י""ח",150,ל  גרם,false,1,9.90,6.60,false,1,
5410126106022,false,לוטוס ביסקויט מארז חג 2*250ג.,דיפלומט מפיצים (1968) בעמ**,,,"י""ח",500,ל  גרם,false,1,17.90,3.58,true,1,
5410126116953,false,ממרח לוטוס קרמל 400ג,דיפלומט מפיצים (1968) בעמ**,,,"י""ח",312,ל  גרם,false,1,22.90,7.34,false,1,
5410126716016,false,לוטוס ביסקויט בטעם קרמל 250 גרם,דיפלומט מפיצים (1968) בעמ**,,,"י""ח",250,ל  גרם,false,1,12.90,5.16,false,1,
5410228267515,false,"בירה באדוויזר 1/6 330מ""ל",הכרם משקאות חריפים בעמ,,,"י""ח",1.98,ליטר,false,1,31.70,15.10,true,1,
5410291022011,false,ממרח צ`וקטה אגוזי לוז עם קקאו 350גרם,ש.שסטוביץ בעמ,,,"י""ח",385,ל  גרם,false,1,10.90,2.83,false,1,
5410291022752,false,ממרח צ`וקטה פרווה 350ג,ש.שסטוביץ בעמ,,,"י""ח",350,ל  גרם,false,1,10.90,3.11,false,1,
5410291022776,false,ממרח צ`וקטה פרווה 700ג,ש.שסטוביץ בעמ,,,"י""ח",700,ל  גרם,false,1,18.90,2.70,false,1,
5410316983693,false,וודקה סמירנוף אייס בודד 275 מ``ל.,החברה המרכזית להפצת משקאות בעמ,,,"י""ח",275,"ל  מ""ל",false,1,14,4.98,false,1,
5410316994019,false,וודקה סמירנוף אדום 700,החברה המרכזית להפצת משקאות בעמ,,,"י""ח",750,"ל  מ""ל",false,1,62.90,8.35,true,1,
5410769800097,false,"בירה צ`רי  שוף 8%  330מ""ל",הכרם משקאות חריפים בעמ,,,"י""ח",330,"ל  מ""ל",false,1,14.90,4.42,true,1,
5411188080268,false,אלפרו סויה אורגני 1ל אלפרו,שטראוס גרופ בעמ,,,"י""ח",1,ליטר,false,1,15.90,15.90,true,1,
5411188096108,false,אלפרו סויה לבישול  5%,שטראוס גרופ ***בעמ,,,"י""ח",250,"ל  מ""ל",false,1,9.90,3.96,true,1,
5411188110835,false,אלפרו חלב סויה שקדים,שטראוס גרופ בעמ,,,"י""ח",1,ליטר,false,1,13.90,13.90,true,1,
5411188112709,false,אלפרו שקדים ללא סוכר 1ל,שטראוס גרופ בעמ,,,"י""ח",1,ליטר,false,1,13.90,13.90,true,1,
5411188115366,false,אלפרו משקה שיבולת שועל 1ל,שטראוס גרופ בעמ,,,"י""ח",1,ליטר,false,1,13.90,13.90,true,1,
5411188115434,false,אלפרו בריסטה סויה 1ליטר,שטראוס גרופ בעמ,,,"י""ח",1,ליטר,false,1,15.90,15.90,true,1,
5411188115472,false,אלפרו סויה 1ל אלפרו,שטראוס גרופ בעמ,,,"י""ח",1,ליטר,false,1,13.90,13.90,true,1,
5411188120742,false,אלפרו משקה שקדים טעם וניל  1ל,שטראוס גרופ בעמ,,,"י""ח",1,ליטר,false,1,13.90,13.90,true,1,
5411188120957,false,"אלפרו קוקוס לבישול 250מ""ל",שטראוס גרופ ***בעמ,,,"י""ח",250,"ל  מ""ל",false,1,9.90,3.96,true,1,
5411188121923,false,אלפרו סויה סידן  1/3,שטראוס גרופ בעמ,,,"י""ח",750,"ל  מ""ל",false,1,15.90,2.12,true,1,
5411188121978,false,אלפרו סויה שוקו 1/3,שטראוס גרופ בעמ,,,"י""ח",750,"ל  מ""ל",false,1,15.90,2.12,true,1,
5411188122586,false,"אלפרו משקה שקדים 250מ""ל",שטראוס גרופ בעמ,,,"י""ח",250,"ל  מ""ל",false,1,6.50,2.60,true,1,
5411188127697,false,אלפרו בריסטה שיבולת שועל  1ליטר,שטראוס גרופ בעמ,,,"י""ח",1,ליטר,false,1,13.90,13.90,true,1,
5411188129899,false,אלפרו בריסטה שקדים  1ליטר,שטראוס גרופ בעמ,,,"י""ח",1,ליטר,false,1,13.90,13.90,true,1,
5411188133476,false,"אלפרו משקה סויה שוקו עם חלבון 250מ""ל",שטראוס גרופ בעמ,,,"י""ח",250,"ל  מ""ל",false,1,6.90,2.76,true,1,
5411188133490,false,"אלפרו משקה סויה קפה קרמל עם חלבון 250מ""ל",שטראוס גרופ בעמ,,,"י""ח",750,"ל  מ""ל",false,1,6.90,0.92,true,1,
5411188134985,false,אלפרו 3.5%שומן MLKשיבולת שועל  1ליטר,שטראוס גרופ ***בעמ,,,"י""ח",1,ליטר,false,1,13.90,13.90,true,1,
5411188135005,false,אלפרו 1.8%שומן MLKשיבולת שועל  1ליטר,שטראוס גרופ ***בעמ,,,"י""ח",1,ליטר,false,1,13.90,13.90,true,1,
5411188300328,false,חלב סויה שוקו 1ל אלפרו,שטראוס גרופ בעמ,,,"י""ח",1,ליטר,false,1,15.90,15.90,true,1,
5411188513483,false,"אלפרו סויה לבישול 14% שומן 250מ""ל",שטראוס גרופ ***בעמ,,,"י""ח",250,"ל  מ""ל",false,1,9.90,3.96,true,1,
5411188543398,false,אלפרו סויה ללא סוכר 1ל אלפרו,שטראוס גרופ בעמ,,,"י""ח",1,ליטר,false,1,13.90,13.90,true,1,
5411718911963,false,"סיידר אלכוהולי 330מ""ל בודד סטרונגבואו",טמפו משקאות בעמ,,,"י""ח",330,"ל  מ""ל",false,1,8.20,2.39,false,1,
5413149922907,false,"אריאל 5ק""ג קולור",דיפלומט מפיצים 1968 בעמ,,,"י""ח",5,"ק""ג",false,1,44.90,8.98,true,1,
5413149922938,false,"אריאל 5 ק""ג שושן צחור",דיפלומט מפיצים 1968 בעמ,,,"י""ח",5,"ק""ג",false,1,44.90,8.98,true,1,
5413149930025,false,"טייד 5ק""ג רגיל",דיפלומט מפיצים 1968 בעמ,,,"י""ח",5,"ק""ג",false,1,36.90,7.38,true,1,
5601008200451,false,גודיס עוגיות מצופות שוק.מריר,ש.שסטוביץ בעמ,,,"י""ח",150,ל  גרם,false,1,5.90,3.93,true,1,
5601045300022,false,"גוארנה אנטרטיקה 330מ""ל",טמפו משקאות בעמ,,,"י""ח",330,"ל  מ""ל",false,1,5.90,1.70,false,1,
5601217129420,false,וולייט דפים 20יח,רקיט בנקיזר (ניר איסט) בעמ,,,"י""ח",20,"י""ח",false,1,19.90,1,false,1,
5701932026964,false,הוטפופ מלוח 600 גרם,ליימן שליסל,,,"י""ח",600,ל  גרם,false,1,16.90,2.82,true,1,
5701932026971,false,הוטפופ חמאה 600 גרם,ליימן שליסל,,,"י""ח",600,ל  גרם,false,1,16.90,2.82,true,1,
5701932026995,false,הוטפופ לייט טבעי 500גר.,ליימן שליסל,,,"י""ח",510,ל  גרם,false,1,16.90,3.31,true,1,
5706516031358,false,הוטפופ 100 קלוריות 5שק`,ליימן שליסל,,,"י""ח",1,,false,1,16.90,16.90,true,1,
5706516110039,false,הוטפופ מלוח 600 גרם,ליימן שליסל,,,"י""ח",600,ל  גרם,false,1,16.90,2.82,true,1,
5711953106583,false,גבינת  ארלה שמנת 24% שומן   200גר,שטראוס גרופ ***בעמ,,,"י""ח",200,ל  גרם,false,1,14.90,7.45,true,1,
5711953106590,false,גבינת שמנת 24% שומן עם שום  200ג.,שטראוס גרופ ***בעמ,,,"י""ח",200,ל  גרם,false,1,14.90,7.45,true,1,
5711953106606,false,גבינת שמנת 24% שומן עם עשבי תיבול  200,שטראוס גרופ ***בעמ,,,"י""ח",200,ל  גרם,false,1,14.90,7.45,true,1,
5711953148347,false,גבינת שמנת טבעי ארלה 300ג,שטראוס גרופ ***בעמ,,,"י""ח",300,ל  גרם,false,1,24.90,8.30,true,1,
5740900403215,false,ממרח לורפק עם מלח 250גר,שטראוס גרופ ***בעמ,,,"י""ח",250,ל  גרם,false,1,16.90,6.76,true,1,
5740900403222,false,ממרח לורפק עם מלח מופחת שומן 250גר,שטראוס גרופ ***בעמ,,,"י""ח",250,ל  גרם,false,1,16.90,6.76,true,1,
5740900403239,false,.ממרח לורפק ללא מלח 250גר,שטראוס גרופ ***בעמ,,,"י""ח",250,ל  גרם,false,1,16.90,6.76,true,1,
5740900403246,false,ממרח לורפק ללא מלח 500גר,שטראוס גרופ ***בעמ,,,"י""ח",500,ל  גרם,false,1,27.90,5.58,true,1,
5740900403253,false,ממרח לורפק עם מלח 500גר,שטראוס גרופ ***בעמ,,,"י""ח",500,ל  גרם,false,1,27.90,5.58,true,1,
5740900403260,false,ממרח לורפק ללא מלח מופחת שומן 250גר,שטראוס גרופ ***בעמ,,,"י""ח",250,ל  גרם,false,1,16.90,6.76,true,1,
5740900403864,false,לורפק חמאה עם מלח  200גר,שטראוס גרופ ***בעמ,,,"י""ח",200,ל  גרם,false,1,11.50,5.75,true,1,
5900017062419,false,"תחליב רחצה ורדים ושמן שקדים 750מ""ל",אלפא ב.ד.ף בעמ,,,"י""ח",750,"ל  מ""ל",false,1,15.90,2.12,true,1,
5900020012814,false,נסקוויק 500גר`,קבוצת אוסם סחר-שות.מוגבלת,,,"י""ח",500,ל  גרם,false,1,19.90,3.98,true,1,
5900020015174,false,פיטנס חטיף דגנים שוקולד 141ג,קבוצת אוסם סחר-שות.מוגבלת,,,"י""ח",141,ל  גרם,false,1,15.90,11.28,true,1,
5900020018908,false,פיטנס חטיף דגנים קרם עוגיות  141ג,קבוצת אוסם סחר-שות.מוגבלת,,,"י""ח",141,ל  גרם,false,1,15.90,11.28,true,1,
5900020020710,false,מארז   קראנץ`בר שוקו וניל 6*25גר,קבוצת אוסם סחר-שות.מוגבלת,,,"י""ח",150,ל  גרם,false,1,15.70,10.47,true,1,
5900020020741,false,נסקוויק בר דגנים שוקו שוקו 6*25גר,קבוצת אוסם סחר-שות.מוגבלת,,,"י""ח",150,ל  גרם,false,1,15.70,10.47,true,1,
5900020024770,false,פיטנס בר דליס שוקולד אגוז 135ג,קבוצת אוסם סחר-שות.מוגבלת,,,"י""ח",135,ל  גרם,false,1,15.90,11.78,true,1,
5900020025647,false,פיטנס בר דליס שוקולד חלב 135ג,קבוצת אוסם סחר-שות.מוגבלת,,,"י""ח",135,ל  גרם,false,1,15.90,11.78,true,1,
5900020025807,false,סיני מיניס מהדורת קיץ,קבוצת אוסם סחר-שות.מוגבלת,,,"י""ח",350,ל  גרם,false,1,15.60,4.46,false,1,
5900020026552,false,האני נאט צ`יריוס עידן הקרח 625גר,קבוצת אוסם סחר-שות.מוגבלת,,,"י""ח",615,ל  גרם,false,1,19.90,3.24,true,1,
5900020029669,false,פיטנס חטיף דגניפ פירות יער 6*23.5ג,קבוצת אוסם סחר-שות.מוגבלת,,,"י""ח",135,ל  גרם,false,1,16.90,12.52,true,1,
5900020034991,false,דגני בוקר קראנץ צדפים טעם שוקולד 450גר,קבוצת אוסם סחר-שות.מוגבלת,,,"י""ח",450,ל  גרם,false,1,19.90,4.42,true,1,
5900020036407,false,סיני מיניס קרייזי קראש 410גר.,קבוצת אוסם סחר-שות.מוגבלת,,,"י""ח",410,ל  גרם,false,1,19.90,4.85,true,1,
5900020039590,false,פיטנס חטיף דגנים קלאסי 6.8*23.5גר פרווה,קבוצת אוסם סחר-שות.מוגבלת,,,"י""ח",141,ל  גרם,false,1,15.70,11.13,true,1,
5900020039620,false,פיטנס חטיף דגנים שקדים 6.8*23.5גר פרוו,קבוצת אוסם סחר-שות.מוגבלת,,,"י""ח",141,ל  גרם,false,1,15.70,11.13,true,1,
5900627063233,false,פיניש 50 טבליות AIO  MAX,רקיט בנקיזר (ניר איסט) בעמ,,,"י""ח",50,"י""ח",false,1,39.90,0.80,true,1,
5900627066715,false,פיניש 100 טבליות AIO,רקיט בנקיזר (ניר איסט) בעמ,,,"י""ח",100,"י""ח",false,1,59.90,0.60,true,1,
5900907000583,false,מלפפון בחומץ 900 גרם,דברים טובים סגל בעמ,,,"י""ח",900,ל  גרם,false,1,15.20,1.69,false,1,
5900907001429,false,אסורטי 920 גרם,דברים טובים סגל בעמ,,,"י""ח",900,ל  גרם,false,1,15.20,1.69,false,1,
5900907001450,false,מלפפונים במלח 900 גרם,דברים טובים סגל בעמ,,,"י""ח",900,ל  גרם,false,1,15.20,1.69,false,1,
5900951283963,false,סניקרס קרימי חמאת בוטנים  36.5גר,מרס ריגלי ישראל בעמ,,,"י""ח",36,ל  גרם,false,1,4.50,12.50,true,1,
5901414200411,false,היט מינ שוק 130ג,ליימן שליסל,,,"י""ח",130,ל  גרם,false,1,6.90,5.31,true,1,
5901483010706,false,תה וורדים,דברים טובים סגל בעמ,,,"י""ח",50,ל  גרם,false,1,8.90,17.80,false,1,
5901483020101,false,תה פטל,דברים טובים סגל בעמ,,,"י""ח",37.50,ל  גרם,false,1,8.90,23.73,false,1,
5901483020200,false,תה אוכמניות 25יחי,דברים טובים סגל בעמ,,,"י""ח",500,ל  גרם,false,1,8.90,1.78,false,1,
5901483060206,false,תה מנטה  2ג*25שק,דברים טובים סגל בעמ,,,"י""ח",500,ל  גרם,false,1,8.90,1.78,false,1,
5901483060404,false,תה בבונג,דברים טובים סגל בעמ,,,"י""ח",50,ל  גרם,false,1,8.90,17.80,false,1,
5901888020546,false,חטיף דגנים עם קינואה ומלח ים 70גר,דנשר (1963) בעמ,,,"י""ח",70,"ל  מ""ל",false,1,12.90,18.43,false,1,
5901888020560,false,חטיף דגנים עם קינואה טעם עשבי תיבול 70,דנשר (1963) בעמ,,,"י""ח",70,ל  גרם,false,1,12.90,18.43,false,1,
5902198160403,false,משקה אנרגיה XL TEN,טמפו משקאות בעמ,,,"י""ח",250,"ל  מ""ל",false,1,4,1.48,true,1,
5904941750312,false,משקה אנרגיה בלו מוחיטו,בני פאוזי שמשום (2009) בעמ,,,"י""ח",250,"ל  מ""ל",false,1,4.50,1.68,true,1,
5904941751302,false,משקה אנרגיה בלו רגולר  כחול,בני פאוזי שמשום (2009) בעמ,,,"י""ח",250,"ל  מ""ל",false,1,3.90,1.44,true,1,
5904941751715,false,משקה אנרגיה בלו רגולר קרנברי,בני פאוזי שמשום (2009) בעמ,,,"י""ח",250,"ל  מ""ל",false,1,3.90,1.44,true,1,
5904941751920,false,משקה אנרגיה בלו day,בני פאוזי שמשום (2009) בעמ,,,"י""ח",250,"ל  מ""ל",false,1,4.50,1.68,true,1,
5904941751975,false,משקה אנרגיה בלו day ענבים,בני פאוזי שמשום (2009) בעמ,,,"י""ח",250,"ל  מ""ל",false,1,4.50,1.68,true,1,
5906485301012,false,משקה אנרגיה XL,טמפו משקאות בעמ,,,"י""ח",250,"ל  מ""ל",false,1,4,1.48,true,1,
5998710131877,false,ממתק שוקולד CHERRY QUEEN,דילר בי.אמ.די.אינטרנשיונל בעמ,,,"י""ח",36,ל  גרם,false,1,3.90,10.83,true,1,
6008165003984,false,פל מאל כחול בודד,גלוברנדס בעמ,,,"י""ח",1,,false,1,29.50,29.50,false,1,
6008165271192,false,פאל מאל אדום ארוך,גלוברנדס בעמ,,,"י""ח",1,,false,1,29.50,29.50,false,1,
6008165274629,false,פאל מאל כחול ארוך סטרים,גלוברנדס בעמ,,,"י""ח",0,"י""ח",false,1,29.50,29.50,false,1,
6009188004828,false,קיט קאט צ`אנקי לבן 40גר,קבוצת אוסם סחר-שות.מוגבלת,,,"י""ח",40,ל  גרם,false,1,3.90,9.75,true,1,
6111049000051,false,סרדינים בשמן סויה עם פלפל חריף,ויצמן פרימיום בעמ,,,"י""ח",1,,false,1,4.90,4.90,false,1,
6111049000150,false,סרדינים בשמן סויה עם לימון,ויצמן פרימיום בעמ,,,"י""ח",1,,false,1,4.90,4.90,false,1,
6111049002055,false,סרדינים בשמן סויה,ויצמן פרימיום בעמ,,,"י""ח",1,,false,1,4.90,4.90,false,1,
6111119000011,false,"קוסקוס אורגינל פרידה 1ק""ג",ויצמן פרימיום בעמ,,,"י""ח",1,,false,1,12.90,12.90,false,1,
6118000061090,false,סרדינים מרוקאים בשמן סויה טנגיר 125גר,דין שיווק וקליה 2021 בעמ,,,"י""ח",120,ל  גרם,false,1,4.30,3.58,false,1,
6224000485764,false,"שיני שום קפואות 1ק""ג שקית",נטו מלינדה סחר בעמ,,,"י""ח",1,"ק""ג",false,1,19.90,19.90,false,1,
6901022100416,false,שום כתוש.,ביכורי השדה צפון 1994 ג.ד. בעמ,,,"י""ח",1,,false,1,9.90,9.90,false,1,
6910191800287,false,אצות נור בלו 10דף,מזרח ומערב יבוא ושיווק,,,"י""ח",10,"י""ח",false,1,13.90,1.39,true,1,
6912977000140,false,אטריות  שעועית 250ג,מזרח ומערב יבוא ושיווק,,,"י""ח",200,ל  גרם,false,1,8.90,4.45,true,1,
6921052701001,false,אצות וואקמה 40גרם,מזרח ומערב יבוא ושיווק,,,"י""ח",40,ל  גרם,false,1,8.90,22.25,false,1,
6921850620504,false,לד 15W אור יום אריזת 3יח,עולם הבית שיווק והפצה בעמ,,,"י""ח",3,"י""ח",false,1,24.90,8.30,false,1,
6922276100083,false,מחית וואסבי 43,מזרח ומערב יבוא ושיווק,,,"י""ח",500,ל  גרם,false,1,8.70,1.74,false,1,
6924485403252,false,טוש 12יח,צבע ומכחול (2014) בעמ,,,"י""ח",1,,false,1,9.90,9.90,false,1,
6924873100398,false,ספוג רחצה.,פ.ר.ל דיירקט בעמ,,,"י""ח",1,,false,1,5.90,5.90,false,1,
6930691021029,false,מרקר זוהר,צבע ומכחול (2014) בעמ,,,"י""ח",1,,false,1,9.90,9.90,false,1,
6934930849016,false,שמן חמניות  1 ליטר.,ישרא-בר שמנים ותבואות בעמ,,,"י""ח",1,ליטר,false,1,9.90,9.90,true,1,
6934931265266,false,סוללות 10יח גדול,עולם הבית שיווק והפצה בעמ,,,"י""ח",1,,false,1,9.90,9.90,false,1,
6934931265334,false,סוללות  קטן,עולם הבית שיווק והפצה בעמ,,,"י""ח",1,,false,1,9.90,9.90,false,1,
6935673035612,false,זוג כפפות משק בית אלוורה,מ.א.ייצור ויבוא מטליות בעמ,,,"י""ח",1,,false,1,6.80,6.80,false,1,
6935673035643,false,זוג כפפות משק בית אלוורה,מ.א.ייצור ויבוא מטליות בעמ,,,"י""ח",1,,false,1,6.80,6.80,false,1,
6936613888667,false,שום ארוז.,ביכורי השדה צפון 1994 ג.ד. בעמ,,,"י""ח",1,,false,1,7.90,7.90,true,1,
6936745600462,false,"מירין  500מ""ל",מזרח ומערב יבוא ושיווק,,,"י""ח",500,"ל  מ""ל",false,1,19.90,3.98,false,1,
6936745600783,false,"חומץ אורז-מיצוקאן  500מ""ל",מזרח ומערב יבוא ושיווק,,,"י""ח",500,"ל  מ""ל",false,1,15.90,3.18,false,1,
6938247142839,false,עפרון+מחק  איכותי,צבע ומכחול (2014) בעמ,,,"י""ח",1,,false,1,7.50,7.50,false,1,
6974640730167,false,פטריות שיטאקה 100גר.,מזרח ומערב יבוא ושיווק,,,"י""ח",100,ל  גרם,false,1,12.90,12.90,false,1,
7038513866304,false,ג ורדון מברשת שיניים,דנשר (1963) בעמ,,,"י""ח",1,,false,1,13.20,13.20,true,1,
7038516140418,false,ג ורדון מברשת שיניים טוטל קלין רביעייה,דנשר (1963) בעמ,,,"י""ח",1,,false,1,10.90,10.90,false,1,
7162108014006,false,סט מצעים נטורל יחיד,דהן פרוספר בעמ,,,"י""ח",1,,false,1,79.90,79.90,false,1,
7162108014013,false,סט מצעים נטורל מיטה וחצי,דהן פרוספר בעמ,,,"י""ח",1,,false,1,99.90,99.90,false,1,
7162108014020,false,סט מצעים נטורל  זוגי,דהן פרוספר בעמ,,,"י""ח",1,,false,1,109.90,109.90,false,1,
7162108014037,false,סט מצעים נטורל  1.8,דהן פרוספר בעמ,,,"י""ח",1,,false,1,109.90,109.90,false,1,
7162108015027,false,סט מצעים רויאל זוגי,דהן פרוספר בעמ,,,"י""ח",1,,false,1,109.90,109.90,false,1,
7162110039028,false,סט מצעים פאלטס זוגי,דהן פרוספר בעמ,,,"י""ח",1,,false,1,109.90,109.90,false,1,
7162111050022,false,סט מצעים פייזלי זוגי,דהן פרוספר בעמ,,,"י""ח",1,,false,1,109.90,109.90,false,1,
7162111052026,false,סט מצעים אריאן זוגי,דהן פרוספר בעמ,,,"י""ח",1,,false,1,109.90,109.90,false,1,
7162203009006,false,שמיכת חורף פנסי יחיד,דהן פרוספר בעמ,,,"י""ח",1,,false,1,79.90,79.90,false,1,
7162203009013,false,שמיכת חורף פנסי זוגי,דהן פרוספר בעמ,,,"י""ח",1,,false,1,89.90,89.90,false,1,
7162203014000,false,כרית שינה באבא,דהן פרוספר בעמ,,,"י""ח",1,,false,1,49.90,49.90,false,1,
7162203032004,false,פוף לתינוק 100% כותנה דגם דיאמונד,דהן פרוספר בעמ,,,"י""ח",1,,false,1,99.90,99.90,false,1,
7162203038006,false,סט מצעים קמאו יחיד,דהן פרוספר בעמ,,,"י""ח",1,,false,1,79.90,79.90,false,1,
7162203038013,false,סט מצעים קמאו מיטה וחצי,דהן פרוספר בעמ,,,"י""ח",1,,false,1,99.90,99.90,false,1,
7162203038020,false,סט מצעים נטורל  זוגי,דהן פרוספר בעמ,,,"י""ח",1,,false,1,109.90,109.90,false,1,
7162203038037,false,סט מצעים קמאו  1.8,דהן פרוספר בעמ,,,"י""ח",1,,false,1,109.90,109.90,false,1,
7162204035004,false,שמיכת כבש ממולאת פפיטה יחיד,דהן פרוספר בעמ,,,"י""ח",1,,false,1,99.90,99.90,false,1,
7162204035011,false,שמיכת כבש ממולאת פפיטה זוגי,דהן פרוספר בעמ,,,"י""ח",1,,false,1,119.90,119.90,false,1,
7162204036001,false,שמיכת כבש ממולאת טיטניום יחיד,דהן פרוספר בעמ,,,"י""ח",1,,false,1,99.90,99.90,false,1,
7162204036018,false,שמיכת כבש ממולאת פיטניום זוגי,דהן פרוספר בעמ,,,"י""ח",1,,false,1,119.90,119.90,false,1,
7162204037008,false,שמיכת כבש ממולאת קרול יחיד,דהן פרוספר בעמ,,,"י""ח",1,,false,1,99.90,99.90,false,1,
7162204037015,false,שמיכת כבש ממולאת קרול זוגי,דהן פרוספר בעמ,,,"י""ח",1,,false,1,119.90,119.90,false,1,
7162204075000,false,סט מצעים דובון בסטייל יחיד,דהן פרוספר בעמ,,,"י""ח",1,,false,1,69.90,69.90,false,1,
7162204075017,false,סט מצעים דובון בסטייל מיטה וחצי,דהן פרוספר בעמ,,,"י""ח",1,,false,1,79.90,79.90,false,1,
7162204075024,false,סט מצעים דובון בסטייל זוגי,דהן פרוספר בעמ,,,"י""ח",1,,false,1,89.90,89.90,false,1,
7162205033009,false,סט מצעים חורף אנגורה יחיד,דהן פרוספר בעמ,,,"י""ח",1,,false,1,109.90,109.90,false,1,
7162205033016,false,סט מצעים חורף אנגורה מיטה וחצי,דהן פרוספר בעמ,,,"י""ח",1,,false,1,129.90,129.90,false,1,
7162205033023,false,סט מצעים חורף אנגורה זוגי,דהן פרוספר בעמ,,,"י""ח",1,,false,1,139.90,139.90,false,1,
7162205073005,false,סט מצעים חורף אלטה יחיד,דהן פרוספר בעמ,,,"י""ח",1,,false,1,109.90,109.90,false,1,
7162205073012,false,סט מצעים חורף אלטה מיטה וחצי,דהן פרוספר בעמ,,,"י""ח",1,,false,1,129.90,129.90,false,1,
7162205073029,false,סט מצעים חורף אלטה זוגי,דהן פרוספר בעמ,,,"י""ח",1,,false,1,139.90,139.90,false,1,
7162205089013,false,סט מצעים דיאנה מיטה וחצי,דהן פרוספר בעמ,,,"י""ח",1,,false,1,99.90,99.90,false,1,
7162205089020,false,סט מצעים דיאנה זוגי,דהן פרוספר בעמ,,,"י""ח",1,,false,1,109.90,109.90,false,1,
7162205089037,false,סט מצעים דיאנה  1.8,דהן פרוספר בעמ,,,"י""ח",1,,false,1,109.90,109.90,false,1,
7200029736291,false,"קמח  מנופה 1ק""ג שטיבל כחול",ח.כהן סוכנות מזון ומשקאות בע,,,"י""ח",1,"ק""ג",false,1,7.90,7.90,false,1,
7262626014158,false,בובה מנגנת,ביג מול בעמ,,,"י""ח",1,,false,1,29.90,29.90,false,1,
7262626111222,false,"דובי 23ס""מ מיקס 6 צבעים",ביג מול בעמ,,,"י""ח",1,,false,1,19.90,19.90,false,1,
7271730901261,false,פסטה עם גבינה 156ג,מור ים מרקטינג בעמ,,,"י""ח",156,ל  גרם,false,1,11.90,7.63,false,1,
7290000000695,false,אספרגוס,ביכורי השדה צפון 1994 ג.ד. בעמ,,,"י""ח",1,,false,1,29.90,29.90,false,1,
7290000000794,false,סלרי חתוך,ביכורי השדה צפון 1994 ג.ד. בעמ,,,"י""ח",1,,false,1,5.90,5.90,true,1,
7290000000978,false,גלאט קטיף,ביכורי השדה צפון 1994 ג.ד. בעמ,,,"י""ח",1,,false,1,6.90,6.90,true,1,
7290000000985,false,גלאט קטיף פטרוזיליה.,ביכורי השדה צפון 1994 ג.ד. בעמ,,,"י""ח",1,,false,1,5.90,5.90,true,1,
7290000001401,false,מנגולד גלאט שמיטה,ביכורי השדה צפון 1994 ג.ד. בעמ,,,"י""ח",1,,false,1,6.90,6.90,false,1,
7290000001579,false,סלרי עלים גלאט,ביכורי השדה צפון 1994 ג.ד. בעמ,,,"י""ח",1,,false,1,5.90,5.90,true,1,
7290000001586,false,גלאט קטיף שמיר,ביכורי השדה צפון 1994 ג.ד. בעמ,,,"י""ח",1,,false,1,6.90,6.90,true,1,
7290000001616,false,כוסברה מהדרין,ביכורי השדה צפון 1994 ג.ד. בעמ,,,"י""ח",1,,false,1,5.90,5.90,true,1,
7290000023007,false,סטוק }84  ברנדי{כש,טמפו משקאות בעמ,,,"י""ח",750,ל  גרם,false,1,79.90,10.61,false,1,
7290000023083,false,"ארק אשקלון 40% 700מ""ל",טמפו משקאות בעמ,,,"י""ח",700,"ל  מ""ל",false,1,55.90,7.94,true,1,
7290000024523,false,תירוש של סגל 1ל.,טמפו משקאות בעמ,,,"י""ח",7.50,"י""ח",false,1,15.90,2.08,true,1,
7290000034256,false,ביסקוויט הדר תירוש חצי מצופה  175ג,ח.כהן סוכנות מזון ומשקאות בע,,,"י""ח",175,ל  גרם,false,1,5.90,3.37,true,1,
7290000040042,false,יופלה תות 3%,תנובה בעמ ***,,,"י""ח",150,"ל  מ""ל",false,1,5,3.33,false,1,
7290000040066,false,יופלה דובדבן,תנובה בעמ ***,,,"י""ח",150,"ל  מ""ל",false,1,5,3.33,false,1,
7290000040080,false,יופלה אפרסק,תנובה בעמ ***,,,"י""ח",150,"ל  מ""ל",false,1,5,3.33,false,1,
7290000040301,false,קממבר 125   ג`תנובה,תנובה בעמ ***,,,"י""ח",125,ל  גרם,false,1,17.90,14.32,false,1,
7290000040462,false,טוסטי עמק אמריקאי אדם 200גר,תנובה בעמ ***,,,"י""ח",200,ל  גרם,false,1,17.90,8.95,false,1,
7290000041407,false,גילה 125,תנובה בעמ ***,,,"י""ח",125,"ל  מ""ל",false,1,0.90,0.72,false,1,
7290000041858,false,שמנת יוטבתה 200,שטראוס גרופ ***בעמ,,,"י""ח",200,"ל  מ""ל",false,1,2.40,1.20,true,1,
7290000041865,false,לבן 4.5%,שטראוס גרופ ***בעמ,,,"י""ח",200,"ל  מ""ל",false,1,2,1,true,1,
7290000042015,false,חלב שקית   מהדרין 3%  תנובה*,תנובה בעמ ***,,,"י""ח",1,ליטר,false,1,5.43,5.43,false,1,
7290000042435,false,חלב  קרטון דל שומן 1  ל תנובה 1%,תנובה בעמ ***,,,"י""ח",1,ליטר,false,1,5.86,5.86,false,1,
7290000042640,false,"חלב עמיד 250 מ""ל",תנובה בעמ ***,,,"י""ח",250,"ל  מ""ל",false,1,2.60,1.04,false,1,
7290000042855,false,שוקו יטבתה 250,שטראוס גרופ ***בעמ,,,"י""ח",225,"ל  מ""ל",false,1,2.90,1.29,true,1,
7290000043012,false,"שוקו עמיד קרטון 250מ""ל 2%",תנובה בעמ ***,,,"י""ח",250,"ל  מ""ל",false,1,4.70,1.88,false,1,
7290000043814,false,"שמנת עמידה  38% להקצפה 250  מ""ל*(תנובה",תנובה בעמ ***,,,"י""ח",250,"ל  מ""ל",false,1,6.47,2.59,false,1,
7290000043890,false,ריויון 1 ליטר קרטון 1.5% שומן,תנובה בעמ ***,,,"י""ח",1.0350,ליטר,false,1,11.50,11.11,false,1,
7290000043944,false,יוגורט  בכד 1.5 ליטר 4.5%,תנובה בעמ ***,,,"י""ח",1.50,ליטר,false,1,16.50,11,false,1,
7290000044712,false,".פרילי  תות 500 מ""ל.",תנובה בעמ ***,,,"י""ח",500,"ל  מ""ל",false,1,10.90,2.18,false,1,
7290000044880,false,באדי תות אננס,תנובה בעמ ***,,,"י""ח",500,"ל  מ""ל",false,1,8.90,1.78,false,1,
7290000045573,false,נעמה גבינה משולשת  200ג,תנובה בעמ ***,,,"י""ח",200,ל  גרם,false,1,15.20,7.60,false,1,
7290000045580,false,נעמה 240גר,תנובה בעמ ***,,,"י""ח",240,ל  גרם,false,1,18.10,7.54,false,1,
7290000045917,false,גבינת  עיזים(פרומעז) גליל 200גר,תנובה בעמ ***,,,"י""ח",1,,false,1,26.30,26.30,false,1,
7290000046020,false,"גלבוע  22% שקילה}גבנ""צ{*.",תנובה בעמ ***,,,"ק""ג",1000,ל  גרם,true,1,42.58,4.26,false,1,
7290000046327,false,גלבוע  פרוס]תנובה[ 200ג,תנובה בעמ ***,,,"י""ח",200,ל  גרם,false,1,12.90,6.45,false,1,
7290000046563,false,פרמזן  חריץ תנובה שקיל,תנובה בעמ ***,,,"ק""ג",1000,ל  גרם,true,1,113,11.30,false,1,
7290000047546,false,כנען 500 ג,תנובה בעמ ***,,,"י""ח",500,ל  גרם,false,1,23.90,4.78,false,1,
7290000047942,false,גבינה לבנה 9% רכה 250 גרם,תנובה בעמ ***,,,"י""ח",250,ל  גרם,false,1,4.70,1.88,false,1,
7290000048185,false,גבינה%5  תנובה 250גרם*,תנובה בעמ ***,,,"י""ח",250,ל  גרם,false,1,4.98,1.99,false,1,
7290000048192,false,גבינה 9%  250 גרם,תנובה בעמ ***,,,"י""ח",250,ל  גרם,false,1,4.70,1.88,false,1,
7290000048413,false,חמד פיראוס 16% 250גר,תנובה בעמ ***,,,"י""ח",250,ל  גרם,false,1,17.90,7.16,false,1,
7290000048437,false,צפתית  פיראוס 200  ג%`5,תנובה בעמ ***,,,"י""ח",200,ל  גרם,false,1,14.90,7.45,false,1,
7290000056951,false,"שמנת לבישול 500 תנובה מ""ל",תנובה בעמ ***,,,"י""ח",500,"ל  מ""ל",false,1,15.90,3.18,false,1,
7290000058580,false,קוקילידה וניל,נגה גלידות,,,"י""ח",1,,false,1,9,9,true,1,
7290000060071,false,חטיפי פריכונים מאורז מלא.,קבוצת אוסם סחר-שות.מוגבלת,,,"י""ח",1,,false,1,8.30,8.30,false,1,
7290000060088,false,בייגלה מקלות מלוחים 400גרם,קבוצת אוסם סחר-שות.מוגבלת,,,"י""ח",400,ל  גרם,false,1,10.90,2.73,false,1,
7290000060156,false,אטריות ביצים דקות 200 גרם,קבוצת אוסם סחר-שות.מוגבלת,,,"י""ח",200,ל  גרם,false,1,7.90,3.95,true,1,
7290000060200,false,פתיתים אפויים 500 גרם אסם,קבוצת אוסם סחר-שות.מוגבלת,,,"י""ח",500,ל  גרם,false,1,6.90,1.38,true,1,
7290000060217,false,מקרוני פרומנטי,קבוצת אוסם סחר-שות.מוגבלת,,,"י""ח",500,ל  גרם,false,1,5.90,1.18,true,1,
7290000060248,false,פרומנטי פתיתים,קבוצת אוסם סחר-שות.מוגבלת,,,"י""ח",500,ל  גרם,false,1,5.90,1.18,true,1,
7290000060408,false,טבעות פתיתים 500 גרם,קבוצת אוסם סחר-שות.מוגבלת,,,"י""ח",500,ל  גרם,false,1,6.90,1.38,true,1,
7290000060415,false,לזניה לה 500  ג` פרפקטו אוסם,קבוצת אוסם סחר-שות.מוגבלת,,,"י""ח",500,ל  גרם,false,1,15.90,3.18,false,1,
7290000060576,false,פתיתים אפויים כוכבים 500,קבוצת אוסם סחר-שות.מוגבלת,,,"י""ח",500,"ל  מ""ל",false,1,6.90,1.38,true,1,
7290000060781,false,פרומנטי פתיתים מסולסלים אוסם,קבוצת אוסם סחר-שות.מוגבלת,,,"י""ח",500,ל  גרם,false,1,5.90,1.18,true,1,
7290000060811,false,אקסטרים מטבע ענק 120גר,נגה גלידות,,,"י""ח",120,ל  גרם,false,1,8,6.67,true,1,
7290000060828,false,פרומנטי  קרניים אוסם,קבוצת אוסם סחר-שות.מוגבלת,,,"י""ח",500,ל  גרם,false,1,5.90,1.18,true,1,
7290000060880,false,~פרומנטי ספגטי אוסם,קבוצת אוסם סחר-שות.מוגבלת,,,"י""ח",500,ל  גרם,false,1,5.90,1.18,true,1,
7290000060958,false,איטריות בינוניות אוסם,קבוצת אוסם סחר-שות.מוגבלת,,,"י""ח",400,ל  גרם,false,1,7.90,1.98,true,1,
7290000060965,false,איטריות רחבות אוסם,קבוצת אוסם סחר-שות.מוגבלת,,,"י""ח",400,ל  גרם,false,1,7.90,1.98,true,1,
7290000061061,false,קרם קרקר טעם בצל,קבוצת אוסם סחר-שות.מוגבלת,,,"י""ח",250,ל  גרם,false,1,10.90,4.36,true,1,
7290000061085,false,רוטב צ ילי מתוק אוסם,קבוצת אוסם סחר-שות.מוגבלת,,,"י""ח",290,"ל  מ""ל",false,1,11.90,4.10,true,1,
7290000061108,false,רוטב טריאקי,קבוצת אוסם סחר-שות.מוגבלת,,,"י""ח",290,"ל  מ""ל",false,1,11.90,4.10,true,1,
7290000061245,false,עוגיות שוקוציפס אוסם,קבוצת אוסם סחר-שות.מוגבלת,,,"י""ח",220,ל  גרם,false,1,10.90,4.95,true,1,
7290000061764,false,קפה  רד מאג 200גר`,קבוצת אוסם סחר-שות.מוגבלת,,,"י""ח",200,ל  גרם,false,1,21.40,10.70,false,1,
7290000062952,false,מיני קרוטונים למרק ולסלט אוסם,קבוצת אוסם סחר-שות.מוגבלת,,,"י""ח",250,ל  גרם,false,1,15.90,6.36,false,1,
7290000063102,false,קמח תופח 350גרם,קבוצת אוסם סחר-שות.מוגבלת,,,"י""ח",350,ל  גרם,false,1,5,1.43,false,1,
7290000063133,false,שקדי מרק  100 ג אוסם,קבוצת אוסם סחר-שות.מוגבלת,,,"י""ח",100,ל  גרם,false,1,5.90,5.90,false,1,
7290000063140,false,שקדי מרק 400  ג{אסם},קבוצת אוסם סחר-שות.מוגבלת,,,"י""ח",400,ל  גרם,false,1,10.90,2.73,true,1,
7290000063157,false,"קמח עוגה תופח 1 ק""ג",קבוצת אוסם סחר-שות.מוגבלת,,,"י""ח",1,"ק""ג",false,1,9.90,9.90,true,1,
7290000064758,false,קוסקוס 350 גרם אוסם,קבוצת אוסם סחר-שות.מוגבלת,,,"י""ח",350,ל  גרם,false,1,8.90,2.54,false,1,
7290000064871,false,מנה חמה פירה עם בצל,קבוצת אוסם סחר-שות.מוגבלת,,,"י""ח",87,ל  גרם,false,1,6.90,7.93,true,1,
7290000065090,false,מיני קרוטונים למרק וסלט אוסם,קבוצת אוסם סחר-שות.מוגבלת,,,"י""ח",400,ל  גרם,false,1,22.80,5.70,false,1,
7290000065335,false,"מנה חמה-פירה תפו""א",קבוצת אוסם סחר-שות.מוגבלת,,,"י""ח",55,ל  גרם,false,1,6.90,12.55,true,1,
7290000065557,false,מנה חמה-קוסקוס,קבוצת אוסם סחר-שות.מוגבלת,,,"י""ח",50,ל  גרם,false,1,6.90,13.80,true,1,
7290000066141,false,ביסלי  גריל}קטן{,קבוצת אוסם סחר-שות.מוגבלת,,,"י""ח",70,ל  גרם,false,1,3.90,5.57,true,1,
7290000066196,false,ביסלי  גדול גריל,קבוצת אוסם סחר-שות.מוגבלת,,,"י""ח",200,ל  גרם,false,1,8.90,4.45,true,1,
7290000066226,false,ביסלי פיצה}גדול{,קבוצת אוסם סחר-שות.מוגבלת,,,"י""ח",200,ל  גרם,false,1,8.90,4.45,true,1,
7290000066264,false,דובונים 40 גרם,קבוצת אוסם סחר-שות.מוגבלת,,,"י""ח",40,ל  גרם,false,1,5,12.50,true,1,
7290000066295,false,במבה תות 25 גרם,קבוצת אוסם סחר-שות.מוגבלת,,,"י""ח",30,ל  גרם,false,1,3.10,10.33,false,1,
7290000066318,false,במבה אסם{,קבוצת אוסם סחר-שות.מוגבלת,,,"י""ח",80,ל  גרם,false,1,4.30,5.38,true,1,
7290000066332,false,אפרופו 50 גרם,קבוצת אוסם סחר-שות.מוגבלת,,,"י""ח",50,ל  גרם,false,1,5,10,true,1,
7290000066349,false,אפרופו חטיף גדול,קבוצת אוסם סחר-שות.מוגבלת,,,"י""ח",100,ל  גרם,false,1,8.90,8.90,true,1,
7290000066431,false,פופקו חמאה ודבש,קבוצת אוסם סחר-שות.מוגבלת,,,"י""ח",80,ל  גרם,false,1,5.50,6.88,true,1,
7290000067407,false,פירורית מתובלת,קבוצת אוסם סחר-שות.מוגבלת,,,"י""ח",200,ל  גרם,false,1,6.40,3.20,false,1,
7290000067544,false,פירורית זהב 200 ג,קבוצת אוסם סחר-שות.מוגבלת,,,"י""ח",200,ל  גרם,false,1,6.90,3.45,true,1,
7290000067599,false,מנה חמה ספגטי בולונז,קבוצת אוסם סחר-שות.מוגבלת,,,"י""ח",55,ל  גרם,false,1,6.90,12.55,true,1,
7290000068084,false,פתי בר 1.750 אסם,קבוצת אוסם סחר-שות.מוגבלת,,,"י""ח",1.75,"ק""ג",false,1,26.80,15.31,false,1,
7290000068138,false,פודינג  וניל 80 ג אסם,קבוצת אוסם סחר-שות.מוגבלת,,,"י""ח",80,ל  גרם,false,1,5.90,7.38,true,1,
7290000068190,false,ג לי בטעם  תות אסם,קבוצת אוסם סחר-שות.מוגבלת,,,"י""ח",85,ל  גרם,false,1,6.90,8.12,false,1,
7290000068206,false,ג לי בטעם מישמש,קבוצת אוסם סחר-שות.מוגבלת,,,"י""ח",85,ל  גרם,false,1,5.90,6.94,false,1,
7290000068237,false,ג לי  בטעם פטל,קבוצת אוסם סחר-שות.מוגבלת,,,"י""ח",85,ל  גרם,false,1,6.90,8.12,false,1,
7290000068251,false,ג לי  בטעם אננס,קבוצת אוסם סחר-שות.מוגבלת,,,"י""ח",85,ל  גרם,false,1,5.90,6.94,false,1,
7290000068701,false,שקדי מרק  אוסם במיכל,קבוצת אוסם סחר-שות.מוגבלת,,,"י""ח",400,ל  גרם,false,1,17.30,4.33,false,1,
7290000068770,false,במבה יום הולדת 80 גרם,קבוצת אוסם סחר-שות.מוגבלת,,,"י""ח",80,ל  גרם,false,1,4.30,5.38,true,1,
7290000069258,false,פרפקטו פנה ריגאט,קבוצת אוסם סחר-שות.מוגבלת,,,"י""ח",500,ל  גרם,false,1,7.70,1.54,false,1,
7290000069364,false,~פריכונים מאורז מלא 140 ג`,קבוצת אוסם סחר-שות.מוגבלת,,,"י""ח",140,ל  גרם,false,1,7.70,5.50,false,1,
7290000070308,false,מרק עוף 400 ג  אמיתי אסם,קבוצת אוסם סחר-שות.מוגבלת,,,"י""ח",400,ל  גרם,false,1,17.90,4.48,false,1,
7290000070322,false,מרק פטריות 400 גרם,קבוצת אוסם סחר-שות.מוגבלת,,,"י""ח",400,ל  גרם,false,1,24.90,6.23,false,1,
7290000070353,false,מרק בצל 400 גרם,קבוצת אוסם סחר-שות.מוגבלת,,,"י""ח",400,ל  גרם,false,1,24.90,6.23,false,1,
7290000072241,false,רוטב פיצה בקבוק,קבוצת אוסם סחר-שות.מוגבלת,,,"י""ח",290,"ל  מ""ל",false,1,11.90,4.10,true,1,
7290000072623,false,קטשופ אסם 750 גרם,קבוצת אוסם סחר-שות.מוגבלת,,,"י""ח",750,ל  גרם,false,1,10.90,1.45,true,1,
7290000072630,false,קטשופ חריף אסם,קבוצת אוסם סחר-שות.מוגבלת,,,"י""ח",750,ל  גרם,false,1,11.90,1.59,false,1,
7290000072753,false,~קפה נמס טסטר צוייס 200 ג`,קבוצת אוסם סחר-שות.מוגבלת,,,"י""ח",200,ל  גרם,false,1,29.90,14.95,false,1,
7290000072777,false,קפה נמס טסטר צוייס ללא קפאין,קבוצת אוסם סחר-שות.מוגבלת,,,"י""ח",200,ל  גרם,false,1,35.90,17.95,false,1,
7290000072968,false,סיני מיניס 500גרם,קבוצת אוסם סחר-שות.מוגבלת,,,"י""ח",375,ל  גרם,false,1,19.90,5.31,true,1,
7290000073415,false,מנה חמה פסטה ברוטב פיצה,קבוצת אוסם סחר-שות.מוגבלת,,,"י""ח",61,ל  גרם,false,1,6.90,11.31,true,1,
7290000073750,false,מנה חמה נודלס בטעם עוף,קבוצת אוסם סחר-שות.מוגבלת,,,"י""ח",76,ל  גרם,false,1,6.90,9.08,true,1,
7290000073767,false,מנה חמה נודלס בקר,קבוצת אוסם סחר-שות.מוגבלת,,,"י""ח",76,ל  גרם,false,1,6.90,9.08,true,1,
7290000073774,false,מנה חמה אטריות ורוטב צ יל,קבוצת אוסם סחר-שות.מוגבלת,,,"י""ח",76,ל  גרם,false,1,6.90,9.08,true,1,
7290000074153,false,פתיבר שוקו 500 אוסם,קבוצת אוסם סחר-שות.מוגבלת,,,"י""ח",500,ל  גרם,false,1,13.90,2.78,true,1,
7290000074184,false,פתי בר אוסם 500 ג`,קבוצת אוסם סחר-שות.מוגבלת,,,"י""ח",500,ל  גרם,false,1,11.90,2.38,true,1,
7290000074245,false,קרקר 250 ג  מלוח,קבוצת אוסם סחר-שות.מוגבלת,,,"י""ח",250,ל  גרם,false,1,9.90,3.96,true,1,
7290000074252,false,קרקר שומשום 250,קבוצת אוסם סחר-שות.מוגבלת,,,"י""ח",250,ל  גרם,false,1,9.60,3.84,true,1,
7290000074276,false,קרקר טבעון250 גר פיקנ,קבוצת אוסם סחר-שות.מוגבלת,,,"י""ח",250,ל  גרם,false,1,10.90,4.36,true,1,
7290000074696,false,".קרם קרקר 1 ק""ג",קבוצת אוסם סחר-שות.מוגבלת,,,"י""ח",1,"ק""ג",false,1,27.90,27.90,true,1,
7290000074764,false,קרקר זהב 900 גרם,קבוצת אוסם סחר-שות.מוגבלת,,,"י""ח",900,ל  גרם,false,1,27.90,3.10,true,1,
7290000076126,false,שמיניות מלוח פאוור אישי 80גר,קבוצת אוסם סחר-שות.מוגבלת,,,"י""ח",80,ל  גרם,false,1,3.10,3.88,false,1,
7290000076133,false,בייגלה  שמיניה]אסם[400גרם,קבוצת אוסם סחר-שות.מוגבלת,,,"י""ח",400,ל  גרם,false,1,10.70,2.68,false,1,
7290000077017,false,#קרמעוגית במילוי שוקולד,קבוצת אוסם סחר-שות.מוגבלת,,,"י""ח",200,ל  גרם,false,1,11.90,5.95,true,1,
7290000078212,false,קרוטונים מתובלים אוסם,קבוצת אוסם סחר-שות.מוגבלת,,,"י""ח",250,ל  גרם,false,1,15.90,6.36,false,1,
7290000079233,false,קרם קרקר דל נתרן,קבוצת אוסם סחר-שות.מוגבלת,,,"י""ח",250,ל  גרם,false,1,10.90,4.36,true,1,
7290000081663,false,בייגלה טבעות עם שומשום 300גר,קבוצת אוסם סחר-שות.מוגבלת,,,"י""ח",300,ל  גרם,false,1,10.70,3.57,false,1,
7290000100029,false,פתיתי כרובית  800ג סנפרוסט,תנובה בשר,,,"י""ח",800,ל  גרם,false,1,19.90,2.49,true,1,
7290000100135,false,דובדבן קפוא 300ג  סנפרוסט,תנובה בשר,,,"י""ח",500,ל  גרם,false,1,16.90,3.38,true,1,
7290000101934,false,מיקס פירות יער מוקפא  300ג,תנובה בשר,,,"י""ח",300,ל  גרם,false,1,12.90,4.30,true,1,
7290000101941,false,אננס מוקפא 300ג,תנובה בשר,,,"י""ח",300,ל  גרם,false,1,16.90,5.63,true,1,
7290000104201,false,אפונה   עדינה(סנפרוסט )600ג`,תנובה בשר,,,"י""ח",600,ל  גרם,false,1,16.90,2.82,true,1,
7290000104218,false,במיה 600  ג}סנפרוסט{,תנובה בשר,,,"י""ח",800,ל  גרם,false,1,15.90,1.99,true,1,
7290000104683,false,שעועית שלמה 800 גרם סנפרוסט,תנובה בשר,,,"י""ח",800,ל  גרם,false,1,19.90,2.49,true,1,
7290000104690,false,תירס סנפרוסט 800 ג`,תנובה בשר,,,"י""ח",800,ל  גרם,false,1,17.90,2.24,true,1,
7290000104706,false,גזר גמדי 800 גרם,תנובה בשר,,,"י""ח",800,ל  גרם,false,1,16.90,2.11,true,1,
7290000104713,false,פול ירוק  800 גרם סנפרוסט,תנובה בשר,,,"י""ח",800,ל  גרם,false,1,22.90,2.86,true,1,
7290000104720,false,~שעועית חתוכה ירוקה 800 ג`,תנובה בשר,,,"י""ח",800,ל  גרם,false,1,17.90,2.24,true,1,
7290000104737,false,שעועית צהובה חתוכה 800 ג`,תנובה בשר,,,"י""ח",800,ל  גרם,false,1,17.90,2.24,true,1,
7290000104744,false,כרובית 800 גרם}סנפרוסט{,תנובה בשר,,,"י""ח",800,ל  גרם,false,1,23.90,2.99,true,1,
7290000104751,false,כרוב ניצנים 800 גרם,תנובה בשר,,,"י""ח",800,ל  גרם,false,1,23.90,2.99,true,1,
7290000104768,false,תרד עלים 800 גרם,תנובה בשר,,,"י""ח",800,ל  גרם,false,1,23.90,2.99,true,1,
7290000104775,false,תרד מדליון 800 גרם,תנובה בשר,,,"י""ח",800,ל  גרם,false,1,23.90,2.99,true,1,
7290000104799,false,שעועית   לבנה}סנפרוסט 800 גרם,תנובה בשר,,,"י""ח",1,"ק""ג",false,1,18.90,18.90,true,1,
7290000104805,false,גרגירי   חומוס(סנפרוסט{800גר,תנובה בשר,,,"י""ח",800,ל  גרם,false,1,18.90,2.36,true,1,
7290000104829,false,"קלחונים תירס 1 ק""ג",תנובה בשר,,,"י""ח",1,"ק""ג",false,1,19.90,19.90,true,1,
7290000104881,false,אפונה  וגזר}סנפרוסט {800ג`,תנובה בשר,,,"י""ח",800,ל  גרם,false,1,14.90,1.86,true,1,
7290000104911,false,לקט נורמנדי 800 גסנפרוסט,תנובה בשר,,,"י""ח",800,ל  גרם,false,1,21.90,2.74,true,1,
7290000106175,false,"לקט כפרי 2 ק""ג}סנפרוסט{",תנובה בשר,,,"י""ח",2,"ק""ג",false,1,38.90,19.45,true,1,
7290000107165,false,מנצ ו חטיף סויה 400 ג` סנפרוסט,תנובה בשר,,,"י""ח",400,ל  גרם,false,1,13.90,3.48,true,1,
7290000107189,false,ארטישוק   תחתיות}סנפרוסט{400גר,תנובה בשר,,,"י""ח",400,ל  גרם,false,1,20.90,5.23,true,1,
7290000107295,false,ברוקולי (800 סנפרוסט),תנובה בשר,,,"י""ח",800,ל  גרם,false,1,24.90,3.11,true,1,
7290000107615,false,לקט מנה אסייטית צבעונית 800גר סנפרוסט,תנובה בשר,,,"י""ח",800,ל  גרם,false,1,22.90,2.86,true,1,
7290000111063,false,מיונז תלמה 250גרם,יוניליוור ישראל שיווק בעמ,,,"י""ח",250,ל  גרם,false,1,6.50,2.60,false,1,
7290000111117,false,בדין לבן 4 ליטר,יוניליוור ישראל שיווק בעמ,,,"י""ח",4,ליטר,false,1,19.90,4.98,false,1,
7290000111186,false,מיונז 500 תלמה,יוניליוור ישראל שיווק בעמ,,,"י""ח",500,ל  גרם,false,1,8.90,1.78,false,1,
7290000111353,false,"מיונז 1 ק""ג תלמה",יוניליוור ישראל שיווק בעמ,,,"י""ח",1,"ק""ג",false,1,16.90,16.90,false,1,
7290000111384,false,חרדל 550 צנצנת תלמה,יוניליוור ישראל שיווק בעמ,,,"י""ח",550,ל  גרם,false,1,7.50,1.36,false,1,
7290000112220,false,טחינה גולמית בארכה 500גרם,קבוצת אוסם סחר-שות.מוגבלת,,,"י""ח",500,ל  גרם,false,1,13.90,2.78,false,1,
7290000112497,false,קנור עשיר עוף 68גרם,יוניליוור ישראל שיווק בעמ,,,"י""ח",68,ל  גרם,false,1,9.90,14.56,true,1,
7290000112619,false,מרק עוף   אמיתי{קנור}400גר.,יוניליוור ישראל שיווק בעמ,,,"י""ח",400,ל  גרם,false,1,17.90,4.48,true,1,
7290000116204,false,"מרק דגש 1 ק""ג",יוניליוור ישראל שיווק בעמ,,,"י""ח",1,מטר,false,1,15.90,15.90,true,1,
7290000116921,false,רוטב צ ילי מתוק 340גרם קנור,יוניליוור ישראל שיווק בעמ,,,"י""ח",340,"ל  מ""ל",false,1,10.90,3.21,true,1,
7290000117720,false,פטריות נמס 43 גרם,יוניליוור ישראל שיווק בעמ,,,"י""ח",43,ל  גרם,false,1,6.90,16.05,true,1,
7290000118277,false,קניידלך 65גרם*2יח,יוניליוור ישראל שיווק בעמ,,,"י""ח",130,ל  גרם,false,1,8.90,6.85,false,1,
7290000120836,false,מיונז הלמנס 394גרם,יוניליוור ישראל שיווק בעמ,,,"י""ח",394,ל  גרם,false,1,12.90,3.27,false,1,
7290000121017,false,גבינה שומרון 120 גרם,נטו מלינדה סחר בעמ,,,"י""ח",120,ל  גרם,false,1,8.90,7.42,false,1,
7290000121079,false,גבינה מון בלאן,נטו מלינדה סחר בעמ,,,"י""ח",120,ל  גרם,false,1,8.90,7.42,false,1,
7290000121093,false,גבינה מון בלאן,נטו מלינדה סחר בעמ,,,"י""ח",120,ל  גרם,false,1,8.90,7.42,false,1,
7290000121109,false,גבינה מון בלאן,נטו מלינדה סחר בעמ,,,"י""ח",120,ל  גרם,false,1,8.90,7.42,false,1,
7290000121147,false,מון בלאן לייט טעם פיקנטי,נטו מלינדה סחר בעמ,,,"י""ח",120,ל  גרם,false,1,10.70,8.92,false,1,
7290000121154,false,ג מבון בלאן סלמו,נטו מלינדה סחר בעמ,,,"י""ח",120,ל  גרם,false,1,8.90,7.42,false,1,
7290000121239,false,מיוקל 5% תלמה} {500,יוניליוור ישראל שיווק בעמ,,,"י""ח",500,ל  גרם,false,1,11.90,2.38,false,1,
7290000122830,false,רוטב סצ ואן בקבוק 370גרם,יוניליוור ישראל שיווק בעמ,,,"י""ח",370,ל  גרם,false,1,10.90,2.95,true,1,
7290000129457,false,"רוטב פטריות 28 גרם בד""ץ",יוניליוור ישראל שיווק בעמ,,,"י""ח",28,ל  גרם,false,1,3.90,13.93,false,1,
7290000129785,false,בדין 4 ליטר ירוק,יוניליוור ישראל שיווק בעמ,,,"י""ח",4,ליטר,false,1,19.90,4.98,false,1,
7290000133645,false,אורביטול שלישיה סודה,החב הדרומית לשיווק,,,"י""ח",435,ל  גרם,false,1,16.50,3.79,false,1,
7290000135045,false,"משקה אנרגיה XL TEN תפוח 250מ""ל",טמפו משקאות בעמ,,,"י""ח",250,"ל  מ""ל",false,1,4,1.48,true,1,
7290000135052,false,"משקה אנרגיה XL TEN מנגו 250מ""ל",טמפו משקאות בעמ,,,"י""ח",250,"ל  מ""ל",false,1,4,1.48,true,1,
7290000135182,false,"סבן אפ פרי טעם למון שישייה פחיות 330מ""",טמפו משקאות בעמ,,,"י""ח",1.98,ליטר,false,1,19.90,9.14,false,1,
7290000136585,false,ג אמפ אשכוליות 1.5 ליטר,טמפו משקאות בעמ,,,"י""ח",1.50,ליטר,false,1,7.50,4.80,true,1,
7290000136646,false,נשר מאלט 1.5 ליטר,טמפו משקאות בעמ,,,"י""ח",1.50,ליטר,false,1,9.10,5.87,true,1,
7290000136653,false,נשר מאלט דיאט 1.5 ליטר,טמפו משקאות בעמ,,,"י""ח",1.50,ליטר,false,1,8.90,5.73,true,1,
7290000136844,false,אקווה נובה 2 ליטר שישייה.,טמפו משקאות בעמ,,,"י""ח",12,ליטר,false,1,11.90,0.84,false,1,
7290000137513,false,.גלידונית 60 יח שטראוס,גלידות שטראוס בעמ,,,"י""ח",700,ל  גרם,false,1,46.90,6.70,false,1,
7290000137643,false,טעמקור משפחתי שטראוס,גלידות שטראוס בעמ,,,"י""ח",1,,false,1,34.90,34.90,false,1,
7290000143187,false,שמפו+קונדישינר   לגבר,הנקל סוד בעמ,,,"י""ח",700,"ל  מ""ל",false,1,10.90,1.56,false,1,
7290000144467,false,שמן בריאות חמניות 1 ליטר]ע .הזיית,סוגת תעשיות בעמ,,,"י""ח",1,ליטר,false,1,16.90,16.90,false,1,
7290000144474,false,שמן בריאות קנולה 1 ליטר ]ע.זיית[,סוגת תעשיות בעמ,,,"י""ח",1,ליטר,false,1,15.90,15.90,false,1,
7290000146645,false,סבון מוצק הוואי  רבעייה שחור 100,הנקל סוד בעמ,,,"י""ח",400,ל  גרם,false,1,11.90,2.98,true,1,
7290000146676,false,סבון מוצק  הוואי רבעייה חום לגבר,הנקל סוד בעמ,,,"י""ח",400,ל  גרם,false,1,11.90,2.98,true,1,
7290000146683,false,סבון מוצק הוואי  רבעייה אפקט הדאו,הנקל סוד בעמ,,,"י""ח",400,ל  גרם,false,1,11.90,2.98,true,1,
7290000146928,false,טום וג רי מ.שיניים ענבים,הנקל סוד בעמ,,,"י""ח",75,ל  גרם,false,1,7.90,10.53,true,1,
7290000146997,false,טום וג רי משחת שיניים מסטיק,הנקל סוד בעמ,,,"י""ח",50,ל  גרם,false,1,7.90,15.80,true,1,
7290000148380,false,פיסטוק קלוי 200 ג,ליימן שליסל,,,"י""ח",200,ל  גרם,false,1,21.90,10.95,true,1,
7290000148618,false,קשיו מטוגן 200 ג,ליימן שליסל,,,"י""ח",200,ל  גרם,false,1,19.90,9.95,true,1,
7290000148748,false,גרעיני חמניות 200 גרם,ליימן שליסל,,,"י""ח",200,ל  גרם,false,1,6.40,3.20,true,1,
7290000148939,false,שקד קלוי 200 גרם,ליימן שליסל,,,"י""ח",200,ל  גרם,false,1,19.90,9.95,true,1,
7290000149851,false,סינטבון כפול,החב הדרומית לשיווק,,,"י""ח",460,ל  גרם,false,1,9.50,2.07,false,1,
7290000149905,false,טקסטיל שמפו 1 ליטר,החב הדרומית לשיווק,,,"י""ח",1,ליטר,false,1,12.90,12.90,false,1,
7290000149943,false,"טקסטיל שמפו 1 ק""ג",החב הדרומית לשיווק,,,"י""ח",1,"ק""ג",false,1,12.90,12.90,false,1,
7290000152288,false,נקניקיות עוף 400 (עוף טוב),קבוצת אוסם סחר-שות.מוגבלת,,,"י""ח",400,ל  גרם,false,1,10.90,2.73,true,1,
7290000161358,false,מיונז אמיתי שמן קנולה 500גרם,יוניליוור ישראל שיווק בעמ,,,"י""ח",500,ל  גרם,false,1,12.90,2.58,false,1,
7290000174723,false,שוקולית 500 גר.,שטראוס גרופ בעמ,,,"י""ח",500,ל  גרם,false,1,11.80,2.36,true,1,
7290000176062,false,#קפה טורקי 100 גרם עלית.,שטראוס גרופ בעמ,,,"י""ח",100,ל  גרם,false,1,9.20,9.20,true,1,
7290000176116,false,קפה טורקי 1 ק  ואקום עלית,שטראוס גרופ בעמ,,,"י""ח",1,"ק""ג",false,1,76.90,76.90,true,1,
7290000176413,false,קפה נמס 50 ג,שטראוס גרופ בעמ,,,"י""ח",50,ל  גרם,false,1,9.60,19.20,true,1,
7290000176475,false,קפה נמס האג,שטראוס גרופ בעמ,,,"י""ח",200,ל  גרם,false,1,38.90,19.45,true,1,
7290000178707,false,תפוצ יפס 50 גרם,שטראוס פריטו ליי בעמ,,,"י""ח",50,ל  גרם,false,1,4.50,9,true,1,
7290000178721,false,תפוצי פס 200 ג,שטראוס פריטו ליי בעמ,,,"י""ח",200,ל  גרם,false,1,10.90,5.45,true,1,
7290000186030,false,מגבוני האגיס רביעייה עם תחליב,קימברלי קלארק ישראל שיווק בעמ,,,"י""ח",4,"י""ח",false,1,27.90,6.98,true,1,
7290000187860,false,לילי לח פיור 56 דפים.,קימברלי קלארק ישראל שיווק בעמ,,,"י""ח",59,ל  גרם,false,1,8.90,15.08,false,1,
7290000187952,false,נייר טואלט לילי טריו 32 צבע וורוד,קימברלי קלארק ישראל שיווק בעמ,,,"י""ח",537,מטר,false,1,39.90,0.07,false,1,
7290000189550,false,זוג שקיות אשפה גדול ניקול,קימברלי קלארק ישראל שיווק בעמ,,,"י""ח",1,"י""ח",false,1,24.50,24.50,true,1,
7290000190150,false,מפיות מודפסות 20 יח,קימברלי קלארק ישראל שיווק בעמ,,,"י""ח",20,"י""ח",false,1,8.90,0.45,false,1,
7290000191393,false,ממחטות נייר מולט חתוך  7יחידות,קימברלי קלארק ישראל שיווק בעמ,,,"י""ח",822.50,ל  גרם,false,1,21.90,2.66,false,1,
7290000191539,false,לילי צבעוני חמישיה,קימברלי קלארק ישראל שיווק בעמ,,,"י""ח",593,ל  גרם,false,1,17.90,3.02,false,1,
7290000193014,false,פדיות אינטרלוד 5,קימברלי קלארק ישראל שיווק בעמ,,,"י""ח",1,"י""ח",false,1,9.90,9.90,false,1,
7290000193083,false,נובה לי,קימברלי קלארק ישראל שיווק בעמ,,,"י""ח",1,"י""ח",false,1,9.90,9.90,false,1,
7290000193205,false,לילי נטורל לילה,קימברלי קלארק ישראל שיווק בעמ,,,"י""ח",1,"י""ח",false,1,16.90,16.90,false,1,
7290000193540,false,לילי אינטימייט לונג,קימברלי קלארק ישראל שיווק בעמ,,,"י""ח",1,"י""ח",false,1,16.90,16.90,false,1,
7290000193649,false,תח  לילי אינטימט,קימברלי קלארק ישראל שיווק בעמ,,,"י""ח",1,"י""ח",false,1,16.90,16.90,false,1,
7290000193793,false,תחבושות אולטרה,קימברלי קלארק ישראל שיווק בעמ,,,"י""ח",1,"י""ח",false,1,16.90,16.90,false,1,
7290000195537,false,מגבוני האגיס קמומיל 4 יח,קימברלי קלארק ישראל שיווק בעמ,,,"י""ח",4,"י""ח",false,1,19.90,4.98,true,1,
7290000195773,false,האגיס נטורל אלוורה+קמומיל,קימברלי קלארק ישראל שיווק בעמ,,,"י""ח",1,,false,1,19.90,19.90,true,1,
7290000197029,false,12 שקיות ריצ  רצ  לאחסון,קימברלי קלארק ישראל שיווק בעמ,,,"י""ח",12,"י""ח",false,1,15.90,1.33,false,1,
7290000197081,false,ניילון נצמד ניילונית  150מ  חסכוני ניק,קימברלי קלארק ישראל שיווק בעמ,,,"י""ח",150,מטר,false,1,32.90,0.22,false,1,
7290000197326,false,רדיד אלומיניום ניקול זוגות 7.5*2קצר,קימברלי קלארק ישראל שיווק בעמ,,,"י""ח",200,ל  גרם,false,1,10.90,5.45,false,1,
7290000197340,false,רדיד אלומיניום  זוג  ניקול,קימברלי קלארק ישראל שיווק בעמ,,,"י""ח",1,"י""ח",false,1,21.90,21.90,false,1,
7290000197432,false,סנדויצ ון זוג חוגלה,קימברלי קלארק ישראל שיווק בעמ,,,"י""ח",2,"י""ח",false,1,12.90,6.45,false,1,
7290000197470,false,מקפיאון שקיות 100*3,קימברלי קלארק ישראל שיווק בעמ,,,"י""ח",200,"י""ח",false,1,17.90,0.09,false,1,
7290000197654,false,ניקול אשפתון פחים ענקיים 45יח,קימברלי קלארק ישראל שיווק בעמ,,,"י""ח",45,"י""ח",false,1,22.90,0.51,true,1,
7290000197753,false,ניילון נצמד נילונית 30  מ`זוג,קימברלי קלארק ישראל שיווק בעמ,,,"י""ח",1,"י""ח",false,1,11.90,11.90,false,1,
7290000197982,false,גלילית 7.5*45 רדיד זוגות,קימברלי קלארק ישראל שיווק בעמ,,,"י""ח",2,"י""ח",false,1,24.90,12.45,false,1,
7290000197999,false,רדיד אלומיניום זוג,קימברלי קלארק ישראל שיווק בעמ,,,"י""ח",1,"י""ח",false,1,17.90,17.90,false,1,
7290000199313,false,תחבושות קוטקס יאנג,קימברלי קלארק ישראל שיווק בעמ,,,"י""ח",1,"י""ח",false,1,16.90,16.90,true,1,
7290000204086,false,סקוטש 2+1 רגיל,קימברלי קלארק ישראל שיווק בעמ,,,"י""ח",3,"י""ח",false,1,10.90,3.63,false,1,
7290000204147,false,ניקול כרית יפנית רביעייה,קימברלי קלארק ישראל שיווק בעמ,,,"י""ח",4,"י""ח",false,1,10.90,2.73,false,1,
7290000204215,false,כרית יפנית שישייה ניקול,קימברלי קלארק ישראל שיווק בעמ,,,"י""ח",600,ל  גרם,false,1,10.90,1.82,false,1,
7290000204253,false,מטליות רב שימושי תשעייה,קימברלי קלארק ישראל שיווק בעמ,,,"י""ח",9,"י""ח",false,1,10.90,1.21,false,1,
7290000204611,false,ניקול ספוגית הקסם שישיה,קימברלי קלארק ישראל שיווק בעמ,,,"י""ח",6,"י""ח",false,1,10.90,1.82,false,1,
7290000207162,false,רוטב עגבניות 100 גר]יכין[.,זנלכל בעמ,,,"י""ח",100,ל  גרם,false,1,2.50,2.50,true,1,
7290000207438,false,קוביות עגבניות פריכוז,זנלכל בעמ,,,"י""ח",800,ל  גרם,false,1,9.90,1.24,false,1,
7290000208008,false,חריסה A2 יכין,זנלכל בעמ,,,"י""ח",570,ל  גרם,false,1,9.90,1.74,true,1,
7290000208022,false,"עגבניות מרוסקות 800 בד""צ",זנלכל בעמ,,,"י""ח",800,ל  גרם,false,1,9.90,1.24,false,1,
7290000208077,false,אפונת   גינה{גדול}יכין,זנלכל בעמ,,,"י""ח",550,ל  גרם,false,1,8.90,1.62,true,1,
7290000208114,false,אפונת גינה וגזר יכין,זנלכל בעמ,,,"י""ח",550,ל  גרם,false,1,8.90,1.62,true,1,
7290000208138,false,סירופ דיאט ענבים 1 ליטר,זנלכל בעמ,,,"י""ח",1,ליטר,false,1,18.90,18.90,false,1,
7290000208145,false,תירס  לייט}יכין{A2,זנלכל בעמ,,,"י""ח",550,ל  גרם,false,1,9.90,1.80,false,1,
7290000208176,false,תפוחי אדמה קלופים יכין,זנלכל בעמ,,,"י""ח",550,ל  גרם,false,1,9.90,1.80,false,1,
7290000208213,false,שעועית אפויה A2,זנלכל בעמ,,,"י""ח",580,ל  גרם,false,1,8.90,1.53,true,1,
7290000208220,false,צ ילי חריף A2,זנלכל בעמ,,,"י""ח",550,ל  גרם,false,1,9.90,1.80,false,1,
7290000208244,false,רוטב שקשוקה יכין,זנלכל בעמ,,,"י""ח",570,ל  גרם,false,1,9.90,1.74,true,1,
7290000208251,false,שעועית ירוקה,זנלכל בעמ,,,"י""ח",550,ל  גרם,false,1,9.90,1.80,false,1,
7290000208268,false,שעועית צהובה A2,זנלכל בעמ,,,"י""ח",550,ל  גרם,false,1,9.90,1.80,false,1,
7290000208312,false,תירס ואקום יכין,זנלכל בעמ,,,"י""ח",325,ל  גרם,false,1,6.90,2.12,true,1,
7290000208329,false,תירס A2 יכין,זנלכל בעמ,,,"י""ח",550,ל  גרם,false,1,8.90,1.62,true,1,
7290000208336,false,רוטב עגבניות 240 גרם יכין,זנלכל בעמ,,,"י""ח",240,ל  גרם,false,1,4.50,1.88,true,1,
7290000208343,false,עגב.מרוסקות עם שום 900גר.,זנלכל בעמ,,,"י""ח",900,ל  גרם,false,1,9.90,1.10,false,1,
7290000208367,false,עגבניות מרוסקות בזיליקום 800,זנלכל בעמ,,,"י""ח",800,ל  גרם,false,1,9.90,1.24,false,1,
7290000208404,false,פול מצרי,זנלכל בעמ,,,"י""ח",600,ל  גרם,false,1,8.90,1.48,false,1,
7290000208428,false,~חומוס גרעינים A2 יכין,זנלכל בעמ,,,"י""ח",550,ל  גרם,false,1,8.90,1.62,true,1,
7290000208459,false,ירקות מעורבים תפזורת,זנלכל בעמ,,,"י""ח",600,ל  גרם,false,1,9.90,1.65,false,1,
7290000208855,false,רוטב פסטה 240 גרם יכין,זנלכל בעמ,,,"י""ח",240,ל  גרם,false,1,5.50,2.29,false,1,
7290000208893,false,תירס ואקום לייט יכין,זנלכל בעמ,,,"י""ח",340,ל  גרם,false,1,6.90,2.03,false,1,
7290000208978,false,רוטב עג  פריכוז יכין 100 ג`.,זנלכל בעמ,,,"י""ח",100,ל  גרם,false,1,2.90,2.90,false,1,
7290000209043,false,רוטב לימון משומר]יכין[,זנלכל בעמ,,,"י""ח",1,ליטר,false,1,6.90,6.90,true,1,
7290000209173,false,חומץ סינטטי 1 ל,זנלכל בעמ,,,"י""ח",1,ליטר,false,1,5.50,5.50,false,1,
7290000209524,false,סירופ דיאט פטל 1 ליטר,זנלכל בעמ,,,"י""ח",1,ליטר,false,1,18.90,18.90,false,1,
7290000209531,false,סירופ דיאט אשכוליות 1 ל,זנלכל בעמ,,,"י""ח",1,ליטר,false,1,18.90,18.90,false,1,
7290000209555,false,סירופ דיאט תפוח עץ 1 ליטר,זנלכל בעמ,,,"י""ח",1,ליטר,false,1,18.90,18.90,false,1,
7290000209708,false,עגבניות בתוספת בזיליקום 240ג,זנלכל בעמ,,,"י""ח",240,ל  גרם,false,1,5.50,2.29,false,1,
7290000209722,false,רוטב עגבניות  פריכוז יכין A2,זנלכל בעמ,,,"י""ח",580,ל  גרם,false,1,10.90,1.88,true,1,
7290000209944,false,בסיס עגבניות לשקשוקה 240 גרם יכין,זנלכל בעמ,,,"י""ח",240,ל  גרם,false,1,5.50,2.29,false,1,
7290000209951,false,רוטב פיצה 240גר,זנלכל בעמ,,,"י""ח",240,"ל  מ""ל",false,1,5.50,2.29,false,1,
7290000209968,false,רוטב לזניה 240גר,זנלכל בעמ,,,"י""ח",240,ל  גרם,false,1,5.50,2.29,false,1,
7290000211169,false,"אורז בסגנון תאילנדי סוגת 1 ק""ג",סוגת תעשיות בעמ,,,"י""ח",1,"ק""ג",false,1,7.90,7.90,false,1,
7290000211312,false,אורז מלא בסגנון פרסי,סוגת תעשיות בעמ,,,"י""ח",1,"ק""ג",false,1,7.90,7.90,false,1,
7290000211442,false,"~אורז בסגנון פרסי 1 ק""ג]סוגת[",סוגת תעשיות בעמ,,,"י""ח",1,"ק""ג",false,1,10.90,10.90,false,1,
7290000211503,false,סוכר  לבן}סוגת{.,סוגת תעשיות בעמ,,,"י""ח",1,"ק""ג",false,1,4.30,4.30,false,1,
7290000211626,false,"חיש אורז 1 ק""ג",סוגת תעשיות בעמ,,,"י""ח",1,"ק""ג",false,1,7.90,7.90,false,1,
7290000211985,false,אורז בסגנון פרסי עגול]סוגת[,סוגת תעשיות בעמ,,,"י""ח",1,"ק""ג",false,1,9.90,9.90,false,1,
7290000218502,false,חמין ויטה בדצ,ויטה- פרי גליל (החדשה) בעמ,,,"י""ח",500,ל  גרם,false,1,9.90,1.98,false,1,
7290000226514,false,עוגה בטעם ריבת חלב קפולסקי 450גר,קפולסקי אדל בעמ,,,"י""ח",450,ל  גרם,false,1,44.90,9.98,false,1,
7290000226545,false,"טורט יער שחור קפולסקי 1ק""ג",קפולסקי אדל בעמ,,,"י""ח",1,"ק""ג",false,1,69.90,69.90,false,1,
7290000238029,false,בצק עלים  צרפתי מעדנות 1 קג מרודד,תנובה בשר,,,"י""ח",1,"ק""ג",false,1,21.90,21.90,false,1,
7290000238036,false,מלאווח 700  גרם}מעדנות{,תנובה בשר,,,"י""ח",700,ל  גרם,false,1,17.90,2.56,true,1,
7290000238173,false,בורקס גבינה מעדנות 800 ג`,תנובה בשר,,,"י""ח",800,ל  גרם,false,1,21.90,2.74,true,1,
7290000238180,false,"בורקס מעדנות תפו""א",תנובה בשר,,,"י""ח",800,ל  גרם,false,1,17.90,2.24,true,1,
7290000240541,false,ריבועי בצק עלים,תנובה בשר,,,"י""ח",800,ל  גרם,false,1,22.90,2.86,false,1,
7290000244082,false,"הוואי אל סבון נוזלי   500 מ""ל*3",הנקל סוד בעמ,,,"י""ח",1.50,ליטר,false,1,17.90,11.93,true,1,
7290000245294,false,"פרסיל אבקת כביסה סופרא 2.5ק""ג",גורי שיווק בעמ,,,"י""ח",2.50,"ק""ג",false,1,24.90,9.96,false,1,
7290000245782,false,מרכך כביסה סוד ורוד 4 ליטר,גורי שיווק בעמ,,,"י""ח",4,ליטר,false,1,16.90,4.23,false,1,
7290000253220,false,שוקולד  ציפס 260גר אופניימר,תה ויסוצקי (ישראל)בעמ,,,"י""ח",260,ל  גרם,false,1,10.90,4.19,false,1,
7290000253251,false,שוקו צ יפס לבן 250גר,תה ויסוצקי (ישראל)בעמ,,,"י""ח",250,ל  גרם,false,1,10.90,4.36,false,1,
7290000262161,false,נייר טואלט מולט לב 40,קימברלי קלארק ישראל שיווק בעמ,,,"י""ח",716,מטר,false,1,36.90,0.05,false,1,
7290000262239,false,נייר טואלט מולט 48 יח,קימברלי קלארק ישראל שיווק בעמ,,,"י""ח",2770,ל  גרם,false,1,41.90,1.51,false,1,
7290000267036,false,שקד מולבן משובב 100 גרם שקדיה,דין שיווק וקליה 2021 בעמ,,,"י""ח",100,ל  גרם,false,1,9.90,9.90,true,1,
7290000272443,false,סירופ תפוזים 1 ליטר,קבוצת אוסם סחר-שות.מוגבלת,,,"י""ח",1,ליטר,false,1,17,17,false,1,
7290000272696,false,מיץ לימון משומר אסם,קבוצת אוסם סחר-שות.מוגבלת,,,"י""ח",1,ליטר,false,1,9.90,9.90,false,1,
7290000272726,false,חומץ טבעי1ליטר אוסם,קבוצת אוסם סחר-שות.מוגבלת,,,"י""ח",1,ליטר,false,1,6.50,6.50,false,1,
7290000286228,false,סנו סושי ספוגיות לניקוי `כלים 6 יח,החב הדרומית לשיווק,,,"י""ח",6,"י""ח",false,1,10.90,1.82,false,1,
7290000286297,false,סנו מסיר אבן מקומקום,החב הדרומית לשיווק,,,"י""ח",700,"ל  מ""ל",false,1,9.90,1.41,false,1,
7290000286549,false,מטליות רב שימוש סנו סושי 9 יחידות,החב הדרומית לשיווק,,,"י""ח",9,"י""ח",false,1,10.90,1.21,false,1,
7290000286594,false,סנו איקס מיכל,החב הדרומית לשיווק,,,"י""ח",600,ל  גרם,false,1,9.90,1.65,false,1,
7290000286761,false,פלסטיק נצמד זוג 30 מטר סנו,החב הדרומית לשיווק,,,"י""ח",1,,false,1,10.90,10.90,false,1,
7290000286921,false,סנוקל רסס כבס,החב הדרומית לשיווק,,,"י""ח",600,"ל  מ""ל",false,1,10.90,1.82,false,1,
7290000286945,false,רהיט נוזלי+אקדח,החב הדרומית לשיווק,,,"י""ח",500,"ל  מ""ל",false,1,25.90,5.18,false,1,
7290000287430,false,סנו בון שלישיה לימון,החב הדרומית לשיווק,,,"י""ח",165,ל  גרם,false,1,11.90,7.21,false,1,
7290000287485,false,סנובון לובר 55 גרם  `3X יח,החב הדרומית לשיווק,,,"י""ח",165,ל  גרם,false,1,11.90,7.21,false,1,
7290000287492,false,"סנובון נוזלי לימון 750 מ""ל",החב הדרומית לשיווק,,,"י""ח",750,"ל  מ""ל",false,1,8.90,1.19,false,1,
7290000287621,false,סנו חיטוי WC סנו,החב הדרומית לשיווק,,,"י""ח",750,"ל  מ""ל",false,1,9.90,1.32,true,1,
7290000288017,false,סנו ג`אוול לימון 1 ליטר,החב הדרומית לשיווק,,,"י""ח",1,ליטר,false,1,7.90,7.90,false,1,
7290000288024,false,"סנו אקונומיקה ז""אוול 4 ליטר",החב הדרומית לשיווק,,,"י""ח",4,ליטר,false,1,16.90,4.23,false,1,
7290000288031,false,אקונומיקה תו תקן 4 ליטר,החב הדרומית לשיווק,,,"י""ח",4,ליטר,false,1,10.90,2.73,false,1,
7290000288048,false,סנו JAVEL מרסס לבנדר,החב הדרומית לשיווק,,,"י""ח",1,ליטר,false,1,18.90,18.90,false,1,
7290000288079,false,סנו  זאוול לימון 2 ליטר,החב הדרומית לשיווק,,,"י""ח",2,ליטר,false,1,11.90,5.95,false,1,
7290000288086,false,אבקת ניקוי לימון,החב הדרומית לשיווק,,,"י""ח",600,ל  גרם,false,1,9.90,1.65,false,1,
7290000288291,false,סנומט X 30 טבליות,החב הדרומית לשיווק,,,"י""ח",1,,false,1,16.90,16.90,false,1,
7290000288352,false,K-300 סנו.,החב הדרומית לשיווק,,,"י""ח",630,"ל  מ""ל",false,1,21.90,3.48,false,1,
7290000288642,false,מרכך סנסטיב 4 ליטר,החב הדרומית לשיווק,,,"י""ח",4,ליטר,false,1,21.90,5.48,false,1,
7290000289069,false,סנו ג`אבל מרסס,החב הדרומית לשיווק,,,"י""ח",1,ליטר,false,1,18.90,18.90,false,1,
7290000289472,false,שקיות לפח אשפה 50יח ענק,החב הדרומית לשיווק,,,"י""ח",1,,false,1,18.90,18.90,false,1,
7290000289496,false,סופר קרם JAVEL,החב הדרומית לשיווק,,,"י""ח",750,"ל  מ""ל",false,1,10.80,1.44,false,1,
7290000289748,false,"סנו פורטה פלוס 750מ""ל.",החב הדרומית לשיווק,,,"י""ח",750,"ל  מ""ל",false,1,14.90,1.99,false,1,
7290000289885,false,סנופרש יבש ענק,החב הדרומית לשיווק,,,"י""ח",375,"ל  מ""ל",false,1,9.80,2.61,false,1,
7290000289892,false,סנופרש יבש ענק,החב הדרומית לשיווק,,,"י""ח",375,"ל  מ""ל",false,1,9.90,2.64,false,1,
7290000291932,false,"סנובון נוזלי לבנדר 750 מ""ל",החב הדרומית לשיווק,,,"י""ח",750,"ל  מ""ל",false,1,8.90,1.19,false,1,
7290000291956,false,סנו גאבל לבנדר 1 ליטר,החב הדרומית לשיווק,,,"י""ח",1,ליטר,false,1,8,8,false,1,
7290000291963,false,סנו אקונומיקה סמיכה לימון 1 ליטר,החב הדרומית לשיווק,,,"י""ח",1,ליטר,false,1,7.90,7.90,false,1,
7290000292137,false,מנקה עור נוזלי,החב הדרומית לשיווק,,,"י""ח",500,"ל  מ""ל",false,1,29.90,5.98,false,1,
7290000292311,false,פוליויקס סחלבים 2 ליטר,החב הדרומית לשיווק,,,"י""ח",200,"ל  מ""ל",false,1,19.90,9.95,true,1,
7290000292557,false,סנומט נוזלי מלוי,החב הדרומית לשיווק,,,"י""ח",1,,false,1,21.90,21.90,false,1,
7290000292687,false,סנובון כחול שלישיה.,החב הדרומית לשיווק,,,"י""ח",165,ל  גרם,false,1,14.90,9.03,true,1,
7290000292915,false,"סנו רסס ונגב מרסס 750 מ""ל",החב הדרומית לשיווק,,,"י""ח",600,"ל  מ""ל",false,1,10.90,1.82,false,1,
7290000293073,false,מקסימה מרכך לבן  ביו מקסי 4 ל,החב הדרומית לשיווק,,,"י""ח",4,ליטר,false,1,21.90,5.48,false,1,
7290000293882,false,כיף רצועת מסאז,החב הדרומית לשיווק,,,"י""ח",1,,false,1,19.90,19.90,false,1,
7290000293943,false,אנטי קאלק מרסס,החב הדרומית לשיווק,,,"י""ח",1,ליטר,false,1,18.90,18.90,false,1,
7290000294773,false,סנו JAVEL לבנדר 4 ליטר,החב הדרומית לשיווק,,,"י""ח",4,ליטר,false,1,16.90,4.23,false,1,
7290000294780,false,סנו JAVEL  פרובנס]סמיכה [4ליטר,החב הדרומית לשיווק,,,"י""ח",4,ליטר,false,1,16.90,4.23,false,1,
7290000295121,false,"מטליות לניקוי רצפות סנו 3 יחידות, מארז",החב הדרומית לשיווק,,,"י""ח",1,,false,1,10.90,10.90,false,1,
7290000295299,false,כריות הפלא סנו סושי 4 יחידות,החב הדרומית לשיווק,,,"י""ח",1,,false,1,10.90,10.90,false,1,
7290000295367,false,"א.כביסה מקסימה 2.5 אפקט זאוול  ק""ג",החב הדרומית לשיווק,,,"י""ח",2.50,"ק""ג",false,1,25.90,10.36,false,1,
7290000295404,false,שקיות אשפה סושי 60 יח,החב הדרומית לשיווק,,,"י""ח",1,"י""ח",false,1,22.90,22.90,false,1,
7290000295503,false,זוג סנו סושי מזון בקרטון,החב הדרומית לשיווק,,,"י""ח",1,,false,1,15.90,15.90,false,1,
7290000295558,false,זוג נייר אלומיניום  30*7.5 סנו,החב הדרומית לשיווק,,,"י""ח",1,,false,1,10.90,10.90,false,1,
7290000295565,false,רדיד אלומיניום סנו זוג ארוך,החב הדרומית לשיווק,,,"י""ח",1,,false,1,18.90,18.90,false,1,
7290000295572,false,נוזל ניקוי אסלות זוג,החב הדרומית לשיווק,,,"י""ח",1.50,ליטר,false,1,16.90,11.27,false,1,
7290000295794,false,ספוגיות מתכת אל חלד לניקוי סנו 3 יחידו,החב הדרומית לשיווק,,,"י""ח",1,,false,1,10.90,10.90,false,1,
7290000295824,false,רדיד  אלומניום 100 מטר ענק סנו,החב הדרומית לשיווק,,,"י""ח",1,,false,1,54.90,54.90,false,1,
7290000302027,false,סיגריות טיים 10(  יח),דובק בעמ,,,"י""ח",200,"י""ח",false,1,285.90,1.43,false,1,
7290000303581,false,פול מצרי A2,ויטה- פרי גליל (החדשה) בעמ,,,"י""ח",560,ל  גרם,false,1,7.90,1.41,true,1,
7290000303598,false,שעועית לבנה אפוי,ויטה- פרי גליל (החדשה) בעמ,,,"י""ח",550,ל  גרם,false,1,7.90,1.44,true,1,
7290000305882,false,סרדין קולי  אס(יונה )110גרם,דיפלומט מפיצים (1968) בעמ**,,,"י""ח",110,ל  גרם,false,1,5.90,5.36,false,1,
7290000307015,false,אפונה גינה A2,ויטה- פרי גליל (החדשה) בעמ,,,"י""ח",600,ל  גרם,false,1,7.90,1.32,true,1,
7290000307046,false,אפונה וגזר A2,ויטה- פרי גליל (החדשה) בעמ,,,"י""ח",550,ל  גרם,false,1,7.90,1.44,true,1,
7290000307220,false,תירס  ואקום}פריגליל{,ויטה- פרי גליל (החדשה) בעמ,,,"י""ח",450,ל  גרם,false,1,5.90,1.31,false,1,
7290000307237,false,תירס A2 פרי גליל,ויטה- פרי גליל (החדשה) בעמ,,,"י""ח",540,ל  גרם,false,1,7.90,1.46,true,1,
7290000311128,false,עוגיות חמאה 300ג מן,ח.כהן סוכנות מזון ומשקאות בע,,,"י""ח",300,ל  גרם,false,1,6.90,2.30,false,1,
7290000311180,false,וופלים עשריות 20 מן,ח.כהן סוכנות מזון ומשקאות בע,,,"י""ח",250,ל  גרם,false,1,7.90,3.16,false,1,
7290000311203,false,וופל שוקו 200 גר מן,ח.כהן סוכנות מזון ומשקאות בע,,,"י""ח",200,ל  גרם,false,1,4.20,2.10,false,1,
7290000311210,false,לימון 200 ופל מן,ח.כהן סוכנות מזון ומשקאות בע,,,"י""ח",200,ל  גרם,false,1,4.20,2.10,false,1,
7290000311227,false,וופל קפה 220גר מן,ח.כהן סוכנות מזון ומשקאות בע,,,"י""ח",200,ל  גרם,false,1,4.20,2.10,false,1,
7290000311319,false,וופל מצופה 1 קג מן.,ח.כהן סוכנות מזון ומשקאות בע,,,"י""ח",1,"ק""ג",false,1,24.90,24.90,false,1,
7290000311425,false,וופל מצופה כחול 10יח מן,ח.כהן סוכנות מזון ומשקאות בע,,,"י""ח",200,ל  גרם,false,1,7.50,3.75,false,1,
7290000311500,false,וופלים שוקו 500גר מן,ח.כהן סוכנות מזון ומשקאות בע,,,"י""ח",500,ל  גרם,false,1,8.80,1.76,false,1,
7290000311517,false,לימון 500 ופל מן,ח.כהן סוכנות מזון ומשקאות בע,,,"י""ח",500,ל  גרם,false,1,9.90,1.98,false,1,
7290000313160,false,חברים זברה 3דובים שוקו,קבוצת אוסם סחר-שות.מוגבלת,,,"י""ח",250,ל  גרם,false,1,8.60,3.44,false,1,
7290000313184,false,חברים-בסקוויט גן חיות 250ג.,קבוצת אוסם סחר-שות.מוגבלת,,,"י""ח",250,ל  גרם,false,1,8.60,3.44,false,1,
7290000313290,false,נודלס-אטריות מסולסלות,קבוצת אוסם סחר-שות.מוגבלת,,,"י""ח",200,ל  גרם,false,1,9.90,4.95,false,1,
7290000318127,false,מיני ביס נקנקיות 380 גרם,מעדני יחיעם 1993 בעמ,,,"י""ח",380,ל  גרם,false,1,11.90,3.13,false,1,
7290000318288,false,חזה הודו  בדבש{יחיעם},מעדני יחיעם 1993 בעמ,,,"ק""ג",1,,true,1,78.70,78.70,true,1,
7290000318479,false,פרושוטו עגל ברזאולה 100גר,מעדני יחיעם 1993 בעמ,,,"י""ח",100,ל  גרם,false,1,26.10,26.10,false,1,
7290000318493,false,כתף בקר  מפולפל{מפולפל},מעדני יחיעם 1993 בעמ,,,"ק""ג",1,"י""ח",true,1,99,99,false,1,
7290000318677,false,סלמי סרוולט,מעדני יחיעם 1993 בעמ,,,"י""ח",150,ל  גרם,false,1,22.90,15.27,false,1,
7290000318806,false,סלמי  סרוולד{יחיעם},מעדני יחיעם 1993 בעמ,,,"ק""ג",1,,true,1,139,139,false,1,
7290000318882,false,"מעושן איטלקי  ק""ג{יחיעם}",מעדני יחיעם 1993 בעמ,,,"ק""ג",1000,ל  גרם,true,1,67.60,6.76,true,1,
7290000318899,false,סלמי  פיין {יחיעם},מעדני יחיעם 1993 בעמ,,,"ק""ג",1,,true,1,49.90,49.90,true,1,
7290000318929,false,סלמי  צרפתי{יחיעם},מעדני יחיעם 1993 בעמ,,,"ק""ג",1,,true,1,139,139,false,1,
7290000319063,false,כתף בקר מפולפל 150 ג,מעדני יחיעם 1993 בעמ,,,"י""ח",150,ל  גרם,false,1,23.90,15.93,false,1,
7290000319124,false,סלמי סרוולט 250 גרם,מעדני יחיעם 1993 בעמ,,,"י""ח",250,ל  גרם,false,1,36.90,14.76,false,1,
7290000319131,false,נקניקיות עוף 400 גרם,מעדני יחיעם 1993 בעמ,,,"י""ח",400,ל  גרם,false,1,11.90,2.98,true,1,
7290000319520,false,סלמי צרפתי,מעדני יחיעם 1993 בעמ,,,"י""ח",100,ל  גרם,false,1,19.90,19.90,false,1,
7290000319704,false,כתף בקר  מעושן{יחיעם},מעדני יחיעם 1993 בעמ,,,"ק""ג",1,,true,1,109,109,false,1,
7290000334325,false,שלישיית צ`יפס למקרוגל,קבוצת אוסם סחר-שות.מוגבלת,,,"י""ח",0.38,"ק""ג",false,1,13.90,36.58,false,1,
7290000334684,false,טבעות בצל 700גר,קבוצת אוסם סחר-שות.מוגבלת,,,"י""ח",700,ל  גרם,false,1,17.90,2.56,false,1,
7290000334745,false,"אמריקן ציפס 1.5  ק""ג(תפוגן)",קבוצת אוסם סחר-שות.מוגבלת,,,"י""ח",1.50,"ק""ג",false,1,24.90,16.60,false,1,
7290000336053,false,"סיידר תרכיז 330מ""ל",טמפו משקאות בעמ,,,"י""ח",330,"ל  מ""ל",false,1,13.90,4.12,true,1,
7290000336282,false,"סיידר מוגז 330מ""ל",טמפו משקאות בעמ,,,"י""ח",330,"ל  מ""ל",false,1,6.90,2,false,1,
7290000339566,false,בדין ורוד 4 ליטר,יוניליוור ישראל שיווק בעמ,,,"י""ח",4,ליטר,false,1,19.90,4.98,false,1,
7290000342832,false,בדין צהוב 4 ל,יוניליוור ישראל שיווק בעמ,,,"י""ח",4,ליטר,false,1,19.90,4.98,false,1,
7290000342856,false,בדין כחול 4 ליטר,יוניליוור ישראל שיווק בעמ,,,"י""ח",4,ליטר,false,1,19.90,4.98,false,1,
7290000345208,false,תה בריבוע 25/1,תה ויסוצקי (ישראל)בעמ,,,"י""ח",25,ל  גרם,false,1,6.50,26,false,1,
7290000345260,false,תה בריבוע 1.5/25,תה ויסוצקי (ישראל)בעמ,,,"י""ח",37.50,ל  גרם,false,1,6.90,18.40,false,1,
7290000345284,false,תה קלאסיק 100 יח 1.5ג ק.ירוקה,תה ויסוצקי (ישראל)בעמ,,,"י""ח",150,ל  גרם,false,1,17.90,11.93,false,1,
7290000345307,false,תה ארל גריי 50 שקיות,תה ויסוצקי (ישראל)בעמ,,,"י""ח",75,ל  גרם,false,1,28.90,38.53,true,1,
7290000346021,false,תה קמומיל 50 הגן הקסום,תה ויסוצקי (ישראל)בעמ,,,"י""ח",75,ל  גרם,false,1,33.70,44.93,false,1,
7290000346120,false,חליטת קינמון גן קסום,תה ויסוצקי (ישראל)בעמ,,,"י""ח",62.50,ל  גרם,false,1,17.90,28.64,true,1,
7290000346137,false,חליטת הילולי פירות,תה ויסוצקי (ישראל)בעמ,,,"י""ח",62.50,ל  גרם,false,1,17.90,28.64,true,1,
7290000346168,false,חליטת שומר גן קסום,תה ויסוצקי (ישראל)בעמ,,,"י""ח",37.50,ל  גרם,false,1,17.90,47.73,true,1,
7290000346199,false,חליטת פירות יער  גן קסום 25 שק`,תה ויסוצקי (ישראל)בעמ,,,"י""ח",67.50,ל  גרם,false,1,17.90,26.52,true,1,
7290000346205,false,חליטת  קמומיל גן קסום 25יח,תה ויסוצקי (ישראל)בעמ,,,"י""ח",37.50,ל  גרם,false,1,17.90,47.73,true,1,
7290000347738,false,תה ירוק בטעם נענע 25יח,תה ויסוצקי (ישראל)בעמ,,,"י""ח",25,"י""ח",false,1,24.90,1,true,1,
7290000347752,false,תה ירוק  25 עם לימונית לואיזה,תה ויסוצקי (ישראל)בעמ,,,"י""ח",37.50,ל  גרם,false,1,24.90,66.40,true,1,
7290000355382,false,עגבניות מרוסקות+בזיליקום טל וטרי,ויטה- פרי גליל (החדשה) בעמ,,,"י""ח",800,ל  גרם,false,1,7.90,0.99,true,1,
7290000355498,false,תרכיז עגבניות BX28 TOMATO,ויטה- פרי גליל (החדשה) בעמ,,,"י""ח",600,ל  גרם,false,1,6.90,1.15,false,1,
7290000355757,false,עגבניות מרוסקות]טל וטרי,ויטה- פרי גליל (החדשה) בעמ,,,"י""ח",800,ל  גרם,false,1,7.90,0.99,true,1,
7290000363462,false,סלמי איטלקי מעושן ט.צבי,תנובה בשר,,,"ק""ג",1,,true,1,79,79,false,1,
7290000363486,false,סלמי תה טירת צבי,תנובה בשר,,,"ק""ג",1000,ל  גרם,true,1,50,5,false,1,
7290000364858,false,"נקניקיות עוף 1 ק""ג טירת צבי",תנובה בשר,,,"י""ח",1,"ק""ג",false,1,22.90,22.90,false,1,
7290000364872,false,נקניקיות עוף 400 גרם טירת צבי,תנובה בשר,,,"י""ח",400,ל  גרם,false,1,10.90,2.73,true,1,
7290000365954,false,פסטרמה גחלים טירת צבי,תנובה בשר,,,"ק""ג",1,,true,1,79,79,false,1,
7290000367590,false,צמד כפרי טירת צבי,תנובה בשר,,,"י""ח",8,"י""ח",false,1,24.90,3.11,false,1,
7290000377209,false,בוטן מטוגן 200 גר,ליימן שליסל,,,"י""ח",200,ל  גרם,false,1,6.90,3.45,false,1,
7290000377445,false,מאנצס 200 גר  שקית,ליימן שליסל,,,"י""ח",200,ל  גרם,false,1,8.90,4.45,true,1,
7290000377452,false,גרעיני אבטיח 200 גרם,ליימן שליסל,,,"י""ח",200,ל  גרם,false,1,11.90,5.95,false,1,
7290000379000,false,חלה רגילה/קלועה  חדשה  650 גרם *.,שלמה א.אנג ל בעמ,,,"י""ח",650,ל  גרם,false,1,6.60,1.02,false,1,
7290000408316,false,דנונה יוגורט טבעי,שטראוס גרופ ***בעמ,,,"י""ח",200,"ל  מ""ל",false,1,3.50,1.75,true,1,
7290000408354,false,דנונה קראנצי פצפוצים,שטראוס גרופ ***בעמ,,,"י""ח",175,"ל  מ""ל",false,1,4.40,2.51,true,1,
7290000412481,false,מנקה אסלות 1 ליטר 00,החב הדרומית לשיווק,,,"י""ח",1,ליטר,false,1,7.50,7.50,false,1,
7290000412764,false,פזטוקס קוטל חרקים,החב הדרומית לשיווק,,,"י""ח",630,"ל  מ""ל",false,1,18.90,3,false,1,
7290000416021,false,#ממרח שחר 500 חלבי,השחר העולה תעשית ממתקים,,,"י""ח",500,ל  גרם,false,1,13.90,2.78,false,1,
7290000416045,false,"ממרח שחר 1  ק""ג חלבי",השחר העולה תעשית ממתקים,,,"י""ח",1,"ק""ג",false,1,23.90,23.90,false,1,
7290000416632,false,"ממרח שחר פרווה 1 ק""ג",השחר העולה תעשית ממתקים,,,"י""ח",1,מטר,false,1,22.80,22.80,false,1,
7290000418131,false,טופד סופר 18 יח,שקד תבל בעמ,,,"י""ח",1,,false,1,7.50,7.50,true,1,
7290000418155,false,טופד  סופר פלוס 16 יח,שקד תבל בעמ,,,"י""ח",1,,false,1,7.50,7.50,true,1,
7290000419220,false,קפה טורקי שלשות לנדוור 100*3,ש.שסטוביץ בעמ,,,"י""ח",300,ל  גרם,false,1,18.90,6.30,false,1,
7290000419909,false,קפה לנדוור טעם אספרסו 100ג,ש.שסטוביץ בעמ,,,"י""ח",100,ל  גרם,false,1,6.90,6.90,false,1,
7290000420325,false,פופ סטאר פופקורן  טבעי  500גרם,דנשר (1963) בעמ,,,"י""ח",500,ל  גרם,false,1,13.80,2.76,true,1,
7290000420332,false,פופ סטאר פופקורן בטעם חמאה 500גר,דנשר (1963) בעמ,,,"י""ח",500,ל  גרם,false,1,13.80,2.76,true,1,
7290000446394,false,דייסת שיבולת שועל ב.ד.,בטר אנד דיפרנט בעמ,,,"י""ח",200,ל  גרם,false,1,12.90,6.45,false,1,
7290000446547,false,חמאה בוטנים350 גרם BD,בטר אנד דיפרנט בעמ,,,"י""ח",350,ל  גרם,false,1,13.90,3.97,false,1,
7290000446554,false,"חמאת בוטנים טבעי 1ק""ג  BD",בטר אנד דיפרנט בעמ,,,"י""ח",510,ל  גרם,false,1,29.90,5.86,false,1,
7290000446776,false,פיצפוצי אורז מלא ללא סוכר ומלח,בטר אנד דיפרנט בעמ,,,"י""ח",500,ל  גרם,false,1,19.90,3.98,false,1,
7290000446806,false,דייסת דגנים מעורבים,בטר אנד דיפרנט בעמ,,,"י""ח",200,ל  גרם,false,1,12.90,6.45,false,1,
7290000450209,false,פוסידון 110 גר  בשמן,נטו מלינדה סחר בעמ,,,"י""ח",110,ל  גרם,false,1,5.50,5,false,1,
7290000453019,false,שמרית שקית,שטראוס גרופ ***בעמ,,,"י""ח",50,ל  גרם,false,1,4.50,9,true,1,
7290000453125,false,משפר אפיה,שטראוס גרופ ***בעמ,,,"י""ח",100,ל  גרם,false,1,7.50,7.50,true,1,
7290000461625,false,בייגלה ]400בייגל שמיניות מלוחות,יוניליוור ישראל שיווק בעמ,,,"י""ח",400,ל  גרם,false,1,9.90,2.48,true,1,
7290000461656,false,בייגלה אחד אחד 400,יוניליוור ישראל שיווק בעמ,,,"י""ח",400,ל  גרם,false,1,9.90,2.48,true,1,
7290000461724,false,גדול גדול שומשום,יוניליוור ישראל שיווק בעמ,,,"י""ח",400,ל  גרם,false,1,11.90,2.98,false,1,
7290000462172,false,סחוג זהבי ירוק 150ג,שטראוס גרופ ***בעמ,,,"י""ח",150,ל  גרם,false,1,7.90,5.27,true,1,
7290000465418,false,זיתים ירוקים סורי בינוני,קבוצת אוסם סחר-שות.מוגבלת,,,"י""ח",560,ל  גרם,false,1,6.89,1.23,false,1,
7290000474090,false,חלב 1 ליטר קרטון   *1% *,*החברה המרכזית להפצת משקאותבעמ,,,"י""ח",1,ליטר,false,1,5.86,5.86,false,1,
7290000474373,false,"שמנת חמוצה 200  מ""ל*",*החברה המרכזית להפצת משקאותבעמ,,,"י""ח",200,"ל  מ""ל",false,1,2.40,1.20,false,1,
7290000474540,false,טוב טעם גבינה 5% טרה,*החברה המרכזית להפצת משקאותבעמ,,,"י""ח",250,ל  גרם,false,1,10.90,4.36,false,1,
7290000474830,false,גבינה צהובה 28% מגורדת 500 גרם,*החברה המרכזית להפצת משקאותבעמ,,,"י""ח",500,ל  גרם,false,1,29.90,5.98,true,1,
7290000474908,false,גבינה צהובה נועם 28% שקיל,*החברה המרכזית להפצת משקאותבעמ,,,"י""ח",1,,true,1,46.90,46.90,false,1,
7290000480442,false,קוואקר שקית (עלית),שטראוס פריטו ליי בעמ,,,"י""ח",500,ל  גרם,false,1,11.90,2.38,true,1,
7290000484747,false,"ערק עלית 700 מ""ל",יקב הגליל שיווק בעמ,,,"י""ח",700,"ל  מ""ל",false,1,55.90,7.94,false,1,
7290000493176,false,אבקת רוטב צלי לבשר,קבוצת אוסם סחר-שות.מוגבלת,,,"י""ח",22,ל  גרם,false,1,4.90,22.27,false,1,
7290000493183,false,אבקת רוטב פטריות לבשר,קבוצת אוסם סחר-שות.מוגבלת,,,"י""ח",30,ל  גרם,false,1,4.90,16.33,false,1,
7290000494760,false,"קפה טורקי 1 ק""ג",רוני רג ואן,,,"י""ח",1,"ק""ג",false,1,49.90,49.90,false,1,
7290000497044,false,לחם ברמן אקטיב 750 גרם,י.את א. ברמן בעמ,,,"י""ח",1,,false,1,15.90,15.90,false,1,
7290000497112,false,לחם אחיד פרוס]ברמן [750,י.את א. ברמן בעמ,,,"י""ח",750,ל  גרם,false,1,6.50,0.87,false,1,
7290000497204,false,פיתות בשקית חמישיה. ברמן,י.את א. ברמן בעמ,,,"י""ח",500,ל  גרם,false,1,7.90,1.58,false,1,
7290000497228,false,6 לחמניות 75 ג ברמן,י.את א. ברמן בעמ,,,"י""ח",450,ל  גרם,false,1,9.90,2.20,false,1,
7290000497426,false,לחם קל לענין,י.את א. ברמן בעמ,,,"י""ח",750,ל  גרם,false,1,13.90,1.85,false,1,
7290000497532,false,לחם עינן של ברמן,י.את א. ברמן בעמ,,,"י""ח",750,ל  גרם,false,1,13.90,1.85,false,1,
7290000497570,false,לחם דגני קלות ברמן,י.את א. ברמן בעמ,,,"י""ח",750,ל  גרם,false,1,15.90,2.12,false,1,
7290000498256,false,מארז 10 לחמניות בשקית ברמן,י.את א. ברמן בעמ,,,"י""ח",1,,false,1,12.90,12.90,false,1,
7290000504049,false,סוכרזית קנקן 1200,שטראוס גרופ בעמ,,,"י""ח",984,ל  גרם,false,1,23.90,2.43,true,1,
7290000504278,false,סוכרזית פטנט,שטראוס גרופ בעמ,,,"י""ח",574,ל  גרם,false,1,14.40,2.51,true,1,
7290000515014,false,"קמח 1 ק""ג}באר  שבע{",טחנות קמח שטיבל בש בעמ,,,"י""ח",1,"ק""ג",false,1,5.20,5.20,false,1,
7290000518114,false,מתוק וקל אבקה 200גרם,מתוק וקל בעמ,,,"י""ח",200,ל  גרם,false,1,9,4.50,false,1,
7290000518169,false,מתוק וקל 1000 טבליות,מתוק וקל בעמ,,,"י""ח",1000,"י""ח",false,1,7.90,0.01,false,1,
7290000518251,false,מתוק וקל זהב 100 שקיות,מתוק וקל בעמ,,,"י""ח",100,"י""ח",false,1,11,0.11,false,1,
7290000521404,false,מרום גליל סינגל קברנה,טמפו משקאות בעמ,,,"י""ח",750,"ל  מ""ל",false,1,34.90,4.61,true,1,
7290000523125,false,מלח ים יבש הארץ  250  ג,סוגת תעשיות בעמ,,,"י""ח",250,ל  גרם,false,1,5.40,2.16,false,1,
7290000523224,false,מלח ים יבש  הארץ 500 ג,סוגת תעשיות בעמ,,,"י""ח",500,ל  גרם,false,1,7.90,1.58,false,1,
7290000523514,false,מלח 250 ג  בקבוק הארץ,סוגת תעשיות בעמ,,,"י""ח",250,ל  גרם,false,1,9.90,3.96,false,1,
7290000523521,false,מלח ים בק  200 גר,סוגת תעשיות בעמ,,,"י""ח",200,ל  גרם,false,1,5.90,2.95,false,1,
7290000525969,false,פרימור תפוזים 1 ליטר,שטראוס גרופ ***בעמ,,,"י""ח",1,ליטר,false,1,15.90,15.90,true,1,
7290000530048,false,סלמי פפרוני זוגלובק,זוגלובק שיווק בעמ,,,"י""ח",1000,ל  גרם,true,1,55.20,5.52,false,1,
7290000530086,false,נקניק מעושן  7000,זוגלובק שיווק בעמ,,,"י""ח",800,ל  גרם,false,1,29.90,3.74,true,1,
7290000530109,false,זוג קבנוס בואקום,זוגלובק שיווק בעמ,,,"י""ח",400,ל  גרם,false,1,24.90,6.23,true,1,
7290000530116,false,נקניק בשן זוגלובק,זוגלובק שיווק בעמ,,,"י""ח",700,ל  גרם,false,1,26.90,3.84,true,1,
7290000530178,false,קוניאק זוגלובק שקילה,זוגלובק שיווק בעמ,,,"י""ח",1000,ל  גרם,true,1,75.20,7.52,false,1,
7290000530192,false,סרבלד זוגלובק,זוגלובק שיווק בעמ,,,"ק""ג",100,ל  גרם,true,1,129.90,129.90,true,1,
7290000530291,false,נקניק מבשר הודו,זוגלובק שיווק בעמ,,,"י""ח",800,ל  גרם,false,1,21.90,2.74,true,1,
7290000530369,false,גולן-חזה מעושן}שקילה{,זוגלובק שיווק בעמ,,,"ק""ג",1,,true,1,76.90,76.90,false,1,
7290000530413,false,המבורגר זהב 400,זוגלובק שיווק בעמ,,,"י""ח",400,ל  גרם,false,1,21.90,5.48,true,1,
7290000530444,false,כתף בקר מעושן,זוגלובק שיווק בעמ,,,"ק""ג",1,,true,1,110.90,110.90,false,1,
7290000530468,false,"וינר  טרי 1 ק""ג זוגלובק",זוגלובק שיווק בעמ,,,"י""ח",1,"ק""ג",false,1,27.90,27.90,true,1,
7290000530598,false,נקניקיות וינר טרי זוגלובק,זוגלובק שיווק בעמ,,,"י""ח",500,ל  גרם,false,1,15.80,3.16,true,1,
7290000530703,false,מארז פסטרמ/חרמון+תה מעושן 800 ג` זוגלובק,זוגלובק שיווק בעמ,,,"י""ח",800,ל  גרם,false,1,26.90,3.36,true,1,
7290000531410,false,.פסטרממיה בדבש זוגלובק,זוגלובק שיווק בעמ,,,"ק""ג",1,,true,1,76.90,76.90,false,1,
7290000531977,false,בורקס גבינה 800 גרם,זוגלובק שיווק בעמ,,,"י""ח",800,ל  גרם,false,1,18.90,2.36,true,1,
7290000532400,false,פסטרמה חזה הודו ברביקיו זוגלובק,זוגלובק שיווק בעמ,,,"ק""ג",1,,true,1,76.90,76.90,false,1,
7290000532585,false,רוסטביף חצוי,זוגלובק שיווק בעמ,,,"ק""ג",1,"י""ח",true,1,146.90,146.90,false,1,
7290000532721,false,טורו כתף שקילה זוגלובק,זוגלובק שיווק בעמ,,,"ק""ג",1,,true,1,110.90,110.90,false,1,
7290000533353,false,בצק עלים זוגלובק 1 קג,זוגלובק שיווק בעמ,,,"י""ח",1,"ק""ג",false,1,15.90,15.90,true,1,
7290000533636,false,פסטרממיה צלויה,זוגלובק שיווק בעמ,,,"ק""ג",1,,true,1,76.90,76.90,false,1,
7290000533681,false,פסטרממיה-מעושן.,זוגלובק שיווק בעמ,,,"י""ח",1,"י""ח",true,1,76.90,76.90,false,1,
7290000534718,false,פסטרמה הודו תבור 1% שומן זוגלובק,זוגלובק שיווק בעמ,,,"ק""ג",1,,true,1,76.90,76.90,false,1,
7290000534800,false,פסטרמה הודו רומנית,זוגלובק שיווק בעמ,,,"י""ח",1,,true,1,76.90,76.90,false,1,
7290000536781,false,"קבב מן הצומח 1 ק""ג",זוגלובק שיווק בעמ,,,"י""ח",1,"ק""ג",false,1,29.90,29.90,true,1,
7290000537566,false,נקניקיות עוף טרי 400 ג זוגלובק,זוגלובק שיווק בעמ,,,"י""ח",400,ל  גרם,false,1,10.90,2.73,true,1,
7290000537603,false,"נקניקיות עוף 1 ק""ג זוגלובק.",זוגלובק שיווק בעמ,,,"י""ח",1,"ק""ג",false,1,25.90,25.90,true,1,
7290000538099,false,פסטרמה כפרית 1% שומן,זוגלובק שיווק בעמ,,,"ק""ג",1,,true,1,76.90,76.90,false,1,
7290000538709,false,תה מעושן,זוגלובק שיווק בעמ,,,"י""ח",200,ל  גרם,false,1,14.90,7.45,false,1,
7290000540160,false,עוגיות ללא סוכר 500 גרם קמח מלא,ציון תורגמן בעמ,,,"י""ח",500,ל  גרם,false,1,21.90,4.38,false,1,
7290000552194,false,קישקע 500 גרם,נטו מלינדה סחר בעמ,,,"י""ח",500,ל  גרם,false,1,12.90,2.58,false,1,
7290000554402,false,מלבי גד 160 גרם,מחלבות גד,,,"י""ח",160,"ל  מ""ל",false,1,5.50,3.44,false,1,
7290000554457,false,צפתית מיני% }5 גד 350 ג.,מחלבות גד,,,"י""ח",350,ל  גרם,false,1,19.90,5.69,false,1,
7290000554600,false,מוצרלה מגורדת  300 גרם גד.,מחלבות גד,,,"י""ח",300,ל  גרם,false,1,21.90,7.30,false,1,
7290000554624,false,ירח מתוק גד,מחלבות גד,,,"י""ח",150,"ל  מ""ל",false,1,5.50,3.67,false,1,
7290000554686,false,לאבנה בתוספת  שמןזית  וזעתר  גד{5%,מחלבות גד,,,"י""ח",250,ל  גרם,false,1,13.80,5.52,false,1,
7290000554792,false,בולגרית פח% }5 גד{,מחלבות גד,,,"ק""ג",1000,ל  גרם,true,1,54.90,5.49,false,1,
7290000554822,false,ריקוטה 5% בסגנון איטלקי 250 גד{,מחלבות גד,,,"י""ח",250,ל  גרם,false,1,13.90,5.56,false,1,
7290000554839,false,מסקרפונה 250 גרם,מחלבות גד,,,"י""ח",250,ל  גרם,false,1,19.90,7.96,false,1,
7290000560021,false,אדג  ג ל נגד חתכים,דנשר (1963) בעמ,,,"י""ח",200,ל  גרם,false,1,15.90,7.95,false,1,
7290000560533,false,אדג  ג ל רגיל 200,דנשר (1963) בעמ,,,"י""ח",200,ל  גרם,false,1,15.90,7.95,false,1,
7290000560540,false,אדג  ג ל רגיש 200,דנשר (1963) בעמ,,,"י""ח",200,ל  גרם,false,1,15.90,7.95,false,1,
7290000571119,false,גאודה.,מחלבות גד,,,"ק""ג",1000,ל  גרם,true,1,103,10.30,false,1,
7290000572055,false,חלבה ללא סוכר,אחדות בעמ,,,"י""ח",400,ל  גרם,false,1,14.90,3.73,false,1,
7290000572208,false,חלווה 100 גרם,אחדות בעמ,,,"י""ח",100,ל  גרם,false,1,2.90,2.90,false,1,
7290000572222,false,חלבה וניל 500 גרם אחווה,אחדות בעמ,,,"י""ח",500,ל  גרם,false,1,10.90,2.18,false,1,
7290000572529,false,חלוה אחוה 400גר.,אחדות בעמ,,,"י""ח",400,ל  גרם,false,1,12.90,3.23,false,1,
7290000572536,false,חלוה מגש 400גר ו,אחדות בעמ,,,"י""ח",400,ל  גרם,false,1,12.90,3.23,false,1,
7290000572628,false,חטיפי חלוה ליט אחווה,אחדות בעמ,,,"י""ח",276,ל  גרם,false,1,10.90,3.95,false,1,
7290000572673,false,חלבה שי עשיריות]אחוה[,אחדות בעמ,,,"י""ח",300,ל  גרם,false,1,12.90,4.30,false,1,
7290000572819,false,"טחינה  אחווה 100 טבעי 1 ק""ג",אחדות בעמ,,,"י""ח",1,"ק""ג",false,1,21.90,21.90,false,1,
7290000574035,false,לחם אחיד פרוס}דגנית{*750,דגנית עין בר ~~~,,,"י""ח",750,ל  גרם,false,1,6.50,0.87,false,1,
7290000574141,false,לחם חיטה מלא 750,דגנית עין בר ~~~,,,"י""ח",750,ל  גרם,false,1,13.90,1.85,false,1,
7290000599434,false,שלישיית סחבות לרצפה Shiny,מ.א.ייצור ויבוא מטליות בעמ,,,"י""ח",1,,false,1,9.90,9.90,false,1,
7290000631424,false,פרגיות עוף  טרי[קצביה]**,ח.י. מעדני גורמה בעמ,,,"ק""ג",1,"ק""ג",true,1,79.90,79.90,true,1,
7290000632209,false,חזה פטם}עטרה{קפוא.,נטו מלינדה סחר בעמ,,,"ק""ג",1,"ק""ג",true,1,32.90,32.90,false,1,
7290000632452,false,כרעיים עוף טרי(קצביה )**.,ח.י. מעדני גורמה בעמ,,,"ק""ג",1,"ק""ג",true,1,36.90,36.90,true,1,
7290000632551,false,ירכיים טרי]קצביה[**,ח.י. מעדני גורמה בעמ,,,"ק""ג",1,"ק""ג",true,1,29.90,29.90,false,1,
7290000632599,false,ירכיים עוף קפוא חלק עטרה,נטו מלינדה סחר בעמ,,,"ק""ג",1,"ק""ג",true,1,32.90,32.90,false,1,
7290000632759,false,שוקיים עוף טרי (קצביה)**,ח.י. מעדני גורמה בעמ,,,"ק""ג",1,"ק""ג",true,1,39.90,39.90,true,1,
7290000633855,false,כנפיים עוף  טרי מקוצבות[קצביה],ח.י. מעדני גורמה בעמ,,,"ק""ג",1,"י""ח",true,1,16.90,16.90,true,1,
7290000643250,false,עוף טרי  מפורק(קצביה)**,ח.י. מעדני גורמה בעמ,,,"י""ח",1,,true,1,21.90,21.90,false,1,
7290000659312,false,פילה סלומון קפוא פרימיום תנובה,תנובה בשר,,,"ק""ג",1,"ק""ג",true,1,69.90,69.90,false,1,
7290000679440,false,משחה לתינוק 100 ג` דוקטור פישר,פישר תעשיות פרמבצטיות בעמ,,,"י""ח",100,ל  גרם,false,1,16.90,16.90,false,1,
7290000688466,false,"מי עדן 750 מ""ל.",יפאורה שותפות מוגבלת לשיווק,,,"י""ח",750,"ל  מ""ל",false,1,3.80,0.47,false,1,
7290000692203,false,אג`קס ניקוי כללי לימון  2 ל,ש.שסטוביץ בעמ,,,"י""ח",2,ליטר,false,1,22.90,11.45,false,1,
7290000692210,false,אג קס ניקוי כללי 2 ל לוונדר,ש.שסטוביץ בעמ,,,"י""ח",2,ליטר,false,1,22.90,11.45,false,1,
7290000692227,false,פלמוליב נוזל לכלים 1 ליטר,ש.שסטוביץ בעמ,,,"י""ח",1,ליטר,false,1,12.90,12.90,false,1,
7290000692456,false,אג קס חלונות+רפי,ש.שסטוביץ בעמ,,,"י""ח",1.50,ליטר,false,1,23.90,15.93,false,1,
7290000805597,false,"בונזו סניור 3 ק""ג",דיפלומט מפיצים (1968) בעמ**,,,"י""ח",3,"ק""ג",false,1,44.90,14.97,false,1,
7290001041260,false,שומשום 400גר ].מיה[,מיה תעשיות מזון מ.ת.מ בעמ,,,"י""ח",400,ל  גרם,false,1,10.90,2.73,false,1,
7290001041284,false,סוכריה על מקל 20 יח,מיה תעשיות מזון מ.ת.מ בעמ,,,"י""ח",200,ל  גרם,false,1,9.40,4.70,false,1,
7290001041888,false,פפריקה מתוקה 300גר. בצנצנ,מיה תעשיות מזון מ.ת.מ בעמ,,,"י""ח",300,ל  גרם,false,1,19.90,6.63,false,1,
7290001041987,false,"סוכר חום 1 ק""ג",מיה תעשיות מזון מ.ת.מ בעמ,,,"י""ח",1,"ק""ג",false,1,14.90,14.90,false,1,
7290001041994,false,סוכר זהב דמררה,מיה תעשיות מזון מ.ת.מ בעמ,,,"י""ח",1,"ק""ג",false,1,9.90,9.90,false,1,
7290001045169,false,מיץ תפוחים צלול 1 ליטר,שטראוס גרופ ***בעמ,,,"י""ח",1,ליטר,false,1,15.90,15.90,true,1,
7290001045688,false,מיץ תפוזים סחוט 400 מייל,שטראוס גרופ ***בעמ,,,"י""ח",400,"ל  מ""ל",false,1,7.90,1.90,true,1,
7290001121054,false,צמד חמד יחיעם 700 גרם,מעדני יחיעם 1993 בעמ,,,"י""ח",850,ל  גרם,false,1,24.90,2.93,false,1,
7290001123775,false,שווארמה אמיתית טיבון ויל,נטו מלינדה סחר בעמ,,,"י""ח",500,ל  גרם,false,1,19.90,3.98,false,1,
7290001123782,false,שווארמה הודו טיבון ויל,נטו מלינדה סחר בעמ,,,"י""ח",500,ל  גרם,false,1,19.90,3.98,false,1,
7290001124536,false,מג יק טעם תירס בכוס,נטו מלינדה סחר בעמ,,,"י""ח",70,ל  גרם,false,1,4.90,7,false,1,
7290001124611,false,שומן כבש 200 ג,נטו מלינדה סחר בעמ,,,"י""ח",200,ל  גרם,false,1,22.20,11.10,false,1,
7290001136287,false,שמפו נקה 7 לשיער רגיל,החב הדרומית לשיווק,,,"י""ח",750,"ל  מ""ל",false,1,11.90,1.59,false,1,
7290001136294,false,"שמפו נקה 7 לשיער יבש 750 מ""ל",החב הדרומית לשיווק,,,"י""ח",750,"ל  מ""ל",false,1,11.90,1.59,false,1,
7290001136683,false,מרכך נקה -7 לשיער רגיל ירוק,החב הדרומית לשיווק,,,"י""ח",750,"ל  מ""ל",false,1,11.90,1.59,false,1,
7290001209103,false,טחון עוף עטרה 500ג,נטו מלינדה סחר בעמ,,,"י""ח",1,,false,1,12.90,12.90,false,1,
7290001245699,false,אקונומיקה סמיכה 4 ל`טאצ`,סאסאטק אגשח בעמ,,,"י""ח",4,ליטר,false,1,12.90,3.23,true,1,
7290001245705,false,אקונומיקה מבושמת 4ל טאצ`,סאסאטק אגשח בעמ,,,"י""ח",4,ליטר,false,1,10.90,2.73,false,1,
7290001245712,false,אקונומיקה  4ל` טאצ`,סאסאטק אגשח בעמ,,,"י""ח",4,ליטר,false,1,9.90,2.48,false,1,
7290001245729,false,ג`ל כביסה ירוק 3 ל`טאצ`,סאסאטק אגשח בעמ,,,"י""ח",1,ליטר,false,1,19.90,19.90,true,1,
7290001245736,false,ג`ל כביסה כחול  3 ל`טאצ`,סאסאטק אגשח בעמ,,,"י""ח",1,ליטר,false,1,19.90,19.90,true,1,
7290001245828,false,נ.כלים קלאסי 1.6  ל`טאצ,סאסאטק אגשח בעמ,,,"י""ח",1.60,ליטר,false,1,11.90,7.44,true,1,
7290001245897,false,נוזל רצפות יסמין 4ליטר טאצ`,סאסאטק אגשח בעמ,,,"י""ח",4,ליטר,false,1,14.90,3.73,true,1,
7290001245958,false,מרכך כביסה ורוד 4ל טאצ`,סאסאטק אגשח בעמ,,,"י""ח",4,ליטר,false,1,15.90,3.98,true,1,
7290001245965,false,מרכך כביסה כחול 4ל טאצ`,סאסאטק אגשח בעמ,,,"י""ח",4,ליטר,false,1,15.90,3.98,true,1,
7290001245972,false,מרכך כביסה לבן 4ל טאצ`,סאסאטק אגשח בעמ,,,"י""ח",4,ליטר,false,1,15.90,3.98,true,1,
7290001245989,false,מרכך כביסה סגול 4ל טאצ`,סאסאטק אגשח בעמ,,,"י""ח",4,ליטר,false,1,15.90,3.98,true,1,
7290001245996,false,מרכך כביסה צהוב 4ל טאצ`,סאסאטק אגשח בעמ,,,"י""ח",4,ליטר,false,1,15.90,3.98,true,1,
7290001246054,false,פותח סתימות 1 ל`טאצ`,סאסאטק אגשח בעמ,,,"י""ח",1,ליטר,false,1,14.90,14.90,false,1,
7290001246061,false,מרכך פרמיום פנטזי 1 ל`טאצ`,סאסאטק אגשח בעמ,,,"י""ח",1,ליטר,false,1,13.90,13.90,true,1,
7290001246078,false,מרכך פרמיום סנשואל 1 ל`טאצ`,סאסאטק אגשח בעמ,,,"י""ח",1,ליטר,false,1,13.90,13.90,true,1,
7290001246085,false,ניקוי חלונות 1 ל`  טאצ`,סאסאטק אגשח בעמ,,,"י""ח",1,ליטר,false,1,8.90,8.90,true,1,
7290001246634,false,"נוזל אסלות ע""ב חומצה 1ליטר טאצ",סאסאטק אגשח בעמ,,,"י""ח",1,ליטר,false,1,6.90,6.90,false,1,
7290001247082,false,ספרינג עגבניות,יפאורה שותפות מוגבלת לשיווק,,,"י""ח",1,ליטר,false,1,6.90,6.90,true,1,
7290001247099,false,ספרינג נקטר מנגו,יפאורה שותפות מוגבלת לשיווק,,,"י""ח",1,ליטר,false,1,6.90,6.90,true,1,
7290001247112,false,ספרינג נקטר לימונים,יפאורה שותפות מוגבלת לשיווק,,,"י""ח",1,ליטר,false,1,6.90,6.90,true,1,
7290001247129,false,ספרינג נקטר תפוזים,יפאורה שותפות מוגבלת לשיווק,,,"י""ח",1,ליטר,false,1,6.90,6.90,true,1,
7290001247143,false,ספרינג קרטונית תפוחים,יפאורה שותפות מוגבלת לשיווק,,,"י""ח",1,ליטר,false,1,6.90,6.90,true,1,
7290001247723,false,"נקטר ספרינג פחית תות-בננה 330מ""ל",יפאורה שותפות מוגבלת לשיווק,,,"י""ח",330,"ל  מ""ל",false,1,5.90,1.70,true,1,
7290001247730,false,נקטר ספרינג פחית מנגו,יפאורה שותפות מוגבלת לשיווק,,,"י""ח",330,"ל  מ""ל",false,1,5.90,1.70,true,1,
7290001247747,false,"נקטר ספרינג פחית תפוחים 330מ""ל",יפאורה שותפות מוגבלת לשיווק,,,"י""ח",330,"ל  מ""ל",false,1,5.90,1.70,true,1,
7290001247891,false,נקטר ספרינג פחית אפרסק,יפאורה שותפות מוגבלת לשיווק,,,"י""ח",330,"ל  מ""ל",false,1,5.90,1.70,true,1,
7290001265642,false,מולטיפק לה קט 400*3.,דיפלומט מפיצים (1968) בעמ**,,,"י""ח",1.20,"ק""ג",false,1,19.90,16.58,false,1,
7290001274583,false,גלידה משפחתית גלידל ש. פאקן 900 גרם,פלקו בעמ,,,"י""ח",900,ל  גרם,false,1,19.90,2.21,false,1,
7290001274934,false,מאגדת שמיניה פופסיקל לימון,פלקו בעמ,,,"י""ח",8,"י""ח",false,1,20.90,2.61,false,1,
7290001274941,false,מאגדת שמינייה פופסיקל פטל.,פלקו בעמ,,,"י""ח",8,"י""ח",false,1,20.90,2.61,false,1,
7290001305188,false,"פלמוליב נוזל לניקוי כלים 750 מ""ל ספרינ",ש.שסטוביץ בעמ,,,"י""ח",750,"ל  מ""ל",false,1,11.90,1.59,true,1,
7290001327180,false,קרמיסימו שטראוס,גלידות שטראוס בעמ,,,"י""ח",1.33,ליטר,false,1,18.90,14.21,false,1,
7290001327791,false,קרמיסימו 1.3 עוגיות שטראוס,גלידות שטראוס בעמ,,,"י""ח",1.33,ליטר,false,1,18.90,14.21,false,1,
7290001407769,false,~טחינה מעושר בסיבים 500 ג`,קבוצת אוסם סחר-שות.מוגבלת,,,"י""ח",500,ל  גרם,false,1,12.90,2.58,false,1,
7290001407813,false,חלבה פיסטוק,קבוצת אוסם סחר-שות.מוגבלת,,,"י""ח",350,ל  גרם,false,1,14.90,4.26,false,1,
7290001468159,false,ריבת חלב 330 גרם נאמן,נאמן לאורך זמן בעמ,,,"י""ח",330,ל  גרם,false,1,13.90,4.21,false,1,
7290001468272,false,פלסטרים מעורב,נאמן לאורך זמן בעמ,,,"י""ח",1,,false,1,6.90,6.90,false,1,
7290001468487,false,ספוג ליפה טבעי,נאמן לאורך זמן בעמ,,,"י""ח",1,,false,1,20,20,false,1,
7290001468883,false,ריבה מעורבת 820 גרם,נאמן לאורך זמן בעמ,,,"י""ח",450,ל  גרם,false,1,11.90,2.64,false,1,
7290001468890,false,"אלכוהול 70% 100 סמ""ק",נאמן לאורך זמן בעמ,,,"י""ח",100,"ל  מ""ל",false,1,5,5,false,1,
7290001482186,false,חתיכות אננס בסירופ A2,ג.וילי פוד אינטרנשיונל בעמ,,,"י""ח",567,ל  גרם,false,1,5.90,1.04,false,1,
7290001482384,false,אננס חתוך 227 גרם,ג.וילי פוד אינטרנשיונל בעמ,,,"י""ח",227,ל  גרם,false,1,4,1.76,false,1,
7290001482506,false,"חומץ בלסמי 500  מ""ל(ויליפוד)",ג.וילי פוד אינטרנשיונל בעמ,,,"י""ח",500,"ל  מ""ל",false,1,18.40,3.68,false,1,
7290001485019,false,גבינת שמנת    5% טרה,*החברה המרכזית להפצת משקאותבעמ,,,"י""ח",200,ל  גרם,false,1,11.50,5.75,false,1,
7290001491096,false,תה ירוק -50לימונית,תה ויסוצקי (ישראל)בעמ,,,"י""ח",75,ל  גרם,false,1,45.90,61.20,true,1,
7290001594155,false,בקבוק קוקה קולה חצי ליטר.,החברה המרכזית להפצת משקאות בעמ,,,"י""ח",500,"ל  מ""ל",false,1,6.20,1.18,true,1,
7290001594520,false,טובורג בקבוק 330,החברה המרכזית להפצת משקאות בעמ,,,"י""ח",330,"ל  מ""ל",false,1,7.30,2.12,false,1,
7290001594568,false,קרלסברג 500 פחית,החברה המרכזית להפצת משקאות בעמ,,,"י""ח",500,"ל  מ""ל",false,1,9.90,1.92,false,1,
7290001594810,false,"בירה מאלט שחורה שישיה 330מ""ל.",החברה המרכזית להפצת משקאות בעמ,,,"י""ח",1.98,ליטר,false,1,26.90,12.68,true,1,
7290001594858,false,בירה טובורג רד שישיה,החברה המרכזית להפצת משקאות בעמ,,,"י""ח",1.98,ליטר,false,1,41.70,20.15,true,1,
7290001713167,false,קצף ניקוי 1 ליטר מרסס.,קומפלקס כימיקלסבעמ ~~~,,,"י""ח",1,ליטר,false,1,11.90,11.90,false,1,
7290001713211,false,נוזל רצפות 2.5 ליטר ורוד,קומפלקס כימיקלסבעמ ~~~,,,"י""ח",2,ליטר,false,1,11.90,5.95,false,1,
7290001780428,false,שלגון לייט שוקולד מאגדת שישייה,נגה גלידות,,,"י""ח",312,ל  גרם,false,1,29.90,9.58,false,1,
7290001780800,false,"קראנצ  שלגון נוגט נסטלה כשל""פ",נגה גלידות,,,"י""ח",1,,false,1,7,7,true,1,
7290001791349,false,אקונומיקה ריחנית פיסגה 4 ליטר,החב הדרומית לשיווק,,,"י""ח",4,ליטר,false,1,10.90,2.73,false,1,
7290001791356,false,פרש אוטומטיק לבנדר,החב הדרומית לשיווק,,,"י""ח",165,ל  גרם,false,1,12.90,7.82,false,1,
7290001791363,false,פרש אוטומטיק וניל,החב הדרומית לשיווק,,,"י""ח",165,ל  גרם,false,1,13.90,8.42,false,1,
7290001813478,false,חיוכים וניל 900,שטראוס גרופ בעמ,,,"י""ח",900,ל  גרם,false,1,21.90,2.43,true,1,
7290001817728,false,צ יטוס כאפה 55גר,שטראוס פריטו ליי בעמ,,,"י""ח",0.55,"י""ח",false,1,3.50,6.36,true,1,
7290001855232,false,שמן צמחי למאור 1 ליטר,בני פאוזי שמשום (2009) בעמ,,,"י""ח",1,ליטר,false,1,14.90,14.90,false,1,
7290001865453,false,אל סבון 1לי סגול פמלי.,דנשר (1963) בעמ,,,"י""ח",1,ליטר,false,1,9.90,9.90,false,1,
7290001865460,false,פמלי לקשרי 1  ל`קוקוס+משאבה,דנשר (1963) בעמ,,,"י""ח",1,ליטר,false,1,9.90,9.90,false,1,
7290001901656,false,געפילטע פיש 6 קציצות,נאמן לאורך זמן בעמ,,,"י""ח",600,ל  גרם,false,1,17.90,2.98,false,1,
7290001917527,false,פדיות קוסמטיות להסרת איפור 1*3,דנשר (1963) בעמ,,,"י""ח",1,,false,1,19.90,19.90,false,1,
7290001973233,false,מגבוני דיספנסר 120 יח,פישר תעשיות פרמבצטיות בעמ,,,"י""ח",120,"י""ח",false,1,10.90,0.09,false,1,
7290001973332,false,מגבונים לפנים 60יח.,פישר תעשיות פרמבצטיות בעמ,,,"י""ח",1,,false,1,8.90,8.90,false,1,
7290001973363,false,מגבונים קמיל בלו,פישר תעשיות פרמבצטיות בעמ,,,"י""ח",1,,false,1,7.20,7.20,false,1,
7290001990094,false,סוכר חום צנצנת סוגת,סוגת תעשיות בעמ,,,"י""ח",1,"ק""ג",false,1,14.90,14.90,false,1,
7290001990148,false,סוכר גולרן קלסי צנצנת,סוגת תעשיות בעמ,,,"י""ח",1,"ק""ג",false,1,14.90,14.90,false,1,
7290001990278,false,"שעועית לבנה 1 ק""ג סוגת",סוגת תעשיות בעמ,,,"י""ח",1,"ק""ג",false,1,18.90,18.90,true,1,
7290001990407,false,"עדשים ירוקים 1 ק""ג סוגת",סוגת תעשיות בעמ,,,"י""ח",1,"ק""ג",false,1,13.90,13.90,true,1,
7290001990414,false,"עדשים אדומים 1 ק""ג סוגת",סוגת תעשיות בעמ,,,"י""ח",1,"ק""ג",false,1,14.90,14.90,true,1,
7290001990421,false,"פופקורן 1 ק""ג סוגת",סוגת תעשיות בעמ,,,"י""ח",1,"ק""ג",false,1,9.90,9.90,true,1,
7290002002857,false,מגע המשי נייר הדבש,דנשר (1963) בעמ,,,"י""ח",1,"י""ח",false,1,20.30,20.30,false,1,
7290002007371,false,פירורי לחם 500גר הנמל,הנמל אריזות ושווק בעמ,,,"י""ח",500,ל  גרם,false,1,6.90,1.38,false,1,
7290002008507,false,נייר אפיה הנמל,הנמל אריזות ושווק בעמ,,,"י""ח",1,,false,1,7.90,7.90,false,1,
7290002019114,false,רוטב עגב  28% פריניר,ח.כהן סוכנות מזון ומשקאות בע,,,"י""ח",580,ל  גרם,false,1,6.90,1.19,false,1,
7290002019763,false,עגבניות מרוסקות800 גר,ח.כהן סוכנות מזון ומשקאות בע,,,"י""ח",800,ל  גרם,false,1,6.90,0.86,false,1,
7290002019787,false,רוטב עגבניות 260 פריניר,ח.כהן סוכנות מזון ומשקאות בע,,,"י""ח",260,ל  גרם,false,1,3.90,1.50,false,1,
7290002019794,false,רוטב פריניר 100גר`,ח.כהן סוכנות מזון ומשקאות בע,,,"י""ח",100,ל  גרם,false,1,1.90,1.90,false,1,
7290002022923,false,לקקן פופ תות ]50כרמית[,כרמית תעשיות ממתקים בעמ,,,"י""ח",500,ל  גרם,false,1,16.90,3.38,true,1,
7290002026358,false,צ`יפס בטטה קרינקל 500ג,מוצרי איכות אמריקאיים בעמ,,,"י""ח",500,ל  גרם,false,1,18.90,3.78,true,1,
7290002026365,false,טבעות בצל,מוצרי איכות אמריקאיים בעמ,,,"י""ח",1,"י""ח",false,1,11.90,11.90,false,1,
7290002026587,false,וופל בלגי קפוא,מוצרי איכות אמריקאיים בעמ,,,"י""ח",280,ל  גרם,false,1,16,5.71,true,1,
7290002037309,false,6 לחמניות  בשקית}וודש{,י.את א. ברמן בעמ,,,"י""ח",400,ל  גרם,false,1,12.90,3.23,false,1,
7290002037637,false,לחמנית צמה מתוקה 4יח,י.את א. ברמן בעמ,,,"י""ח",1,,false,1,12.90,12.90,false,1,
7290002040019,false,~קוסקוס רגיל}הנמל{,הנמל אריזות ושווק בעמ,,,"י""ח",350,ל  גרם,false,1,6.90,1.97,false,1,
7290002040064,false,קוסקוס דק]הנמל[,הנמל אריזות ושווק בעמ,,,"י""ח",350,ל  גרם,false,1,6.90,1.97,false,1,
7290002040071,false,קוסקוס עבה]הנמל[,הנמל אריזות ושווק בעמ,,,"י""ח",350,ל  גרם,false,1,6.90,1.97,false,1,
7290002040088,false,קוסקוס מלא]הנמל[,הנמל אריזות ושווק בעמ,,,"י""ח",350,ל  גרם,false,1,8.20,2.34,false,1,
7290002057031,false,מבוקעים גדול A2,קבוצת יבנה מוצרי מזון בעמ,,,"י""ח",560,ל  גרם,false,1,8.90,1.59,false,1,
7290002057048,false,סורי מבוקעים A2,קבוצת יבנה מוצרי מזון בעמ,,,"י""ח",560,ל  גרם,false,1,10.50,1.88,false,1,
7290002057093,false,מנזולינו גדול A2,קבוצת יבנה מוצרי מזון בעמ,,,"י""ח",600,ל  גרם,false,1,7.90,1.32,false,1,
7290002057109,false,מנזולינו גדול מאוד,קבוצת יבנה מוצרי מזון בעמ,,,"י""ח",560,ל  גרם,false,1,8.90,1.59,false,1,
7290002057123,false,חרוזית }A-2 יבנה{,קבוצת יבנה מוצרי מזון בעמ,,,"י""ח",560,ל  גרם,false,1,9.50,1.70,true,1,
7290002057154,false,חרוזית  -A10יבנה,קבוצת יבנה מוצרי מזון בעמ,,,"י""ח",3.50,"ק""ג",false,1,44.90,12.83,false,1,
7290002057161,false,מרינד גדול מאד,קבוצת יבנה מוצרי מזון בעמ,,,"י""ח",560,ל  גרם,false,1,8.90,1.59,false,1,
7290002057178,false,זיתים טבעיים,קבוצת יבנה מוצרי מזון בעמ,,,"י""ח",560,ל  גרם,false,1,8.70,1.55,false,1,
7290002057185,false,טבעות ירוק-יבנה,קבוצת יבנה מוצרי מזון בעמ,,,"י""ח",560,ל  גרם,false,1,9.20,1.64,false,1,
7290002057321,false,מלפפון מלח 21-25,קבוצת יבנה מוצרי מזון בעמ,,,"י""ח",720,ל  גרם,false,1,16.50,2.29,false,1,
7290002057352,false,מלפפון  מלח  }A-2   7-9 יבנה540 גרם,קבוצת יבנה מוצרי מזון בעמ,,,"י""ח",600,ל  גרם,false,1,6.50,1.08,false,1,
7290002057369,false,מלפ  מלח 10\12 2 יבנה,קבוצת יבנה מוצרי מזון בעמ,,,"י""ח",600,ל  גרם,false,1,7.50,1.25,false,1,
7290002057451,false,מלפפון  בחומץ }7-9 יבנה{,קבוצת יבנה מוצרי מזון בעמ,,,"י""ח",600,ל  גרם,false,1,6.50,1.08,false,1,
7290002057468,false,מלפפון  בחומץ 10\12 יבנה,קבוצת יבנה מוצרי מזון בעמ,,,"י""ח",600,ל  גרם,false,1,7.50,1.25,false,1,
7290002057628,false,טבעות שחור-יבנה,קבוצת יבנה מוצרי מזון בעמ,,,"י""ח",540,ל  גרם,false,1,9.50,1.76,false,1,
7290002057703,false,חצילים אקסטרא  A2,קבוצת יבנה מוצרי מזון בעמ,,,"י""ח",560,ל  גרם,false,1,6.90,1.23,false,1,
7290002057871,false,חרוזית צנצנת יבנה,קבוצת יבנה מוצרי מזון בעמ,,,"י""ח",560,ל  גרם,false,1,9.50,1.70,false,1,
7290002065555,false,לחמניות בשקית 6 יח,שלמה א.אנג ל בעמ,,,"י""ח",1,,false,1,11.90,11.90,false,1,
7290002075233,false,אייסקונפקט 250גר`,שוקוטרייד בעמ,,,"י""ח",250,ל  גרם,false,1,17.90,7.16,false,1,
7290002107071,false,פטה עיזים מעודנת גביע צוריאל,*החברה המרכזית להפצת משקאותבעמ,,,"י""ח",200,ל  גרם,false,1,24.20,12.10,false,1,
7290002107491,false,גבינת עיזים 5% 250 ג`,*החברה המרכזית להפצת משקאותבעמ,,,"י""ח",250,ל  גרם,false,1,14.90,5.96,true,1,
7290002107798,false,בולגרית בקר 5% צוריאל,*החברה המרכזית להפצת משקאותבעמ,,,"י""ח",250,ל  גרם,false,1,20.90,8.36,false,1,
7290002107965,false,טבורוג 5% 500גר.,*החברה המרכזית להפצת משקאותבעמ,,,"י""ח",500,ל  גרם,false,1,23.90,4.78,false,1,
7290002111085,false,רוטב 100גר. מבורך}פלסטיק[,זנלכל בעמ,,,"י""ח",400,ל  גרם,false,1,2.50,0.63,false,1,
7290002111139,false,רסק תפוחי עץ פרי מבורך,זנלכל בעמ,,,"י""ח",600,ל  גרם,false,1,8.90,1.48,false,1,
7290002111337,false,"רוטב 240 גרם בד""צ פרי מבורך",זנלכל בעמ,,,"י""ח",240,ל  גרם,false,1,4.50,1.88,false,1,
7290002111696,false,עגב.מרוסקות  800 ג פרי מבורך,זנלכל בעמ,,,"י""ח",800,ל  גרם,false,1,9.90,1.24,false,1,
7290002130567,false,~דבש יד מרדכי 350 גרם,שטראוס גרופ בעמ,,,"י""ח",3.50,"י""ח",false,1,18.90,5.40,true,1,
7290002130574,false,"דבש טבעי 0.5 ק""ג יד מרדכי",שטראוס גרופ בעמ,,,"י""ח",500,ל  גרם,false,1,27.90,5.58,true,1,
7290002132011,false,עבאדי עוגיות מלוחות 400גר,תה ויסוצקי (ישראל)בעמ,,,"י""ח",400,ל  גרם,false,1,17.90,4.48,false,1,
7290002253006,false,שום כתוש טרי 200,קבוצת אוסם סחר-שות.מוגבלת,,,"י""ח",200,ל  גרם,false,1,15.90,7.95,false,1,
7290002253105,false,מגשית קוביות שום,קבוצת אוסם סחר-שות.מוגבלת,,,"י""ח",80,ל  גרם,false,1,13.90,17.38,false,1,
7290002253150,false,דורות בזיליקום טרי קצוץ,קבוצת אוסם סחר-שות.מוגבלת,,,"י""ח",70,ל  גרם,false,1,10.90,15.57,false,1,
7290002253167,false,דורות פטרוזיליה טריה קצוצה,קבוצת אוסם סחר-שות.מוגבלת,,,"י""ח",70,ל  גרם,false,1,10.90,15.57,false,1,
7290002255055,false,"פלאפל בד""צ 800 גרם.",חטיפי אלקיים בעמ ~~~,,,"י""ח",800,ל  גרם,false,1,13.90,1.74,false,1,
7290002255215,false,"עלים לסיגרים מרובע בד""צ",חטיפי אלקיים בעמ ~~~,,,"י""ח",500,ל  גרם,false,1,11.90,2.38,false,1,
7290002259640,false,רדיד אלומיניום בודד  קצר דיימונד 84,גורי ע.ע.ע. בעמ,,,"י""ח",1,"י""ח",false,1,11.90,11.90,false,1,
7290002316565,false,סינדרלה גרב מקופלת,אחים וייס ישי ייצור בעמ,,,"י""ח",1,,false,1,5.90,5.90,false,1,
7290002316770,false,תחתון נשים נועה,אחים וייס ישי ייצור בעמ,,,"י""ח",1,,false,1,22.90,22.90,false,1,
7290002319016,false,אבקת אפיה עשיריות מיה,מיה תעשיות מזון מ.ת.מ בעמ,,,"י""ח",100,ל  גרם,false,1,1.90,1.90,false,1,
7290002319023,false,סוכר וניל עשיריות מיה,מיה תעשיות מזון מ.ת.מ בעמ,,,"י""ח",100,ל  גרם,false,1,1.90,1.90,false,1,
7290002319054,false,פרג טחון 100 גרם,מיה תעשיות מזון מ.ת.מ בעמ,,,"י""ח",100,ל  גרם,false,1,4.90,4.90,false,1,
7290002319061,false,קוקוס טחון 100 גרם מיה,מיה תעשיות מזון מ.ת.מ בעמ,,,"י""ח",100,ל  גרם,false,1,3.70,3.70,false,1,
7290002319078,false,שומשום 100 גרם מיה,מיה תעשיות מזון מ.ת.מ בעמ,,,"י""ח",100,ל  גרם,false,1,2.90,2.90,false,1,
7290002319092,false,קמח תפוחי אדמה 500,מיה תעשיות מזון מ.ת.מ בעמ,,,"י""ח",500,ל  גרם,false,1,4.90,0.98,false,1,
7290002319139,false,שעועית לבנה 500 מיה,מיה תעשיות מזון מ.ת.מ בעמ,,,"י""ח",500,ל  גרם,false,1,6.90,1.38,true,1,
7290002319160,false,אפונה ירוקה יבשה} {500,מיה תעשיות מזון מ.ת.מ בעמ,,,"י""ח",500,ל  גרם,false,1,4.90,0.98,true,1,
7290002319177,false,פופקורן 500,מיה תעשיות מזון מ.ת.מ בעמ,,,"י""ח",500,ל  גרם,false,1,4.90,0.98,true,1,
7290002319184,false,עדשים אדומות  500 מיה,מיה תעשיות מזון מ.ת.מ בעמ,,,"י""ח",500,ל  גרם,false,1,6.90,1.38,true,1,
7290002319191,false,עדשים ירוקים 500 מיה,מיה תעשיות מזון מ.ת.מ בעמ,,,"י""ח",500,ל  גרם,false,1,6.90,1.38,true,1,
7290002319207,false,כוסמת 500,מיה תעשיות מזון מ.ת.מ בעמ,,,"י""ח",500,ל  גרם,false,1,8.90,1.78,true,1,
7290002319221,false,חיטה 500 ג מיה,מיה תעשיות מזון מ.ת.מ בעמ,,,"י""ח",500,ל  גרם,false,1,3.50,0.70,false,1,
7290002319375,false,קורנפלור 200 גר,מיה תעשיות מזון מ.ת.מ בעמ,,,"י""ח",200,ל  גרם,false,1,2.90,1.45,false,1,
7290002319429,false,פפריקה מתוקה צנצ 80גר`,מיה תעשיות מזון מ.ת.מ בעמ,,,"י""ח",100,ל  גרם,false,1,6.30,6.30,false,1,
7290002319443,false,כמון 80 גרם,מיה תעשיות מזון מ.ת.מ בעמ,,,"י""ח",80,ל  גרם,false,1,6.30,7.88,false,1,
7290002319467,false,אורגנו 35 גרם,מיה תעשיות מזון מ.ת.מ בעמ,,,"י""ח",35,ל  גרם,false,1,6.30,18,false,1,
7290002319771,false,תמצית אפיה וניל מיה,מיה תעשיות מזון מ.ת.מ בעמ,,,"י""ח",50,"ל  מ""ל",false,1,2.90,5.80,false,1,
7290002319788,false,תמצית אפיה רום,מיה תעשיות מזון מ.ת.מ בעמ,,,"י""ח",60,"ל  מ""ל",false,1,2.90,4.83,false,1,
7290002319825,false,אבקת סוכר 100 גר מיה,מיה תעשיות מזון מ.ת.מ בעמ,,,"י""ח",100,ל  גרם,false,1,1.90,1.90,false,1,
7290002327028,false,ג חנון 650 ג,נטו מלינדה סחר בעמ,,,"י""ח",650,ל  גרם,false,1,17.90,2.75,true,1,
7290002327059,false,בצק עלים אופרה,נטו מלינדה סחר בעמ,,,"י""ח",1,"ק""ג",false,1,17.90,17.90,true,1,
7290002327103,false,ג חנון בטעם מיוחד,נטו מלינדה סחר בעמ,,,"י""ח",1,"ק""ג",false,1,21.90,21.90,true,1,
7290002327912,false,מיני בורקס 700 ג,נטו מלינדה סחר בעמ,,,"י""ח",700,ל  גרם,false,1,21.90,3.13,true,1,
7290002327929,false,"מיני בורקס תפו""א 700 ג",נטו מלינדה סחר בעמ,,,"י""ח",800,ל  גרם,false,1,22.90,2.86,true,1,
7290002331018,false,נביעות 500 בודד,החברה המרכזית להפצת משקאות בעמ,,,"י""ח",500,"ל  מ""ל",false,1,4,0.74,true,1,
7290002331094,false,נביעות 755 מייל בודד,החברה המרכזית להפצת משקאות בעמ,,,"י""ח",755,"ל  מ""ל",false,1,4.30,0.53,false,1,
7290002331421,false,"שישיית נביעות 775 מ""ל",החברה המרכזית להפצת משקאות בעמ,,,"י""ח",4.53,ליטר,false,1,16.90,3.33,false,1,
7290002348238,false,לפתן אננס  חתוך 850 ג וויליגר,נטו מלינדה סחר בעמ,,,"י""ח",850,ל  גרם,false,1,8.90,1.05,false,1,
7290002348306,false,קוקטיל פירות,נטו מלינדה סחר בעמ,,,"י""ח",850,ל  גרם,false,1,11.90,1.40,true,1,
7290002353836,false,סרדינים רוברט בשמן זית,א. סיימן סחר בעמ,,,"י""ח",120,ל  גרם,false,1,8.90,7.42,true,1,
7290002360278,false,תה פומפדור-מנטה,ש.שסטוביץ בעמ,,,"י""ח",45,ל  גרם,false,1,13.90,30.89,true,1,
7290002360285,false,תה פומפדור-קמומיל,ש.שסטוביץ בעמ,,,"י""ח",30,ל  גרם,false,1,13.90,46.33,true,1,
7290002371854,false,"נקניקיות חריפות 1ק""ג",תנובה בשר,,,"י""ח",1,"ק""ג",false,1,31.90,31.90,false,1,
7290002374268,false,שמן חמניות מילומור 1 ליטר.,סוגת תעשיות בעמ,,,"י""ח",1,ליטר,false,1,11.90,11.90,false,1,
7290002374312,false,שמן קנולה מילו 1 ליטר,סוגת תעשיות בעמ,,,"י""ח",1,ליטר,false,1,10.90,10.90,false,1,
7290002485025,false,חומוס מסעדות 500 גרם,סלטי שמיר2006בעמ,,,"י""ח",500,ל  גרם,false,1,15.90,3.18,false,1,
7290002485049,false,חומוס מסבחה 500 גרם,סלטי שמיר2006בעמ,,,"י""ח",500,ל  גרם,false,1,15.90,3.18,false,1,
7290002485063,false,חומוס אבו גוש 500 גרם,סלטי שמיר2006בעמ,,,"י""ח",500,ל  גרם,false,1,15.90,3.18,false,1,
7290002512004,false,מלווח צנעני 900גר,א.ג בחירה חכמה בעמ,,,"י""ח",900,ל  גרם,false,1,19.90,2.21,false,1,
7290002512011,false,ג חנון בצק 900ג צנעני,א.ג בחירה חכמה בעמ,,,"י""ח",900,ל  גרם,false,1,19.90,2.21,false,1,
7290002515371,false,קמיל בלו 1 ליטר,פישר תעשיות פרמבצטיות בעמ,,,"י""ח",1,ליטר,false,1,26.90,26.90,true,1,
7290002543237,false,קורנפלקס 750 גרם קלוגס,דיפלומט מפיצים (1968) בעמ**,,,"י""ח",750,ל  גרם,false,1,16.90,2.25,true,1,
7290002577492,false,פילה דג הרינג מלוח בשמן 240 גרם,נטו מלינדה סחר בעמ,,,"י""ח",1,,false,1,26.90,26.90,false,1,
7290002581079,false,תן צ אפ 70 ג,מיה תעשיות מזון מ.ת.מ בעמ,,,"י""ח",60,ל  גרם,false,1,3.70,6.17,false,1,
7290002627210,false,~גפילטע פיש 520גר`=,נטו מלינדה סחר בעמ,,,"י""ח",520,ל  גרם,false,1,9.90,1.90,false,1,
7290002628064,false,טחון בקר בלדי,בלדי בעמ,,,"י""ח",500,ל  גרם,false,1,18.90,3.78,false,1,
7290002628088,false,טחון הודו 500גרם קפוא  ארוז,בלדי בעמ,,,"י""ח",500,ל  גרם,false,1,10.90,2.18,false,1,
7290002628293,false,טחון עוף קפוא 500גרם  ארוז,בלדי בעמ,,,"י""ח",500,ל  גרם,false,1,10.90,2.18,false,1,
7290002674221,false,אקווה פרש מנטה משאבה 100,גורי ע.ע.ע. בעמ,,,"י""ח",100,ל  גרם,false,1,12.90,12.90,false,1,
7290002692393,false,שמן קנולה 1 ליטר מועשר עץ הזית.,סוגת תעשיות בעמ,,,"י""ח",1,ליטר,false,1,15.90,15.90,false,1,
7290002692478,false,"שמן זית כתית עץ הזית  750 מ""ל",סוגת תעשיות בעמ,,,"י""ח",750,"ל  מ""ל",false,1,29.90,3.99,true,1,
7290002707134,false,"קמח חיטה לבן בהיר 1ק""ג",טחנות קמח מפרץ בעמ,,,"י""ח",1,"ק""ג",false,1,4.40,4.40,true,1,
7290002715504,false,מרק עוף בכוס,נטו מלינדה סחר בעמ,,,"י""ח",70,ל  גרם,false,1,4.50,6.43,false,1,
7290002715511,false,מרק בשר מאג יק,נטו מלינדה סחר בעמ,,,"י""ח",70,ל  גרם,false,1,4.50,6.43,false,1,
7290002715528,false,מרק ירקות בכוס,נטו מלינדה סחר בעמ,,,"י""ח",70,ל  גרם,false,1,4.50,6.43,false,1,
7290002715580,false,מרק סיני בכוס,נטו מלינדה סחר בעמ,,,"י""ח",70,ל  גרם,false,1,4.50,6.43,false,1,
7290002730262,false,"פלמוליב נוזל כלים 750מ""ל",ש.שסטוביץ בעמ,,,"י""ח",750,"ל  מ""ל",false,1,11.90,1.59,true,1,
7290002730538,false,בלונס מסיר איפור 60 יח,ש.שסטוביץ בעמ,,,"י""ח",1,"י""ח",false,1,8.90,8.90,false,1,
7290002730675,false,"##קולגייט אדומה 100 מ""ל",ש.שסטוביץ בעמ,,,"י""ח",100,"ל  מ""ל",false,1,10.90,10.90,false,1,
7290002730958,false,סבון מוצק זיתים פלמוליב  4יח,ש.שסטוביץ בעמ,,,"י""ח",360,ל  גרם,false,1,16.90,4.69,true,1,
7290002735021,false,ג חנון ינון 750ג,קפוא זן תעשיות מזון בעמ,,,"י""ח",750,ל  גרם,false,1,14.90,1.99,false,1,
7290002735113,false,בורקס  גבינה}ינון{,קפוא זן תעשיות מזון בעמ,,,"י""ח",800,ל  גרם,false,1,15.90,1.99,false,1,
7290002735120,false,"בורקס תפו""א ינון",קפוא זן תעשיות מזון בעמ,,,"י""ח",800,ל  גרם,false,1,13.90,1.74,false,1,
7290002735274,false,ג חנון אפוי,קפוא זן תעשיות מזון בעמ,,,"י""ח",600,ל  גרם,false,1,15.90,2.65,false,1,
7290002750130,false,מארז חליות פילסברי 6יח,ג נרל מילס ישראל בעמ,,,"י""ח",1,,false,1,11.90,11.90,false,1,
7290002750154,false,לחמניה יאמיס שישייה אפיה מקומית,ג נרל מילס ישראל בעמ,,,"י""ח",1,,false,1,11.90,11.90,true,1,
7290002752332,false,מנטוס גלילים פירות,ליימן שליסל,,,"י""ח",37.50,ל  גרם,false,1,3.30,8.80,false,1,
7290002752349,false,מנטוס גלילים מנטה,ליימן שליסל,,,"י""ח",37.50,ל  גרם,false,1,3.30,8.80,false,1,
7290002752493,false,טיק טק רביעיות מנטה,פרימיום - חברה לדברי מתיקה ולמ,,,"י""ח",250,ל  גרם,false,1,11.40,4.56,false,1,
7290002753995,false,קישוטי שוקולד150ג,ליימן שליסל,,,"י""ח",150,ל  גרם,false,1,18.40,12.27,false,1,
7290002768043,false,תאדנט מי פה ענק,החב הדרומית לשיווק,,,"י""ח",150,"ל  מ""ל",false,1,14.70,9.80,false,1,
7290002768159,false,בת אורן-סבון אמב,החב הדרומית לשיווק,,,"י""ח",500,"ל  מ""ל",false,1,17.90,3.58,false,1,
7290002771104,false,קפה אלנחלה 500גר  עם הל,קפה אל נחלה בני רפיק,,,"י""ח",500,ל  גרם,false,1,31.90,6.38,false,1,
7290002771111,false,.קפה אלנחילה 250 גר עם הל,קפה אל נחלה בני רפיק,,,"י""ח",2.50,"י""ח",false,1,15.90,6.36,false,1,
7290002771128,false,קפה אלנחילה 250 גר,קפה אל נחלה בני רפיק,,,"י""ח",250,ל  גרם,false,1,15.90,6.36,false,1,
7290002782131,false,דאודורנט ספריי פנינה,פנינה רוזנבלום בעמ,,,"י""ח",150,"ל  מ""ל",false,1,23.90,15.93,true,1,
7290002782742,false,דאודורנט פנינה חדש 2,פנינה רוזנבלום בעמ,,,"י""ח",150,"ל  מ""ל",false,1,16.90,11.27,true,1,
7290002782759,false,קרם גוף פ. רוזנבלום מס 2,פנינה רוזנבלום בעמ,,,"י""ח",500,"ל  מ""ל",false,1,23.90,4.78,true,1,
7290002814016,false,"מסיר שמנים קר}סנט  מוריץ750 מ""ל",קומפלקס כימיקלסבעמ ~~~,,,"י""ח",750,"ל  מ""ל",false,1,12.90,1.72,false,1,
7290002814054,false,אנטרטיק 1 ליטר מרסס,קומפלקס כימיקלסבעמ ~~~,,,"י""ח",1,ליטר,false,1,11.90,11.90,false,1,
7290002824183,false,גבינה סקי 5% 500 גרם*,שטראוס גרופ ***בעמ,,,"י""ח",500,ל  גרם,false,1,9.20,1.84,true,1,
7290002824466,false,דנונה ביו  %0 שומן,שטראוס גרופ ***בעמ,,,"י""ח",200,"ל  מ""ל",false,1,3.50,1.75,true,1,
7290002824640,false,גבינה סקי 5% 250  גרם*,שטראוס גרופ ***בעמ,,,"י""ח",250,ל  גרם,false,1,4.97,1.99,true,1,
7290002825722,false,סלט כרוב אדום שטראוס 500גרם,שטראוס גרופ ***בעמ,,,"י""ח",500,ל  גרם,false,1,14.90,2.98,true,1,
7290002842002,false,פתיתי ש. שועל מורנפלייק 500ג,ליימן שליסל,,,"י""ח",500,ל  גרם,false,1,10.90,2.18,false,1,
7290002859451,false,כנפי אווז תפזורת קפוא,בלדי בעמ,,,"ק""ג",1,"ק""ג",true,1,29.90,29.90,false,1,
7290002868996,false,קוטג  5% מועשר 250 גרם,*החברה המרכזית להפצת משקאותבעמ,,,"י""ח",250,ל  גרם,false,1,5.30,2.12,true,1,
7290002904694,false,טיטניום דאודארנט 180 מל,החב הדרומית לשיווק,,,"י""ח",150,"ל  מ""ל",false,1,14.90,9.93,false,1,
7290002905462,false,מקל אלומיניום למטאטא,לפ סולומון סולור,,,"י""ח",1,,false,1,4.30,4.30,false,1,
7290002921165,false,הזלין-ספריי 400מ,יעקב יעקבי ובניו בעמ,,,"י""ח",250,"ל  מ""ל",false,1,29.90,11.96,false,1,
7290002922117,false,עוגיות אקלר פרמיום,הלל בן הלל שיווק ומסחר בעמ,,,"י""ח",250,ל  גרם,false,1,23.90,9.56,false,1,
7290002923466,false,"בשר טחון בקר 1 ק""ג",נטו מלינדה סחר בעמ,,,"י""ח",1,"ק""ג",false,1,38.90,38.90,false,1,
7290002930808,false,רבע כבש עטרה קפוא,נטו מלינדה סחר בעמ,,,"ק""ג",1,"ק""ג",true,1,79.90,79.90,false,1,
7290002939528,false,גידים  עטרה}קפוא{,נטו מלינדה סחר בעמ,,,"י""ח",1,,true,1,59.90,59.90,false,1,
7290002939542,false,לשון עטרה חלק,נטו מלינדה סחר בעמ,,,"ק""ג",1,,true,1,59.90,59.90,false,1,
7290002954026,false,שמן תירס 3  ל]שוקחה[,בני ג ורג שוקחה (חיפה) בעמ,,,"י""ח",3,ליטר,false,1,44.90,14.97,false,1,
7290002954187,false,"אורז יסמין 5ק""ג מדליה",בני ג ורג שוקחה (חיפה) בעמ,,,"י""ח",5,"ק""ג",false,1,42.90,8.58,false,1,
7290002987963,false,"חומוס אחלה 1 ק""ג שטראוס",שטראוס גרופ ***בעמ,,,"י""ח",1,"ק""ג",false,1,13.90,13.90,true,1,
7290003009329,false,בוטן אמריקאי 200 גרם,ליימן שליסל,,,"י""ח",200,ל  גרם,false,1,5.90,2.95,true,1,
7290003009336,false,קבוקים 200 ג,ליימן שליסל,,,"י""ח",200,ל  גרם,false,1,5.90,2.95,true,1,
7290003009640,false,פריגת סחוט 100%,*החברה המרכזית להפצת משקאותבעמ,,,"י""ח",1,ליטר,false,1,16.20,16.20,true,1,
7290003015641,false,ריצפז פרש יסמין 2 ליטר,החב הדרומית לשיווק,,,"י""ח",2,ליטר,false,1,19.90,9.95,false,1,
7290003026227,false,שמפו ללא דמעות פישר,פישר תעשיות פרמבצטיות בעמ,,,"י""ח",1,ליטר,false,1,32.90,32.90,true,1,
7290003029181,false,שוקו 1 ליטר בקבוק יטבתה,שטראוס גרופ ***בעמ,,,"י""ח",1,ליטר,false,1,11.90,11.90,true,1,
7290003029372,false,משקה חלב בננה 1ליטר בקבוק יטבתה,שטראוס גרופ ***בעמ,,,"י""ח",1,ליטר,false,1,11.90,11.90,true,1,
7290003029389,false,שוקו בטעם בננה יטבתה פקק 250מל.,שטראוס גרופ ***בעמ,,,"י""ח",250,"ל  מ""ל",false,1,5.50,2.20,true,1,
7290003029433,false,"שוקו יטבתה בקבוק 250מ""ל מהדרין",שטראוס גרופ ***בעמ,,,"י""ח",250,"ל  מ""ל",false,1,5.50,2.20,true,1,
7290003029532,false,מוקה 1 ליטר יטבתה,שטראוס גרופ ***בעמ,,,"י""ח",1,ליטר,false,1,11.90,11.90,true,1,
7290003029792,false,מארז שוקו 8 יח  (יוטבתה),שטראוס גרופ ***בעמ,,,"י""ח",1.80,ליטר,false,1,18.90,10.50,true,1,
7290003029815,false,חלב יטבתה מעושר 2 ליטר,שטראוס גרופ ***בעמ,,,"י""ח",2,ליטר,false,1,15,7.50,true,1,
7290003029907,false,אייס קפה יטבתה 1 ליטר בקבוק,שטראוס גרופ ***בעמ,,,"י""ח",1,ליטר,false,1,11.90,11.90,true,1,
7290003031757,false,פסטרמה פפריקה 400 גרם,תנובה בשר,,,"י""ח",400,ל  גרם,false,1,27.90,6.98,false,1,
7290003054657,false,חרדל דיג ון אקסטרא פורטה דיפלומט,דיפלומט מפיצים (1968) בעמ**,,,"י""ח",370,ל  גרם,false,1,11.50,3.11,false,1,
7290003102686,false,מספריים בטיחותיות לתינוק.,אינטרסן (1996) בעמ,,,"י""ח",1,,false,1,11.90,11.90,false,1,
7290003102990,false,מרפדיות כותנה 70 יח,אינטרסן (1996) בעמ,,,"י""ח",1,,false,1,7.90,7.90,true,1,
7290003119509,false,בקבוק ריק 1.20,שונות /שרות,,,"י""ח",1,"י""ח",false,1,1.20,1.20,false,1,
7290003121090,false,מג יק ירקות בשקית,נטו מלינדה סחר בעמ,,,"י""ח",85,ל  גרם,false,1,2.50,2.94,false,1,
7290003121106,false,מג יק עוף בשקית,נטו מלינדה סחר בעמ,,,"י""ח",85,ל  גרם,false,1,2.50,2.94,false,1,
7290003126712,false,"יוגורט עזים 3% ביו 150מ""ל",*החברה המרכזית להפצת משקאותבעמ,,,"י""ח",140,"ל  מ""ל",false,1,6.30,4.50,true,1,
7290003127597,false,שקית שרות קופה גופיה,שונות /שרות,,,"י""ח",1,,false,1,0.10,0.10,false,1,
7290003145751,false,קשיו קלוי 200גר`,ליימן שליסל,,,"י""ח",200,ל  גרם,false,1,19.40,9.70,true,1,
7290003185719,false,קבב רומני 400 גרם,נטו מלינדה סחר בעמ,,,"י""ח",500,ל  גרם,false,1,20.90,4.18,true,1,
7290003185726,false,קבב מזרחי ]500טיווןויל[,נטו מלינדה סחר בעמ,,,"י""ח",500,ל  גרם,false,1,17.90,3.58,true,1,
7290003189076,false,פיצרלה  500 גרם,גבינות הכפר בעמ,,,"י""ח",500,ל  גרם,false,1,19.90,3.98,false,1,
7290003229109,false,פסטרמה הודו בפפריקה,תנובה בשר,,,"י""ח",400,ל  גרם,false,1,25.90,6.48,false,1,
7290003229147,false,סלמי איטלקי מעושן,תנובה בשר,,,"י""ח",300,ל  גרם,false,1,24.90,8.30,false,1,
7290003229192,false,כתף בקר מעושן 400 גרם טירת צבי,תנובה בשר,,,"י""ח",400,ל  גרם,false,1,25.90,6.48,false,1,
7290003258284,false,קרם גוף 3 פ.רוזנבלום,פנינה רוזנבלום בעמ,,,"י""ח",400,"ל  מ""ל",false,1,28.90,7.23,false,1,
7290003321155,false,דנונה  בר קראנצי שבבי פקאן,שטראוס גרופ ***בעמ,,,"י""ח",175,"ל  מ""ל",false,1,4.40,2.51,true,1,
7290003364275,false,4 מצתים אלקטרוניים,צעצועי דורון ~~~,,,"י""ח",1,,false,1,10,10,false,1,
7290003401369,false,לחות קרם לעיצוב שיער}קלאסיק{,החב הדרומית לשיווק,,,"י""ח",400,"ל  מ""ל",false,1,19.90,4.98,false,1,
7290003401420,false,לחות לשער  נטורל}קלאסיק{,החב הדרומית לשיווק,,,"י""ח",400,"ל  מ""ל",false,1,19.90,4.98,false,1,
7290003411757,false,"צלחות 1 ק""ג הנמל",הנמל אריזות ושווק בעמ,,,"י""ח",1,"ק""ג",false,1,34.90,34.90,false,1,
7290003427154,false,שמן זית זיתא  כתית.מעולה 750,תה ויסוצקי (ישראל)בעמ,,,"י""ח",750,"ל  מ""ל",false,1,37.90,5.05,true,1,
7290003438006,false,ממרח פסטו צנובר,תה ויסוצקי (ישראל)בעמ,,,"י""ח",190,ל  גרם,false,1,13.90,7.32,false,1,
7290003438013,false,ממרח זיתים,תה ויסוצקי (ישראל)בעמ,,,"י""ח",190,ל  גרם,false,1,13.90,7.32,false,1,
7290003438990,false,עטורי עגבניות מיובשות,תה ויסוצקי (ישראל)בעמ,,,"י""ח",220,ל  גרם,false,1,18.90,8.59,true,1,
7290003450602,false,ממרח חרדל צהוב היינץ,דיפלומט מפיצים (1968) בעמ**,,,"י""ח",255,ל  גרם,false,1,8.90,3.49,false,1,
7290003457861,false,פירות טרופים סולרו,גלידות שטראוס בעמ,,,"י""ח",1,,false,1,7,7,true,1,
7290003457991,false,קורנטו קלאסיק שטראוס,גלידות שטראוס בעמ,,,"י""ח",1,,false,1,34.90,34.90,false,1,
7290003475124,false,צמר גפן טהור,ש.שסטוביץ בעמ,,,"י""ח",100,ל  גרם,false,1,5.90,5.90,false,1,
7290003521166,false,סרקל קרם שיער]רוזמרין[,פישר תעשיות פרמבצטיות בעמ,,,"י""ח",325,ל  גרם,false,1,25.90,7.97,false,1,
7290003521197,false,סרקל מתיר קשרים ספריי,פישר תעשיות פרמבצטיות בעמ,,,"י""ח",340,"ל  מ""ל",false,1,25.90,7.62,false,1,
7290003521203,false,סרקל שמפו 2 ליטר,פישר תעשיות פרמבצטיות בעמ,,,"י""ח",2,ליטר,false,1,39.90,19.95,false,1,
7290003521210,false,סרקל מעצב 2 ליטר,פישר תעשיות פרמבצטיות בעמ,,,"י""ח",2,ליטר,false,1,39.90,19.95,false,1,
7290003521395,false,אל סבון תחליבי 2 ליטר,פישר תעשיות פרמבצטיות בעמ,,,"י""ח",2,ליטר,false,1,39.90,19.95,false,1,
7290003525461,false,סלט טונה פקנטי 160ג,נטו מלינדה סחר בעמ,,,"י""ח",160,ל  גרם,false,1,5.90,3.69,false,1,
7290003525478,false,סלט טונה ויליגר 160 גרם,נטו מלינדה סחר בעמ,,,"י""ח",160,ל  גרם,false,1,5.90,3.69,false,1,
7290003526444,false,אננס חתוך ויליגר A2,נטו מלינדה סחר בעמ,,,"י""ח",1,,false,1,6.10,6.10,false,1,
7290003527380,false,דובדבן מתוק ללא חרצן 680גרם,נטו מלינדה סחר בעמ,,,"י""ח",680,ל  גרם,false,1,9.90,1.46,false,1,
7290003550753,false,טונה פוסידון רביעיות,נטו מלינדה סחר בעמ,,,"י""ח",340,ל  גרם,false,1,19.90,5.85,false,1,
7290003578108,false,אננס חתוך 850 גרם ויליפוד,ג.וילי פוד אינטרנשיונל בעמ,,,"י""ח",820,ל  גרם,false,1,9.50,1.16,false,1,
7290003578177,false,תירס גמדי ויליפוד 410 גרם,ג.וילי פוד אינטרנשיונל בעמ,,,"י""ח",410,ל  גרם,false,1,8.90,2.17,true,1,
7290003578290,false,מקלוני אורז 300 גרם. ויליפוד,ג.וילי פוד אינטרנשיונל בעמ,,,"י""ח",300,ל  גרם,false,1,6.50,2.17,false,1,
7290003578313,false,דובדבנים  וויליפוד ללא חרצנים,ג.וילי פוד אינטרנשיונל בעמ,,,"י""ח",720,ל  גרם,false,1,8.90,1.24,false,1,
7290003643004,false,"אורז בסמטי קלאסי  סוגת1 ק""ג",סוגת תעשיות בעמ,,,"י""ח",1,"ק""ג",false,1,13.90,13.90,false,1,
7290003643387,false,"סוכר אריזת פלסטיק 1 ק""ג סוגת",סוגת תעשיות בעמ,,,"י""ח",1,"ק""ג",false,1,7.90,7.90,false,1,
7290003643646,false,סוכר חום דמררה סוגת,סוגת תעשיות בעמ,,,"י""ח",1,"ק""ג",false,1,13.90,13.90,false,1,
7290003643684,false,אפונה יבשה 500 גרם,סוגת תעשיות בעמ,,,"י""ח",500,ל  גרם,false,1,6.90,1.38,true,1,
7290003643707,false,גריסים 500 ג,סוגת תעשיות בעמ,,,"י""ח",500,ל  גרם,false,1,4.90,0.98,true,1,
7290003643714,false,חומוס 500 גרם סוגת,סוגת תעשיות בעמ,,,"י""ח",500,ל  גרם,false,1,7.90,1.58,true,1,
7290003643738,false,חיטה 500 גרם סוגת,סוגת תעשיות בעמ,,,"י""ח",500,ל  גרם,false,1,4.90,0.98,true,1,
7290003643745,false,כוסמת 500 גרם סוגת,סוגת תעשיות בעמ,,,"י""ח",500,ל  גרם,false,1,8.90,1.78,true,1,
7290003643752,false,~עדשים ירוקים 500 ג סוגת,סוגת תעשיות בעמ,,,"י""ח",500,ל  גרם,false,1,8.90,1.78,true,1,
7290003643776,false,פופקורן 500 גרם,סוגת תעשיות בעמ,,,"י""ח",500,ל  גרם,false,1,6.90,1.38,true,1,
7290003643806,false,שעועית לבנה 500 גרם סוגת,סוגת תעשיות בעמ,,,"י""ח",500,ל  גרם,false,1,11.90,2.38,true,1,
7290003643813,false,שעועית אדומה 500 גרם,סוגת תעשיות בעמ,,,"י""ח",500,ל  גרם,false,1,11.90,2.38,true,1,
7290003643820,false,חומוס ענק 500 סוגת,סוגת תעשיות בעמ,,,"י""ח",500,ל  גרם,false,1,10,2,true,1,
7290003681242,false,תבלין זעתר,מיה תעשיות מזון מ.ת.מ בעמ,,,"י""ח",50,ל  גרם,false,1,6.30,12.60,false,1,
7290003681303,false,שעועית מעורבת 500 מיה,מיה תעשיות מזון מ.ת.מ בעמ,,,"י""ח",500,ל  גרם,false,1,7.90,1.58,false,1,
7290003681334,false,"קוקוס 400 גרם מיה בד""צ",מיה תעשיות מזון מ.ת.מ בעמ,,,"י""ח",400,ל  גרם,false,1,8.90,2.23,false,1,
7290003681365,false,סוכריות לקישוט צבעוני מיה,מיה תעשיות מזון מ.ת.מ בעמ,,,"י""ח",200,ל  גרם,false,1,4.90,2.45,false,1,
7290003681532,false,דובדבנים מסוכרים,מיה תעשיות מזון מ.ת.מ בעמ,,,"י""ח",100,ל  גרם,false,1,3.90,3.90,false,1,
7290003681693,false,חומוס לבן ענק  500מיה,מיה תעשיות מזון מ.ת.מ בעמ,,,"י""ח",500,ל  גרם,false,1,8.90,1.78,false,1,
7290003681716,false,גריסי פנינה 500 ג מיה,מיה תעשיות מזון מ.ת.מ בעמ,,,"י""ח",500,ל  גרם,false,1,5.90,1.18,false,1,
7290003681761,false,גבישי שום 80גר`,מיה תעשיות מזון מ.ת.מ בעמ,,,"י""ח",800,ל  גרם,false,1,11.90,1.49,false,1,
7290003681792,false,טופי פירות מיה 850גר,מיה תעשיות מזון מ.ת.מ בעמ,,,"י""ח",850,ל  גרם,false,1,16.90,1.99,false,1,
7290003681921,false,טופי פירות מיה,מיה תעשיות מזון מ.ת.מ בעמ,,,"י""ח",200,ל  גרם,false,1,6.10,3.05,false,1,
7290003726141,false,טופו בוואקום,מחלבות גד,,,"י""ח",320,ל  גרם,false,1,10.90,3.41,false,1,
7290003744428,false,אובלטים קמיל 300 גרם,שוקוטרייד בעמ,,,"י""ח",300,ל  גרם,false,1,11.90,3.97,false,1,
7290003744831,false,אובלטים בצל 300 גרם,שוקוטרייד בעמ,,,"י""ח",300,ל  גרם,false,1,11.90,3.97,false,1,
7290003744848,false,אובלטים גריל 300 גרם,שוקוטרייד בעמ,,,"י""ח",300,ל  גרם,false,1,11.90,3.97,false,1,
7290003781065,false,מלפפונים במלח עם,ג.וילי פוד אינטרנשיונל בעמ,,,"י""ח",690,ל  גרם,false,1,9.90,1.43,false,1,
7290003804320,false,תיבולית שום ופטרוזיליה  72גר,יוניליוור ישראל שיווק בעמ,,,"י""ח",72,ל  גרם,false,1,7.90,10.97,true,1,
7290003804382,false,תיבולית קוביות פטריות 72גרם,יוניליוור ישראל שיווק בעמ,,,"י""ח",72,ל  גרם,false,1,7.90,10.97,true,1,
7290003807178,false,"רוטב סויה 300 מ""ל סיג.סינ",יוניליוור ישראל שיווק בעמ,,,"י""ח",300,"ל  מ""ל",false,1,10.90,3.63,true,1,
7290003807482,false,"רוטב טריאקי 370 מ""ל",יוניליוור ישראל שיווק בעמ,,,"י""ח",370,"ל  מ""ל",false,1,10.90,2.95,true,1,
7290003864478,false,~סרדין בשמן צמחי  ויליפוד,ג.וילי פוד אינטרנשיונל בעמ,,,"י""ח",110,ל  גרם,false,1,4.90,4.45,true,1,
7290003864485,false,סרדין ברוטב עגבנ,ג.וילי פוד אינטרנשיונל בעמ,,,"י""ח",110,ל  גרם,false,1,4.90,4.45,true,1,
7290003882694,false,"נתחי טונה בשמן 1 ק""ג ויליפוד",ג.וילי פוד אינטרנשיונל בעמ,,,"י""ח",1,"ק""ג",false,1,33.90,33.90,false,1,
7290003882922,false,עלי גפן ממולאים וויליפוד 400,ג.וילי פוד אינטרנשיונל בעמ,,,"י""ח",400,ל  גרם,false,1,7.90,1.98,false,1,
7290003989096,false,סלט חציל  פיקנטי-אחלה,שטראוס גרופ ***בעמ,,,"י""ח",500,ל  גרם,false,1,14.90,2.98,true,1,
7290003989539,false,רביולי גבינה שטראוס,שטראוס גרופ ***בעמ,,,"י""ח",400,ל  גרם,false,1,19.90,4.98,true,1,
7290003989553,false,טורטלוני פטריות  שטראוס,שטראוס גרופ ***בעמ,,,"י""ח",400,ל  גרם,false,1,19.90,4.98,true,1,
7290004048679,false,קובה למרק,נטו מלינדה סחר בעמ,,,"י""ח",1,"ק""ג",false,1,21.90,21.90,false,1,
7290004061449,false,שניצל אמריקאי 700 גרם,קפוא זן תעשיות מזון בעמ,,,"י""ח",700,ל  גרם,false,1,15.90,2.27,true,1,
7290004061494,false,נגיסי עוף 700,קפוא זן תעשיות מזון בעמ,,,"י""ח",700,ל  גרם,false,1,16.90,2.41,true,1,
7290004063115,false,"מלח גביש 1  ק""ג}עבה{",סוגת תעשיות בעמ,,,"י""ח",1,"ק""ג",false,1,1.70,1.70,false,1,
7290004078225,false,קולגייט מי פה פלקס ירוק,ש.שסטוביץ בעמ,,,"י""ח",500,"ל  מ""ל",false,1,24.90,4.98,true,1,
7290004078270,false,פלמוליב לכלים צילנדר ליטר לימון,ש.שסטוביץ בעמ,,,"י""ח",1,ליטר,false,1,12.90,12.90,false,1,
7290004078690,false,WC אגקס ג ל נוזל לשרותים,ש.שסטוביץ בעמ,,,"י""ח",750,"ל  מ""ל",false,1,14.90,1.99,false,1,
7290004078942,false,ליידי ספיד סטיק ג ל אדום,ש.שסטוביץ בעמ,,,"י""ח",63,ל  גרם,false,1,19.90,31.59,false,1,
7290004119010,false,גבינת שדה מותכת  25% 500 ג`,תנובה בעמ ***,,,"י""ח",1,,false,1,11.90,11.90,false,1,
7290004119133,false,יוגורט כד1.5 ליטר 7%,תנובה בעמ ***,,,"י""ח",1.50,ליטר,false,1,17.50,11.67,false,1,
7290004119225,false,יופלה אננס,תנובה בעמ ***,,,"י""ח",150,"ל  מ""ל",false,1,5,3.33,false,1,
7290004120061,false,קרלו שוקו וניל,תנובה בעמ ***,,,"י""ח",125,"ל  מ""ל",false,1,3,2.40,false,1,
7290004120108,false,דיאט יופלה טוויגי דובדבן,תנובה בעמ ***,,,"י""ח",150,"ל  מ""ל",false,1,5,3.33,false,1,
7290004120566,false,בולגרית פיראוס 24% 250 ג`,תנובה בעמ ***,,,"י""ח",250,ל  גרם,false,1,22.90,9.16,true,1,
7290004120573,false,פריאוס בולגרית 16% 250גר,תנובה בעמ ***,,,"י""ח",250,ל  גרם,false,1,23.20,9.28,false,1,
7290004120634,false,~בולגרית פיראוס 5% 250גר,תנובה בעמ ***,,,"י""ח",250,ל  גרם,false,1,21.90,8.76,true,1,
7290004120832,false,חלב תנובה כד 2 ל  }תנובה{ מהדרין*,תנובה בעמ ***,,,"י""ח",2,ליטר,false,1,12.46,6.23,false,1,
7290004121488,false,דיאט יופלה אפרסק,תנובה בעמ ***,,,"י""ח",150,"ל  מ""ל",false,1,5,3.33,false,1,
7290004121525,false,מאגדת  יופלה שמיניה פירות 3%,תנובה בעמ ***,,,"י""ח",1.20,ליטר,false,1,29.90,24.92,false,1,
7290004121853,false,פיראוס בולגרית קוביות 5% 200גר,תנובה בעמ ***,,,"י""ח",200,ל  גרם,false,1,21.90,10.95,false,1,
7290004122119,false,פתיתי פרמזן לפסטה 23% השף הלבן 100גר,תנובה בעמ ***,,,"י""ח",100,ל  גרם,false,1,12.70,12.70,false,1,
7290004122195,false,גוש   חלב פרוס}מהדרין  {200ג`,תנובה בעמ ***,,,"י""ח",200,ל  גרם,false,1,13.90,6.95,false,1,
7290004122270,false,עמק פרוס בקופסא 200גר,תנובה בעמ ***,,,"י""ח",200,ל  גרם,false,1,16.10,8.05,true,1,
7290004122348,false,~עמק לייט 9% בקופסא 200 ג`,תנובה בעמ ***,,,"י""ח",200,ל  גרם,false,1,16.90,8.45,true,1,
7290004122676,false,חמד פיראוס 5% 250גר,תנובה בעמ ***,,,"י""ח",250,ל  גרם,false,1,17.90,7.16,true,1,
7290004122683,false,אצבעות עמק 172גר,תנובה בעמ ***,,,"י""ח",172,ל  גרם,false,1,16.40,9.53,true,1,
7290004124205,false,דיאט יופלה תות טוויגי תות 0%,תנובה בעמ ***,,,"י""ח",150,"ל  מ""ל",false,1,5,3.33,false,1,
7290004124847,false,קצפת צמחית השף הלבן 500 מייל,תנובה בעמ ***,,,"י""ח",500,"ל  מ""ל",false,1,14.90,2.98,true,1,
7290004125370,false,שמנת 9% 200 ג,תנובה בעמ ***,,,"י""ח",200,"ל  מ""ל",false,1,3.70,1.85,false,1,
7290004125400,false,אשל  *4.5%,תנובה בעמ ***,,,"י""ח",200,"ל  מ""ל",false,1,1.69,0.85,false,1,
7290004125417,false,גיל  *3% 200 ג`,תנובה בעמ ***,,,"י""ח",200,ל  גרם,false,1,1.51,0.76,false,1,
7290004125455,false,"שמנת תנובה 15% מהדרין 200  מ""ל*",תנובה בעמ ***,,,"י""ח",200,"ל  מ""ל",false,1,2.40,1.20,false,1,
7290004125462,false,שמנת חמוצה 15% 500 ג*,תנובה בעמ ***,,,"י""ח",500,"ל  מ""ל",false,1,6,1.20,false,1,
7290004125509,false,"שמנת תנובה 15% חצי מנה 100 מ""ל",תנובה בעמ ***,,,"י""ח",100,"ל  מ""ל",false,1,1.60,1.60,false,1,
7290004125585,false,משקה סויה על הבוקר תנובה,תנובה בעמ ***,,,"י""ח",1,ליטר,false,1,10.90,10.90,true,1,
7290004125721,false,שמנת  לבישול השף תנובה 250 מייל,תנובה בעמ ***,,,"י""ח",250,"ל  מ""ל",false,1,8.20,3.28,false,1,
7290004125738,false,"שמנת לקצפת השף 250 מ""ל  32%( תנובה)",תנובה בעמ ***,,,"י""ח",250,"ל  מ""ל",false,1,6.50,2.60,false,1,
7290004125776,false,עמק קלאסית פרוס בקופסא 400 גרם,תנובה בעמ ***,,,"י""ח",400,ל  גרם,false,1,27.90,6.98,true,1,
7290004126674,false,טל העמק לייט 9% 200גר,תנובה בעמ ***,,,"י""ח",200,ל  גרם,false,1,18.90,9.45,false,1,
7290004127329,false,קוטג% `5מהדרין תנובה 250,תנובה בעמ ***,,,"י""ח",275,ל  גרם,false,1,5.50,2,false,1,
7290004127336,false,קוטג 9%  מהדרין תנובה 250,תנובה בעמ ***,,,"י""ח",250,ל  גרם,false,1,5.50,2.20,false,1,
7290004127800,false,גבינה 5% 500 גרם*תנובה,תנובה בעמ ***,,,"י""ח",500,ל  גרם,false,1,9.96,1.99,false,1,
7290004127817,false,גבינה 9% 500 גרם תנובה,תנובה בעמ ***,,,"י""ח",500,ל  גרם,false,1,9.50,1.90,false,1,
7290004127862,false,"גבינה לבנה תנובה  5% 750  ג""ר*",תנובה בעמ ***,,,"י""ח",750,ל  גרם,false,1,14.94,1.99,true,1,
7290004129101,false,נפוליאון  בטעם טבעי,תנובה בעמ ***,,,"י""ח",225,ל  גרם,false,1,14.20,6.31,false,1,
7290004129156,false,נפוליאון 30% שומ,תנובה בעמ ***,,,"י""ח",225,ל  גרם,false,1,14.20,6.31,false,1,
7290004130794,false,משקה סויה מעושר טבעי 1 ל תנובה,תנובה בעמ ***,,,"י""ח",1,ליטר,false,1,10.90,10.90,true,1,
7290004130916,false,יופלה  פירות יער בשמנת,תנובה בעמ ***,,,"י""ח",150,"ל  מ""ל",false,1,5,3.33,false,1,
7290004131074,false,חלב 3% מהדרין תנובה קרטון+פקק   * 1 ל`,תנובה בעמ ***,,,"י""ח",1,ליטר,false,1,6.23,6.23,false,1,
7290004131814,false,צפתית מעודנת פיראוס 200 ג  5%,תנובה בעמ ***,,,"י""ח",200,ל  גרם,false,1,14.90,7.45,false,1,
7290004132552,false,דיאט סויה טבעי 1 ליטר,תנובה בעמ ***,,,"י""ח",1,ליטר,false,1,10.90,10.90,true,1,
7290004132712,false,אצבעות מוצרלה 172גר,תנובה בעמ ***,,,"י""ח",172,ל  גרם,false,1,16.90,9.83,true,1,
7290004132903,false,"גבינה  250 ג`בד""צ 3%",תנובה בעמ ***,,,"י""ח",250,ל  גרם,false,1,4.70,1.88,false,1,
7290004133511,false,יופלה לבן מאגדת שמיניה,תנובה בעמ ***,,,"י""ח",1.20,ליטר,false,1,20.90,17.42,false,1,
7290004135614,false,בולגרית מעודנת פיראוס  5% 250גר,תנובה בעמ ***,,,"י""ח",250,ל  גרם,false,1,21.90,8.76,false,1,
7290004136857,false,מעדן ג לי בטעם פטל,תנובה בעמ ***,,,"י""ח",125,"ל  מ""ל",false,1,2.30,1.84,false,1,
7290004136871,false,מעדן ג לי בטעם אפרסק,תנובה בעמ ***,,,"י""ח",125,"ל  מ""ל",false,1,2.60,2.08,false,1,
7290004137021,false,שמנת לבישול תנובה 250 מייל,תנובה בעמ ***,,,"י""ח",250,"ל  מ""ל",false,1,8.20,3.28,false,1,
7290004137311,false,עמק לייט %9משפחתית 400גר,תנובה בעמ ***,,,"י""ח",400,ל  גרם,false,1,30.90,7.73,true,1,
7290004146986,false,שמפו נקה -7 לשיער צבוע,החב הדרומית לשיווק,,,"י""ח",750,"ל  מ""ל",false,1,11.90,1.59,false,1,
7290004199241,false,להבונים חסידיים 50יח,אינטרסן (1996) בעמ,,,"י""ח",50,"י""ח",false,1,12.90,0.26,true,1,
7290004199579,false,פלסטר 100 יחידות,אינטרסן (1996) בעמ,,,"י""ח",100,"י""ח",false,1,9.90,0.10,true,1,
7290004199777,false,צימרוני אוזניים פל.בכוס,אינטרסן (1996) בעמ,,,"י""ח",1,,false,1,7.90,7.90,true,1,
7290004199807,false,כפפות לאטקס 100 יח  L,אינטרסן (1996) בעמ,,,"י""ח",1,,false,1,22.90,22.90,true,1,
7290004200282,false,פרסים רמה 7,שמחה זה אנחנו,,,"י""ח",1,,false,1,16.50,16.50,false,1,
7290004219826,false,מלבין קפה הולנדי קומלטה,ג.וילי פוד אינטרנשיונל בעמ,,,"י""ח",400,ל  גרם,false,1,19.90,4.98,false,1,
7290004261115,false,שף הים אצבעות דג בשומשום 700גר,קפוא זן תעשיות מזון בעמ,,,"י""ח",700,ל  גרם,false,1,29.90,4.27,false,1,
7290004263027,false,קבב מזרחי חלק עטרה 500ג,נטו מלינדה סחר בעמ,,,"י""ח",500,ל  גרם,false,1,18.90,3.78,false,1,
7290004263515,false,מעורב ירושלמי]עטרה[,נטו מלינדה סחר בעמ,,,"י""ח",500,ל  גרם,false,1,19.90,3.98,false,1,
7290004263652,false,נקניקיות  עוף(עטרה) 400ג,נטו מלינדה סחר בעמ,,,"י""ח",400,ל  גרם,false,1,8.90,2.23,true,1,
7290004263676,false,טחון   הודו}עטרה{500ג,נטו מלינדה סחר בעמ,,,"י""ח",500,ל  גרם,false,1,12.90,2.58,false,1,
7290004321000,false,עצמות עגל מח,ב ספק בשר בקר טרי,,,"ק""ג",1,,true,1,24.90,24.90,false,1,
7290004324605,false,מון בלאן רוקפורט,נטו מלינדה סחר בעמ,,,"י""ח",120,ל  גרם,false,1,8.90,7.42,false,1,
7290004324858,false,קבב כבש 400 גרם,נטו מלינדה סחר בעמ,,,"י""ח",500,ל  גרם,false,1,17.90,3.58,true,1,
7290004492274,false,גל גל 400 גרם טבעות,יוניליוור ישראל שיווק בעמ,,,"י""ח",400,ל  גרם,false,1,9.90,2.48,true,1,
7290004492762,false,נשנשים תירס 325 גרם,יוניליוור ישראל שיווק בעמ,,,"י""ח",325,ל  גרם,false,1,11.90,3.66,true,1,
7290004494063,false,דלתון פטיט סירה 2009,הכרם משקאות חריפים בעמ,,,"י""ח",750,"ל  מ""ל",false,1,49.90,6.61,false,1,
7290004554330,false,אסקימו דובדבן,גלידות שטראוס בעמ,,,"י""ח",1,,false,1,1.90,1.90,true,1,
7290004554354,false,פנטזיה ש-ו חדש שטראוס,גלידות שטראוס בעמ,,,"י""ח",900,"ל  מ""ל",false,1,17.90,1.99,false,1,
7290004554903,false,פנטזיה שוקו וניל שטראוס,גלידות שטראוס בעמ,,,"י""ח",900,"ל  מ""ל",false,1,17.90,1.99,false,1,
7290004584306,false,סופר גמדים,שטראוס גרופ ***בעמ,,,"י""ח",400,"ל  מ""ל",false,1,10.90,2.73,true,1,
7290004584351,false,סימפוניה החמישית 200 ג,שטראוס גרופ ***בעמ,,,"י""ח",200,ל  גרם,false,1,10.90,5.45,true,1,
7290004584528,false,דנונה ביו 1.7% שומן,שטראוס גרופ ***בעמ,,,"י""ח",200,"ל  מ""ל",false,1,3.50,1.75,true,1,
7290004585907,false,דני וניל,שטראוס גרופ ***בעמ,,,"י""ח",130,"ל  מ""ל",false,1,2.60,2,true,1,
7290004658847,false,"יין תירוש 187מ""ל",אגודת הכורמים,,,"י""ח",187,"ל  מ""ל",false,1,6.50,3.32,false,1,
7290004658960,false,"אמרלד ריזלינג P.C 750מ""ל",אגודת הכורמים,,,"י""ח",750,"ל  מ""ל",false,1,39.90,5.28,true,1,
7290004685157,false,לחם שיפון 100%,י.את א. ברמן בעמ,,,"י""ח",750,ל  גרם,false,1,15.90,2.12,false,1,
7290004685430,false,לחם הארץ כוסמין 100%,י.את א. ברמן בעמ,,,"י""ח",1,,false,1,15.90,15.90,false,1,
7290004731076,false,אל סבון כיף 1 ליטר,החב הדרומית לשיווק,,,"י""ח",1,ליטר,false,1,13.90,13.90,false,1,
7290004731083,false,אל סבון כיף 1 ליטר,החב הדרומית לשיווק,,,"י""ח",1,ליטר,false,1,13.90,13.90,false,1,
7290004731472,false,כיף אלסבון שלישייה,החב הדרומית לשיווק,,,"י""ח",1.50,ליטר,false,1,20.90,13.93,false,1,
7290004731519,false,תרסיס מקסימה סנסטיב ורוד למייבש כביסה,החב הדרומית לשיווק,,,"י""ח",750,"ל  מ""ל",false,1,16.30,2.17,true,1,
7290004731557,false,תרסיס מקסימה מאסק למייבש כביסה,החב הדרומית לשיווק,,,"י""ח",750,"ל  מ""ל",false,1,16.30,2.17,true,1,
7290004731670,false,דאופרש מטהר אוויר,החב הדרומית לשיווק,,,"י""ח",300,"ל  מ""ל",false,1,9.90,3.30,false,1,
7290004737900,false,חלב מרוכז ממותק ויליפוד,ג.וילי פוד אינטרנשיונל בעמ,,,"י""ח",397,ל  גרם,false,1,9.90,2.49,false,1,
7290004861261,false,טבורוג טעמים שונים 5%,מחלבות המושבה בעמ,,,"ק""ג",1,,true,1,32.90,32.90,false,1,
7290004872731,false,אקסטרים וניל,נגה גלידות,,,"י""ח",1,,false,1,8.90,8.90,true,1,
7290004923100,false,עין גדי 2 ליטר,יפאורה שותפות מוגבלת לשיווק,,,,1,,false,1,3,3,false,1,
7290004944049,false,טחינה 400 ג אסלי,סלטי שמיר2006בעמ,,,"י""ח",400,ל  גרם,false,1,9.90,2.48,true,1,
7290004944056,false,חציל במיונז אסלי 400ג,סלטי שמיר2006בעמ,,,"י""ח",400,ל  גרם,false,1,9.90,2.48,true,1,
7290004982355,false,צ`דר טריפל נטו,א. סיימן סחר בעמ,,,"ק""ג",1,,true,1,129,129,true,1,
7290005008184,false,פלמוליב סבון נוזלי,ש.שסטוביץ בעמ,,,"י""ח",500,"ל  מ""ל",false,1,15.90,3.18,false,1,
7290005068058,false,תירס קל פרי גליל A2,ויטה- פרי גליל (החדשה) בעמ,,,"י""ח",550,ל  גרם,false,1,7.90,1.44,false,1,
7290005068447,false,תירס ואקום קל,ויטה- פרי גליל (החדשה) בעמ,,,"י""ח",340,ל  גרם,false,1,5.90,1.74,false,1,
7290005084355,false,סנסודין דואל קר,גורי ע.ע.ע. בעמ,,,"י""ח",75,ל  גרם,false,1,21.90,29.20,true,1,
7290005111761,false,"בונזו בשר 3 ק""ג",דיפלומט מפיצים (1968) בעמ**,,,"י""ח",3,"ק""ג",false,1,44.90,14.97,false,1,
7290005174513,false,סלט חציל במיונז אחלה 500גרם,שטראוס גרופ ***בעמ,,,"י""ח",500,ל  גרם,false,1,14.90,2.98,true,1,
7290005174551,false,חומוס יום יום אחלה,שטראוס גרופ ***בעמ,,,"י""ח",125,ל  גרם,false,1,4.70,3.76,true,1,
7290005174575,false,טחינה יום יום,שטראוס גרופ ***בעמ,,,"י""ח",125,ל  גרם,false,1,4.70,3.76,true,1,
7290005175428,false,קמח תירס אינסטנד,ג.וילי פוד אינטרנשיונל בעמ,,,"י""ח",500,ל  גרם,false,1,5.90,1.18,false,1,
7290005175589,false,"קמח תירס 1 ק""ג",ג.וילי פוד אינטרנשיונל בעמ,,,"י""ח",1,"ק""ג",false,1,9.90,9.90,false,1,
7290005197758,false,חיוכים שוקו  150במגש,שטראוס גרופ בעמ,,,"י""ח",150,ל  גרם,false,1,4.90,3.27,true,1,
7290005199578,false,פלאטינום נטול 200,שטראוס גרופ בעמ,,,"י""ח",200,ל  גרם,false,1,31.90,15.95,true,1,
7290005200786,false,תפוצ יפס שמנת ובצל,שטראוס פריטו ליי בעמ,,,"י""ח",50,ל  גרם,false,1,4.50,9,true,1,
7290005201455,false,נס קפה ארומה 200 גרם,שטראוס גרופ בעמ,,,"י""ח",200,ל  גרם,false,1,21.90,10.95,true,1,
7290005201882,false,קפה טורקי שקית 200 עלית,שטראוס גרופ בעמ,,,"י""ח",200,ל  גרם,false,1,17.90,8.95,true,1,
7290005287206,false,טונה סטארקיסט  בשמן 160גרם רבעייה,דיפלומט מפיצים (1968) בעמ**,,,"י""ח",640,ל  גרם,false,1,26.90,4.20,true,1,
7290005287251,false,~טונה סטארקיסט  במים רביעייה,דיפלומט מפיצים (1968) בעמ**,,,"י""ח",640,ל  גרם,false,1,26.90,4.20,true,1,
7290005287657,false,ממרח טונה סטארקיסט 160ג,דיפלומט מפיצים (1968) בעמ**,,,"י""ח",160,ל  גרם,false,1,6.50,4.06,true,1,
7290005296246,false,כלורקס פלמר לפתיחת סתימות,יעקב יעקבי ובניו בעמ,,,"י""ח",946,"ל  מ""ל",false,1,26.90,2.84,false,1,
7290005296260,false,אסטוניש רסס ונגב,יעקב יעקבי ובניו בעמ,,,"י""ח",750,"ל  מ""ל",false,1,11.90,1.59,true,1,
7290005317200,false,קרקר טופז רגיל 110גר הדר,ח.כהן סוכנות מזון ומשקאות בע,,,"י""ח",110,ל  גרם,false,1,2.90,2.64,true,1,
7290005418716,false,לחות לשיער-תלתלים ברגע,החב הדרומית לשיווק,,,"י""ח",400,"ל  מ""ל",false,1,20.90,5.23,false,1,
7290005423253,false,תרסיס מקסימה כחול אולטרה למייבש כביסה,החב הדרומית לשיווק,,,"י""ח",750,"ל  מ""ל",false,1,16.30,2.17,true,1,
7290005423499,false,סנו נירוסטה,החב הדרומית לשיווק,,,"י""ח",476,"ל  מ""ל",false,1,18.90,3.97,false,1,
7290005423567,false,מטליות בגליל סושי,החב הדרומית לשיווק,,,"י""ח",1,,false,1,18.90,18.90,false,1,
7290005423635,false,ריצפז דוחה חרקים 2 ליטר,החב הדרומית לשיווק,,,"י""ח",2,ליטר,false,1,19.90,9.95,false,1,
7290005423734,false,מקסימה מרכך 4 ל  אולטרא,החב הדרומית לשיווק,,,"י""ח",4,ליטר,false,1,21.90,5.48,false,1,
7290005423833,false,פוליויקס פרקט 2 ליטר,החב הדרומית לשיווק,,,"י""ח",2,ליטר,false,1,19.90,9.95,false,1,
7290005423871,false,אורביטול שלישיה סודה,החב הדרומית לשיווק,,,"י""ח",435,ל  גרם,false,1,16.50,3.79,false,1,
7290005423918,false,מרכך כביסה מקסימה  ירוק 4 ליטר,החב הדרומית לשיווק,,,"י""ח",4,ליטר,false,1,21.90,5.48,false,1,
7290005424403,false,אל סבון כיף 1 ליטר,החב הדרומית לשיווק,,,"י""ח",1,ליטר,false,1,13.90,13.90,false,1,
7290005424700,false,מסיר שומנים קר סנו פורטה 1ל,החב הדרומית לשיווק,,,"י""ח",1,ליטר,false,1,16.90,16.90,false,1,
7290005424762,false,ריצפז ווקס דוחה חרקים 2 ליטר,החב הדרומית לשיווק,,,"י""ח",2,ליטר,false,1,25.90,12.95,false,1,
7290005424847,false,סנו סופט 150 מפיות לבן.,החב הדרומית לשיווק,,,"י""ח",150,"י""ח",false,1,8.90,0.06,false,1,
7290005424991,false,פרש אוטומטיק בניחוח בייבי פאודר,החב הדרומית לשיווק,,,"י""ח",165,ל  גרם,false,1,12.90,7.82,false,1,
7290005425073,false,דואופרש אפרסק,החב הדרומית לשיווק,,,"י""ח",300,"ל  מ""ל",false,1,9.90,3.30,false,1,
7290005425196,false,אבקת כביסה מקסימה סנסטיב  2.5,החב הדרומית לשיווק,,,"י""ח",2.50,"ק""ג",false,1,25.90,10.36,false,1,
7290005425646,false,סנו קליר אקדח 1ליטר,החב הדרומית לשיווק,,,"י""ח",1,ליטר,false,1,9.90,9.90,false,1,
7290005426193,false,ספוג הפלא סנו סושי 6 יחידות,החב הדרומית לשיווק,,,"י""ח",1,,false,1,10.90,10.90,false,1,
7290005426230,false,סנו סושי מטלית הפלא לרצפה,החב הדרומית לשיווק,,,"י""ח",1,,false,1,12.90,12.90,false,1,
7290005426568,false,לחות לשיער קרמה-רגיל,החב הדרומית לשיווק,,,"י""ח",400,"ל  מ""ל",false,1,16.90,4.23,false,1,
7290005426629,false,דאופרש אורך דובדבן,החב הדרומית לשיווק,,,"י""ח",300,"ל  מ""ל",false,1,9.90,3.30,false,1,
7290005426803,false,סנו מקסימה מרכך 4 ליטר,החב הדרומית לשיווק,,,"י""ח",4,ליטר,false,1,21.90,5.48,false,1,
7290005426971,false,סנובון שלישייה כחול תפוח,החב הדרומית לשיווק,,,"י""ח",165,ל  גרם,false,1,14.90,9.03,true,1,
7290005427107,false,מגבות   הפלא}סנו{שישייה,החב הדרומית לשיווק,,,"י""ח",570,ל  גרם,false,1,13.90,2.44,true,1,
7290005427633,false,"כיף ג ל לשיער חזק 1 ק""ג",החב הדרומית לשיווק,,,"י""ח",1,"ק""ג",false,1,19.90,19.90,false,1,
7290005427848,false,מטליות בגליל סושי,החב הדרומית לשיווק,,,"י""ח",1,,false,1,18.90,18.90,false,1,
7290005427978,false,"תחליב רחצה עדין לפנים 180 מ""ל",החב הדרומית לשיווק,,,"י""ח",180,"ל  מ""ל",false,1,12.90,7.17,false,1,
7290005428845,false,מפיות ארוח סופט 100,החב הדרומית לשיווק,,,"י""ח",100,"י""ח",false,1,7.90,0.08,false,1,
7290005428852,false,ממחטות   צבעוני סופט חמישייה,החב הדרומית לשיווק,,,"י""ח",650,ל  גרם,false,1,13.90,2.14,false,1,
7290005429286,false,סנו מקסימה קומפקט ביו 6,החב הדרומית לשיווק,,,"י""ח",6,"ק""ג",false,1,45.90,7.65,false,1,
7290005430602,false,סנו אוקסיגאן מסיר בתרסיס מרסס,החב הדרומית לשיווק,,,"י""ח",750,"ל  מ""ל",false,1,17.70,2.36,false,1,
7290005430671,false,פוליוקס קרמיקה 2 ליטר,החב הדרומית לשיווק,,,"י""ח",2,ליטר,false,1,19.90,9.95,true,1,
7290005430961,false,מקסימה שמפו נוזל לכביסה עדינה ביד סנו 1,החב הדרומית לשיווק,,,"י""ח",1,ליטר,false,1,15.90,15.90,false,1,
7290005437540,false,"פטריות טעמן 290   ג` ""5.5",טעמן שווק מזון בעמ,,,"י""ח",290,ל  גרם,false,1,3.90,1.34,false,1,
7290005437830,false,אננס שלם טעמן 825 גרם,טעמן שווק מזון בעמ,,,"י""ח",825,ל  גרם,false,1,10.90,1.32,false,1,
7290005500558,false,"ג ל חדש 1 ק""ג",פנינה רוזנבלום בעמ,,,"י""ח",1,ליטר,false,1,19.80,19.80,false,1,
7290005500688,false,"מסיכה לשיער 1 ק""ג",פנינה רוזנבלום בעמ,,,"י""ח",1,"ק""ג",false,1,29.90,29.90,false,1,
7290005509445,false,מיני קוקיס בטעם חמאה 600 ג`,כרמית תעשיות ממתקים בעמ,,,"י""ח",600,"ס""מ",false,1,16.90,2.82,false,1,
7290005559709,false,בורקס  פיצה}מעדנות{,תנובה בשר,,,"י""ח",700,ל  גרם,false,1,25.90,3.70,false,1,
7290005559914,false,"פיצה משפחתית זיתים 550ג""ר מעדנות",תנובה בשר,,,"י""ח",550,ל  גרם,false,1,19.90,3.62,true,1,
7290005591761,false,דבש טהור מפרחי בר לחיץ 400גר יד מרדכי,שטראוס גרופ בעמ,,,"י""ח",400,ל  גרם,false,1,24.90,6.23,true,1,
7290005651069,false,"לה קט מיקס 2.85 ק""ג",דיפלומט מפיצים (1968) בעמ**,,,"י""ח",2.85,"ק""ג",false,1,64.90,22.77,false,1,
7290005680052,false,טמפוני סופר  32 OB,ש.שסטוביץ בעמ,,,"י""ח",1,,false,1,24.90,24.90,false,1,
7290005733703,false,הרכבה,צעצועי דורון ~~~,,,"י""ח",1,,false,1,20,20,false,1,
7290005735523,false,כלי רכב,צעצועי דורון ~~~,,,"י""ח",1,,false,1,20,20,false,1,
7290005811449,false,ביגלה ראשון,ח.כהן סוכנות מזון ומשקאות בע,,,,1,,false,1,3.59,3.59,false,1,
7290005838002,false,דניאלה בטעם יוגורט וניל,שטראוס גרופ ***בעמ,,,"י""ח",150,"ל  מ""ל",false,1,3.90,2.60,true,1,
7290005838613,false,סקי וניל 3%,שטראוס גרופ ***בעמ,,,"י""ח",125,ל  גרם,false,1,3.80,3.04,true,1,
7290005839078,false,מארז שמיניה  ביו 3% 150גר,שטראוס גרופ ***בעמ,,,"י""ח",1.20,ליטר,false,1,15.90,13.25,true,1,
7290005839108,false,סימפוניה עם זיתים 5%,שטראוס גרופ ***בעמ,,,"י""ח",200,ל  גרם,false,1,10.90,5.45,true,1,
7290005839313,false,מילקי טופ שטראוס,שטראוס גרופ ***בעמ,,,"י""ח",130,"ל  מ""ל",false,1,4.60,3.54,true,1,
7290005854606,false,אסקימו אננס,גלידות שטראוס בעמ,,,"י""ח",1,,false,1,2.90,2.90,true,1,
7290005854613,false,תותי פרוטי,גלידות שטראוס בעמ,,,"י""ח",1,,false,1,2.90,2.90,true,1,
7290005896415,false,בירה איגל פחית 500מייל,טמפו משקאות בעמ,,,"י""ח",500,"ל  מ""ל",false,1,6.20,1.18,false,1,
7290005938238,false,צ ימצ ורי 220 גרם,נטו מלינדה סחר בעמ,,,"י""ח",220,ל  גרם,false,1,18.90,8.59,false,1,
7290005938245,false,פסטו קלאסי 220 גרם,נטו מלינדה סחר בעמ,,,"י""ח",220,ל  גרם,false,1,15.90,7.23,false,1,
7290005992018,false,יוגורט עיזים 500 בבקבוק.,מחלבות גד,,,"י""ח",500,"ל  מ""ל",false,1,12.90,2.58,false,1,
7290005992247,false,חלומי מוסדי,מחלבות גד,,,"ק""ג",1,,true,1,93.80,93.80,false,1,
7290005992575,false,בולגרית  למריחה 5% גד 250 ג,מחלבות גד,,,"י""ח",250,ל  גרם,false,1,13.90,5.56,false,1,
7290005992735,false,לבנה 250 ג גד,מחלבות גד,,,"י""ח",250,ל  גרם,false,1,11.90,4.76,false,1,
7290005992964,false,פטה כבשים,מחלבות גד,,,"ק""ג",1,,true,1,102.90,102.90,false,1,
7290006185198,false,"קרם לחות לשיער מתולתל 500מ""ל",פנינה רוזנבלום בעמ,,,"י""ח",500,"ל  מ""ל",false,1,16.90,3.38,false,1,
7290006185204,false,"קרם לחות לשיער יבש 500מ""ל",פנינה רוזנבלום בעמ,,,"י""ח",500,"ל  מ""ל",false,1,16.90,3.38,false,1,
7290006185501,false,סבון נוזל ורוד פנינה 1 ליטר,פנינה רוזנבלום בעמ,,,"י""ח",1,ליטר,false,1,10.90,10.90,true,1,
7290006185518,false,סבון נוזלי כחול פנינה 1 ליטר,פנינה רוזנבלום בעמ,,,"י""ח",1,ליטר,false,1,10.90,10.90,true,1,
7290006199942,false,מאגדת שמינייה פופסיקל דובדבן,פלקו בעמ,,,"י""ח",8,"י""ח",false,1,20.90,2.61,false,1,
7290006229427,false,שישית מים סן בנדטו 500,טמפו משקאות בעמ,,,"י""ח",3,ליטר,false,1,11.90,3.97,false,1,
7290006229588,false,"בירה איגל פחית זהב 500מ""ל",טמפו משקאות בעמ,,,"י""ח",330,"ל  מ""ל",false,1,6.20,1.79,false,1,
7290006235244,false,קמיל בלו צמחי לתינוק 100 ג`.,פישר תעשיות פרמבצטיות בעמ,,,"י""ח",100,ל  גרם,false,1,21.90,21.90,false,1,
7290006241214,false,שקד טבעי שקית,ליימן שליסל,,,"י""ח",200,ל  גרם,false,1,17.90,8.95,false,1,
7290006251275,false,תה ירוק סיני 25 יח,תה ויסוצקי (ישראל)בעמ,,,"י""ח",37.50,ל  גרם,false,1,24.90,66.40,true,1,
7290006251282,false,תה הקורנברי,תה ויסוצקי (ישראל)בעמ,,,"י""ח",75,ל  גרם,false,1,17.90,23.87,true,1,
7290006251343,false,חליטת מנגו-פסיפלורה גן קסום,תה ויסוצקי (ישראל)בעמ,,,"י""ח",62.50,ל  גרם,false,1,17.90,28.64,true,1,
7290006251374,false,תה ירוק לימונית וג נג ר,תה ויסוצקי (ישראל)בעמ,,,"י""ח",25,ל  גרם,false,1,24.90,99.60,true,1,
7290006265500,false,פטריות שמפיניון,ביכורי השדה צפון 1994 ג.ד. בעמ,,,"י""ח",1,,false,1,9.90,9.90,true,1,
7290006271181,false,ג חנון מעדנות אפוי למיקרוגל 750 ג,תנובה בשר,,,"י""ח",750,ל  גרם,false,1,21.90,2.92,false,1,
7290006271648,false,"מיני בורקס תפו""א",תנובה בשר,,,"י""ח",650,ל  גרם,false,1,21.90,3.37,false,1,
7290006271655,false,מיני בורקס גבינה,תנובה בשר,,,"י""ח",800,ל  גרם,false,1,24.90,3.11,false,1,
7290006272072,false,חטיפי פיצה מעדנות.,תנובה בשר,,,"י""ח",650,ל  גרם,false,1,22.90,3.52,false,1,
7290006272430,false,בצק עלים חמאה,תנובה בשר,,,"י""ח",600,ל  גרם,false,1,27.90,4.65,false,1,
7290006306302,false,רביולי  גבינה פסטה נונה,מחלבות גד,,,"י""ח",400,ל  גרם,false,1,19.90,4.98,false,1,
7290006306319,false,רביולי בטטה פסטה נונה,מחלבות גד,,,"י""ח",400,ל  גרם,false,1,19.90,4.98,false,1,
7290006306326,false,רביולי פטריות פסטה נונה,מחלבות גד,,,"י""ח",400,ל  גרם,false,1,19.90,4.98,false,1,
7290006306357,false,רביולי גבינת  עיזים פסטה נונה,מחלבות גד,,,"י""ח",400,ל  גרם,false,1,22.90,5.73,false,1,
7290006342553,false,קבוקים 200גר.,דין שיווק וקליה 2021 בעמ,,,"י""ח",200,ל  גרם,false,1,5.90,2.95,false,1,
7290006374615,false,מזון מלכות בדבש טהור,שטראוס גרופ בעמ,,,"י""ח",340,ל  גרם,false,1,48.90,14.38,true,1,
7290006374653,false,דבש-לייט}יד   מורדכי{,שטראוס גרופ בעמ,,,"י""ח",350,ל  גרם,false,1,26.70,7.63,true,1,
7290006374738,false,קונפיטורה תות יד מרדכי בטעם תות,שטראוס גרופ בעמ,,,"י""ח",340,ל  גרם,false,1,13.60,4,true,1,
7290006492432,false,מוצרלה בייבי 150 ג,מחלבות גד,,,"י""ח",1,,false,1,13.90,13.90,false,1,
7290006492616,false,בולגרית פרוסות 5% גד 250 ג`,מחלבות גד,,,"י""ח",250,ל  גרם,false,1,25.20,10.08,false,1,
7290006492685,false,לבנה 250 גרם גד,מחלבות גד,,,"י""ח",250,ל  גרם,false,1,16.90,6.76,false,1,
7290006492852,false,גבינה לבנה 5% עזים,מחלבות גד,,,"י""ח",1,,false,1,15.90,15.90,false,1,
7290006492913,false,לבנה ציזקי 250 גרם,מחלבות גד,,,"י""ח",250,ל  גרם,false,1,12.90,5.16,false,1,
7290006494917,false,מרמולייט וופל שוקו,דנשר (1963) בעמ,,,"י""ח",180,ל  גרם,false,1,7.80,4.33,false,1,
7290006494924,false,מרמולייט וופל לימון 180,דנשר (1963) בעמ,,,"י""ח",180,ל  גרם,false,1,7.80,4.33,false,1,
7290006511157,false,"פטריות שלם 400 ג  בד""ץ",ג.וילי פוד אינטרנשיונל בעמ,,,"י""ח",400,ל  גרם,false,1,7.90,1.98,true,1,
7290006511751,false,פטריות חתוך 290 גרם *שלישיה,ג.וילי פוד אינטרנשיונל בעמ,,,"י""ח",870,ל  גרם,false,1,11.90,1.37,false,1,
7290006546524,false,צ יפס מובחר 800,נטו מלינדה סחר בעמ,,,"י""ח",800,ל  גרם,false,1,14.90,1.86,false,1,
7290006546999,false,לקט למרק לחורף חם,ויטה- פרי גליל (החדשה) בעמ,,,"י""ח",800,ל  גרם,false,1,14.90,1.86,false,1,
7290006550972,false,"טחון בקר עטרה 1 ק""ג",נטו מלינדה סחר בעמ,,,"י""ח",1,"ק""ג",false,1,29.90,29.90,false,1,
7290006618078,false,אסטוניש מרסס לניקוי 750 יעקבי,יעקב יעקבי ובניו בעמ,,,"י""ח",750,"ל  מ""ל",false,1,11.90,1.59,true,1,
7290006618085,false,אסטוניש מרסס לאמבט 750,יעקב יעקבי ובניו בעמ,,,"י""ח",750,"ל  מ""ל",false,1,11.90,1.59,true,1,
7290006618146,false,הפי נוזל להדלקת פחמים,יעקב יעקבי ובניו בעמ,,,"י""ח",1,,false,1,10.90,10.90,false,1,
7290006640598,false,מכשירי כתיבה מגוון,צבע ומכחול (2014) בעמ,,,"י""ח",1,,false,1,5.50,5.50,false,1,
7290006640635,false,מכשירי כתיבה 704,צבע ומכחול (2014) בעמ,,,"י""ח",1,,false,1,4.90,4.90,false,1,
7290006640826,false,מכשירי כתיבה 727,צבע ומכחול (2014) בעמ,,,"י""ח",1,,false,1,7.50,7.50,false,1,
7290006644480,false,תפוזינה תפוז 0.5 ליטר,יפאורה שותפות מוגבלת לשיווק,,,"י""ח",500,"ל  מ""ל",false,1,5.90,1.12,true,1,
7290006644510,false,תפוזינה ענבים 0.5 ליטר,יפאורה שותפות מוגבלת לשיווק,,,"י""ח",500,"ל  מ""ל",false,1,5.90,1.12,true,1,
7290006644527,false,תפוזינה תות בננה 0.5 ליטר,יפאורה שותפות מוגבלת לשיווק,,,"י""ח",500,"ל  מ""ל",false,1,5.90,1.12,true,1,
7290006652027,false,במבה מארז מולטיפק  *20יח,קבוצת אוסם סחר-שות.מוגבלת,,,"י""ח",300,ל  גרם,false,1,23.90,7.97,true,1,
7290006653819,false,קוסקוס דק 350 ג אוסם,קבוצת אוסם סחר-שות.מוגבלת,,,"י""ח",350,ל  גרם,false,1,8.90,2.54,false,1,
7290006664037,false,גמדים ארוחת בוקר,שטראוס גרופ ***בעמ,,,"י""ח",400,"ל  מ""ל",false,1,10.90,2.73,true,1,
7290006664051,false,אקטימל מארז משפ 14 יח טבעי,שטראוס גרופ ***בעמ,,,"י""ח",1.40,ליטר,false,1,29.90,21.36,true,1,
7290006664402,false,גבינת סקי 5% 750  ג*,שטראוס גרופ ***בעמ,,,"י""ח",750,ל  גרם,false,1,13.60,1.81,true,1,
7290006664532,false,דנונה תות 3%,שטראוס גרופ ***בעמ,,,"י""ח",150,"ל  מ""ל",false,1,3.50,2.33,true,1,
7290006664655,false,אקטימל שמיניה טבעי,שטראוס גרופ ***בעמ,,,"י""ח",800,"ל  מ""ל",false,1,19.90,2.49,true,1,
7290006664693,false,דנונה אפרסק 3%,שטראוס גרופ ***בעמ,,,"י""ח",150,"ל  מ""ל",false,1,3.50,2.33,true,1,
7290006664990,false,~מארז שמינייה ביו 1.5% 150גר,שטראוס גרופ ***בעמ,,,"י""ח",1.20,ליטר,false,1,15.90,13.25,true,1,
7290006681553,false,קרמבו וניל ]8 שטראוס[,גלידות שטראוס בעמ,,,"י""ח",8,"י""ח",false,1,15.90,1.99,false,1,
7290006681560,false,קרמבו מוקה ]8 שטראוס[,גלידות שטראוס בעמ,,,"י""ח",8,"י""ח",false,1,15.90,1.99,false,1,
7290006712684,false,ספיד סטיק-כחול,ש.שסטוביץ בעמ,,,"י""ח",51,ל  גרם,false,1,19.90,39.02,true,1,
7290006712981,false,"משחת שיניים  ילדים ספיידרמן 50מ""ל",ש.שסטוביץ בעמ,,,"י""ח",50,ל  גרם,false,1,11.90,23.80,false,1,
7290006739346,false,נקניקיות פרגיות זוגלובק,זוגלובק שיווק בעמ,,,"י""ח",400,ל  גרם,false,1,18.90,4.73,true,1,
7290006739414,false,סלמי קוניאק 300גר`,זוגלובק שיווק בעמ,,,"י""ח",3.50,"י""ח",false,1,26.90,7.69,false,1,
7290006741387,false,מלאווח תימני 700 גרם זוגלובק,זוגלובק שיווק בעמ,,,"י""ח",700,ל  גרם,false,1,16.90,2.41,true,1,
7290006742162,false,המבורגר מזרחי,זוגלובק שיווק בעמ,,,"י""ח",400,ל  גרם,false,1,21.90,5.48,true,1,
7290006764096,false,איגל בקבוק חוזר 500 מייל,טמפו משקאות בעמ,,,"י""ח",500,"ל  מ""ל",false,1,5.10,0.78,true,1,
7290006775016,false,עוגת תפוז ]450אחוה[,אחדות בעמ,,,"י""ח",450,ל  גרם,false,1,9.90,2.20,false,1,
7290006775023,false,עוגת אנגלית-אחווה,אחדות בעמ,,,"י""ח",450,ל  גרם,false,1,9.90,2.20,false,1,
7290006775047,false,עוגת שוקולד]אחוה[,אחדות בעמ,,,"י""ח",450,ל  גרם,false,1,9.90,2.20,false,1,
7290006775054,false,עוגת שיש]אחווה[.,אחדות בעמ,,,"י""ח",450,ל  גרם,false,1,9.90,2.20,false,1,
7290006775085,false,עוגת שמרים (400 אחוה).,אחדות בעמ,,,"י""ח",400,ל  גרם,false,1,10.90,2.73,false,1,
7290006775344,false,עוגת שמרים במילוי קרם קינמון 400 גרם,אחדות בעמ,,,"י""ח",400,ל  גרם,false,1,10.90,2.73,false,1,
7290006775764,false,עוגה שוקוציפס ללא סוכר,אחדות בעמ,,,"י""ח",400,ל  גרם,false,1,11.90,2.98,false,1,
7290006785633,false,שקית 10 מיטלי,שמחה זה אנחנו,,,"י""ח",1,,false,1,5,5,false,1,
7290006788399,false,רולאון נושם לבן פ.דיל 1 קרליין,החב הדרומית לשיווק,,,"י""ח",75,ל  גרם,false,1,11.90,15.87,false,1,
7290006788405,false,רולאון נושם  2 קרליין פ. דיל.,החב הדרומית לשיווק,,,"י""ח",75,ל  גרם,false,1,11.90,15.87,false,1,
7290006788481,false,דאו ספריי נושם  קרליין מס 4,החב הדרומית לשיווק,,,"י""ח",200,"ל  מ""ל",false,1,11.90,5.95,false,1,
7290006788504,false,דאו ספריי נושם  קרליין מס 6,החב הדרומית לשיווק,,,"י""ח",200,"ל  מ""ל",false,1,11.90,5.95,false,1,
7290006788559,false,טיטניום ICE דאו  תרסיס,החב הדרומית לשיווק,,,"י""ח",1,"י""ח",false,1,14.90,14.90,false,1,
7290006804907,false,פיתות מארז 5 יח אסלי פילסברי,ג נרל מילס ישראל בעמ,,,"י""ח",1,,false,1,7.90,7.90,true,1,
7290006806963,false,חלה מתוקה קלועה אפויה(אפיה מקומית),ג נרל מילס ישראל בעמ,,,"י""ח",570,ל  גרם,false,1,10.90,1.91,true,1,
7290006822642,false,פריגת ענבים ירוקים קיווי,החברה המרכזית להפצת משקאות בעמ,,,"י""ח",1.50,ליטר,false,1,9.60,6.40,false,1,
7290006866363,false,מיץ אשכוליות אדומות 1 ליטר,שטראוס גרופ ***בעמ,,,"י""ח",1,ליטר,false,1,15.90,15.90,true,1,
7290006941237,false,לפתניה צבעוני המותג 25 יח,דין שיווק וקליה 2021 בעמ****,,,"י""ח",25,"י""ח",false,1,4.90,0.20,false,1,
7290006983152,false,קרוטונים מתובלים אוסם,קבוצת אוסם סחר-שות.מוגבלת,,,"י""ח",400,ל  גרם,false,1,19.90,4.98,false,1,
7290006983176,false,לחמית שיפון 230 ג`,קבוצת אוסם סחר-שות.מוגבלת,,,"י""ח",230,ל  גרם,false,1,8.90,3.87,true,1,
7290006983527,false,עוגת הבית תפוח עץ עם פרור,קבוצת אוסם סחר-שות.מוגבלת,,,"י""ח",400,ל  גרם,false,1,18.90,4.73,false,1,
7290006983763,false,עוגת הבית שוקולד,קבוצת אוסם סחר-שות.מוגבלת,,,"י""ח",400,ל  גרם,false,1,11.90,2.98,false,1,
7290006983770,false,עוגת הבית שיש,קבוצת אוסם סחר-שות.מוגבלת,,,"י""ח",400,ל  גרם,false,1,11.90,2.98,false,1,
7290006983787,false,עוגת בית שוקו צ יפס,קבוצת אוסם סחר-שות.מוגבלת,,,"י""ח",400,ל  גרם,false,1,11.90,2.98,false,1,
7290006983794,false,עוגת בית תפוז.,קבוצת אוסם סחר-שות.מוגבלת,,,"י""ח",400,ל  גרם,false,1,11.90,2.98,false,1,
7290006992161,false,דייסלה קרונפלור מטרנה,קבוצת אוסם סחר-שות.מוגבלת,,,"י""ח",200,ל  גרם,false,1,12.90,6.45,false,1,
7290006992185,false,דייסלה אורז מטרנה,קבוצת אוסם סחר-שות.מוגבלת,,,"י""ח",200,ל  גרם,false,1,12.90,6.45,false,1,
7290008000826,false,משחת שיניים ברבי,גורי ע.ע.ע. בעמ,,,"י""ח",50,ל  גרם,false,1,10.90,21.80,false,1,
7290008023542,false,שמפו רצפות 4 ליטר מרענן,יוניליוור ישראל שיווק בעמ,,,"י""ח",4,ליטר,false,1,16.90,4.23,false,1,
7290008116541,false,ליסטרין קול מינט 500,שקד תבל בעמ,,,"י""ח",500,"ל  מ""ל",false,1,17.90,3.58,true,1,
7290008116565,false,ליסטרין פרש ברט 500,שקד תבל בעמ,,,"י""ח",500,"ל  מ""ל",false,1,17.90,3.58,true,1,
7290008116862,false,"בלנאום הרמל 500 מ""ל",שקד תבל בעמ,,,"י""ח",200,"ל  מ""ל",false,1,69.90,34.95,false,1,
7290008116886,false,"בלנאום הרמל אף 500 מ""ל",שקד תבל בעמ,,,"י""ח",500,"ל  מ""ל",false,1,69.90,13.98,false,1,
7290008154222,false,שניצלונים]עוף  טוב[,קבוצת אוסם סחר-שות.מוגבלת,,,"י""ח",700,ל  גרם,false,1,14.90,2.13,false,1,
7290008175692,false,אטריות להקפצה נודלס 400,ג.וילי פוד אינטרנשיונל בעמ,,,"י""ח",400,ל  גרם,false,1,7.90,1.98,false,1,
7290008190633,false,לקקן תות 110 יחידות,כרמית תעשיות ממתקים בעמ,,,"י""ח",110,ל  גרם,false,1,34.90,31.73,false,1,
7290008190909,false,מיני קוקיס-שוקו   צ יפס 600גר,כרמית תעשיות ממתקים בעמ,,,"י""ח",600,ל  גרם,false,1,16.90,2.82,false,1,
7290008190985,false,לקקן גלידה 50 יח,כרמית תעשיות ממתקים בעמ,,,"י""ח",500,ל  גרם,false,1,16.90,3.38,true,1,
7290008333115,false,"ג""לטין  ווילגר  28 ג",נטו מלינדה סחר בעמ,,,"י""ח",28,ל  גרם,false,1,9.50,33.93,false,1,
7290008343466,false,בצק פילו 500 גרם,נטו מלינדה סחר בעמ,,,"י""ח",500,ל  גרם,false,1,21.90,4.38,true,1,
7290008343503,false,ג חנון אפוי 650 ג,נטו מלינדה סחר בעמ,,,"י""ח",650,ל  גרם,false,1,21.90,3.37,true,1,
7290008343510,false,מיני ג חנון אפוי 650 ג,נטו מלינדה סחר בעמ,,,"י""ח",650,ל  גרם,false,1,21.90,3.37,false,1,
7290008343558,false,"סיגרים בשר 1 ק""ג",נטו מלינדה סחר בעמ,,,"י""ח",1,"ק""ג",false,1,21.90,21.90,false,1,
7290008343572,false,אגרול סיני,נטו מלינדה סחר בעמ,,,"י""ח",1,"ק""ג",false,1,21.90,21.90,false,1,
7290008343602,false,קובה בשר מטוגן 1 קג,נטו מלינדה סחר בעמ,,,"י""ח",1,"ק""ג",false,1,21.90,21.90,false,1,
7290008343619,false,"פסטלים תפו""א 1 ק""ג",נטו מלינדה סחר בעמ,,,"י""ח",1,"ק""ג",false,1,21.90,21.90,false,1,
7290008343626,false,"פלאפל 1 ק""ג",נטו מלינדה סחר בעמ,,,"י""ח",1,"ק""ג",false,1,21.90,21.90,false,1,
7290008344258,false,המבורגר מזרחיטיוון וויל,נטו מלינדה סחר בעמ,,,"י""ח",400,ל  גרם,false,1,20.90,5.23,true,1,
7290008344272,false,המבורגר טיבון וויל,נטו מלינדה סחר בעמ,,,"י""ח",400,ל  גרם,false,1,17.90,4.48,true,1,
7290008345132,false,הרינג כבוש 240 ג,נטו מלינדה סחר בעמ,,,"י""ח",240,ל  גרם,false,1,26.90,11.21,false,1,
7290008347211,false,אצבעות דג 700 גרם,נטו מלינדה סחר בעמ,,,"י""ח",700,ל  גרם,false,1,19.90,2.84,false,1,
7290008409551,false,מאמא עוף בציפוי מעודן,תנובה בשר,,,"י""ח",700,ל  גרם,false,1,39.90,5.70,false,1,
7290008409568,false,מאמא עוף בציפוי שבבי ציפס,תנובה בשר,,,"י""ח",700,ל  גרם,false,1,39.90,5.70,false,1,
7290008415071,false,חומוס עם טחינה 150.,קבוצת אוסם סחר-שות.מוגבלת,,,"י""ח",150,ל  גרם,false,1,5.20,3.47,false,1,
7290008443616,false,מרכך נקה 7 מייצב יבש אדום,החב הדרומית לשיווק,,,"י""ח",750,"ל  מ""ל",false,1,11.90,1.59,false,1,
7290008443630,false,שמפו נקה -7 לשיער מתולתל סגול,החב הדרומית לשיווק,,,"י""ח",750,"ל  מ""ל",false,1,11.90,1.59,false,1,
7290008443647,false,מרכך נקה 7 מייצב מתולתל סגול,החב הדרומית לשיווק,,,"י""ח",750,"ל  מ""ל",false,1,11.90,1.59,false,1,
7290008461238,false,סרדין רובררט שמן חמניות חריף,א. סיימן סחר בעמ,,,"י""ח",115,ל  גרם,false,1,7.90,6.87,true,1,
7290008462204,false,חרדל דיג ון,א. סיימן סחר בעמ,,,"י""ח",380,ל  גרם,false,1,15.90,4.18,true,1,
7290008462259,false,חרדל גרגירים 380 גרם,א. סיימן סחר בעמ,,,"י""ח",380,ל  גרם,false,1,18.90,4.97,true,1,
7290008464345,false,גולדסטאר בקבוק 330,טמפו משקאות בעמ,,,"י""ח",330,"ל  מ""ל",false,1,7.20,2.09,false,1,
7290008464468,false,"גולדסטאר פחית 500 מ""ל.",טמפו משקאות בעמ,,,"י""ח",500,"ל  מ""ל",false,1,8.10,1.56,false,1,
7290008464475,false,מכבי 500 פחית.,טמפו משקאות בעמ,,,"י""ח",500,"ל  מ""ל",false,1,7.50,1.44,true,1,
7290008464505,false,מים 0.5 ליטר סן בנדטו,טמפו משקאות בעמ,,,"י""ח",500,"ל  מ""ל",false,1,3.20,0.58,false,1,
7290008464604,false,היינקן בירה  500 פחית,טמפו משקאות בעמ,,,"י""ח",500,"ל  מ""ל",false,1,9.90,1.92,false,1,
7290008464734,false,גולדסטאר SLOW BREW בקבוק 330 שישייה.,טמפו משקאות בעמ,,,"י""ח",1.98,ליטר,false,1,41.90,20.25,true,1,
7290008466660,false,מארז רוגעלך 500ג מחנה יהודה,הלל בן הלל שיווק ומסחר בעמ,,,"י""ח",500,ל  גרם,false,1,17.90,3.58,true,1,
7290008466813,false,מארז עוגיות  קינמון 500ג מחנה יהודה,הלל בן הלל שיווק ומסחר בעמ,,,"י""ח",500,ל  גרם,false,1,17.90,3.58,true,1,
7290008470766,false,אורביט סטיקס פפרמינט שמינייה,מרס ריגלי ישראל בעמ,,,"י""ח",8,"י""ח",false,1,15,1.88,false,1,
7290008634045,false,פלסטר 30 צבעוני,אינטרסן (1996) בעמ,,,"י""ח",30,"י""ח",false,1,5.90,0.20,true,1,
7290008634663,false,בקבוק גדול שלישיה,אינטרסן (1996) בעמ,,,"י""ח",1,,false,1,14.90,14.90,false,1,
7290008634700,false,כפפות לאטקס 100 יח  XL,אינטרסן (1996) בעמ,,,"י""ח",1,,false,1,22.90,22.90,true,1,
7290008636919,false,קקאו מיה 200 גרם,מיה תעשיות מזון מ.ת.מ בעמ,,,"י""ח",250,ל  גרם,false,1,8.90,3.56,false,1,
7290008636926,false,קקאו הולנדי 500 ג מיה,מיה תעשיות מזון מ.ת.מ בעמ,,,"י""ח",500,ל  גרם,false,1,13.90,2.78,false,1,
7290008644112,false,מטבוחה יום יום,שטראוס גרופ ***בעמ,,,"י""ח",125,ל  גרם,false,1,4.70,3.76,true,1,
7290008644235,false,סלט עלי בייבי 120גר שטראוס,שטראוס גרופ ***בעמ,,,"י""ח",120,ל  גרם,false,1,9.90,8.25,true,1,
7290008644945,false,סלט המושבה 450גר שטראוס,שטראוס גרופ ***בעמ,,,"י""ח",450,ל  גרם,false,1,10.90,2.42,true,1,
7290008679459,false,כפפות גומי,גורי מוצרי צריכה בעמ,,,"י""ח",1,,false,1,4.90,4.90,false,1,
7290008690713,false,אושן ספריי חמוציות 1ליטר,החברה המרכזית להפצת משקאות בעמ,,,"י""ח",1,ליטר,false,1,11.50,11.50,false,1,
7290008693134,false,דניאלה תות,שטראוס גרופ ***בעמ,,,"י""ח",150,"ל  מ""ל",false,1,3.90,2.60,true,1,
7290008713900,false,לחם רוסי שיפון עגול 750גר`,שלמה א.אנג ל בעמ,,,"י""ח",750,ל  גרם,false,1,12.90,1.72,false,1,
7290008745239,false,תפוצ יפס אקסטרא 55 גרם,שטראוס פריטו ליי בעמ,,,"י""ח",55,ל  גרם,false,1,4.50,8.18,true,1,
7290008752244,false,תפו ציפס גריל 50 גרם,שטראוס פריטו ליי בעמ,,,"י""ח",50,ל  גרם,false,1,4.50,9,true,1,
7290008752435,false,צ יטוס גבינה 30גר.,שטראוס פריטו ליי בעמ,,,"י""ח",30,ל  גרם,false,1,1.90,6.33,true,1,
7290008753111,false,תפוצ יפס מקסיקני 50 גרם,שטראוס פריטו ליי בעמ,,,"י""ח",50,ל  גרם,false,1,4.50,9,true,1,
7290008754415,false,"מאסט ספירמינט ללא סוכר 28גר כשל""פ",שטראוס גרופ בעמ,,,"י""ח",28,ל  גרם,false,1,4.30,15.36,true,1,
7290008757034,false,"שוופס סודה 250 מ""ל",יפאורה שותפות מוגבלת לשיווק,,,"י""ח",250,"ל  מ""ל",false,1,3.50,1.28,true,1,
7290008757980,false,ספרינג רימונים קרטונית,יפאורה שותפות מוגבלת לשיווק,,,"י""ח",1,ליטר,false,1,6.90,6.90,true,1,
7290008775816,false,ערגליות שוקו 300 גרם,קבוצת אוסם סחר-שות.מוגבלת,,,"י""ח",300,ל  גרם,false,1,10.90,3.63,true,1,
7290008775823,false,ערגליות תות שדה 300 גרם,קבוצת אוסם סחר-שות.מוגבלת,,,"י""ח",300,ל  גרם,false,1,10.90,3.63,true,1,
7290008801010,false,PC  קברנה/מרלו 0.75 ל,אגודת הכורמים,,,"י""ח",750,"ל  מ""ל",false,1,39.90,5.28,true,1,
7290008801157,false,סלקטד מרלו  0.75 ל,אגודת הכורמים,,,"י""ח",750,"ל  מ""ל",false,1,29.90,3.95,true,1,
7290008806961,false,קרמיסמו פרה שטראוס,גלידות שטראוס בעמ,,,"י""ח",1.33,ליטר,false,1,18.90,14.21,false,1,
7290008806985,false,נשנושים שטראוס.,גלידות שטראוס בעמ,,,"י""ח",630,ל  גרם,false,1,46.90,7.44,false,1,
7290008835084,false,כתף  מס 4 מוכשר ארגנטינה קפוא,בלדי בעמ,,,"ק""ג",1,,true,1,38.90,38.90,false,1,
7290008849470,false,רוטב פלפל צוימה,תה ויסוצקי (ישראל)בעמ,,,"י""ח",185,ל  גרם,false,1,13.90,7.51,false,1,
7290008849609,false,רוטב כרעיים עוף,תה ויסוצקי (ישראל)בעמ,,,"י""ח",275,"ל  מ""ל",false,1,13.90,5.05,true,1,
7290008849739,false,רוטב סויה קלאסיק,תה ויסוצקי (ישראל)בעמ,,,"י""ח",290,"ל  מ""ל",false,1,15.90,5.48,true,1,
7290008849777,false,רוטב צ ילי מתוק,תה ויסוצקי (ישראל)בעמ,,,"י""ח",350,ל  גרם,false,1,13.90,3.97,true,1,
7290008909778,false,"קרלסברג שישייה 330מ""ל",החברה המרכזית להפצת משקאות בעמ,,,"י""ח",1.98,ליטר,false,1,42.70,20.66,true,1,
7290008909853,false,קוקה קולה ZIRO 0.5 ל,החברה המרכזית להפצת משקאות בעמ,,,"י""ח",500,"ל  מ""ל",false,1,6.20,1.18,true,1,
7290008945202,false,גלילונית לאשפה 50 יחידות 75/90,דנשר (1963) בעמ,,,"י""ח",1,,false,1,12.90,12.90,false,1,
7290008975551,false,מטרנה מהדרין חיסכון}{3,קבוצת אוסם סחר-שות.מוגבלת,,,"י""ח",700,ל  גרם,false,1,49.90,7.13,false,1,
7290008975780,false,"בונזו גזע קטן  3 ק""ג",דיפלומט מפיצים (1968) בעמ**,,,"י""ח",3,"ק""ג",false,1,44.90,14.97,false,1,
7290008989169,false,אורז תפוח,בטר אנד דיפרנט בעמ,,,"י""ח",500,ל  גרם,false,1,19.90,3.98,false,1,
7290008989473,false,ממרח חרובים בטעם שוקולד 350גר.,בטר אנד דיפרנט בעמ,,,"י""ח",350,ל  גרם,false,1,13.90,3.97,false,1,
7290008989572,false,ממרח חלבה טעם וניל 350גר.,בטר אנד דיפרנט בעמ,,,"י""ח",350,ל  גרם,false,1,11.90,3.40,false,1,
7290008989596,false,דייסת דגנים עם קינואה,בטר אנד דיפרנט בעמ,,,"י""ח",200,ל  גרם,false,1,12.90,6.45,false,1,
7290010002016,false,כוסברה טחון 100 גרם,א.ל.יצור ושיווקתבלינים בעמ,,,"י""ח",100,ל  גרם,false,1,9.50,9.50,false,1,
7290010002023,false,כורכום הודי טחון 100 גרם צנצנת,א.ל.יצור ושיווקתבלינים בעמ,,,"י""ח",100,ל  גרם,false,1,11.50,11.50,false,1,
7290010002030,false,כמון 100 גרם צנצנת,א.ל.יצור ושיווקתבלינים בעמ,,,"י""ח",100,ל  גרם,false,1,11.50,11.50,false,1,
7290010002061,false,פלפל לבן טחון 100 גרם,א.ל.יצור ושיווקתבלינים בעמ,,,"י""ח",100,ל  גרם,false,1,16.90,16.90,false,1,
7290010002078,false,פלפל שחור טחון 100 גרם בצנצנת מימון.,א.ל.יצור ושיווקתבלינים בעמ,,,"י""ח",100,ל  גרם,false,1,15.50,15.50,false,1,
7290010002108,false,פלפל שחור גרוס גס 90גר,א.ל.יצור ושיווקתבלינים בעמ,,,"י""ח",90,ל  גרם,false,1,14.50,16.11,false,1,
7290010002122,false,פפריקה הונגרית מתוקה 100,א.ל.יצור ושיווקתבלינים בעמ,,,"י""ח",100,ל  גרם,false,1,11.50,11.50,false,1,
7290010002146,false,פפריקה מרוקאית מתוקה 100,א.ל.יצור ושיווקתבלינים בעמ,,,"י""ח",100,ל  גרם,false,1,11.50,11.50,false,1,
7290010002153,false,פפריקה מרוקאית חריפה 100,א.ל.יצור ושיווקתבלינים בעמ,,,"י""ח",100,ל  גרם,false,1,11.50,11.50,false,1,
7290010002177,false,פפריקה מעושנת 90ג פרימיום,א.ל.יצור ושיווקתבלינים בעמ,,,"י""ח",90,ל  גרם,false,1,16.90,18.78,true,1,
7290010002191,false,מקלות קינמון 50 גרם,א.ל.יצור ושיווקתבלינים בעמ,,,"י""ח",500,ל  גרם,false,1,11.50,2.30,false,1,
7290010002207,false,קינמון טחון 100גר.,א.ל.יצור ושיווקתבלינים בעמ,,,"י""ח",100,ל  גרם,false,1,9.50,9.50,false,1,
7290010002214,false,צ ילי מקסיקני גרוס 80גר,א.ל.יצור ושיווקתבלינים בעמ,,,"י""ח",80,ל  גרם,false,1,11.50,14.38,false,1,
7290010002306,false,תערובת לקציצות 100גר,א.ל.יצור ושיווקתבלינים בעמ,,,"י""ח",100,ל  גרם,false,1,11.50,11.50,false,1,
7290010002320,false,תבלין גריל עוף 100גר,א.ל.יצור ושיווקתבלינים בעמ,,,"י""ח",100,ל  גרם,false,1,11.50,11.50,false,1,
7290010002344,false,תבלין לדג 100גר.,א.ל.יצור ושיווקתבלינים בעמ,,,"י""ח",100,ל  גרם,false,1,11.50,11.50,false,1,
7290010002351,false,זעטר ושומשום בלדי 100,א.ל.יצור ושיווקתבלינים בעמ,,,"י""ח",110,ל  גרם,false,1,11.50,10.45,false,1,
7290010002368,false,תערובת חווג  למרק 100גר,א.ל.יצור ושיווקתבלינים בעמ,,,"י""ח",100,ל  גרם,false,1,11.50,11.50,false,1,
7290010002375,false,מדרס קארי 100גר.,א.ל.יצור ושיווקתבלינים בעמ,,,"י""ח",100,ל  גרם,false,1,11.50,11.50,false,1,
7290010002382,false,אורגנו 40גר.,א.ל.יצור ושיווקתבלינים בעמ,,,"י""ח",40,ל  גרם,false,1,9.50,23.75,false,1,
7290010002399,false,בזיליקום 40 גרם,א.ל.יצור ושיווקתבלינים בעמ,,,"י""ח",40,ל  גרם,false,1,9.50,23.75,false,1,
7290010002436,false,פטרוזיליה 25גר.,א.ל.יצור ושיווקתבלינים בעמ,,,"י""ח",25,ל  גרם,false,1,9.50,38,false,1,
7290010002443,false,רוזמרין 40גר.,א.ל.יצור ושיווקתבלינים בעמ,,,"י""ח",40,ל  גרם,false,1,9.50,23.75,false,1,
7290010002498,false,שום גבישי 120 גרם,א.ל.יצור ושיווקתבלינים בעמ,,,"י""ח",120,ל  גרם,false,1,14.50,12.08,false,1,
7290010002597,false,כוסברה ירוקה 30גר,א.ל.יצור ושיווקתבלינים בעמ,,,"י""ח",30,ל  גרם,false,1,9.50,31.67,false,1,
7290010002658,false,פלפל יבש מתוק 150 גרם,א.ל.יצור ושיווקתבלינים בעמ,,,"י""ח",150,ל  גרם,false,1,15.50,10.33,false,1,
7290010002696,false,אקסטרה צ`יפס אורז חום מלא שמנת בצל 60ג,א.ל.יצור ושיווקתבלינים בעמ,,,"י""ח",60,ל  גרם,false,1,7.90,13.17,true,1,
7290010002726,false,תבלין לפרגיות 100גר,א.ל.יצור ושיווקתבלינים בעמ,,,"י""ח",100,ל  גרם,false,1,11.50,11.50,false,1,
7290010003075,false,פפריקה מרוקאית מתוקה 400 מימון,א.ל.יצור ושיווקתבלינים בעמ,,,"י""ח",400,ל  גרם,false,1,23.90,5.98,false,1,
7290010003693,false,פפריקה מתוקה  80ג שקית,א.ל.יצור ושיווקתבלינים בעמ,,,"י""ח",80,ל  גרם,false,1,5.90,7.38,false,1,
7290010003709,false,פלפל שחור טחון  50ג שקית,א.ל.יצור ושיווקתבלינים בעמ,,,"י""ח",50,ל  גרם,false,1,7.90,15.80,false,1,
7290010003754,false,כמון טחו 50ג שקית,א.ל.יצור ושיווקתבלינים בעמ,,,"י""ח",50,ל  גרם,false,1,5.90,11.80,false,1,
7290010003778,false,תיבול לגריל שקית 80ג,א.ל.יצור ושיווקתבלינים בעמ,,,"י""ח",80,ל  גרם,false,1,5.90,7.38,false,1,
7290010003792,false,מלח לימון שקית 100ג,א.ל.יצור ושיווקתבלינים בעמ,,,"י""ח",100,ל  גרם,false,1,5.90,5.90,false,1,
7290010003808,false,זעתר ושומשום שקית 80ג,א.ל.יצור ושיווקתבלינים בעמ,,,"י""ח",80,ל  גרם,false,1,5.90,7.38,false,1,
7290010003815,false,פלפל שטה 150גר  שקית,א.ל.יצור ושיווקתבלינים בעמ,,,"י""ח",150,ל  גרם,false,1,15.50,10.33,false,1,
7290010003839,false,קינמון טחון  שקית 80ג,א.ל.יצור ושיווקתבלינים בעמ,,,"י""ח",80,ל  גרם,false,1,5.90,7.38,false,1,
7290010003846,false,אורגנו שקית 20ג,א.ל.יצור ושיווקתבלינים בעמ,,,"י""ח",20,ל  גרם,false,1,5.90,29.50,false,1,
7290010003990,false,פטרוזיליה שקית 20ג,א.ל.יצור ושיווקתבלינים בעמ,,,"י""ח",20,ל  גרם,false,1,5.90,29.50,false,1,
7290010023141,false,חליטת  לימונענע גן קסום,תה ויסוצקי (ישראל)בעמ,,,"י""ח",50,ל  גרם,false,1,17.90,35.80,true,1,
7290010060597,false,"סרקל שמפו 1.250 מ""ל",פישר תעשיות פרמבצטיות בעמ,,,"י""ח",1.25,ליטר,false,1,29.90,23.92,true,1,
7290010060603,false,סרקל מעצב 1250 גרם,פישר תעשיות פרמבצטיות בעמ,,,"י""ח",1.25,ליטר,false,1,29.90,23.92,true,1,
7290010066001,false,נתחי טונה פילטונה 960גרם בשמן,תעשיות פילטונה בעמ,,,"י""ח",960,ל  גרם,false,1,34.90,3.64,false,1,
7290010066513,false,טונה 4  יח`בשמן צמחי פילטונה 160 ג`,תעשיות פילטונה בעמ,,,"י""ח",640,ל  גרם,false,1,22.90,3.58,false,1,
7290010066582,false,טונה 4 יחי קנולה פילטונה 160 ג`,תעשיות פילטונה בעמ,,,"י""ח",640,ל  גרם,false,1,22.90,3.58,false,1,
7290010066599,false,טונה 4  יח`בשמן זית פילטונה 160 ג`,תעשיות פילטונה בעמ,,,"י""ח",640,ל  גרם,false,1,27.90,4.36,false,1,
7290010116980,false,שוקולית 850 ג  (שקית),שטראוס גרופ בעמ,,,"י""ח",850,ל  גרם,false,1,18.90,2.22,true,1,
7290010117864,false,דוריטוס חריף אש 70 גרם,שטראוס פריטו ליי בעמ,,,"י""ח",70,ל  גרם,false,1,3.90,5.57,true,1,
7290010118328,false,מארז תפוציפס   {40X6(+אקס טבעי 3,שטראוס פריטו ליי בעמ,,,"י""ח",240,ל  גרם,false,1,13.90,5.79,true,1,
7290010124497,false,"שעועית ירוקה חתוכה    2.5ק""ג",בלדי בעמ,,,"ק""ג",2.50,"ק""ג",true,1,10.90,4.36,false,1,
7290010124503,false,שומן כבש 200גרם ארוז,בלדי בעמ,,,"י""ח",200,ל  גרם,false,1,11.90,5.95,false,1,
7290010129003,false,עוגיות אוזניות 600 ג,שיבולים ייצור ושיווק מאפה בעמ,,,"י""ח",600,ל  גרם,false,1,19.90,3.32,false,1,
7290010129010,false,.עוגיות כתר ריבה 600 גרם,שיבולים ייצור ושיווק מאפה בעמ,,,"י""ח",600,ל  גרם,false,1,19.90,3.32,false,1,
7290010129027,false,עוגיות מרוקאיות 600 ג,שיבולים ייצור ושיווק מאפה בעמ,,,"י""ח",600,ל  גרם,false,1,19.90,3.32,false,1,
7290010129300,false,עוגיות רייף 350ג מאפים של אדל,שיבולים ייצור ושיווק מאפה בעמ,,,"י""ח",350,ל  גרם,false,1,16.90,4.83,false,1,
7290010129324,false,עוגיות מעמול 600 ג,שיבולים ייצור ושיווק מאפה בעמ,,,"י""ח",600,ל  גרם,false,1,19.90,3.32,false,1,
7290010129348,false,עוגיות ממולאות בטעם שוקולד  600 ג,שיבולים ייצור ושיווק מאפה בעמ,,,"י""ח",600,ל  גרם,false,1,19.90,3.32,false,1,
7290010129553,false,עוגיות רולדה תמרים 600 ג,שיבולים ייצור ושיווק מאפה בעמ,,,"י""ח",600,ל  גרם,false,1,19.90,3.32,false,1,
7290010129652,false,עוגיות לקפה  350ג מאפים של אדל,שיבולים ייצור ושיווק מאפה בעמ,,,"י""ח",350,ל  גרם,false,1,16.90,4.83,false,1,
7290010129676,false,עוגיות מרוקאיות ארוך 350ג,שיבולים ייצור ושיווק מאפה בעמ,,,"י""ח",350,ל  גרם,false,1,16.90,4.83,false,1,
7290010129942,false,עוגת קראנץ טעם שוקולד 500ג.,שיבולים ייצור ושיווק מאפה בעמ,,,"י""ח",500,ל  גרם,false,1,14.90,2.98,false,1,
7290010153503,false,שעועית אקסטרא  מיה,מיה תעשיות מזון מ.ת.מ בעמ,,,"י""ח",400,ל  גרם,false,1,7.90,1.98,false,1,
7290010153527,false,ג רש 500 גרם,מיה תעשיות מזון מ.ת.מ בעמ,,,"י""ח",500,ל  גרם,false,1,3.90,0.78,false,1,
7290010153534,false,קמח תירס 400 גרם,מיה תעשיות מזון מ.ת.מ בעמ,,,"י""ח",400,ל  גרם,false,1,6,1.50,false,1,
7290010153800,false,ציפוי לשניצל תיבול עדין 500 ג`,מיה תעשיות מזון מ.ת.מ בעמ,,,"י""ח",500,ל  גרם,false,1,12.90,2.58,false,1,
7290010153855,false,פפריקה מרוקאית בשמן 300גר,מיה תעשיות מזון מ.ת.מ בעמ,,,"י""ח",300,ל  גרם,false,1,17.90,5.97,false,1,
7290010153862,false,פלפל שחור צנצנת גרוס,מיה תעשיות מזון מ.ת.מ בעמ,,,"י""ח",1,,false,1,11.90,11.90,false,1,
7290010154005,false,סחוג תימני 250 גרם,נטו מלינדה סחר בעמ,,,"י""ח",250,ל  גרם,false,1,13.90,5.56,false,1,
7290010154012,false,לימון כבוש יוחאי ביטון 250 גרם,נטו מלינדה סחר בעמ,,,"י""ח",250,ל  גרם,false,1,13.90,5.56,false,1,
7290010154036,false,עמבה ביטו 250 ג,נטו מלינדה סחר בעמ,,,"י""ח",250,ל  גרם,false,1,13.90,5.56,false,1,
7290010154050,false,ממרח שיפקה כבוש ביטון,נטו מלינדה סחר בעמ,,,"י""ח",250,ל  גרם,false,1,13.90,5.56,false,1,
7290010154241,false,חזרת ביתית 250 ג,נטו מלינדה סחר בעמ,,,"י""ח",250,ל  גרם,false,1,13.90,5.56,false,1,
7290010154265,false,פלפל צ ומה 250 גרם,נטו מלינדה סחר בעמ,,,"י""ח",250,ל  גרם,false,1,13.90,5.56,false,1,
7290010154418,false,סחוג אדום 130ג,נטו מלינדה סחר בעמ,,,"י""ח",220,ל  גרם,false,1,9.90,4.50,false,1,
7290010154425,false,סחוג ירוק 130ג,נטו מלינדה סחר בעמ,,,"י""ח",130,ל  גרם,false,1,9.90,7.62,false,1,
7290010154555,false,ממרח לימון כבוש 235ג,נטו מלינדה סחר בעמ,,,"י""ח",235,ל  גרם,false,1,13.90,5.91,false,1,
7290010154678,false,אריסה ביתית 250 גר,נטו מלינדה סחר בעמ,,,"י""ח",250,ל  גרם,false,1,13.90,5.56,false,1,
7290010173044,false,יין גליל מרלו,היכל היין שקד גולן בעמ,,,"י""ח",750,"ל  מ""ל",false,1,38.90,5.15,true,1,
7290010173334,false,יין גליל שיראז,היכל היין שקד גולן בעמ,,,"י""ח",750,ל  גרם,false,1,38.90,5.15,true,1,
7290010175857,false,פרוסות לבבות דקל 400 גרם טעמן,טעמן שווק מזון בעמ,,,"י""ח",400,ל  גרם,false,1,11.90,2.98,true,1,
7290010192120,false,צנונית ארוזה,ביכורי השדה צפון 1994 ג.ד. בעמ,,,"י""ח",1,,false,1,6.90,6.90,false,1,
7290010195268,false,פופ קורן טבעי למיקרוגל,דנשר (1963) בעמ,,,"י""ח",500,ל  גרם,false,1,13.80,2.76,true,1,
7290010234004,false,"סבון אינטימי 450 מ""ל",פנינה רוזנבלום בעמ,,,"י""ח",200,"ל  מ""ל",false,1,19,9.50,false,1,
7290010237548,false,"פפסי מקס 500 מ""ל",טמפו משקאות בעמ,,,"י""ח",500,"ל  מ""ל",false,1,4.50,0.84,true,1,
7290010237593,false,נשר מאלט {330 פקדון},טמפו משקאות בעמ,,,"י""ח",330,"ל  מ""ל",false,1,5,1.42,false,1,
7290010237890,false,"הייניקן 500  מ""ל(חוזר{",טמפו משקאות בעמ,,,"י""ח",500,"ל  מ""ל",false,1,8.90,1.54,false,1,
7290010259366,false,נודלס אטריות מסולסל 200 ג,ג.וילי פוד אינטרנשיונל בעמ,,,"י""ח",200,ל  גרם,false,1,4.90,2.45,false,1,
7290010259823,false,מנת  השף-מרק עם נודלס בטעם עוף,ג.וילי פוד אינטרנשיונל בעמ,,,"י""ח",70,ל  גרם,false,1,5.90,8.43,false,1,
7290010259830,false,מנת השף נודלס בטעם סיני-פיקנטי,ג.וילי פוד אינטרנשיונל בעמ,,,"י""ח",70,ל  גרם,false,1,5.90,8.43,false,1,
7290010259854,false,מנת השף נודלס בטעם פטריות,ג.וילי פוד אינטרנשיונל בעמ,,,"י""ח",70,ל  גרם,false,1,5.90,8.43,false,1,
7290010259861,false,מנת השף מרק עם נודלס בטעם ירקות,ג.וילי פוד אינטרנשיונל בעמ,,,"י""ח",70,ל  גרם,false,1,5.90,8.43,false,1,
7290010259991,false,צנימים 250 גרם,ג.וילי פוד אינטרנשיונל בעמ,,,"י""ח",250,ל  גרם,false,1,6.90,2.76,false,1,
7290010300358,false,"נייר אפיה 10 יח`כשל""פ בד""ץ",נאמן לאורך זמן בעמ,,,"י""ח",1,,false,1,3.90,3.90,false,1,
7290010300501,false,"סוכר חום בשקית 1 ק""ג",נאמן לאורך זמן בעמ,,,"י""ח",1,"ק""ג",false,1,10,10,false,1,
7290010300747,false,קיסמי דנטליים 200יח,נאמן לאורך זמן בעמ,,,"י""ח",1,,false,1,10,10,false,1,
7290010300860,false,אציטון 100 גר,נאמן לאורך זמן בעמ,,,"י""ח",100,"ל  מ""ל",false,1,3.90,3.90,false,1,
7290010328246,false,טחינה  אחווה שומשום מלא 500 ג`,אחדות בעמ,,,"י""ח",500,ל  גרם,false,1,9.90,1.98,false,1,
7290010328253,false,טחינה גולמית אחווה 500גר,אחדות בעמ,,,"י""ח",500,ל  גרם,false,1,9.90,1.98,false,1,
7290010328345,false,חלבה 50גרם אחוה,אחדות בעמ,,,"י""ח",50,ל  גרם,false,1,1.50,3,false,1,
7290010328451,false,חלוה אחוה 400גר.,אחדות בעמ,,,"י""ח",400,ל  גרם,false,1,12.90,3.23,false,1,
7290010328468,false,חטיף מיני  חלבה  18יח,אחדות בעמ,,,"י""ח",18,"י""ח",false,1,9.90,0.55,false,1,
7290010328710,false,"קצפיות במגש 180גר אחווה כשל""פ",אחדות בעמ,,,"י""ח",180,ל  גרם,false,1,9.90,5.50,false,1,
7290010328727,false,ממרח טחינה עם שוקולד 400ג,אחדות בעמ,,,"י""ח",400,ל  גרם,false,1,11.90,2.98,false,1,
7290010328765,false,חטיף חלווה שוקו וניל 50ג,אחדות בעמ,,,"י""ח",50,ל  גרם,false,1,1.50,3,false,1,
7290010328819,false,ממרח טחינה עם שוקולד ללא סוכר 400ג,אחדות בעמ,,,"י""ח",400,ל  גרם,false,1,9.90,2.48,false,1,
7290010329854,false,מיני קוקיס חמאה ללא סוכר,כרמית תעשיות ממתקים בעמ,,,"י""ח",700,ל  גרם,false,1,19.90,2.84,false,1,
7290010471669,false,דנונה קראנצי יוגורט תות עם קורנפלקס,שטראוס גרופ ***בעמ,,,"י""ח",175,"ל  מ""ל",false,1,4.40,2.51,true,1,
7290010472390,false,"מארז שמינייה דני שוקולד רובין כשל""פ",שטראוס גרופ ***בעמ,,,"י""ח",1,ליטר,false,1,16.90,16.90,true,1,
7290010513703,false,4079400330129צ`ופסטיקס צפצפה 20 יח,מזרח ומערב יבוא ושיווק,,,"י""ח",20,"י""ח",false,1,6.90,0.35,false,1,
7290010513727,false,פנקו פרורי לחם וומטרי 200גרם,מזרח ומערב יבוא ושיווק,,,"י""ח",200,ל  גרם,false,1,7.90,3.95,false,1,
7290010548514,false,דורות  תיבול לבישול איטלקי,קבוצת אוסם סחר-שות.מוגבלת,,,"י""ח",70,ל  גרם,false,1,9.90,14.14,false,1,
7290010558087,false,אריסה 200 גרם,עוזי טעמים של בית,,,"י""ח",1,,false,1,14.90,14.90,false,1,
7290010558896,false,אריסה מתוקה 200 גרם,עוזי טעמים של בית,,,"י""ח",1,,false,1,13.90,13.90,false,1,
7290010569052,false,אריזת חסכון 3 טעמים שטראוס,גלידות שטראוס בעמ,,,"י""ח",2,ליטר,false,1,22.90,11.45,false,1,
7290010569656,false,גרפיטי,גלידות שטראוס בעמ,,,"י""ח",1,,false,1,3.90,3.90,false,1,
7290010609734,false,אייס לי שלוקים שמינייה..,דודו הדיל בעמ,,,"י""ח",8,"י""ח",false,1,5.90,0.74,true,1,
7290010613526,false,מטליות לנ.וחיטו בתוספת חומץ דלי טאצ 250,סאסאטק אגשח בעמ,,,"י""ח",2.50,"י""ח",false,1,17.90,7.16,true,1,
7290010613540,false,מטליות בדלי לנ.רצפות בנ.מלון בוטיק טאצ,סאסאטק אגשח בעמ,,,"י""ח",1,"י""ח",false,1,27.90,27.90,false,1,
7290010613991,false,טאצ מטליות רצפה חד פעמי מרכך שחור 10יח,סאסאטק אגשח בעמ,,,"י""ח",10,"י""ח",false,1,11.90,1.19,true,1,
7290010627004,false,טחינה ירושלים 500 גר,תה ויסוצקי (ישראל)בעמ,,,"י""ח",500,ל  גרם,false,1,16.90,3.38,true,1,
7290010627844,false,טחינה ירושלים 500 מלא,תה ויסוצקי (ישראל)בעמ,,,"י""ח",500,ל  גרם,false,1,16.90,3.38,true,1,
7290010632787,false,צמרוני אוזניים מעץ 300,אינטרסן (1996) בעמ,,,"י""ח",300,"י""ח",false,1,3.50,0.01,false,1,
7290010650019,false,אנדיב/עולש,ביכורי השדה צפון 1994 ג.ד. בעמ,,,"י""ח",1,,false,1,13.90,13.90,false,1,
7290010650033,false,בצל שאלוט 350גר,ביכורי השדה צפון 1994 ג.ד. בעמ,,,"י""ח",350,ל  גרם,false,1,10.90,3.11,false,1,
7290010650828,false,פטריות שי-מג`י חום/לבן,ביכורי השדה צפון 1994 ג.ד. בעמ,,,"י""ח",150,ל  גרם,false,1,11.90,7.93,true,1,
7290010650996,false,פטריות שימג`י טרי,ביכורי השדה צפון 1994 ג.ד. בעמ,,,"י""ח",1,"י""ח",false,1,13.90,13.90,true,1,
7290010672844,false,חלה רגילה קלועה 510 גרם,ג נרל מילס ישראל בעמ,,,"י""ח",1,,false,1,9.90,9.90,false,1,
7290010711123,false,רביעית ננסים באריזה,מ.א.ייצור ויבוא מטליות בעמ,,,"י""ח",1,,false,1,6.90,6.90,false,1,
7290010711147,false,גליל מטליות אקולוגי 40 יח`Shiny,מ.א.ייצור ויבוא מטליות בעמ,,,"י""ח",1,,false,1,26.90,26.90,false,1,
7290010711253,false,רביעייה מטליות מיקרו לניקוי כללי Shiny,מ.א.ייצור ויבוא מטליות בעמ,,,"י""ח",1,,false,1,7.90,7.90,false,1,
7290010711901,false,מיקרופייבר שלישייה לרצפה,מ.א.ייצור ויבוא מטליות בעמ,,,"י""ח",3,"י""ח",false,1,15.90,5.30,false,1,
7290010711918,false,מיקרופייבר חמישייה לניקוי כללי,מ.א.ייצור ויבוא מטליות בעמ,,,"י""ח",1,,false,1,9.90,9.90,false,1,
7290010711932,false,מטליות רב שימושיות פרימיום 9יח,מ.א.ייצור ויבוא מטליות בעמ,,,"י""ח",9,"י""ח",false,1,8.90,0.99,false,1,
7290010718634,false,סבון נוזלי לבן פנינה 1 ליטר,פנינה רוזנבלום בעמ,,,"י""ח",1,ליטר,false,1,10.90,10.90,true,1,
7290010719013,false,"שמן זית אחיה מעולה 750מ""ל",ח.כהן סוכנות מזון ומשקאות בע,,,"י""ח",750,"ל  מ""ל",false,1,38.90,5.19,false,1,
7290010719044,false,שמן זית פח 5ליטר,ח.כהן סוכנות מזון ומשקאות בע,,,"י""ח",5,מארז,false,1,224.90,44.98,false,1,
7290010719051,false,"שמן זית אחיה 250מ""ל",ח.כהן סוכנות מזון ומשקאות בע,,,"י""ח",250,"ל  מ""ל",false,1,14,5.60,false,1,
7290010748860,false,אפקטיב קרם ידיים פישר,פישר תעשיות פרמבצטיות בעמ,,,"י""ח",150,"ל  מ""ל",false,1,16.90,11.27,true,1,
7290010748877,false,אפקטיב קרם גוף סנסטיב,פישר תעשיות פרמבצטיות בעמ,,,"י""ח",700,"ל  מ""ל",false,1,29.90,4.27,true,1,
7290010760749,false,"מארז לחמניות שישייה כשל""פ",מאפיית אריאל,,,"י""ח",6,"י""ח",false,1,17.90,2.98,false,1,
7290010791644,false,בונזו ג`וי מקלוני עוף פריכים 90גר,דיפלומט מפיצים (1968) בעמ**,,,"י""ח",90,ל  גרם,false,1,18.50,20.56,false,1,
7290010814244,false,שוקולד שלישיות מריר 3*85גר,כרמית תעשיות ממתקים בעמ,,,"י""ח",255,ל  גרם,false,1,11.90,4.67,true,1,
7290010814251,false,שוקולד שלישיות חלב 85*3 גרם,כרמית תעשיות ממתקים בעמ,,,"י""ח",300,ל  גרם,false,1,11.90,3.97,true,1,
7290010814268,false,שוקולד שלישיות לבן כרמית,כרמית תעשיות ממתקים בעמ,,,"י""ח",300,ל  גרם,false,1,11.90,3.97,true,1,
7290010814695,false,שוקולד פרמיום מריר ללס 85ג,כרמית תעשיות ממתקים בעמ,,,"י""ח",85,ל  גרם,false,1,6.90,8.12,true,1,
7290010822096,false,"סיידר תפוח מוגז 275מ""ל בקבוק",טמפו משקאות בעמ,,,"י""ח",275,"ל  מ""ל",false,1,5.90,2.04,false,1,
7290010838219,false,מרמולייט  סטיביה 100שקיות,דנשר (1963) בעמ,,,"י""ח",100,"י""ח",false,1,25.90,0.26,false,1,
7290010838424,false,טואלט דאק  זוג אקטיב ירוק,דנשר (1963) בעמ,,,"י""ח",1.50,ליטר,false,1,16.90,11.27,false,1,
7290010838431,false,טואלט דאק 750 זוג,דנשר (1963) בעמ,,,"י""ח",1.50,ליטר,false,1,16.90,11.27,false,1,
7290010849505,false,"יין למברוסקו די לואיג`י רוסו 750מ""ל",הכרם משקאות חריפים בעמ,,,"י""ח",750,"ל  מ""ל",false,1,24.90,3.28,false,1,
7290010883042,false,"סנובון נוזלי רענן 750 מ""ל",החב הדרומית לשיווק,,,"י""ח",750,"ל  מ""ל",false,1,8.90,1.19,false,1,
7290010883356,false,כפפות אלוורה L,החב הדרומית לשיווק,,,"י""ח",1,,false,1,10.90,10.90,false,1,
7290010883363,false,כפפות אלוורה S,החב הדרומית לשיווק,,,"י""ח",1,,false,1,10.90,10.90,false,1,
7290010903917,false,"שניצל תירס 1ק""ג  בד""ץ",קפוא זן תעשיות מזון בעמ,,,"י""ח",1,"ק""ג",false,1,21.90,21.90,false,1,
7290010922024,false,פסיפלורה 250גר קפוא בלדי,בלדי בעמ,,,"י""ח",250,ל  גרם,false,1,14.90,5.96,false,1,
7290010922956,false,סלמון מעושן 500ג  הרב אפרתי,בלדי בעמ,,,"י""ח",500,ל  גרם,false,1,76.90,15.38,false,1,
7290010931330,false,סלט מטבוחה 500 גרם אחלה,שטראוס גרופ ***בעמ,,,"י""ח",500,ל  גרם,false,1,13.90,2.78,true,1,
7290010945146,false,קוטג  3% מועשר טרה,*החברה המרכזית להפצת משקאותבעמ,,,"י""ח",250,ל  גרם,false,1,5.30,2.12,true,1,
7290010945450,false,גבינה לבנה 3% 250  ג*,*החברה המרכזית להפצת משקאותבעמ,,,"י""ח",250,ל  גרם,false,1,4.98,1.99,false,1,
7290010945481,false,גבינה לבנה 5% מהדרין 500  *,*החברה המרכזית להפצת משקאותבעמ,,,"י""ח",500,ל  גרם,false,1,9.96,1.99,true,1,
7290011015862,false,"סירופ דיאט לימונענע 750מ""ל",החברה המרכזית להפצת משקאות בעמ,,,"י""ח",750,"ל  מ""ל",false,1,23.60,3.15,false,1,
7290011017866,false,פחית קוקה קולה סליק,החברה המרכזית להפצת משקאות בעמ,,,"י""ח",330,"ל  מ""ל",false,1,4.50,1.27,true,1,
7290011017873,false,פחית קוקה קולה זירו  סליק,החברה המרכזית להפצת משקאות בעמ,,,"י""ח",330,"ל  מ""ל",false,1,4.50,1.27,true,1,
7290011017880,false,פחית קוקה קולה דיאט  סליק,החברה המרכזית להפצת משקאות בעמ,,,"י""ח",330,"ל  מ""ל",false,1,4.50,1.27,true,1,
7290011018443,false,פחית  פאנטה אורנג   סליק,החברה המרכזית להפצת משקאות בעמ,,,"י""ח",330,"ל  מ""ל",false,1,4.50,1.27,true,1,
7290011026066,false,סרקל שמפו ומעצב  1 ליטר,פישר תעשיות פרמבצטיות בעמ,,,"י""ח",1,ליטר,false,1,29.90,29.90,false,1,
7290011051358,false,שוופס סודה עם לימון 250,יפאורה שותפות מוגבלת לשיווק,,,"י""ח",250,"ל  מ""ל",false,1,3.50,1.28,true,1,
7290011051525,false,ספרינג -Tאפרסק   0.5 ל,יפאורה שותפות מוגבלת לשיווק,,,"י""ח",500,"ל  מ""ל",false,1,5.90,1.12,true,1,
7290011065416,false,פלפל שחור מטחנה 60גר,א.ל.יצור ושיווקתבלינים בעמ,,,"י""ח",60,ל  גרם,false,1,17.90,29.83,false,1,
7290011081492,false,קרמיסימו שלושה שוקולדים שטראוס,גלידות שטראוס בעמ,,,"י""ח",1.33,ליטר,false,1,18.90,14.21,false,1,
7290011081690,false,קרמיסימו פרווה מייפל,גלידות שטראוס בעמ,,,"י""ח",1.33,ליטר,false,1,18.90,14.21,false,1,
7290011115203,false,סבון רביעיה לילך,החב הדרומית לשיווק,,,"י""ח",400,ל  גרם,false,1,10.90,2.73,false,1,
7290011115241,false,נקה 7 כחול X 4,החב הדרומית לשיווק,,,"י""ח",400,ל  גרם,false,1,10.90,2.73,false,1,
7290011115258,false,סבון רביעיה לילך,החב הדרומית לשיווק,,,"י""ח",400,ל  גרם,false,1,10.90,2.73,false,1,
7290011115289,false,סבון רביעיה  נקה לילך,החב הדרומית לשיווק,,,"י""ח",400,ל  גרם,false,1,10.90,2.73,false,1,
7290011115401,false,נקה  -AROMA7סבון מוצק*4,החב הדרומית לשיווק,,,"י""ח",400,ל  גרם,false,1,10.90,2.73,false,1,
7290011126209,false,חליטת תפוח וקינמון גן קסום,תה ויסוצקי (ישראל)בעמ,,,"י""ח",55,ל  גרם,false,1,17.90,32.55,true,1,
7290011126452,false,חליטת קמומיל ונענע גן קסום,תה ויסוצקי (ישראל)בעמ,,,"י""ח",37.50,ל  גרם,false,1,17.90,47.73,true,1,
7290011126957,false,תה ירוק ארל גריי,תה ויסוצקי (ישראל)בעמ,,,"י""ח",37.50,ל  גרם,false,1,24.90,66.40,true,1,
7290011132309,false,"גולדסטאר 330מ""ל שישייה Black roast",טמפו משקאות בעמ,,,"י""ח",1980,"ל  מ""ל",false,1,35.90,1.72,true,1,
7290011132552,false,פאולנר רביעיה,טמפו משקאות בעמ,,,"י""ח",1.32,ליטר,false,1,36.10,26.44,true,1,
7290011132606,false,שישית אקווה נובה 0.5 ל,טמפו משקאות בעמ,,,"י""ח",3,ליטר,false,1,12.40,4.13,false,1,
7290011133368,false,"שנדי(מכבי) שישיות טעם תפוח 330מ""ל",טמפו משקאות בעמ,,,"י""ח",1.98,ליטר,false,1,35.90,17.22,true,1,
7290011133634,false,"פפסי מקס שישייה פחיות 330מ""ל",טמפו משקאות בעמ,,,"י""ח",1.98,ליטר,false,1,19.90,9.14,true,1,
7290011142001,false,"לחם""דואט"" 550גר",מאפיית דואט בעמ,,,"י""ח",550,ל  גרם,false,1,11.90,2.16,false,1,
7290011142049,false,לחם דגנים 630גר,מאפיית דואט בעמ,,,"י""ח",630,ל  גרם,false,1,11.90,1.89,false,1,
7290011142148,false,לחמים/לחמניות 450גר,מאפיית דואט בעמ,,,"י""ח",700,ל  גרם,false,1,12.90,1.84,false,1,
7290011142193,false,לחמניות מתוקות 400גר,מאפיית דואט בעמ,,,"י""ח",700,ל  גרם,false,1,12.90,1.84,false,1,
7290011142315,false,לחם מרוקאי מסורתי(פרנה),מאפיית דואט בעמ,,,"י""ח",700,ל  גרם,false,1,14.50,2.07,false,1,
7290011142322,false,10 פיתות  במארז( דואט),מאפיית דואט בעמ,,,"י""ח",700,ל  גרם,false,1,13.90,1.99,false,1,
7290011142407,false,"לחם שבע דגנים 1.1ק""ג",מאפיית דואט בעמ,,,"י""ח",1.10,"ק""ג",false,1,18.90,17.18,false,1,
7290011142551,false,לחם לבן 750גר,מאפיית דואט בעמ,,,"י""ח",750,ל  גרם,false,1,15.90,2.12,false,1,
7290011142650,false,לחם שיפון 100% 900גר,מאפיית דואט בעמ,,,"י""ח",900,ל  גרם,false,1,17.90,1.99,false,1,
7290011142827,false,מארז פיתות כוסמין,מאפיית דואט בעמ,,,"י""ח",700,ל  גרם,false,1,16.90,2.41,false,1,
7290011142834,false,מארז פיתות ביס קמח מלא,מאפיית דואט בעמ,,,"י""ח",700,ל  גרם,false,1,15.90,2.27,false,1,
7290011154301,false,ממרח תמרים הרב לנדאו 450גר`,ח.כהן סוכנות מזון ומשקאות בע,,,"י""ח",450,ל  גרם,false,1,6.90,1.53,false,1,
7290011174231,false,עוגת מוס גבינה+אוכמניות 850גר,קפולסקי אדל בעמ,,,"י""ח",850,ל  גרם,false,1,69.90,8.22,false,1,
7290011194215,false,דניאלה בננה,שטראוס גרופ ***בעמ,,,"י""ח",150,"ל  מ""ל",false,1,3.90,2.60,true,1,
7290011194246,false,קוטג  5% עם סידן שטראוס,שטראוס גרופ ***בעמ,,,"י""ח",250,ל  גרם,false,1,5.80,2.32,true,1,
7290011223229,false,טואלט דאק ג ל לאסלה,דנשר (1963) בעמ,,,"י""ח",55,"ל  מ""ל",false,1,9.90,18,false,1,
7290011236649,false,חטיפי שוקולד צ יפס בלגי 300 גרם,דין שיווק וקליה 2021 בעמ,,,"י""ח",300,ל  גרם,false,1,11.90,3.97,false,1,
7290011239237,false,חטיף אגוזים ישראלי 250גר,סוכניות עמוס ממתקים בעמ,,,"י""ח",250,ל  גרם,false,1,21.90,8.76,false,1,
7290011239343,false,חלבה ארוז  400גר,סוכניות עמוס ממתקים בעמ,,,"י""ח",400,ל  גרם,false,1,24.90,6.23,false,1,
7290011239596,false,בקלאווה  600גר,סוכניות עמוס ממתקים בעמ,,,"י""ח",600,ל  גרם,false,1,44.90,7.48,false,1,
7290011249212,false,ופל בטעם לימון 200ג,ח.כהן סוכנות מזון ומשקאות בע,,,"י""ח",200,ל  גרם,false,1,3.90,1.95,true,1,
7290011249748,false,רולים שוקולד  100גרם גילרו,ח.כהן סוכנות מזון ומשקאות בע,,,"י""ח",100,ל  גרם,false,1,3.90,3.90,false,1,
7290011249755,false,רולים אגוזים  100גרם גילרו,ח.כהן סוכנות מזון ומשקאות בע,,,"י""ח",100,ל  גרם,false,1,3.90,3.90,false,1,
7290011254018,false,שעועית מש 500 גרם,מיה תעשיות מזון מ.ת.מ בעמ,,,"י""ח",500,ל  גרם,false,1,6.90,1.38,false,1,
7290011254032,false,קינואה 500 גרם,מיה תעשיות מזון מ.ת.מ בעמ,,,"י""ח",500,ל  גרם,false,1,9.90,1.98,false,1,
7290011254070,false,פלפל שחור בשקית,מיה תעשיות מזון מ.ת.מ בעמ,,,"י""ח",80,ל  גרם,false,1,9.40,11.75,false,1,
7290011254094,false,כמון 80גר,מיה תעשיות מזון מ.ת.מ בעמ,,,"י""ח",80,ל  גרם,false,1,4.30,5.38,false,1,
7290011254100,false,כורכום 80גרם בשקית,מיה תעשיות מזון מ.ת.מ בעמ,,,"י""ח",80,ל  גרם,false,1,5,6.25,false,1,
7290011254117,false,פפריקה מתוקה 80גרם,מיה תעשיות מזון מ.ת.מ בעמ,,,"י""ח",80,ל  גרם,false,1,5,6.25,false,1,
7290011254131,false,אורגנו 20גרם,מיה תעשיות מזון מ.ת.מ בעמ,,,"י""ח",20,ל  גרם,false,1,4.20,21,false,1,
7290011254148,false,אבקת שום 80גרם,מיה תעשיות מזון מ.ת.מ בעמ,,,"י""ח",80,ל  גרם,false,1,7.90,9.88,false,1,
7290011254155,false,מלח לימון 80גר.,מיה תעשיות מזון מ.ת.מ בעמ,,,"י""ח",100,ל  גרם,false,1,4,4,false,1,
7290011254179,false,גריל עוף שקית חדש,מיה תעשיות מזון מ.ת.מ בעמ,,,"י""ח",80,ל  גרם,false,1,4.10,5.13,false,1,
7290011254186,false,שבבי בצל 50ג  שקית,מיה תעשיות מזון מ.ת.מ בעמ,,,"י""ח",80,ל  גרם,false,1,4.70,5.88,false,1,
7290011254230,false,תן צ אפ טבעות עשיריות,מיה תעשיות מזון מ.ת.מ בעמ,,,"י""ח",60,ל  גרם,false,1,9.90,16.50,false,1,
7290011254254,false,"שוקולד צ יפס 300 ג  בד""צ מיה",מיה תעשיות מזון מ.ת.מ בעמ,,,"י""ח",300,ל  גרם,false,1,9.90,3.30,false,1,
7290011254476,false,סוכריות ללא סוכר תפוח,מיה תעשיות מזון מ.ת.מ בעמ,,,"י""ח",1,,false,1,6.50,6.50,false,1,
7290011254490,false,סוכריות ללא סוכר פירות,מיה תעשיות מזון מ.ת.מ בעמ,,,"י""ח",1,,false,1,6.50,6.50,false,1,
7290011254612,false,תערובת לקדירה לקט 600 ג,מיה תעשיות מזון מ.ת.מ בעמ,,,"י""ח",600,ל  גרם,false,1,12.90,2.15,false,1,
7290011254728,false,"ג לטין טהור 25גר  בד""ץ",מיה תעשיות מזון מ.ת.מ בעמ,,,"י""ח",25,ל  גרם,false,1,9.90,39.60,false,1,
7290011254759,false,שעועית שחורה 500גר`,מיה תעשיות מזון מ.ת.מ בעמ,,,"י""ח",500,ל  גרם,false,1,7.60,1.52,false,1,
7290011254773,false,שעועית ארגנטינאית 500גר`,מיה תעשיות מזון מ.ת.מ בעמ,,,"י""ח",500,ל  גרם,false,1,7.90,1.58,false,1,
7290011276485,false,חסה עגולה,ביכורי השדה צפון 1994 ג.ד. בעמ,,,"י""ח",1,,false,1,6.90,6.90,false,1,
7290011378233,false,מאגדת חטיפי חלבה וניל ללא סוכר,קבוצת אוסם סחר-שות.מוגבלת,,,"י""ח",6,"י""ח",false,1,11.90,1.98,false,1,
7290011378769,false,מאגדת 6יח חטיף חלבה-וניל,קבוצת אוסם סחר-שות.מוגבלת,,,"י""ח",6,"י""ח",false,1,11.90,1.98,false,1,
7290011378776,false,מאגדת 6יח חטיף חלבה-פיסטוק,קבוצת אוסם סחר-שות.מוגבלת,,,"י""ח",6,"י""ח",false,1,11.90,1.98,false,1,
7290011379018,false,פטריות צמד,ביכורי השדה צפון 1994 ג.ד. בעמ,,,"י""ח",1,,false,1,18.90,18.90,false,1,
7290011435226,false,דבש  לחיץ 650גר` יד מרדכי,שטראוס גרופ בעמ,,,"י""ח",650,ל  גרם,false,1,33.90,5.22,true,1,
7290011438142,false,"משקה חלב טעם קפה 350 מ""ל",שטראוס גרופ ***בעמ,,,"י""ח",350,"ל  מ""ל",false,1,6.50,1.86,true,1,
7290011447267,false,מטרנה פרמיום א.חיסכון שלב 1,קבוצת אוסם סחר-שות.מוגבלת,,,"י""ח",700,ל  גרם,false,1,49.90,7.13,false,1,
7290011447304,false,מטרנה פרימיום א.חסכוןשלב 3,קבוצת אוסם סחר-שות.מוגבלת,,,"י""ח",700,ל  גרם,false,1,49.90,7.13,false,1,
7290011447359,false,מטרנה מהדרין חסכונית 1,קבוצת אוסם סחר-שות.מוגבלת,,,"י""ח",700,ל  גרם,false,1,49.90,7.13,false,1,
7290011447373,false,מטרנה מהדרין חיסכון} {2,קבוצת אוסם סחר-שות.מוגבלת,,,"י""ח",700,ל  גרם,false,1,49.90,7.13,false,1,
7290011447748,false,סופר CAT דגי אוקיאנוס,דיפלומט מפיצים (1968) בעמ**,,,"י""ח",3,"ק""ג",false,1,44.90,14.97,false,1,
7290011447908,false,סופר CAT עוף וכבד,דיפלומט מפיצים (1968) בעמ**,,,"י""ח",3,"ק""ג",false,1,44.90,14.97,false,1,
7290011461058,false,גומא ריחני במבוק,מוסקו בעמ,,,"י""ח",1,,false,1,19.90,19.90,false,1,
7290011488062,false,בצלצלי שאלוט 350גר,ביכורי השדה צפון 1994 ג.ד. בעמ,,,"י""ח",350,ל  גרם,false,1,13.90,3.97,false,1,
7290011489595,false,קרקר טופז שומשום 110גר הדר,ח.כהן סוכנות מזון ומשקאות בע,,,"י""ח",110,ל  גרם,false,1,2.90,2.64,true,1,
7290011499129,false,בולגרית  קוביות מעודנת 5% 200 ג,מחלבות גד,,,"י""ח",200,ל  גרם,false,1,19.90,9.95,false,1,
7290011499303,false,בולגרית מעודנת עיזים 5% 250 ג,מחלבות גד,,,"י""ח",250,ל  גרם,false,1,29.90,11.96,false,1,
7290011499358,false,פטה עיזים  200גר}גד{,מחלבות גד,,,"י""ח",200,ל  גרם,false,1,24.90,12.45,false,1,
7290011499365,false,חלומי גד 200גר.,מחלבות גד,,,"י""ח",200,ל  גרם,false,1,19.90,9.95,false,1,
7290011499419,false,קרם שמנת ניו יורק  5%  בטעם טבעי 200גר`,מחלבות גד,,,"י""ח",200,ל  גרם,false,1,11.90,5.95,false,1,
7290011499525,false,"לאבנה 9% חצי ק""ג",מחלבות גד,,,"י""ח",500,ל  גרם,false,1,18.90,3.78,false,1,
7290011499624,false,גבינת שמנת 30% בטעם טבעי ניו יורק,מחלבות גד,,,"י""ח",200,ל  גרם,false,1,12.90,6.45,false,1,
7290011499846,false,ריקוטה פרסקה 300גרם,מחלבות גד,,,"י""ח",300,ל  גרם,false,1,16.90,5.63,false,1,
7290011499853,false,גבינת שמנת 30% זיתים 200ג,מחלבות גד,,,"י""ח",200,ל  גרם,false,1,12.90,6.45,false,1,
7290011505769,false,צימרוני אוזניים 200*4,אינטרסן (1996) בעמ,,,"י""ח",1,,false,1,15.90,15.90,false,1,
7290011505790,false,צימרוני אוזניים מפלסטיק 500יח`,אינטרסן (1996) בעמ,,,"י""ח",1,,false,1,11.90,11.90,false,1,
7290011518561,false,אקטימל מארז משפ  14יח   תות,שטראוס גרופ ***בעמ,,,"י""ח",1.40,ליטר,false,1,29.90,21.36,true,1,
7290011530464,false,"פול סויה אדממה 1ק""ג",בלדי בעמ,,,"י""ח",1,"ק""ג",false,1,16.90,16.90,false,1,
7290011530549,false,שייק איט יום ראשון 150גר*3,בלדי בעמ,,,"י""ח",150,ל  גרם,false,1,29.90,19.93,false,1,
7290011575007,false,הפי לאמבט ולמקלחון,יעקב יעקבי ובניו בעמ,,,"י""ח",750,"ל  מ""ל",false,1,21.90,2.92,false,1,
7290011575250,false,הפי מבריק נעליים,יעקב יעקבי ובניו בעמ,,,"י""ח",1,,false,1,11,11,false,1,
7290011593087,false,"שמן זית סבא חביב  750מ""ל",בני פאוזי שמשום (2009) בעמ,,,"י""ח",750,"ל  מ""ל",false,1,29.90,3.99,true,1,
7290011598211,false,אנטי קאלק כללי 4ב1,החב הדרומית לשיווק,,,"י""ח",700,"ל  מ""ל",false,1,18.90,2.70,false,1,
7290011598259,false,פרש אוטומטיק מאסק,החב הדרומית לשיווק,,,"י""ח",250,ל  גרם,false,1,12.90,5.16,false,1,
7290011598365,false,סנו סושי מטליות מקרופייבר מקצועיות 4 יח,החב הדרומית לשיווק,,,"י""ח",1,,false,1,13.90,13.90,false,1,
7290011598402,false,מרכך כביסה מקסימה מאסק  4 ל,החב הדרומית לשיווק,,,"י""ח",4,ליטר,false,1,21.90,5.48,false,1,
7290011622824,false,חטיף דגנים במילוי קרם שקדים 80גר,גורי מוצרי צריכה בעמ,,,"י""ח",80,ל  גרם,false,1,16.40,20.50,false,1,
7290011668136,false,מסיכה מחליקה,פנינה רוזנבלום בעמ,,,"י""ח",1,"ק""ג",false,1,29.90,29.90,false,1,
7290011668419,false,שמפו אובלי יומי פנינה,פנינה רוזנבלום בעמ,,,"י""ח",750,"ל  מ""ל",false,1,12.90,1.72,true,1,
7290011668433,false,שמפו שיאה לשיער צבוע  פנינה,פנינה רוזנבלום בעמ,,,"י""ח",750,"ל  מ""ל",false,1,12.90,1.72,true,1,
7290011668587,false,גרנולה טעם עשיר 500גר`,פנינה רוזנבלום בעמ,,,"י""ח",500,ל  גרם,false,1,25.90,5.18,true,1,
7290011695286,false,קיסם הפלא אריזה ורודה 250,נאמן לאורך זמן בעמ,,,"י""ח",1,,false,1,9.50,9.50,false,1,
7290011695651,false,צנימים עגולים 300גר`,נאמן לאורך זמן בעמ,,,"י""ח",300,ל  גרם,false,1,11,3.67,false,1,
7290011695958,false,"חומץ תפוחים בד""ץ",נאמן לאורך זמן בעמ,,,"י""ח",1,,false,1,10,10,false,1,
7290011695972,false,טוסטים פריכים 100גר`,נאמן לאורך זמן בעמ,,,"י""ח",100,ל  גרם,false,1,8.90,8.90,false,1,
7290011732943,false,שקדי מרק 400 גרם טעמן,טעמן שווק מזון בעמ,,,"י""ח",400,ל  גרם,false,1,10.90,2.73,false,1,
7290011743833,false,סנסודיין פרונמל 75,גורי ע.ע.ע. בעמ,,,"י""ח",75,ל  גרם,false,1,25.90,34.53,true,1,
7290011800840,false,טחינה לבנה 400גר`,קבוצת אוסם סחר-שות.מוגבלת,,,"י""ח",400,ל  גרם,false,1,15.90,3.98,true,1,
7290011860271,false,תפוגן ביסבול טבעי 700 ג,קבוצת אוסם סחר-שות.מוגבלת,,,"י""ח",700,ל  גרם,false,1,15.90,2.27,false,1,
7290011870270,false,סוללות   *AA12 פוגיקום,פוגיקום בעמ,,,"י""ח",1,,false,1,19.90,19.90,true,1,
7290011876494,false,שניצל עוף V תירס,תנובה בשר,,,"י""ח",750,ל  גרם,false,1,34.90,4.65,false,1,
7290011877088,false,זוג רדיד אלומניום 18 מיקרון,החב הדרומית לשיווק,,,"י""ח",1,,false,1,14.90,14.90,false,1,
7290011877095,false,זוג רדיד אלומניום ארוך,החב הדרומית לשיווק,,,"י""ח",1,,false,1,19.90,19.90,false,1,
7290011877101,false,סנו מוד בריח מסק,החב הדרומית לשיווק,,,"י""ח",150,"ל  מ""ל",false,1,9.90,6.60,false,1,
7290011877842,false,שקיות אריזת ואקום XXXL,החב הדרומית לשיווק,,,"י""ח",1,"י""ח",false,1,24.90,24.90,false,1,
7290011877859,false,סנו אינסטלטור בקבוקון,החב הדרומית לשיווק,,,"י""ח",200,"ל  מ""ל",false,1,13.90,6.95,false,1,
7290011877866,false,"סנו מקסימה מאסק 6 ק""ג",החב הדרומית לשיווק,,,"י""ח",6,"ק""ג",false,1,44.90,7.48,false,1,
7290011912635,false,"ליסטרין טאגד  250מ""ל",שקד תבל בעמ,,,"י""ח",250,"ל  מ""ל",false,1,16.90,6.76,true,1,
7290011931162,false,סוכרלייט נוזלי,שטראוס גרופ בעמ,,,"י""ח",220,"ל  מ""ל",false,1,24.60,11.18,true,1,
7290011947309,false,זית סורי מבוקע עם לימון כבוש  220גר,תה ויסוצקי (ישראל)בעמ,,,"י""ח",560,ל  גרם,false,1,13.90,2.48,false,1,
7290011947316,false,זית קלמטה,תה ויסוצקי (ישראל)בעמ,,,"י""ח",200,ל  גרם,false,1,13.90,6.95,false,1,
7290011947521,false,שמן זית  זיתא כתית מעולה טעם מודגש 750,תה ויסוצקי (ישראל)בעמ,,,"י""ח",750,"ל  מ""ל",false,1,37.90,5.05,true,1,
7290011977627,false,סרדינים בשמן 125 גרם,טעמן שווק מזון בעמ,,,"י""ח",125,ל  גרם,false,1,4.90,3.92,true,1,
7290012001994,false,חרדל דיג`ון גרעינים 370  גר`דיפלומט,דיפלומט מפיצים (1968) בעמ**,,,"י""ח",370,ל  גרם,false,1,11.90,3.22,false,1,
7290012022203,false,קליליות חיטה מלאה,דילייט 2005 בעמ,,,"י""ח",140,ל  גרם,false,1,13.50,9.64,false,1,
7290012022227,false,קליליות חיטה טעם טבעי,דילייט 2005 בעמ,,,"י""ח",140,ל  גרם,false,1,11.90,8.50,false,1,
7290012022272,false,קליליות קידס 30גר,דילייט 2005 בעמ,,,"י""ח",30,ל  גרם,false,1,10.90,36.33,false,1,
7290012031137,false,אל אם Motion Night 7.0,פיליפ מוריס בעמ,,,"י""ח",1,,false,1,28,28,false,1,
7290012116360,false,פוליווקס 2 ל  גרניט פורצל,החב הדרומית לשיווק,,,"י""ח",2,ליטר,false,1,16.90,8.45,true,1,
7290012116537,false,"#א.כביסה מקסימה מאסק 2.5 ק""ג",החב הדרומית לשיווק,,,"י""ח",2.50,"ק""ג",false,1,25.90,10.36,false,1,
7290012116551,false,אנטי קאלק  4ב 1   2 ליטר,החב הדרומית לשיווק,,,"י""ח",2,ליטר,false,1,20.90,10.45,false,1,
7290012116681,false,ק. מן  דאו`ג`ל קלאם 75,החב הדרומית לשיווק,,,"י""ח",7500,"ל  מ""ל",false,1,13.90,0.19,false,1,
7290012117091,false,"סנו מקסימה סנסיטיב 6 ק""ג",החב הדרומית לשיווק,,,"י""ח",6,קוב,false,1,44.90,7.48,false,1,
7290012117275,false,"סנוקליר מילוי 750מ""ל",החב הדרומית לשיווק,,,"י""ח",750,"ל  מ""ל",false,1,5.80,0.77,false,1,
7290012117350,false,ריצפז פרש לילך 2 ליטר,החב הדרומית לשיווק,,,"י""ח",2,מארז,false,1,19.90,9.95,false,1,
7290012117411,false,"גיל רחצה קרמה מן במבוק 700 מ""ל",החב הדרומית לשיווק,,,"י""ח",700,"ל  מ""ל",false,1,14.90,2.13,false,1,
7290012117428,false,שמפו וגיל רחצה  קרמה מן  2 ב -1 700מיי,החב הדרומית לשיווק,,,"י""ח",700,"ל  מ""ל",false,1,14.90,2.13,false,1,
7290012117435,false,"גיל רחצה אלוורה 700 מ""ל",החב הדרומית לשיווק,,,"י""ח",700,"ל  מ""ל",false,1,14.90,2.13,false,1,
7290012117534,false,.מרכך מקסימה סופר מרוכז COOL 1 ליטר,החב הדרומית לשיווק,,,"י""ח",1,ליטר,false,1,17.50,17.50,false,1,
7290012117541,false,מרכך מקסימה סופר מרוכז ZEN 1ליטר,החב הדרומית לשיווק,,,"י""ח",1,ליטר,false,1,17.50,17.50,false,1,
7290012117558,false,מרכך מקסימה סופר מרוכז מאסק 1 ליטר,החב הדרומית לשיווק,,,"י""ח",1,ליטר,false,1,17.50,17.50,false,1,
7290012117565,false,סנו סושי כפפות לטקס 100 יח`S,החב הדרומית לשיווק,,,"י""ח",1,,false,1,39.90,39.90,false,1,
7290012117572,false,סנו סושי כפפות לטקס 100 יח`M,החב הדרומית לשיווק,,,"י""ח",1,,false,1,39.90,39.90,false,1,
7290012117589,false,סנו סושי כפפות לטקס 100 יח`L,החב הדרומית לשיווק,,,"י""ח",1,,false,1,39.90,39.90,false,1,
7290012117732,false,מקסימה מרכך 4 ליטר שחור,החב הדרומית לשיווק,,,"י""ח",4,ליטר,false,1,21.90,5.48,false,1,
7290012139482,false,בונזו גוי עצם מעושנת עור עוף 160ג,דיפלומט מפיצים (1968) בעמ**,,,"י""ח",3,"ק""ג",false,1,18.50,6.17,false,1,
7290012139499,false,בונזו גוי עצם מעושנת עור עוף 165ג,דיפלומט מפיצים (1968) בעמ**,,,"י""ח",3,"ק""ג",false,1,18.50,6.17,false,1,
7290012193125,false,מרמולייט סוכרלוז 150יח,דנשר (1963) בעמ,,,"י""ח",150,ל  גרם,false,1,26.90,17.93,false,1,
7290012226021,false,סלמי מעושן פראג 400 ג`,זוגלובק שיווק בעמ,,,"י""ח",400,ל  גרם,false,1,19.90,4.98,true,1,
7290012226120,false,קבנוס 135 ג`,זוגלובק שיווק בעמ,,,"י""ח",135,ל  גרם,false,1,11,8.15,true,1,
7290012226342,false,נקניקיות מן הצומח עשיר בחלבון 460גר,זוגלובק שיווק בעמ,,,"י""ח",460,ל  גרם,false,1,27.90,6.07,true,1,
7290012226939,false,קבנוס טעם צ`ילי 135גרם,זוגלובק שיווק בעמ,,,"י""ח",135,ל  גרם,false,1,11,8.15,true,1,
7290012226991,false,"נקניקיות ג`מבו 1.5 ק""ג",זוגלובק שיווק בעמ,,,"י""ח",1.50,"י""ח",false,1,28.90,19.27,true,1,
7290012227172,false,מארז פסטרמה כפרית חרמון 300גר+300גר,זוגלובק שיווק בעמ,,,"י""ח",600,ל  גרם,false,1,31.90,5.32,true,1,
7290012227325,false,סלמי מעושן איטלקי דק דק דק 120גר`,זוגלובק שיווק בעמ,,,"י""ח",120,ל  גרם,false,1,13.90,11.58,true,1,
7290012227608,false,זוג חרמון כפרית וכפרית ברביקיו 2*300 מחפ,זוגלובק שיווק בעמ,,,"י""ח",600,ל  גרם,false,1,36.90,6.15,true,1,
7290012227615,false,נקניקיות עוף 800גר זוגלובק,זוגלובק שיווק בעמ,,,"י""ח",800,ל  גרם,false,1,24.90,3.11,true,1,
7290012227622,false,חרמון כפרית דבש 400גר מחפוד,זוגלובק שיווק בעמ,,,"י""ח",400,ל  גרם,false,1,21.90,5.48,true,1,
7290012227738,false,סלמי תה מעושן 400גר מחפוד,זוגלובק שיווק בעמ,,,"י""ח",400,ל  גרם,false,1,20.90,5.23,true,1,
7290012227769,false,פסטרמה ברביקיו 400גר מחפוד,זוגלובק שיווק בעמ,,,"י""ח",400,ל  גרם,false,1,20.90,5.23,true,1,
7290012227783,false,תה מעושן 400גר מחפוד,זוגלובק שיווק בעמ,,,"י""ח",400,ל  גרם,false,1,20.90,5.23,true,1,
7290012227912,false,קבנוס מעודן 135גר,זוגלובק שיווק בעמ,,,"י""ח",135,ל  גרם,false,1,10.90,8.07,true,1,
7290012227974,false,פסטרמה בדבש  120גר`,זוגלובק שיווק בעמ,,,"י""ח",120,ל  גרם,false,1,13.90,11.58,true,1,
7290012227981,false,פסטרמה ברביקיו 120גר`,זוגלובק שיווק בעמ,,,"י""ח",120,ל  גרם,false,1,13.90,11.58,true,1,
7290012227998,false,חזה בקר 120גר`,זוגלובק שיווק בעמ,,,"י""ח",120,ל  גרם,false,1,13.90,11.58,true,1,
7290012228124,false,קבנוס טיקס טבעי 50גר`,זוגלובק שיווק בעמ,,,"י""ח",50,ל  גרם,false,1,10.90,21.80,true,1,
7290012228247,false,המבורגר טקסס 1.4 קג מגשית,זוגלובק שיווק בעמ,,,"י""ח",1.40,"ק""ג",false,1,49.90,35.64,true,1,
7290012228261,false,נקניקיות הודו פרמיום  310גר,זוגלובק שיווק בעמ,,,"י""ח",310,ל  גרם,false,1,19.90,6.42,false,1,
7290012228407,false,נקניקיות ג`מבו מחפוד 1.5 ק``ג,זוגלובק שיווק בעמ,,,"י""ח",1.50,"ק""ג",false,1,34.90,23.27,true,1,
7290012228766,false,קבנוס מחפוד 120 גר,זוגלובק שיווק בעמ,,,"י""ח",120,ל  גרם,false,1,10.90,9.08,false,1,
7290012228971,false,סלמי תה פפרוני 180 גרם.,זוגלובק שיווק בעמ,,,"י""ח",180,ל  גרם,false,1,14.90,8.28,false,1,
7290012245176,false,וופל ציפס קריספי קפוא 700ג,קפוא זן תעשיות מזון בעמ,,,"י""ח",700,ל  גרם,false,1,15.90,2.27,false,1,
7290012245183,false,קריספי קלאסי 10*10 קפוא 700ג,קפוא זן תעשיות מזון בעמ,,,"י""ח",700,ל  גרם,false,1,14.90,2.13,false,1,
7290012245312,false,"גולד ציפס אמריקאי 1.5ק""ג",קפוא זן תעשיות מזון בעמ,,,"י""ח",1.50,"ק""ג",false,1,21.90,14.60,true,1,
7290012245329,false,"גולד ציפס קלאסי 1.5ק""ג",קפוא זן תעשיות מזון בעמ,,,"י""ח",1.50,"ק""ג",false,1,21.90,14.60,true,1,
7290012245336,false,"גולד סטייק ציפס  1.5ק""ג",קפוא זן תעשיות מזון בעמ,,,"י""ח",1.50,"ק""ג",false,1,21.90,14.60,true,1,
7290012260827,false,שערות קדאיף 500גר G,א.ג בחירה חכמה בעמ,,,"י""ח",500,ל  גרם,false,1,13.90,2.78,false,1,
7290012275401,false,"בירה מולר  500מ""ל",בני פאוזי שמשום (2009) בעמ,,,"י""ח",210,"ל  מ""ל",false,1,4.50,2,true,1,
7290012309311,false,ערמונים 100גר ששון הקולה,דין שיווק וקליה 2021 בעמ,,,"י""ח",1,,false,1,5.90,5.90,false,1,
7290012309939,false,חלבה מסולסלת 500 גר`ששון הקולה,דין שיווק וקליה 2021 בעמ,,,"י""ח",1,,false,1,16.90,16.90,false,1,
7290012313073,false,מיקס זיתים מגולענים 2 A יבנה.,קבוצת יבנה מוצרי מזון בעמ,,,"י""ח",1,,false,1,11.90,11.90,false,1,
7290012313240,false,מיקס זית ירוק וקלמטה A2,קבוצת יבנה מוצרי מזון בעמ,,,"י""ח",560,ל  גרם,false,1,11.50,2.05,false,1,
7290012313431,false,זית מרוראי יבש  215גר יבנה.,קבוצת יבנה מוצרי מזון בעמ,,,"י""ח",215,ל  גרם,false,1,12.90,6,false,1,
7290012313554,false,עלי גפן ממולאים 400ג,קבוצת יבנה מוצרי מזון בעמ,,,"י""ח",400,ל  גרם,false,1,9.90,2.48,false,1,
7290012367717,false,"קרם ידיים ד""ר פישר אפקטיב קר 150מ""ל",פישר תעשיות פרמבצטיות בעמ,,,"י""ח",12,ליטר,false,1,16.90,1.41,true,1,
7290012404955,false,ספרינג נקטר חמוציות 1.25,יפאורה שותפות מוגבלת לשיווק,,,"י""ח",1.25,ליטר,false,1,12.90,10.08,true,1,
7290012413636,false,תה ירוק צאי מסאלה 25שק.,תה ויסוצקי (ישראל)בעמ,,,"י""ח",37.50,ל  גרם,false,1,24.90,66.40,true,1,
7290012454189,false,סוכריות ללא סוכר טעם אפרסק יוגורט,מיה תעשיות מזון מ.ת.מ בעמ,,,"י""ח",1,,false,1,6.50,6.50,false,1,
7290012454202,false,סוכריות ללא סוכר טעם ריבת חלב,מיה תעשיות מזון מ.ת.מ בעמ,,,"י""ח",1,,false,1,6.50,6.50,false,1,
7290012454578,false,סוכריות לקישוט לבן,מיה תעשיות מזון מ.ת.מ בעמ,,,"י""ח",200,ל  גרם,false,1,5.40,2.70,false,1,
7290012454608,false,תן צ אפ 70 ג,מיה תעשיות מזון מ.ת.מ בעמ,,,"י""ח",60,ל  גרם,false,1,3.70,6.17,false,1,
7290012483608,false,"אורז בסגנון בסמטי מובחר 5ק""ג DAWAT",ג.וילי פוד אינטרנשיונל בעמ,,,"י""ח",5,"ק""ג",false,1,49.90,9.98,false,1,
7290012561405,false,בצל חצי מטוגן,קבוצת אוסם סחר-שות.מוגבלת,,,"י""ח",180,ל  גרם,false,1,11.90,6.61,false,1,
7290012576607,false,יין פרימייר אדום קברנה סוביניון/מלבק,טמפו משקאות בעמ,,,"י""ח",750,"ל  מ""ל",false,1,26.90,3.55,false,1,
7290012576614,false,יין פרימייר לבן ריזלינג קולומברד,טמפו משקאות בעמ,,,"י""ח",750,"ל  מ""ל",false,1,26.90,3.55,false,1,
7290012588242,false,"מים מינרלים 500מ""ל 1/6 כדורגל",טמפו משקאות בעמ,,,"י""ח",1.98,ליטר,false,1,12.90,5.61,true,1,
7290012588907,false,"איילנד גויאבה 300מ""ל",טמפו משקאות בעמ,,,"י""ח",350,"ל  מ""ל",false,1,5.40,1.46,false,1,
7290012588914,false,"איילנד מנגו 300מ""ל",טמפו משקאות בעמ,,,"י""ח",350,"ל  מ""ל",false,1,5.40,1.46,false,1,
7290012645112,false,"יוגורט  עיזים 750מ""ל בדלי",שטראוס גרופ ***בעמ,,,"י""ח",750,"ל  מ""ל",false,1,17.90,2.39,true,1,
7290012645129,false,"יוגורט  כבשים 750מ""ל בדלי",שטראוס גרופ ***בעמ,,,"י""ח",750,"ל  מ""ל",false,1,17.90,2.39,true,1,
7290012645174,false,גבינת עיזים 5% 200גר,שטראוס גרופ ***בעמ,,,"י""ח",200,ל  גרם,false,1,13.90,6.95,true,1,
7290012645181,false,לאבנה עיזים 5% 200גר,שטראוס גרופ ***בעמ,,,"י""ח",200,ל  גרם,false,1,13.90,6.95,true,1,
7290012697241,false,"סוכרזית מהטבע סטיוויה נוזלי 220מ""ל",שטראוס גרופ בעמ,,,"י""ח",220,"ל  מ""ל",false,1,27.90,12.68,true,1,
7290012803765,false,טבלאות שוקולד טוסו  מר`שוקולד מריר 100ג,דנשר (1963) בעמ,,,"י""ח",100,ל  גרם,false,1,8.90,8.90,false,1,
7290012803796,false,טבלאות שוקולד טוסו  מר`שוקולד אגוז 100,דנשר (1963) בעמ,,,"י""ח",100,ל  גרם,false,1,8.90,8.90,false,1,
7290012823251,false,אל סבון כיף 1 ליטר יסמין,החב הדרומית לשיווק,,,"י""ח",1,ליטר,false,1,13.90,13.90,false,1,
7290012823374,false,מגבונים אנטי קאלק,החב הדרומית לשיווק,,,"י""ח",1,,false,1,9.90,9.90,false,1,
7290012823381,false,מרכך כביסה מקסימה 1 ליטר מרוכז,החב הדרומית לשיווק,,,"י""ח",1,ליטר,false,1,17.50,17.50,false,1,
7290012823398,false,מטליות לחות לריצפה ריצפז 10 יחידות,החב הדרומית לשיווק,,,"י""ח",1,,false,1,12.90,12.90,false,1,
7290012823541,false,מטליות לחות לריצפה ריצפז 10 יחידות,החב הדרומית לשיווק,,,"י""ח",1,,false,1,12.90,12.90,false,1,
7290012823558,false,מטליות לחות לרצפה ס.סושי 10 יחידות,החב הדרומית לשיווק,,,"י""ח",1,,false,1,12.90,12.90,false,1,
7290012823589,false,ריצפז פרש לימון 2 ליטר,החב הדרומית לשיווק,,,"י""ח",2,ליטר,false,1,19.90,9.95,false,1,
7290012823602,false,נייר טואלט סופט לבן 32 גלילים,החב הדרומית לשיווק,,,"י""ח",32,"י""ח",false,1,35.90,1.12,true,1,
7290012838026,false,עוגיות מלוחות עבודת יד 350גר,הלל בן הלל שיווק ומסחר בעמ,,,"י""ח",350,ל  גרם,false,1,15.90,4.54,false,1,
7290012864001,false,נבטי חמניה.,ביכורי השדה צפון 1994 ג.ד. בעמ,,,"י""ח",1,,false,1,9.90,9.90,false,1,
7290012864049,false,נבטים צנונית,ביכורי השדה צפון 1994 ג.ד. בעמ,,,"י""ח",1,,false,1,9.90,9.90,false,1,
7290012881992,false,נוזל שמשות לרכב מקסוול  4ליטר,סאסאטק אגשח בעמ,,,"י""ח",4,ליטר,false,1,11.90,2.98,false,1,
7290012884986,false,"צ יפס לתנור עד 4% שומן 1.5 ק""ג",קבוצת אוסם סחר-שות.מוגבלת,,,"י""ח",1.50,"ק""ג",false,1,24.90,16.60,false,1,
7290012901355,false,ארוחת איטריות עם גבינה 206גר,מור ים מרקטינג בעמ,,,"י""ח",206,ל  גרם,false,1,11.90,5.78,false,1,
7290012901959,false,ארוחת אטריות עם גבינה מסולסלים 156ג,מור ים מרקטינג בעמ,,,"י""ח",156,ל  גרם,false,1,11.90,7.63,false,1,
7290012931925,false,זוג ננסים כסף+זהב 1/24,מ.א.ייצור ויבוא מטליות בעמ,,,"י""ח",2,"י""ח",false,1,6,3,false,1,
7290012936845,false,תבלין לקוסקוס 50גרם,א.ל.יצור ושיווקתבלינים בעמ,,,"י""ח",50,ל  גרם,false,1,11.50,23,false,1,
7290012936937,false,בהרט 40 גרם.,א.ל.יצור ושיווקתבלינים בעמ,,,"י""ח",40,ל  גרם,false,1,11.50,28.75,false,1,
7290012936944,false,אגוז מוסקט טחון 40גר. צנצנת,א.ל.יצור ושיווקתבלינים בעמ,,,"י""ח",50,ל  גרם,false,1,14.50,29,false,1,
7290012938405,false,דיימונד עבה במיוחד,גורי ע.ע.ע. בעמ,,,"י""ח",100,ל  גרם,false,1,16.90,16.90,false,1,
7290012938580,false,"סנסודיין הלבנה עדינה 75מ""ל",גורי ע.ע.ע. בעמ,,,"י""ח",75,ל  גרם,false,1,21.90,29.20,true,1,
7290012938597,false,"סנסודיין רפיד רליף 75 מ""ל",גורי ע.ע.ע. בעמ,,,"י""ח",75,ל  גרם,false,1,25.90,34.53,true,1,
7290012938740,false,"סנסודין מנטה 75מ""ל",גורי ע.ע.ע. בעמ,,,"י""ח",1,,false,1,21.90,21.90,true,1,
7290012938924,false,"אקוה פרש מי פה 500מ""ל",גורי ע.ע.ע. בעמ,,,"י""ח",500,ל  גרם,false,1,19.70,3.94,true,1,
7290012962561,false,קיסמי שיניים 500יח,אינטרסן (1996) בעמ,,,"י""ח",200,"י""ח",false,1,4.90,0.02,true,1,
7290012962578,false,צימרוני אוזניים עץ בקופסת פלסטיק 300יח,אינטרסן (1996) בעמ,,,"י""ח",300,"י""ח",false,1,6.90,0.02,true,1,
7290012962684,false,"שקיות צליה גמבו 50/35ס""מ",אינטרסן (1996) בעמ,,,"י""ח",50,"ס""מ",false,1,5.90,11.80,true,1,
7290012975875,false,כוסות יהלום בנדע שווה  75יח,ח.כהן סוכנות מזון ומשקאות בע,,,"י""ח",1,,false,1,10.90,10.90,true,1,
7290012983153,false,סילאן טבעי לחיץ 400ג,תה ויסוצקי (ישראל)בעמ,,,"י""ח",400,ל  גרם,false,1,16.90,4.23,true,1,
7290012983320,false,ממרח תמרים 450 ג כנרת,תה ויסוצקי (ישראל)בעמ,,,"י""ח",450,"ל  מ""ל",false,1,6.90,1.53,false,1,
7290012983610,false,תמרים כבושים  500גר,תה ויסוצקי (ישראל)בעמ,,,"י""ח",500,ל  גרם,false,1,15.90,3.18,false,1,
7290012996610,false,טבליות הפלא לאסלה,יעקב יעקבי ובניו בעמ,,,"י""ח",1,,false,1,13.90,13.90,false,1,
7290012996672,false,סבוני אסלה כחול זוגי,יעקב יעקבי ובניו בעמ,,,"י""ח",88,"ל  מ""ל",false,1,9.90,11.25,false,1,
7290013027399,false,#לחם אנג ל 100 קל,שלמה א.אנג ל בעמ,,,"י""ח",750,ל  גרם,false,1,13.90,1.85,false,1,
7290013027535,false,לחם שיפון קל 750גר`,שלמה א.אנג ל בעמ,,,"י""ח",750,ל  גרם,false,1,11.90,1.59,false,1,
7290013038432,false,אקווה נובה 2 ליטר בודד,טמפו משקאות בעמ,,,"י""ח",2,ליטר,false,1,3.60,1.65,false,1,
7290013083661,false,מטרנה אקסטרה קר שלב 1 חסכון 700גר`,קבוצת אוסם סחר-שות.מוגבלת,,,"י""ח",700,ל  גרם,false,1,59.90,8.56,false,1,
7290013083685,false,מטרנה אקסטרה קר שלב 3חסכון 700גר`,קבוצת אוסם סחר-שות.מוגבלת,,,"י""ח",700,ל  גרם,false,1,59.90,8.56,false,1,
7290013117212,false,בורקס פילו במילוי גבינה 600 גר`מעדנות,תנובה בשר,,,"י""ח",600,ל  גרם,false,1,19.90,3.32,false,1,
7290013117229,false,"בורקס פילו במילוי תפו""א 600גר`",תנובה בשר,,,"י""ח",600,ל  גרם,false,1,19.90,3.32,false,1,
7290013117236,false,בורקס פילו פיצה 600גר`,תנובה בשר,,,"י""ח",600,ל  גרם,false,1,19.90,3.32,false,1,
7290013117243,false,בורקס פילו בולגרית 600גר`,תנובה בשר,,,"י""ח",600,ל  גרם,false,1,19.90,3.32,false,1,
7290013117410,false,בצק עלים פריך   מתוק}מעדנות{900גר,תנובה בשר,,,"י""ח",900,ל  גרם,false,1,22.90,2.54,false,1,
7290013117427,false,בצק עלים פריך   מלוח}מעדנות{900גר,תנובה בשר,,,"י""ח",900,ל  גרם,false,1,22.90,2.54,false,1,
7290013117526,false,בצק שמרים למאפים מתוקים 900גרם,תנובה בשר,,,"י""ח",900,ל  גרם,false,1,22.90,2.54,false,1,
7290013121028,false,לחם   500 גר`ללא גלוטן Green lite,גורי ע.ע.ע. בעמ,,,"י""ח",500,ל  גרם,false,1,17.90,3.58,false,1,
7290013121110,false,לחמניות בורגר 4 350 גר`Green lite,גורי ע.ע.ע. בעמ,,,"י""ח",350,ל  גרם,false,1,18.90,5.40,false,1,
7290013121127,false,לחמניות מיני 420גר Green lite,גורי ע.ע.ע. בעמ,,,"י""ח",420,ל  גרם,false,1,17.90,4.26,false,1,
7290013121158,false,רביעיית לחמניות סנדביץ 460גר. Green li,גורי ע.ע.ע. בעמ,,,"י""ח",460,ל  גרם,false,1,17.90,3.89,false,1,
7290013121165,false,שישיית לחמניות נקניקיה 460גר Green lit,גורי ע.ע.ע. בעמ,,,"י""ח",460,ל  גרם,false,1,17.90,3.89,false,1,
7290013121769,false,שליש באגט ללא סוכר Green lite 400גר,גורי ע.ע.ע. בעמ,,,"י""ח",400,ל  גרם,false,1,15.90,3.98,false,1,
7290013121776,false,לחם כפרי ללא סוכר 700גר Green lite,גורי ע.ע.ע. בעמ,,,"י""ח",700,ל  גרם,false,1,18.90,2.70,false,1,
7290013128317,false,ענבים לבן,ביכורי השדה צפון 1994 ג.ד. בעמ,,,"ק""ג",1,,true,1,22.90,22.90,false,1,
7290013144218,false,תערובת עוגת וניל 560גר`,א.ל.יצור ושיווקתבלינים בעמ,,,"י""ח",560,ל  גרם,false,1,16.90,3.02,true,1,
7290013144232,false,פודינג וניל,א.ל.יצור ושיווקתבלינים בעמ,,,"י""ח",8500,ל  גרם,false,1,4.90,0.06,true,1,
7290013144249,false,פודינג שוקולד מימונס,א.ל.יצור ושיווקתבלינים בעמ,,,"י""ח",1,,false,1,4.90,4.90,true,1,
7290013144287,false,ג`לי  בטעם תות 85גר`,א.ל.יצור ושיווקתבלינים בעמ,,,"י""ח",1,,false,1,5.90,5.90,false,1,
7290013144393,false,תמצית וניל,א.ל.יצור ושיווקתבלינים בעמ,,,"י""ח",1,,false,1,4.90,4.90,false,1,
7290013144409,false,תמצית רום,א.ל.יצור ושיווקתבלינים בעמ,,,"י""ח",1,,false,1,4.90,4.90,false,1,
7290013144508,false,תמצית ורדים,א.ל.יצור ושיווקתבלינים בעמ,,,"י""ח",1,,false,1,9.90,9.90,false,1,
7290013144522,false,"צבע מאכל ירוק 50מ""ל.",א.ל.יצור ושיווקתבלינים בעמ,,,"י""ח",50,"ל  מ""ל",false,1,4.30,8.60,false,1,
7290013144539,false,צבע מאכל אדום,א.ל.יצור ושיווקתבלינים בעמ,,,"י""ח",1,,false,1,4.30,4.30,false,1,
7290013144751,false,"סירופ בטעם מייפל 500מ""ל מימונס",א.ל.יצור ושיווקתבלינים בעמ,,,"י""ח",500,"ל  מ""ל",false,1,13.90,2.78,true,1,
7290013144768,false,"סירופ בטעם שוקולד 500מ""ל מימונס",א.ל.יצור ושיווקתבלינים בעמ,,,"י""ח",500,"ל  מ""ל",false,1,13.90,2.78,true,1,
7290013144980,false,תרסיס שמן קנולה 170גר מימונס,א.ל.יצור ושיווקתבלינים בעמ,,,"י""ח",170,"ל  מ""ל",false,1,15.90,9.35,false,1,
7290013145024,false,אגוז מלך טחון 100 גר`מימונס,א.ל.יצור ושיווקתבלינים בעמ,,,"י""ח",100,ל  גרם,false,1,12.90,12.90,false,1,
7290013145031,false,אגוזי לוז מסוכרים 100גר`.,א.ל.יצור ושיווקתבלינים בעמ,,,"י""ח",100,ל  גרם,false,1,12.90,12.90,false,1,
7290013145055,false,פרג שלם 100גר`,א.ל.יצור ושיווקתבלינים בעמ,,,"י""ח",100,ל  גרם,false,1,6.90,6.90,false,1,
7290013145062,false,"סירופ מייפל אמיתי 100% 187מ""ל מימונס",א.ל.יצור ושיווקתבלינים בעמ,,,"י""ח",187,"ל  מ""ל",false,1,19.90,10.64,false,1,
7290013145109,false,שקד מולבן טחון 100 גר`מימונס,א.ל.יצור ושיווקתבלינים בעמ,,,"י""ח",100,ל  גרם,false,1,12.90,12.90,true,1,
7290013145116,false,שקד מולבן מקלות 100גר`,א.ל.יצור ושיווקתבלינים בעמ,,,"י""ח",100,ל  גרם,false,1,12.90,12.90,true,1,
7290013145130,false,שקד מולבן חצוי 100גר,א.ל.יצור ושיווקתבלינים בעמ,,,"י""ח",100,ל  גרם,false,1,12.90,12.90,true,1,
7290013145178,false,קוקוס טחון לבן 100 גר`מימונס,א.ל.יצור ושיווקתבלינים בעמ,,,"י""ח",100,ל  גרם,false,1,4.60,4.60,false,1,
7290013145215,false,שומשום 400גר` מימונס,א.ל.יצור ושיווקתבלינים בעמ,,,"י""ח",400,ל  גרם,false,1,14.90,3.73,false,1,
7290013145277,false,עלים לקרמשניט 300ג,א.ל.יצור ושיווקתבלינים בעמ,,,"י""ח",300,ל  גרם,false,1,16.90,5.63,false,1,
7290013145390,false,שוקולד צ`יפס 250 גר`מימונס,א.ל.יצור ושיווקתבלינים בעמ,,,"י""ח",250,ל  גרם,false,1,9.30,3.72,false,1,
7290013145406,false,שוקולד צ`יפס לבן 250 גר`מימונס,א.ל.יצור ושיווקתבלינים בעמ,,,"י""ח",250,"ל  מ""ל",false,1,9.90,3.96,false,1,
7290013145437,false,שוקולד ציפס  אמיתי 48% 250ג מימונס,א.ל.יצור ושיווקתבלינים בעמ,,,"י""ח",250,ל  גרם,false,1,13.90,5.56,false,1,
7290013145444,false,שוקולד צ`יפס 66% מימונס 250 ג,א.ל.יצור ושיווקתבלינים בעמ,,,"י""ח",250,"ל  מ""ל",false,1,15.90,6.36,false,1,
7290013145451,false,קקאו 150גר מימונס,א.ל.יצור ושיווקתבלינים בעמ,,,"י""ח",150,ל  גרם,false,1,8.90,5.93,false,1,
7290013145628,false,סוכריות צבעוניות 200גר,א.ל.יצור ושיווקתבלינים בעמ,,,"י""ח",400,ל  גרם,false,1,8.90,2.23,false,1,
7290013145826,false,פודינג וניל לבן במיוחד 80גר,א.ל.יצור ושיווקתבלינים בעמ,,,"י""ח",80,ל  גרם,false,1,4.90,6.13,true,1,
7290013145840,false,סוכר וניל מימונס 10יח בצלופן,א.ל.יצור ושיווקתבלינים בעמ,,,"י""ח",10,"י""ח",false,1,2.30,0.23,false,1,
7290013145857,false,אבקת אפיה  מימונס 10יח בצלופן,א.ל.יצור ושיווקתבלינים בעמ,,,"י""ח",10,"י""ח",false,1,2.50,0.25,false,1,
7290013145918,false,אבקת סוכר 100 גר`מימונס,א.ל.יצור ושיווקתבלינים בעמ,,,"י""ח",100,ל  גרם,false,1,1.90,1.90,false,1,
7290013145963,false,שמרים יבשים בואקום 125גרם מימונס,א.ל.יצור ושיווקתבלינים בעמ,,,"י""ח",125,ל  גרם,false,1,5.90,4.72,false,1,
7290013146243,false,פודינג בטעם וניל מימונס 320גר,א.ל.יצור ושיווקתבלינים בעמ,,,"י""ח",255,ל  גרם,false,1,11.90,4.67,false,1,
7290013146274,false,מארז 8 תחתיות מרנג 100 גרם,א.ל.יצור ושיווקתבלינים בעמ,,,"י""ח",1,,false,1,19.90,19.90,false,1,
7290013146298,false,תחתיות בצק פריך למילוי 120ג,א.ל.יצור ושיווקתבלינים בעמ,,,"י""ח",120,ל  גרם,false,1,20.90,17.42,false,1,
7290013146656,false,כוכבים תכלת ירוק לבן לקישוט 60גר.,א.ל.יצור ושיווקתבלינים בעמ,,,"י""ח",60,ל  גרם,false,1,11.90,19.83,false,1,
7290013146670,false,סוכריות לב סגול ורוד לבן לקישוט 60גר,א.ל.יצור ושיווקתבלינים בעמ,,,"י""ח",60,ל  גרם,false,1,11.90,19.83,true,1,
7290013146762,false,"קצפת לזילוף 24% שומן 200מ""ל מימונס",קפוא זן תעשיות מזון בעמ,,,"י""ח",200,"ל  מ""ל",false,1,6.90,3.45,false,1,
7290013146816,false,אבקת סוכר שקית 500ג.,א.ל.יצור ושיווקתבלינים בעמ,,,"י""ח",200,ל  גרם,false,1,7.20,3.60,false,1,
7290013146854,false,קוקוס לבן 400ג מימונס,א.ל.יצור ושיווקתבלינים בעמ,,,"י""ח",1,,false,1,14.90,14.90,false,1,
7290013146861,false,נייר אפיה 20 מטר בגליל,א.ל.יצור ושיווקתבלינים בעמ,,,"י""ח",1,,false,1,19.90,19.90,false,1,
7290013153593,false,תפוזים מתקתק 100% 1ל,*החברה המרכזית להפצת משקאותבעמ,,,"י""ח",1,ליטר,false,1,11.90,11.90,false,1,
7290013156006,false,אצבעות מתוקות 350ג גאקובס,הלל בן הלל שיווק ומסחר בעמ,,,"י""ח",300,ל  גרם,false,1,16.90,5.63,false,1,
7290013156914,false,כעך טוניסאי  350ג גאקובס,הלל בן הלל שיווק ומסחר בעמ,,,"י""ח",350,ל  גרם,false,1,16.90,4.83,false,1,
7290013156921,false,אצבעות מתוקות   350ג גאקובס,הלל בן הלל שיווק ומסחר בעמ,,,"י""ח",350,ל  גרם,false,1,16.90,4.83,false,1,
7290013221018,false,מנגו קפוא,א.מ.שרון שיווק (2014) בעמ,,,"י""ח",500,ל  גרם,false,1,24.90,4.98,true,1,
7290013267665,false,מאגדת סולרו פירות טרופיים,גלידות שטראוס בעמ,,,"י""ח",354,ל  גרם,false,1,22.90,6.47,false,1,
7290013268020,false,מרכך כביסה מקסימה 1 ליטר א.פרש,החב הדרומית לשיווק,,,"י""ח",1,ליטר,false,1,17.50,17.50,false,1,
7290013268037,false,מרכך כביסה מקסימה 1 ליטר מרוכז,החב הדרומית לשיווק,,,"י""ח",1,ליטר,false,1,17.50,17.50,false,1,
7290013268242,false,ריצפז פרש הום  2ל לרצפה מלון מפנק,החב הדרומית לשיווק,,,"י""ח",1.45,ליטר,false,1,19.80,13.66,false,1,
7290013268372,false,פוליויקס פרקט 2 ליטר בתוספת שמן ארגן,החב הדרומית לשיווק,,,"י""ח",2,ליטר,false,1,19.90,9.95,false,1,
7290013268884,false,ריצפז פרש מאסק 2 ליטר,החב הדרומית לשיווק,,,"י""ח",2,ליטר,false,1,19.90,9.95,false,1,
7290013268891,false,"סנו אוקסיגן  ג""ל 3ליטר",החב הדרומית לשיווק,,,"י""ח",3,ליטר,false,1,28.90,9.63,false,1,
7290013268907,false,סנו ג ל כביסה 3ליטר ביו,החב הדרומית לשיווק,,,"י""ח",3,ליטר,false,1,28.90,9.63,false,1,
7290013268938,false,סנו בון שלישייה MUSK,החב הדרומית לשיווק,,,"י""ח",165,ל  גרם,false,1,11.90,7.21,false,1,
7290013268983,false,מרכך מקסימה סופר מרוכז MOMENTS 1 ליטר,החב הדרומית לשיווק,,,"י""ח",1,ליטר,false,1,17.50,17.50,false,1,
7290013268990,false,מרכך כביסה ביו מקסימה 1 ליטר מרוכז,החב הדרומית לשיווק,,,"י""ח",1,ליטר,false,1,17.50,17.50,false,1,
7290013269003,false,מרכך כביסה בייבי מקסימה 1 ליטר מרוכז,החב הדרומית לשיווק,,,"י""ח",1,ליטר,false,1,17.90,17.90,false,1,
7290013269157,false,תרסיס מקסימה סגול למייבש כביסה לבנדר,החב הדרומית לשיווק,,,"י""ח",750,"ל  מ""ל",false,1,16.30,2.17,true,1,
7290013269263,false,סנו ג ל כביסה 3ליטר קריסטל,החב הדרומית לשיווק,,,"י""ח",3,ליטר,false,1,28.90,9.63,false,1,
7290013269287,false,סנו ג ל כביסה 3ליטר ביו,החב הדרומית לשיווק,,,"י""ח",3,ליטר,false,1,28.90,9.63,false,1,
7290013269621,false,ריצפז פרש הום  2ל לרצפה מלון בוטיק,החב הדרומית לשיווק,,,"י""ח",1.45,ליטר,false,1,19.80,13.66,false,1,
7290013269638,false,ספוג הפלא אקסטרה 6 יחידות,החב הדרומית לשיווק,,,"י""ח",1,,false,1,10.90,10.90,false,1,
7290013269645,false,מטליות לחות לרצפה מאסק 10 יחידות,החב הדרומית לשיווק,,,"י""ח",1,,false,1,12.90,12.90,false,1,
7290013269669,false,ריצפז פנטזיה  3 ליטר,החב הדרומית לשיווק,,,"י""ח",3,ליטר,false,1,11.70,3.90,false,1,
7290013269690,false,סנובון ג ל אסלה לימון,החב הדרומית לשיווק,,,"י""ח",65,"ל  מ""ל",false,1,5.90,9.08,false,1,
7290013269751,false,מטליות לחות לרצפה מלון בוטיק  10 יחידו,החב הדרומית לשיווק,,,"י""ח",1,,false,1,12.90,12.90,false,1,
7290013284310,false,רוטב פסטה 240גר פריניר,ח.כהן סוכנות מזון ומשקאות בע,,,"י""ח",70,ל  גרם,false,1,5.90,8.43,false,1,
7290013284662,false,רוטב פיצה  240גר פריניר,ח.כהן סוכנות מזון ומשקאות בע,,,"י""ח",70,ל  גרם,false,1,5.90,8.43,false,1,
7290013302656,false,פילה סרדין בשמן זית פלפל חריף טעים,טעמן שווק מזון בעמ,,,"י""ח",125,ל  גרם,false,1,8.90,7.12,true,1,
7290013310118,false,ממחטות כיס שישייה,אינטרסן (1996) בעמ,,,"י""ח",1,,false,1,3.90,3.90,true,1,
7290013310163,false,מדליק פחמים מוצק 40יח,אינטרסן (1996) בעמ,,,"י""ח",40,"י""ח",false,1,6.50,0.16,false,1,
7290013310323,false,נובי קליפס עם מחזיק מוצץ,אינטרסן (1996) בעמ,,,"י""ח",1,"י""ח",false,1,19.90,19.90,false,1,
7290013310385,false,כפפות ניטריל   80יח M EASY TOUCH,אינטרסן (1996) בעמ,,,"י""ח",80,"י""ח",false,1,24.90,0.31,true,1,
7290013310392,false,כפפות ניטריל 80יח L EASY TOUCH,אינטרסן (1996) בעמ,,,"י""ח",80,"י""ח",false,1,24.90,0.31,true,1,
7290013310408,false,כפפות ניטריל 80יח XL EASY TOUCH,אינטרסן (1996) בעמ,,,"י""ח",80,"י""ח",false,1,24.90,0.31,true,1,
7290013358356,false,פירורי לחם מוזהבים 320גרם מאסטרשף,ש.שסטוביץ בעמ,,,"י""ח",320,ל  גרם,false,1,6.90,2.16,false,1,
7290013358417,false,"רוטב טריאקי 300מ""ל",ש.שסטוביץ בעמ,,,"י""ח",300,"ל  מ""ל",false,1,9.90,3.30,false,1,
7290013358431,false,קרוטונים לסלט בתיבול עגבניות ובזיליקום,ש.שסטוביץ בעמ,,,"י""ח",200,ל  גרם,false,1,11.90,5.95,true,1,
7290013358448,false,קרוטונים לסלט 4דגנים 200גר מאסטר שף,ש.שסטוביץ בעמ,,,"י""ח",200,ל  גרם,false,1,11.90,5.95,true,1,
7290013358509,false,מיקסלט 150ג מאסטר שף,ש.שסטוביץ בעמ,,,"י""ח",150,ל  גרם,false,1,14.90,9.93,false,1,
7290013358516,false,מיקסלט 150ג מאסטר שף עם חמוציות,ש.שסטוביץ בעמ,,,"י""ח",150,ל  גרם,false,1,14.90,9.93,false,1,
7290013358530,false,"רוטב צ`ילי מתוק  700מ""ל מאסטר שף",ש.שסטוביץ בעמ,,,"י""ח",700,"ל  מ""ל",false,1,11.90,1.70,false,1,
7290013358547,false,"רוטב צ`ילי חריף  700מ""ל",ש.שסטוביץ בעמ,,,"י""ח",700,"ל  מ""ל",false,1,11.90,1.70,false,1,
7290013358578,false,איטריות אורז רחבות 5ממ 400גר,ש.שסטוביץ בעמ,,,"י""ח",400,ל  גרם,false,1,8.90,2.23,false,1,
7290013361981,false,"צ`פס 2ק""ג פרי גליל",ויטה- פרי גליל (החדשה) בעמ,,,"י""ח",2,"ק""ג",false,1,21.90,10.95,false,1,
7290013361998,false,"סטייק צ`פס 2ק""ג פרי גליל",ויטה- פרי גליל (החדשה) בעמ,,,"י""ח",2,"ק""ג",false,1,21.90,10.95,false,1,
7290013381682,false,קקאו הולנדי 150 גרם נאמן,נאמן לאורך זמן בעמ,,,"י""ח",150,ל  גרם,false,1,8.90,5.93,false,1,
7290013412409,false,נועם ספוגית 15 פרי,שקד תבל בעמ,,,"י""ח",15,"י""ח",false,1,9.90,0.66,true,1,
7290013412966,false,מגבונים  טולי מארז 4 יחידות,שקד תבל בעמ,,,"י""ח",4,"י""ח",false,1,12.90,3.23,true,1,
7290013430250,false,"בירה אלכסנדר חיטה ישראלית 330מ""ל",אגודת הכורמים,,,"י""ח",330,"ל  מ""ל",false,1,12.90,3.82,true,1,
7290013472199,false,ערמונים 100גרם ויליפוד,ג.וילי פוד אינטרנשיונל בעמ,,,"י""ח",100,ל  גרם,false,1,5.90,5.90,true,1,
7290013492005,false,"תפו""א ננסי  למיקרו שמיטה",ביכורי השדה צפון 1994 ג.ד. בעמ,,,"י""ח",1,,false,1,8.90,8.90,true,1,
7290013525253,false,טחינה מיוחדת 160גרם,סלטי שמיר2006בעמ,,,"י""ח",160,ל  גרם,false,1,5.90,3.69,false,1,
7290013525789,false,אריסה מרוקאית 150גר,סלטי שמיר2006בעמ,,,"י""ח",150,ל  גרם,false,1,10.90,7.27,false,1,
7290013531346,false,סירופ דיאט לימונענע 1 ליטר,זנלכל בעמ,,,"י""ח",1,ליטר,false,1,18.90,18.90,false,1,
7290013531582,false,שלישייה זיתים חרוזית יכין 3*200גר,זנלכל בעמ,,,"י""ח",600,ל  גרם,false,1,14.90,2.48,false,1,
7290013531612,false,רוטב נפוליטנה 240 גר`פלסטיק.,זנלכל בעמ,,,"י""ח",240,ל  גרם,false,1,5.50,2.29,false,1,
7290013531629,false,רוטב פומודורו 240 גר`פלסטיק,זנלכל בעמ,,,"י""ח",240,ל  גרם,false,1,5.50,2.29,false,1,
7290013534057,false,"צ`יפס בטטה טבעי 100גרם כשל""פ",מיה תעשיות מזון מ.ת.מ בעמ,,,"י""ח",100,ל  גרם,false,1,7.90,7.90,false,1,
7290013580009,false,המבורגר זהב 400גרם ארוז,בלדי בעמ,,,"י""ח",400,ל  גרם,false,1,18.90,4.73,false,1,
7290013585233,false,"פחית ספרייט ZERO  סליק 330מ""ל",החברה המרכזית להפצת משקאות בעמ,,,"י""ח",330,"ל  מ""ל",false,1,4.50,1.27,true,1,
7290013585387,false,קוקה קולה 1ליטר ZERO,החברה המרכזית להפצת משקאות בעמ,,,"י""ח",1,ליטר,false,1,7.10,7.10,false,1,
7290013585394,false,קוקה קולה 1ליטר,החברה המרכזית להפצת משקאות בעמ,,,"י""ח",1,ליטר,false,1,7.10,7.10,false,1,
7290013608260,false,פרימור מיץ רימון  100% 1ליטר,שטראוס גרופ ***בעמ,,,"י""ח",1,ליטר,false,1,22.90,22.90,true,1,
7290013608864,false,פרימור פירות הדר בתוספת ויטמין C  1 ליטר,שטראוס גרופ ***בעמ,,,"י""ח",1,ליטר,false,1,15.90,15.90,true,1,
7290013625229,false,פילה מקרל טעים פלפל חריף בשמן צמחי,טעמן שווק מזון בעמ,,,"י""ח",1,,false,1,7.90,7.90,false,1,
7290013652157,false,מגבונים להסרת איפור 30יח,פישר תעשיות פרמבצטיות בעמ,,,"י""ח",1,,false,1,24.90,24.90,false,1,
7290013652768,false,"מסכה לשיער יבש/צבוע/פגום 450מ""ל",פישר תעשיות פרמבצטיות בעמ,,,"י""ח",450,"ל  מ""ל",false,1,35,7.78,true,1,
7290013652775,false,"מסכה לשיער רגיל 450מ""ל",פישר תעשיות פרמבצטיות בעמ,,,"י""ח",450,"ל  מ""ל",false,1,35,7.78,true,1,
7290013652799,false,קרם לחות לשיער רגיל/יבש 400 גרם,פישר תעשיות פרמבצטיות בעמ,,,"י""ח",400,"ל  מ""ל",false,1,23.90,5.98,false,1,
7290013652881,false,"מרכך לשיער יבש חינה ושמן ארגאן 700מ""ל",פישר תעשיות פרמבצטיות בעמ,,,"י""ח",700,"ל  מ""ל",false,1,18.90,2.70,true,1,
7290013652904,false,שמפו מרכך ורדים וחלב רימונים לשיער רגיל,פישר תעשיות פרמבצטיות בעמ,,,"י""ח",700,"ל  מ""ל",false,1,18.90,2.70,true,1,
7290013675965,false,רצועות בטעם טבעות בצל  500ג,תנובה בשר,,,"י""ח",1,,false,1,25.90,25.90,false,1,
7290013677259,false,זעתר 50 גר`שקית,מיה תעשיות מזון מ.ת.מ בעמ,,,"י""ח",50,ל  גרם,false,1,5.50,11,false,1,
7290013677334,false,תבלין על האש 50 גר`שקית,מיה תעשיות מזון מ.ת.מ בעמ,,,"י""ח",50,ל  גרם,false,1,5.50,11,false,1,
7290013677419,false,תן צ אפ 60 ג,מיה תעשיות מזון מ.ת.מ בעמ,,,"י""ח",60,ל  גרם,false,1,3.70,6.17,false,1,
7290013677563,false,קינואה אדומה  500 גרם,מיה תעשיות מזון מ.ת.מ בעמ,,,"י""ח",500,ל  גרם,false,1,21.90,4.38,true,1,
7290013677648,false,שמן זית למאור1   ליטר מיה,מיה תעשיות מזון מ.ת.מ בעמ,,,"י""ח",100,"ל  מ""ל",false,1,18.90,18.90,false,1,
7290013677655,false,סודה לשתיה 600גרם,מיה תעשיות מזון מ.ת.מ בעמ,,,"י""ח",600,ל  גרם,false,1,23.70,3.95,false,1,
7290013677662,false,מלח לימון 300גרם,מיה תעשיות מזון מ.ת.מ בעמ,,,"י""ח",300,"ל  מ""ל",false,1,26.70,8.90,false,1,
7290013677679,false,סודה לשתיה 80גרם שקית,מיה תעשיות מזון מ.ת.מ בעמ,,,"י""ח",80,ל  גרם,false,1,4.70,5.88,false,1,
7290013677686,false,פפריקה מרוקאית בשקית 80 ג`,מיה תעשיות מזון מ.ת.מ בעמ,,,"י""ח",1,,false,1,5.30,5.30,false,1,
7290013677693,false,פלפל שחור גרוס בשקית,מיה תעשיות מזון מ.ת.מ בעמ,,,"י""ח",1,,false,1,9.40,9.40,false,1,
7290013702050,false,שוופס ווטר ענבים 0.5ל,יפאורה שותפות מוגבלת לשיווק,,,"י""ח",500,"ל  מ""ל",false,1,6.50,1.24,true,1,
7290013702388,false,"שוופס 500מ""ל טעם תפוח",יפאורה שותפות מוגבלת לשיווק,,,"י""ח",500,"ל  מ""ל",false,1,6.50,1.24,true,1,
7290013702883,false,שוופס לימונייד 0.5ל פינק,יפאורה שותפות מוגבלת לשיווק,,,"י""ח",500,"ל  מ""ל",false,1,6.50,1.24,true,1,
7290013713049,false,"ג מס בקבוק 330מ""ל 5% אלכוהול",אגודת הכורמים,,,"י""ח",330,"ל  מ""ל",false,1,12.90,3.82,true,1,
7290013724762,false,גרעין חמנייה 500ג,****דין שיווק וקליה 2021 בעמ,,,"י""ח",500,ל  גרם,false,1,10,2,false,1,
7290013724939,false,שוקולד מריר עם חמוציות 140 גרם,דין שיווק וקליה 2021 בעמ,,,"י""ח",140,ל  גרם,false,1,12.90,9.21,false,1,
7290013725691,false,"רוטב סויה 300מ""ל",דין שיווק וקליה 2021 בעמ,,,"י""ח",300,"ל  מ""ל",false,1,7.90,2.63,false,1,
7290013787392,false,רביולי גבינות קלאסי 330ג.,תנובה בעמ ***,,,"י""ח",330,ל  גרם,false,1,27.20,8.24,false,1,
7290013847454,false,סטארקיסט רביעייה בשמן קנולה 160ג,דיפלומט מפיצים (1968) בעמ**,,,"י""ח",1,,false,1,26.90,26.90,true,1,
7290013847867,false,טונה סטארקיסט בשמן סויה 140גר(זוג),דיפלומט מפיצים (1968) בעמ**,,,"י""ח",280,ל  גרם,false,1,11.90,4.25,true,1,
7290013848345,false,מטליות חיטוי וניקוי יסודי 99.9% 1/3 סנ,החב הדרומית לשיווק,,,"י""ח",3,"י""ח",false,1,24.90,8.30,false,1,
7290013848383,false,ג`ל רחצה קרמה מן,החב הדרומית לשיווק,,,"י""ח",1,,false,1,14.90,14.90,false,1,
7290013848758,false,ג`ל כביסה מקסימה  בייבי 3ליטר,החב הדרומית לשיווק,,,"י""ח",3,ליטר,false,1,32.80,10.93,false,1,
7290013883407,false,דזיטול מרסס,יעקב יעקבי ובניו בעמ,,,"י""ח",1,ליטר,false,1,10.90,10.90,false,1,
7290013906052,false,נקניקיות פרגיות 300גרם,תנובה בשר,,,"י""ח",300,ל  גרם,false,1,10.90,3.63,false,1,
7290013906212,false,"נקניקיות  וינר 1ק""ג טירת צבי",תנובה בשר,,,"י""ח",1.80,"ק""ג",false,1,22.90,12.72,false,1,
7290013906458,false,קבנוס 120ג טירת צבי טעם פיקנטי,תנובה בשר,,,"י""ח",120,ל  גרם,false,1,9.90,8.25,false,1,
7290013906496,false,פסטרמה עגל רומנית 120ג,תנובה בשר,,,"י""ח",120,ל  גרם,false,1,13.90,11.58,false,1,
7290013927002,false,דקליות שוקו 400 גרם אחווה,אחדות בעמ,,,"י""ח",400,ל  גרם,false,1,10.90,2.73,false,1,
7290013927019,false,דקליות קינמון 400 גרם אחווה,אחדות בעמ,,,"י""ח",400,ל  גרם,false,1,10.90,2.73,false,1,
7290013927156,false,עוגת פירות יער ללא סוכר 450גרם,אחדות בעמ,,,"י""ח",450,ל  גרם,false,1,11.90,2.64,false,1,
7290013927200,false,עוגיות שוקולד צ`יפס עשירה 400גרם אחוה,אחדות בעמ,,,"י""ח",450,ל  גרם,false,1,10.90,2.42,false,1,
7290013927323,false,עוגת בראוניס 400גרם אחוה,אחדות בעמ,,,"י""ח",450,ל  גרם,false,1,10.90,2.42,false,1,
7290013927637,false,חלוה ללא ת.סוכר 400ג מגש,אחדות בעמ,,,"י""ח",400,ל  גרם,false,1,12.90,3.23,false,1,
7290014002197,false,חליטת  קמומיל ולימונית גן קסום,תה ויסוצקי (ישראל)בעמ,,,"י""ח",37.50,ל  גרם,false,1,17.90,47.73,true,1,
7290014002203,false,חליטת  לימונית ולואיזה גן קסום 25 יח,תה ויסוצקי (ישראל)בעמ,,,"י""ח",37.50,ל  גרם,false,1,17.90,47.73,true,1,
7290014002944,false,גן הקסום חליטת  חמדת שקד 25שק,תה ויסוצקי (ישראל)בעמ,,,"י""ח",1,,false,1,17.90,17.90,true,1,
7290014046016,false,פסטרמה של פעם 100% חומרים טבעיים 250גר,מעדני יחיעם 1993 בעמ,,,"י""ח",250,ל  גרם,false,1,26.90,10.76,false,1,
7290014046030,false,מוס כבד עוף 140ג,מעדני יחיעם 1993 בעמ,,,"י""ח",140,ל  גרם,false,1,14.90,10.64,false,1,
7290014046047,false,צמד פסטרמות 600ג,מעדני יחיעם 1993 בעמ,,,"י""ח",600,ל  גרם,false,1,24.90,4.15,false,1,
7290014046474,false,"נקניקיות עוף 1.5ק""ג יחיעם",מעדני יחיעם 1993 בעמ,,,"י""ח",1.50,"ק""ג",false,1,26.90,17.93,true,1,
7290014046580,false,פסטרמה מעודנת על גחלים 300 גרם,מעדני יחיעם 1993 בעמ,,,"י""ח",300,ל  גרם,false,1,19.90,6.63,false,1,
7290014046757,false,סלמי תה 300ג סד. שרולה,מעדני יחיעם 1993 בעמ,,,"י""ח",300,ל  גרם,false,1,19.90,6.63,false,1,
7290014046764,false,סלמי פפרוני 200גר,מעדני יחיעם 1993 בעמ,,,"י""ח",200,ל  גרם,false,1,12.90,6.45,false,1,
7290014066359,false,קפסולות קפה לנדוור בלנסד  10יח,ש.שסטוביץ בעמ,,,"י""ח",10,"י""ח",false,1,16.90,1.69,false,1,
7290014066373,false,קפסולות קפה לנדוור קלאסיק  10יח,ש.שסטוביץ בעמ,,,"י""ח",10,"י""ח",false,1,16.90,1.69,false,1,
7290014066380,false,קפסולות קפה לנדוור סופרימו  10יח,ש.שסטוביץ בעמ,,,"י""ח",10,"י""ח",false,1,16.90,1.69,false,1,
7290014066441,false,קפסולות קפה לנדוור נטול קפאין  10יח,ש.שסטוביץ בעמ,,,"י""ח",10,"י""ח",false,1,16.90,1.69,false,1,
7290014066526,false,קפסולות קפה לנדוור תערובת הבית 10יח,ש.שסטוביץ בעמ,,,"י""ח",10,"י""ח",false,1,16.90,1.69,false,1,
7290014069190,false,לחמניה  75 ג`,מאפיית הראשונים מ.ל. בעמ,,,"י""ח",1,"י""ח",false,1,1.80,1.80,false,1,
7290014070684,false,לחמניה קלועה חמישיה,מאפיית הראשונים מ.ל. בעמ,,,"י""ח",1,"י""ח",false,1,12.50,12.50,false,1,
7290014071087,false,חלת צמה  פילסברי,מאפיית הראשונים מ.ל. בעמ,,,"י""ח",1,"י""ח",false,1,13,13,false,1,
7290014083479,false,גבינת גאודה פרוסה 28% שומן 150גר,ג.וילי פוד אינטרנשיונל בעמ,,,"י""ח",150,ל  גרם,false,1,9.90,6.60,false,1,
7290014094369,false,שקד טבעי 200גר בקופסא,דין שיווק וקליה 2021 בעמ,,,"י""ח",250,ל  גרם,false,1,19.90,7.96,false,1,
7290014094376,false,שזיף ללא גלעין 250גר בקופסא,דין שיווק וקליה 2021 בעמ,,,"י""ח",250,ל  גרם,false,1,19.90,7.96,false,1,
7290014094536,false,"רוטב סויה אהרוני 623מ""ל",****דין שיווק וקליה 2021 בעמ,,,"י""ח",623,"ל  מ""ל",false,1,19.90,3.19,false,1,
7290014094543,false,"תרסיס שמן קנולה 186 מ""ל",דין שיווק וקליה 2021 בעמ,,,"י""ח",250,"ל  מ""ל",false,1,14.90,5.96,false,1,
7290014094659,false,בונדוק טבעי 250גר בקופסא.,דין שיווק וקליה 2021 בעמ,,,"י""ח",250,ל  גרם,false,1,32.90,13.16,false,1,
7290014094895,false,אגוזי מלך קלופים  150ג (דין שיווק),דין שיווק וקליה 2021 בעמ,,,"י""ח",150,ל  גרם,false,1,12.90,8.60,false,1,
7290014095496,false,חטיף דגנים טעם אגוזים ושוקולד מריר,****דין שיווק וקליה 2021 בעמ,,,"י""ח",1,,false,1,10,10,false,1,
7290014095861,false,שיבולת שועל דקה להכנה מהירה 500 ג`,דין שיווק וקליה 2021 בעמ,,,"י""ח",500,ל  גרם,false,1,5.90,1.18,false,1,
7290014095946,false,משוקלדים פקאן מריר 140גר קופסא,דין שיווק וקליה 2021 בעמ,,,"י""ח",140,ל  גרם,false,1,12.90,9.21,false,1,
7290014095953,false,משוקלדים פקאן חלב 140גר קופסא,דין שיווק וקליה 2021 בעמ,,,"י""ח",140,ל  גרם,false,1,12.90,9.21,false,1,
7290014204027,false,"שמפו יומי 750מ""ל",פנינה רוזנבלום בעמ,,,"י""ח",750,"ל  מ""ל",false,1,12.90,1.72,true,1,
7290014204560,false,"סבון 500מ""ל שלישייה פנינה",פנינה רוזנבלום בעמ,,,"י""ח",0.50,ליטר,false,1,14.90,29.80,true,1,
7290014204683,false,סבון 1ל משאבה סגול פנינה,פנינה רוזנבלום בעמ,,,"י""ח",1,ליטר,false,1,13.90,13.90,false,1,
7290014204874,false,רוטב עוף 800ג,פנינה רוזנבלום בעמ,,,"י""ח",800,ל  גרם,false,1,16.90,2.11,false,1,
7290014205000,false,"צלחות גדולות *50 ""שווה""",ח.כהן סוכנות מזון ומשקאות בע,,,"י""ח",50,"י""ח",false,1,14.90,0.30,false,1,
7290014205024,false,קערה אובלית 25  יח`לבן,ח.כהן סוכנות מזון ומשקאות בע,,,"י""ח",30,"י""ח",false,1,5.90,0.20,true,1,
7290014205031,false,"לפתניה""שווה""לבן 25",ח.כהן סוכנות מזון ומשקאות בע,,,"י""ח",25,"י""ח",false,1,4.90,0.20,true,1,
7290014205048,false,"מרקיה""שווה""לבן 25",ח.כהן סוכנות מזון ומשקאות בע,,,"י""ח",2500,ל  גרם,false,1,7.90,0.32,false,1,
7290014205055,false,"צלחת   עמוקה""שווה""30יח לבן",ח.כהן סוכנות מזון ומשקאות בע,,,"י""ח",30,"י""ח",false,1,14.90,0.50,false,1,
7290014205062,false,"כוסות ח""פ פלסטיק ""100שווה"".",ח.כהן סוכנות מזון ומשקאות בע,,,"י""ח",100,"י""ח",false,1,8.90,0.09,false,1,
7290014205116,false,כוסות שקוף שמש 140יח שווה,ח.כהן סוכנות מזון ומשקאות בע,,,"י""ח",140,"י""ח",false,1,16.90,0.12,false,1,
7290014205130,false,"צלחת גדולה  ""שווה"" צבעוני 25",ח.כהן סוכנות מזון ומשקאות בע,,,"י""ח",2500,ל  גרם,false,1,11.90,0.48,false,1,
7290014205147,false,"צלחת   קטן""שווה""צבעוני 25",ח.כהן סוכנות מזון ומשקאות בע,,,"י""ח",25,"י""ח",false,1,6.90,0.28,false,1,
7290014205154,false,"קערה אובלית    צבעונית""שווה""25",ח.כהן סוכנות מזון ומשקאות בע,,,"י""ח",2500,ל  גרם,false,1,5.90,0.24,false,1,
7290014205161,false,"לפתניה  ""שווה"" צבעוני 25",ח.כהן סוכנות מזון ומשקאות בע,,,"י""ח",2500,ל  גרם,false,1,4.90,0.20,false,1,
7290014205178,false,"מרקיה  ""שווה"" צבעוני 25",ח.כהן סוכנות מזון ומשקאות בע,,,"י""ח",2500,ל  גרם,false,1,8.90,0.36,false,1,
7290014205185,false,"צלחת   ענק""שווה""צבעוני 25",ח.כהן סוכנות מזון ומשקאות בע,,,"י""ח",25,"י""ח",false,1,18.90,0.76,false,1,
7290014205284,false,"לפתניה פסים מהודר 10 יח""שווה""",ח.כהן סוכנות מזון ומשקאות בע,,,"י""ח",10,"י""ח",false,1,8.90,0.89,false,1,
7290014205673,false,שמן סויה מזוכך 1 ליטר,ח.כהן סוכנויות מזון ומשקאות***,,,"י""ח",1,ליטר,false,1,9.90,9.90,false,1,
7290014205697,false,"אננס חתוך  565 ג ""שווה""A2",ח.כהן סוכנות מזון ומשקאות בע,,,"י""ח",600,ל  גרם,false,1,7.90,1.32,true,1,
7290014205741,false,"מפה גליל  25 מטר ""שווה""",ח.כהן סוכנות מזון ומשקאות בע,,,"י""ח",25,מטר,false,1,24.90,1,true,1,
7290014205758,false,מפת שולחן 1/6 עבה שווה,ח.כהן סוכנות מזון ומשקאות בע,,,"י""ח",6,"י""ח",false,1,11.90,1.98,false,1,
7290014205772,false,"מפות שולחן 8* עבה  שקוף""שווה""",ח.כהן סוכנות מזון ומשקאות בע,,,"י""ח",1,,false,1,7.90,7.90,false,1,
7290014205796,false,שקיות אוכל זוג 150יח שווה,ח.כהן סוכנות מזון ומשקאות בע,,,"י""ח",750,"ל  מ""ל",false,1,10.90,1.45,false,1,
7290014205802,false,שקיות הקפאה שווה 200יח זוג,ח.כהן סוכנות מזון ומשקאות בע,,,"י""ח",200,"י""ח",false,1,7.90,0.04,false,1,
7290014205819,false,"שקיות אפור ""75/90  שווה""20 יח`ממוחזר",ח.כהן סוכנות מזון ומשקאות בע,,,"י""ח",20,"י""ח",false,1,17.90,0.90,true,1,
7290014205840,false,"שקיות אשפה 52/65 עם  שרון""שווה""",ח.כהן סוכנות מזון ומשקאות בע,,,"י""ח",20,"י""ח",false,1,6.90,0.35,false,1,
7290014205857,false,"שקיות אפור ""75/90  שווה""20 יח`ממוחזר.",ח.כהן סוכנות מזון ומשקאות בע,,,"י""ח",20,"י""ח",false,1,10.90,0.55,true,1,
7290014205864,false,"שקיות כתום  75/90  ""שווה"" 50יח",ח.כהן סוכנות מזון ומשקאות בע,,,"י""ח",50,"י""ח",false,1,11.90,0.24,false,1,
7290014206021,false,מאפינס נייר קטנים 20יח שווה,ח.כהן סוכנות מזון ומשקאות בע,,,"י""ח",12,"י""ח",false,1,7.90,0.66,false,1,
7290014206120,false,תבניות נייר עגולות גדולות  3יח שווה,ח.כהן סוכנות מזון ומשקאות בע,,,"י""ח",12,"י""ח",false,1,9.90,0.83,false,1,
7290014206250,false,מפיות נייר 1/80 מעוטרות שווה,ח.כהן סוכנות מזון ומשקאות בע,,,"י""ח",80,"י""ח",false,1,6.90,0.09,true,1,
7290014206274,false,גפרור אקסטרה לארג שווה,ח.כהן סוכנות מזון ומשקאות בע,,,"י""ח",1,,false,1,6.90,6.90,true,1,
7290014206410,false,נוזל חלונות זוג 1ל שווה,ח.כהן סוכנות מזון ומשקאות בע,,,"י""ח",2,ליטר,false,1,8.90,4.45,false,1,
7290014206519,false,שקיות הקפאה בשקית 200יח שווה,ח.כהן סוכנות מזון ומשקאות בע,,,"י""ח",2,"י""ח",false,1,7.90,3.95,false,1,
7290014206878,false,סרדינים ברוטב עגבניות  125גר שווה מרוק,ח.כהן סוכנות מזון ומשקאות בע,,,"י""ח",125,ל  גרם,false,1,5.90,4.72,false,1,
7290014206892,false,אנשובי צנצנת שמן חמניות  100ג שווה,ח.כהן סוכנות מזון ומשקאות בע,,,"י""ח",100,ל  גרם,false,1,12.90,12.90,false,1,
7290014206922,false,"קערית אובלית קשוף  ""שווה"" 20יח",ח.כהן סוכנות מזון ומשקאות בע,,,"י""ח",2000,ל  גרם,false,1,6.90,0.35,false,1,
7290014206939,false,"מרקיה קשופה  ""שווה"" 20יח",ח.כהן סוכנות מזון ומשקאות בע,,,"י""ח",2000,ל  גרם,false,1,9.90,0.50,false,1,
7290014206946,false,"צלחת קטנה קשופה  ""שווה"" 20יח",ח.כהן סוכנות מזון ומשקאות בע,,,"י""ח",2000,ל  גרם,false,1,8.90,0.45,false,1,
7290014206953,false,"צלחת גדולה קשופה  ""שווה"" 20יח",ח.כהן סוכנות מזון ומשקאות בע,,,"י""ח",2000,ל  גרם,false,1,16.90,0.85,true,1,
7290014206960,false,"צלחת ענקית קשופה  ""שווה"" 20יח",ח.כהן סוכנות מזון ומשקאות בע,,,"י""ח",2000,ל  גרם,false,1,24.90,1.25,true,1,
7290014206984,false,"קערת סלט ענקית קשופה  ""שווה"" 10יח",ח.כהן סוכנות מזון ומשקאות בע,,,"י""ח",10,"י""ח",false,1,13.90,1.39,true,1,
7290014218321,false,בורקס  יפו מעדנות גבינה 600ג,תנובה בשר,,,"י""ח",600,ל  גרם,false,1,17.90,2.98,false,1,
7290014218338,false,"בורקס יפו מעדנות תפו""א  600ג",תנובה בשר,,,"י""ח",600,ל  גרם,false,1,15.90,2.65,false,1,
7290014218505,false,שלישיית פיצות בחבק *360ג תנובה,תנובה בשר,,,"י""ח",1.08,"ק""ג",false,1,34.90,32.31,false,1,
7290014218932,false,חטיפי פיצה  עם זיתים מעדנות,תנובה בשר,,,"י""ח",710,ל  גרם,false,1,22.90,3.23,false,1,
7290014288058,false,"להבונים 50 שקית  ""שווה""",ח.כהן סוכנות מזון ומשקאות בע,,,"י""ח",1,,false,1,10.90,10.90,true,1,
7290014288072,false,כריות יפניות רביעייה   שווה,ח.כהן סוכנות מזון ומשקאות בע,,,"י""ח",1,"י""ח",false,1,6.90,6.90,false,1,
7290014288089,false,סרטי קירצוף זוגות שווה איכותי,ח.כהן סוכנות מזון ומשקאות בע,,,"י""ח",10,"י""ח",false,1,5.90,0.59,false,1,
7290014288096,false,מטליות מיקרופייבר 5* ניקוי כלל   שווה,ח.כהן סוכנות מזון ומשקאות בע,,,"י""ח",3,"י""ח",false,1,9.90,3.30,false,1,
7290014288119,false,ממרקות מתכת  4יח שווה,ח.כהן סוכנות מזון ומשקאות בע,,,"י""ח",1,,false,1,5.90,5.90,false,1,
7290014288300,false,טורטיה 8יח 320ג שווה,ח.כהן סוכנות מזון ומשקאות בע,,,"י""ח",320,ל  גרם,false,1,10.90,3.41,true,1,
7290014288317,false,טורטיה 6יח 420ג שווה,ח.כהן סוכנות מזון ומשקאות בע,,,"י""ח",320,ל  גרם,false,1,10.90,3.41,true,1,
7290014288324,false,טורטיה קמח מלא 8יח 320ג שווה,ח.כהן סוכנות מזון ומשקאות בע,,,"י""ח",320,ל  גרם,false,1,10.90,3.41,true,1,
7290014288331,false,נודלס טעם עוף  60ג שווה,ח.כהן סוכנות מזון ומשקאות בע,,,"י""ח",60,ל  גרם,false,1,4.90,8.17,true,1,
7290014288355,false,נודלס טעם בקר 60ג שווה,ח.כהן סוכנות מזון ומשקאות בע,,,"י""ח",60,ל  גרם,false,1,4.90,8.17,true,1,
7290014288379,false,ערמונים 100ג שווה,ח.כהן סוכנות מזון ומשקאות בע,,,"י""ח",100,ל  גרם,false,1,5.90,5.90,true,1,
7290014288393,false,"רוטב סויה 500מ""ל     שווה",ח.כהן סוכנות מזון ומשקאות בע,,,"י""ח",700,"ל  מ""ל",false,1,9.90,1.41,false,1,
7290014288409,false,"רוטב טריאקי 300מ""ל     שווה",ח.כהן סוכנות מזון ומשקאות בע,,,"י""ח",500,"ל  מ""ל",false,1,9.90,1.98,false,1,
7290014288447,false,נרות חנוכה צבעוניים שווה,ח.כהן סוכנות מזון ומשקאות בע,,,"י""ח",1,,false,1,3.90,3.90,false,1,
7290014288461,false,"נר נשמה פחית ""שווה""",ח.כהן סוכנות מזון ומשקאות בע,,,"י""ח",1,,false,1,2.90,2.90,true,1,
7290014288614,false,רדיד אלומיניום קצר כוכבים  גבוה/עבה 16M,ח.כהן סוכנות מזון ומשקאות בע,,,,10,"י""ח",false,1,21.90,2.19,false,1,
7290014288683,false,מגש אובלי ענק 20יח שווה,ח.כהן סוכנות מזון ומשקאות בע,,,"י""ח",20,"י""ח",false,1,17.90,0.90,false,1,
7290014288706,false,קערת סלט ענקית 10יח שווה,ח.כהן סוכנות מזון ומשקאות בע,,,"י""ח",10,"י""ח",false,1,9.90,0.99,false,1,
7290014288720,false,כוסות וודקה 350CC שווה,ח.כהן סוכנות מזון ומשקאות בע,,,,10,"י""ח",false,1,9.90,0.99,false,1,
7290014288744,false,"נר נשמה שבועי   בזכוכית""שווה""",ח.כהן סוכנות מזון ומשקאות בע,,,"י""ח",1,,false,1,9.90,9.90,false,1,
7290014288843,false,נרות שבת מספרים שווה,ח.כהן סוכנות מזון ומשקאות בע,,,"י""ח",1,,false,1,3.90,3.90,false,1,
7290014298200,false,"בקבוקי שתייה ילדים 500 מ""ל",מוסקו בעמ,,,"י""ח",1,,false,1,29.90,29.90,false,1,
7290014298217,false,"בקבוק שתיה קטן  350 מ""ל",מוסקו בעמ,,,"י""ח",1,,false,1,24.90,24.90,false,1,
7290014298989,false,בקבוק שתיה ייחודי,מוסקו בעמ,,,"י""ח",1,,false,1,39.90,39.90,false,1,
7290014298996,false,"בקבוק תרמי לשתיה קרה/חמה  500 מ""ל",מוסקו בעמ,,,"י""ח",1,,false,1,59.90,59.90,false,1,
7290014325050,false,קורנפלור 500ג,מיה תעשיות מזון מ.ת.מ בעמ,,,"י""ח",300,ל  גרם,false,1,3.90,1.30,false,1,
7290014325531,false,"חמאת בוטנים 500ג מיה כשל""פ בד""צ",מיה תעשיות מזון מ.ת.מ בעמ,,,"י""ח",500,ל  גרם,false,1,12.90,2.58,false,1,
7290014356061,false,ספגטי 500גר שדות,אחים אגא (א.מ.) שיווק,,,"י""ח",500,ל  גרם,false,1,3.90,0.78,true,1,
7290014356078,false,פסטה פנה  500גר שדות,אחים אגא (א.מ.) שיווק,,,"י""ח",500,ל  גרם,false,1,3.90,0.78,true,1,
7290014356092,false,ספגטי 500גר שדות,אחים אגא (א.מ.) שיווק,,,"י""ח",500,ל  גרם,false,1,3.90,0.78,true,1,
7290014356108,false,פסטה קרניים  500גר שדות,אחים אגא (א.מ.) שיווק,,,"י""ח",500,ל  גרם,false,1,3.90,0.78,true,1,
7290014356450,false,פסטה צדפים  500גר שדות,אחים אגא (א.מ.) שיווק,,,"י""ח",500,ל  גרם,false,1,3.90,0.78,true,1,
7290014356801,false,גרעיני תירס מתוק 340גר שדות בוואקום,אחים אגא (א.מ.) שיווק,,,"י""ח",340,ל  גרם,false,1,5.60,1.65,false,1,
7290014356931,false,קוסקוס דק 350גר אגא,אחים אגא (א.מ.) שיווק,,,"י""ח",500,ל  גרם,false,1,4.50,0.90,true,1,
7290014356948,false,קוסקוס בינוני 350גר אגא,אחים אגא (א.מ.) שיווק,,,"י""ח",500,ל  גרם,false,1,4.50,0.90,true,1,
7290014356955,false,קוסקוס עבה 350גר אגא,אחים אגא (א.מ.) שיווק,,,"י""ח",500,ל  גרם,false,1,4.50,0.90,true,1,
7290014397163,false,פרש אוטומטיק בניחוח FLORAL HARMONY,החב הדרומית לשיווק,,,"י""ח",165,ל  גרם,false,1,12.90,7.82,false,1,
7290014397170,false,פרש אוטומטיק בניחוח SOFT BALANCE,החב הדרומית לשיווק,,,"י""ח",165,ל  גרם,false,1,12.90,7.82,false,1,
7290014397279,false,שקיות אוכל אריזת חיסכון,החב הדרומית לשיווק,,,"י""ח",1,,false,1,12.90,12.90,false,1,
7290014397286,false,מרכך כביסה מקסימה 1 ליטר מרוכז,החב הדרומית לשיווק,,,"י""ח",1,ליטר,false,1,17.50,17.50,false,1,
7290014397453,false,סנו אוקסיגן 3ליטר כביסה לבנה,החב הדרומית לשיווק,,,"י""ח",3,ליטר,false,1,28.90,9.63,false,1,
7290014397514,false,"סנופרש הום בניחוח כותנה מלטפת 350מ""ל",החב הדרומית לשיווק,,,"י""ח",350,"ל  מ""ל",false,1,9.90,2.83,false,1,
7290014397675,false,מרכך כביסה חלב ודבש 4 ליטר,החב הדרומית לשיווק,,,"י""ח",4,ליטר,false,1,21.90,5.48,false,1,
7290014397736,false,מקסימה מרכך 4 ל,החב הדרומית לשיווק,,,"י""ח",4,ליטר,false,1,21.90,5.48,false,1,
7290014397767,false,ריצפז פרש הום כותנה מלטפת 2ל,החב הדרומית לשיווק,,,"י""ח",1.45,ליטר,false,1,19.80,13.66,false,1,
7290014397774,false,ריצפז פרש  הום טבע רענן 2ל לרצפה,החב הדרומית לשיווק,,,"י""ח",1.45,ליטר,false,1,19.80,13.66,false,1,
7290014397873,false,מרכך כביסה  מקסימה GENTLE BREEZE י4ל`,החב הדרומית לשיווק,,,"י""ח",4,ליטר,false,1,21.90,5.48,false,1,
7290014426061,false,משחת שיניים הלו קיטי,גורי ע.ע.ע. בעמ,,,"י""ח",50,ל  גרם,false,1,10.90,21.80,false,1,
7290014435704,false,סלמון מעושן פרוס  100ג(שמיר),סלטי שמיר2006בעמ,,,"י""ח",100,ל  גרם,false,1,21.90,21.90,false,1,
7290014435810,false,הרינג כבוש עם בצל  חמוץ מתוק 180ג,סלטי שמיר2006בעמ,,,"י""ח",180,ל  גרם,false,1,19.90,11.06,false,1,
7290014435834,false,מקרל מעושן פרוס בשמן 180ג,סלטי שמיר2006בעמ,,,"י""ח",180,ל  גרם,false,1,26.90,14.94,false,1,
7290014435841,false,פילה מטיאס הולנדי  בשמן 180ג,סלטי שמיר2006בעמ,,,"י""ח",180,ל  גרם,false,1,19.90,11.06,false,1,
7290014455252,false,גרנה פדנו מגורד 100ג,מחלבות גד,,,"י""ח",100,ל  גרם,false,1,10.90,10.90,false,1,
7290014455320,false,כדור מוצרלה פרסקה 100ג,מחלבות גד,,,"י""ח",100,ל  גרם,false,1,8.90,8.90,false,1,
7290014455467,false,מעדן שיבולת שועל וחלב 2% 150גר,מחלבות גד,,,"י""ח",150,"ל  מ""ל",false,1,5.50,3.67,false,1,
7290014459373,false,"תפוגן ציפס קראנצי לתנור 1.5ק""ג",קבוצת אוסם סחר-שות.מוגבלת,,,"י""ח",1.50,"ק""ג",false,1,24.90,16.60,false,1,
7290014459472,false,"תפוגן צ יפס קלאסי 2ק""ג  (תפוגן)",קבוצת אוסם סחר-שות.מוגבלת,,,"י""ח",2.50,"ק""ג",false,1,29.90,11.96,false,1,
7290014459632,false,"תפוגן צ יפס טוגן 1.5 ק""ג",קבוצת אוסם סחר-שות.מוגבלת,,,"י""ח",1.50,"ק""ג",false,1,17.90,11.93,false,1,
7290014466128,false,"יין הר חרמון אינדיגו 750 מ""ל",היכל היין שקד גולן בעמ,,,"י""ח",750,"ל  מ""ל",false,1,35.90,4.75,true,1,
7290014466609,false,יין גמלא מרלו `2016,היכל היין שקד גולן בעמ,,,"י""ח",1,,false,1,64.90,64.90,true,1,
7290014471412,false,"מוזלי בוטנים אגוזים ושקדים 1ק""ג",דין שיווק וקליה 2021 בעמ,,,"י""ח",0,"ק""ג",false,1,19.90,19.90,true,1,
7290014471436,false,"מוזלי צימוקים תפוח קינמון רגעיני חמ 1ק""ג",דין שיווק וקליה 2021 בעמ,,,"י""ח",0,"ק""ג",false,1,19.90,19.90,true,1,
7290014471443,false,"גרנולה אגוזים 1ק""ג",דין שיווק וקליה 2021 בעמ,,,"י""ח",0,"ק""ג",false,1,19.90,19.90,true,1,
7290014472426,false,קונפיטורה דובדבן 70% פרי 450גר,דין שיווק וקליה 2021 בעמ,,,"י""ח",450,ל  גרם,false,1,13.90,3.09,false,1,
7290014472440,false,קונפיטורה תפוז 70% פרי 450גר,דין שיווק וקליה 2021 בעמ,,,"י""ח",450,ל  גרם,false,1,13.90,3.09,false,1,
7290014472990,false,ממרח 100% שקדים 300גר,דין שיווק וקליה 2021 בעמ,,,"י""ח",300,ל  גרם,false,1,27.90,9.30,false,1,
7290014525177,false,מרבה סלים פרוט בטעם יוגורט ופירות יע 1,ש.שסטוביץ בעמ,,,"י""ח",120,ל  גרם,false,1,12.90,10.75,true,1,
7290014525290,false,מרבה סלים דלים קריספי תות 125ג,ש.שסטוביץ בעמ,,,"י""ח",120,ל  גרם,false,1,12.90,10.75,true,1,
7290014525306,false,מרבה סלים דלים קריספי אוכמניות  125ג,ש.שסטוביץ בעמ,,,"י""ח",120,ל  גרם,false,1,12.90,10.75,true,1,
7290014525665,false,על חלל עוגיות קקאו עם סוכריות שוקולד .,ש.שסטוביץ בעמ,,,"י""ח",140,ל  גרם,false,1,9.90,7.07,false,1,
7290014525672,false,על חלל עוגיות עם סוכריות שוקולד ח.,ש.שסטוביץ בעמ,,,"י""ח",140,ל  גרם,false,1,9.90,7.07,false,1,
7290014562387,false,גרגירים נמסם להכנת תה טעם קמומיל,בטר אנד דיפרנט בעמ,,,"י""ח",1.20,ליטר,false,1,17.90,14.92,false,1,
7290014673014,false,פלפל אנגלי שלם 90גר.,א.ל.יצור ושיווקתבלינים בעמ,,,"י""ח",50,ל  גרם,false,1,12.90,25.80,false,1,
7290014673021,false,פלפל שחור שלם 100גר,א.ל.יצור ושיווקתבלינים בעמ,,,"י""ח",100,ל  גרם,false,1,14.50,14.50,false,1,
7290014673038,false,תערובת תיבול טוסקנה 120ג,א.ל.יצור ושיווקתבלינים בעמ,,,"י""ח",120,ל  גרם,false,1,11.50,9.58,true,1,
7290014673045,false,תערובת תיבול לציפס 100ג,א.ל.יצור ושיווקתבלינים בעמ,,,"י""ח",100,ל  גרם,false,1,11.50,11.50,true,1,
7290014673137,false,תערובת תיבול לפיצה 100ג,א.ל.יצור ושיווקתבלינים בעמ,,,"י""ח",100,ל  גרם,false,1,11.50,11.50,true,1,
7290014673359,false,מלח לימון 400גר,א.ל.יצור ושיווקתבלינים בעמ,,,"י""ח",400,ל  גרם,false,1,21.90,5.48,false,1,
7290014673380,false,כמון 250 גר בצנצנת,א.ל.יצור ושיווקתבלינים בעמ,,,"י""ח",250,ל  גרם,false,1,21.90,8.76,false,1,
7290014673434,false,פלפל שחור גרוס דק  שקית 80ג,א.ל.יצור ושיווקתבלינים בעמ,,,"י""ח",80,ל  גרם,false,1,8.90,11.13,false,1,
7290014674004,false,קריספי פירורי לחם שומשום ומלח ים 300גר,א.ל.יצור ושיווקתבלינים בעמ,,,"י""ח",300,ל  גרם,false,1,7.90,2.63,true,1,
7290014692299,false,גבינת ברי 125ג  ויליפוד,ג.וילי פוד אינטרנשיונל בעמ,,,"י""ח",125,ל  גרם,false,1,15.90,12.72,false,1,
7290014692305,false,גבינת קממבר  125ג  ויליפוד,ג.וילי פוד אינטרנשיונל בעמ,,,"י""ח",125,ל  גרם,false,1,15.90,12.72,false,1,
7290014692541,false,צהובה מגורדת 500ג Golden,ג.וילי פוד אינטרנשיונל בעמ,,,"י""ח",500,ל  גרם,false,1,19.90,3.98,false,1,
7290014692565,false,גרעיני תירס מתוק 285/320ג,ג.וילי פוד אינטרנשיונל בעמ,,,"י""ח",320,ל  גרם,false,1,5.90,1.84,true,1,
7290014692749,false,"שמן זית 750מ""ל COSTA D`ORO..",ג.וילי פוד אינטרנשיונל בעמ,,,"י""ח",750,"ל  מ""ל",false,1,29.90,3.99,false,1,
7290014725348,false,סוכרזית קלאסי 100שק.,שטראוס גרופ בעמ,,,"י""ח",100,"י""ח",false,1,13.60,0.14,true,1,
7290014746145,false,שניצל מקצועי שומשום,בלדי בעמ,,,"י""ח",1,,false,1,29.90,29.90,false,1,
7290014749078,false,מקלוני קבנוס 200גר,קבוצת אוסם סחר-שות.מוגבלת,,,"י""ח",200,ל  גרם,false,1,15.90,7.95,false,1,
7290014749245,false,עוף טוב ספיישל רצועות שניצל 600גר,קבוצת אוסם סחר-שות.מוגבלת,,,"י""ח",700,ל  גרם,false,1,32.90,4.70,true,1,
7290014749726,false,שניצל עוף ביתי עדין  עוף טוב 700גר,קבוצת אוסם סחר-שות.מוגבלת,,,"י""ח",700,ל  גרם,false,1,33.90,4.84,true,1,
7290014749764,false,שניצל עוף ביתי עדין ן עוף טוב 700גר,קבוצת אוסם סחר-שות.מוגבלת,,,"י""ח",700,ל  גרם,false,1,33.90,4.84,true,1,
7290014749849,false,שניצל דק ענק קריספי שומשום עוף טוב.,קבוצת אוסם סחר-שות.מוגבלת,,,"י""ח",720,ל  גרם,false,1,29.90,4.15,true,1,
7290014749863,false,שניצל דק ענק קריספי צ`יפס עוף טוב,קבוצת אוסם סחר-שות.מוגבלת,,,"י""ח",720,ל  גרם,false,1,29.90,4.15,true,1,
7290014749887,false,שניצל דק ענק קריספי קלאסי עוף טוב.,קבוצת אוסם סחר-שות.מוגבלת,,,"י""ח",720,ל  גרם,false,1,28.90,4.01,true,1,
7290014758100,false,מאגדת *8יוגורט BIO 3% 150ג,תנובה בעמ ***,,,"י""ח",1.20,ליטר,false,1,16.60,13.83,true,1,
7290014758117,false,מאגדת *8יוגורט BIO 1.5% 150ג,תנובה בעמ ***,,,"י""ח",1.20,ליטר,false,1,16.60,13.83,true,1,
7290014758124,false,יוגורט תנובה ביו,תנובה בעמ ***,,,"י""ח",200,ל  גרם,false,1,1.90,0.95,false,1,
7290014758131,false,יוגורט תנובה ביו,תנובה בעמ ***,,,"י""ח",200,ל  גרם,false,1,1.90,0.95,false,1,
7290014758162,false,חלב עיזים מלא 3.6%,תנובה בעמ ***,,,"י""ח",1,ליטר,false,1,15.10,15.10,false,1,
7290014759084,false,נפוליאון 16% סקיני 225גר,תנובה בעמ ***,,,"י""ח",225,ל  גרם,false,1,14.20,6.31,false,1,
7290014759534,false,בולגרית למריחה טבעי 5% 200ג,תנובה בעמ ***,,,"י""ח",200,ל  גרם,false,1,14.30,7.15,false,1,
7290014760134,false,מעדן סויה טעם וניל,תנובה בעמ ***,,,"י""ח",125,"ל  מ""ל",false,1,4.30,3.44,false,1,
7290014760141,false,משקה שקדים טרי 1ל,תנובה בעמ ***,,,"י""ח",1,ליטר,false,1,12.90,12.90,true,1,
7290014760448,false,גלבוע פרוס 22% 400ג,תנובה בעמ ***,,,"י""ח",400,ל  גרם,false,1,22.90,5.73,false,1,
7290014760912,false,גוש חלב 28% מהדרין 400ג,תנובה בעמ ***,,,"י""ח",400,ל  גרם,false,1,25.90,6.48,false,1,
7290014761018,false,ג לי בטעם וניל 125גר,תנובה בעמ ***,,,"י""ח",125,"ל  מ""ל",false,1,1.50,1.20,false,1,
7290014761056,false,YOLO מעדן שוקולד חלב מעולה,תנובה בעמ ***,,,"י""ח",123,"ל  מ""ל",false,1,4.60,3.74,false,1,
7290014761063,false,YOLO מעדן שוקולד מריר  מעולה,תנובה בעמ ***,,,"י""ח",123,"ל  מ""ל",false,1,4.60,3.74,false,1,
7290014761070,false,YOLO מעדן שוקולד לבן מעולה,תנובה בעמ ***,,,"י""ח",123,"ל  מ""ל",false,1,4.60,3.74,false,1,
7290014761414,false,YOLO מעדן שכבות שוקולד חלב ולבן,תנובה בעמ ***,,,"י""ח",123,"ל  מ""ל",false,1,4.60,3.74,false,1,
7290014761438,false,בולגרית 24% פיראוס סמי מעדניה  400ג,תנובה בעמ ***,,,"י""ח",400,ל  גרם,false,1,28.50,7.13,false,1,
7290014761612,false,YOLO מעדן שוקולד מריר ולבן,תנובה בעמ ***,,,"י""ח",123,"ל  מ""ל",false,1,4.60,3.74,false,1,
7290014761698,false,"עמק סמי מעדנייה 600ג בד""ץ",תנובה בעמ ***,,,"י""ח",600,ל  גרם,false,1,29.90,4.98,false,1,
7290014762800,false,מעדן סויה בטעם שוקולד  בגביע 125ג,תנובה בעמ ***,,,"י""ח",125,"ל  מ""ל",false,1,4.30,3.44,false,1,
7290014762831,false,נפוליאון עם חלפיניו 225 ג`,תנובה בעמ ***,,,"י""ח",225,ל  גרם,false,1,14.20,6.31,false,1,
7290014762909,false,מוצרלה פתיתים 20% שומן 200ג,תנובה בעמ ***,,,"י""ח",200,ל  גרם,false,1,15.90,7.95,false,1,
7290014789913,false,אוראו  מארז שלישייה,דיפלומט מפיצים (1968) בעמ**,,,"י""ח",352,ל  גרם,false,1,22.90,6.51,true,1,
7290014791091,false,שוופס לימונייד 0.5ל,יפאורה שותפות מוגבלת לשיווק,,,"י""ח",500,"ל  מ""ל",false,1,6.50,1.24,true,1,
7290014791336,false,מי מינרלים בודד ליטר,יפאורה שותפות מוגבלת לשיווק,,,"י""ח",500,"ל  מ""ל",false,1,4.20,0.78,false,1,
7290014791626,false,"שוופס סודה נענע ליים 250 מ""ל",יפאורה שותפות מוגבלת לשיווק,,,"י""ח",250,"ל  מ""ל",false,1,3.50,1.28,true,1,
7290014791725,false,שוופס מוגז עדין 0.5 ליטר תפוח,יפאורה שותפות מוגבלת לשיווק,,,"י""ח",500,"ל  מ""ל",false,1,6.50,1.24,true,1,
7290014803565,false,צנימים חיטה מלאה 300ג,נאמן לאורך זמן בעמ,,,"י""ח",300,ל  גרם,false,1,10.90,3.63,false,1,
7290014803794,false,ריבת חלב 830ג צנצנת,נאמן לאורך זמן בעמ,,,"י""ח",830,ל  גרם,false,1,29.90,3.60,false,1,
7290014855434,false,מגבונים בייבי סיטר פרפורמנס רבעייה מבו,שקד תבל בעמ,,,"י""ח",1,,false,1,15.90,15.90,true,1,
7290014855458,false,מגבונים בייבי סיטר פרפורמנס רבעייה ללא,שקד תבל בעמ,,,"י""ח",1,,false,1,15.90,15.90,true,1,
7290014860070,false,"מקלוני אורז ללא גלוטן 5מ""מ 454גר",מזרח ומערב יבוא ושיווק,,,"י""ח",454,ל  גרם,false,1,10.90,2.40,true,1,
7290014860087,false,"מקלוני אורז ללא גלוטן 5מ""מ 250גר",מזרח ומערב יבוא ושיווק,,,"י""ח",250,ל  גרם,false,1,7.90,3.16,false,1,
7290014860247,false,שבבי אורז מרובעים ללא גלוטן 227גר,מזרח ומערב יבוא ושיווק,,,"י""ח",227,ל  גרם,false,1,9.90,4.36,false,1,
7290014901315,false,"סנסודיין הגנה מלאה 75 אקסטרה פרש 75מ""ל",גורי ע.ע.ע. בעמ,,,"י""ח",75,ל  גרם,false,1,25.90,34.53,true,1,
7290014905689,false,הפי לכלים ירוק יעקבי,יעקב יעקבי ובניו בעמ,,,"י""ח",750,"ל  מ""ל",false,1,7.90,1.05,false,1,
7290014905696,false,הפי לכלים  לימון יעקבי,יעקב יעקבי ובניו בעמ,,,"י""ח",750,"ל  מ""ל",false,1,7.90,1.05,false,1,
7290014905733,false,"הפי פרפקט לשמשות 750מ""ל",יעקב יעקבי ובניו בעמ,,,"י""ח",750,"ל  מ""ל",false,1,8.90,1.19,true,1,
7290014935358,false,שעועית ירוקה,ביכורי השדה צפון 1994 ג.ד. בעמ,,,"י""ח",1,,false,1,14.90,14.90,false,1,
7290014940901,false,לחם פשוט מלא.אנגל,שלמה א.אנג ל בעמ,,,"י""ח",750,ל  גרם,false,1,14.90,1.99,false,1,
7290014945005,false,מפת אלבד ארוזה 120*180,מ.א.ייצור ויבוא מטליות בעמ,,,"י""ח",25,מטר,false,1,3.20,0.13,false,1,
7290014945050,false,300 צמרוני עץ SHINY בקופסא,מ.א.ייצור ויבוא מטליות בעמ,,,"י""ח",1,,false,1,5.50,5.50,false,1,
7290014945210,false,300 צמרוני עץ SHINY בשקית,מ.א.ייצור ויבוא מטליות בעמ,,,"י""ח",1,,false,1,5.90,5.90,false,1,
7290014945388,false,10 אטבי סופר מילניום עם גומי,מ.א.ייצור ויבוא מטליות בעמ,,,"י""ח",30,"י""ח",false,1,4.50,0.15,false,1,
7290014945746,false,9 אטבים מודפסים,מ.א.ייצור ויבוא מטליות בעמ,,,"י""ח",30,"י""ח",false,1,6.90,0.23,false,1,
7290015014168,false,בייבי מיקס בוסטן,ביכורי השדה צפון 1994 ג.ד. בעמ,,,"י""ח",300,ל  גרם,false,1,9.90,3.30,false,1,
7290015014182,false,לבבות קיסר,ביכורי השדה צפון 1994 ג.ד. בעמ,,,"י""ח",300,ל  גרם,false,1,9.90,3.30,true,1,
7290015014274,false,צנונית ארוזה שמיטה,ביכורי השדה צפון 1994 ג.ד. בעמ,,,"י""ח",1,,false,1,7.90,7.90,false,1,
7290015014427,false,אורגנו,ביכורי השדה צפון 1994 ג.ד. בעמ,,,"י""ח",1,,false,1,6.90,6.90,false,1,
7290015014458,false,מרווה,ביכורי השדה צפון 1994 ג.ד. בעמ,,,"י""ח",1,,false,1,6.90,6.90,false,1,
7290015014465,false,רוזמרין,ביכורי השדה צפון 1994 ג.ד. בעמ,,,"י""ח",1,,false,1,6.90,6.90,false,1,
7290015014472,false,טימין,ביכורי השדה צפון 1994 ג.ד. בעמ,,,"י""ח",1,,false,1,6.90,6.90,false,1,
7290015027021,false,עוגות שמרים פרימיום 500גר,הלל בן הלל שיווק ומסחר בעמ,,,"י""ח",500,ל  גרם,false,1,21.90,4.38,false,1,
7290015039246,false,טונה וילפוד 4 יחידות בשמן צימחי,ג.וילי פוד אינטרנשיונל בעמ,,,"י""ח",640,ל  גרם,false,1,19.90,3.11,false,1,
7290015039253,false,עלי גפן במי מלח 620גר,ג.וילי פוד אינטרנשיונל בעמ,,,"י""ח",620,ל  גרם,false,1,9.90,1.60,false,1,
7290015039338,false,נתחי טונה במים רביעייה 160ג,ג.וילי פוד אינטרנשיונל בעמ,,,"י""ח",640,ל  גרם,false,1,19.90,3.11,false,1,
7290015039499,false,"עוגיות איטלקיות מובחרות 1ק""ג",ג.וילי פוד אינטרנשיונל בעמ,,,"י""ח",1,"ק""ג",false,1,12.90,12.90,true,1,
7290015129145,false,סקיני פסטה ספרטי 270גר,נטורפוד בעמ,,,"י""ח",270,ל  גרם,false,1,11.90,4.41,false,1,
7290015139250,false,שוקולד כרמית מריר עם פצ.אור ללא סוכר 8,כרמית תעשיות ממתקים בעמ,,,"י""ח",85,ל  גרם,false,1,6.90,8.12,true,1,
7290015139519,false,מיקסים קוביות וופל  55גר,כרמית תעשיות ממתקים בעמ,,,"י""ח",55,ל  גרם,false,1,3.90,7.09,true,1,
7290015139526,false,חופשי וופל בציפוי ומילוי שוקו 125גר לל,כרמית תעשיות ממתקים בעמ,,,"י""ח",125,ל  גרם,false,1,10.90,8.72,false,1,
7290015139533,false,חופשי וופל לימון 200גר ללא גלוטן,כרמית תעשיות ממתקים בעמ,,,"י""ח",200,ל  גרם,false,1,10.90,5.45,false,1,
7290015139540,false,חופשי וופל קוביות 150גר ללא גלוטן,כרמית תעשיות ממתקים בעמ,,,"י""ח",150,ל  גרם,false,1,10.90,7.27,false,1,
7290015139557,false,חופשי וופל שוקו 200גר ללא גלוטן,כרמית תעשיות ממתקים בעמ,,,"י""ח",200,ל  גרם,false,1,10.90,5.45,false,1,
7290015139571,false,חופשי וופל בארים 25גר ללא גלוטן,כרמית תעשיות ממתקים בעמ,,,"י""ח",25,ל  גרם,false,1,10.90,43.60,false,1,
7290015150088,false,מחית עגבניות בלה איטליה 700גר,תה ויסוצקי (ישראל)בעמ,,,"י""ח",700,ל  גרם,false,1,12.50,1.79,true,1,
7290015150118,false,עגבניות חתוכות בלה איטליה   400ג3X,תה ויסוצקי (ישראל)בעמ,,,"י""ח",400,ל  גרם,false,1,16.90,4.23,false,1,
7290015155830,false,פרינוק מחית תפוח ובננה 120ג,גורי מוצרי צריכה בעמ,,,"י""ח",120,ל  גרם,false,1,5.90,4.92,true,1,
7290015155847,false,פרינוק מחית תסלט פירות  120ג,גורי מוצרי צריכה בעמ,,,"י""ח",120,ל  גרם,false,1,5.90,4.92,true,1,
7290015155892,false,חטיפטף בטעם בננה 31גר,גורי מוצרי צריכה בעמ,,,"י""ח",1,,false,1,6.90,6.90,false,1,
7290015156769,false,פרינוק מחית תפוח ואוכמניות 120ג,גורי מוצרי צריכה בעמ,,,"י""ח",120,ל  גרם,false,1,5.90,4.92,true,1,
7290015156776,false,פרינוק מחית פירות טרופיים 120ג,גורי מוצרי צריכה בעמ,,,"י""ח",120,ל  גרם,false,1,5.90,4.92,true,1,
7290015156790,false,פרינוק מחית לפתן פירות 120ג,גורי מוצרי צריכה בעמ,,,"י""ח",120,ל  גרם,false,1,5.90,4.92,true,1,
7290015156813,false,פרינוק מחית פירות מעורבים 120ג,גורי מוצרי צריכה בעמ,,,"י""ח",120,ל  גרם,false,1,5.90,4.92,true,1,
7290015164818,false,מחית קארי צהובה  400גר,מזרח ומערב יבוא ושיווק,,,"י""ח",400,ל  גרם,false,1,19.90,4.98,false,1,
7290015164832,false,מחית קארי ירוקה 400גר,מזרח ומערב יבוא ושיווק,,,"י""ח",400,ל  גרם,false,1,19.90,4.98,false,1,
7290015164856,false,מחית קארי אדומה 400גר,מזרח ומערב יבוא ושיווק,,,"י""ח",400,ל  גרם,false,1,19.90,4.98,false,1,
7290015176781,false,מכונת גילוח,פוגיקום בעמ,,,"י""ח",1,,false,1,99.90,99.90,false,1,
7290015223867,false,"אסותא קרם לאחר גלוח 100מ""ל",עיסא ערטול בעמ-סוכן הנקל סוד,,,"י""ח",1,"י""ח",false,1,12.20,12.20,false,1,
7290015282000,false,איקרא אדומה 200גר SEVEN SEAS,סלטי שמיר2006בעמ,,,"י""ח",200,ל  גרם,false,1,14.90,7.45,false,1,
7290015282024,false,איקרא לבנה 200גר SEVEN SEAS,סלטי שמיר2006בעמ,,,"י""ח",200,ל  גרם,false,1,14.90,7.45,false,1,
7290015282390,false,תורכי  200ג,סלטי שמיר2006בעמ,,,"י""ח",200,ל  גרם,false,1,12.90,6.45,true,1,
7290015282581,false,חומוס אבו גוש עם חריף 200ג,סלטי שמיר2006בעמ,,,"י""ח",200,ל  גרם,false,1,11.90,5.95,true,1,
7290015282598,false,חומוס מסעדות  200ג,סלטי שמיר2006בעמ,,,"י""ח",200,ל  גרם,false,1,11.90,5.95,true,1,
7290015282604,false,טחינה מיוחדת  200ג,סלטי שמיר2006בעמ,,,"י""ח",200,ל  גרם,false,1,11.90,5.95,true,1,
7290015282628,false,חציל בטעם כבד  200ג,סלטי שמיר2006בעמ,,,"י""ח",200,ל  גרם,false,1,12.90,6.45,true,1,
7290015282635,false,חומוס מסבחה  200ג,סלטי שמיר2006בעמ,,,"י""ח",200,ל  גרם,false,1,11.90,5.95,true,1,
7290015282642,false,חומוס אבו גוש  200ג,סלטי שמיר2006בעמ,,,"י""ח",200,ל  גרם,false,1,11.90,5.95,true,1,
7290015282666,false,סלט טונה בריאות 200ג,סלטי שמיר2006בעמ,,,"י""ח",200,ל  גרם,false,1,18.90,9.45,false,1,
7290015282673,false,חציל במיונז ביתי   200ג,סלטי שמיר2006בעמ,,,"י""ח",200,ל  גרם,false,1,11.90,5.95,true,1,
7290015282680,false,קישוא בטעם כבד  200ג,סלטי שמיר2006בעמ,,,"י""ח",200,ל  גרם,false,1,12.90,6.45,true,1,
7290015282697,false,כרוב אדום  200ג,סלטי שמיר2006בעמ,,,"י""ח",200,ל  גרם,false,1,12.90,6.45,true,1,
7290015282710,false,קוביות סלק  200ג,סלטי שמיר2006בעמ,,,"י""ח",200,ל  גרם,false,1,11.90,5.95,true,1,
7290015282741,false,חציל תאילנדי  200ג,סלטי שמיר2006בעמ,,,"י""ח",200,ל  גרם,false,1,12.90,6.45,true,1,
7290015282796,false,תפוח אדמה  200ג,סלטי שמיר2006בעמ,,,"י""ח",200,ל  גרם,false,1,12.90,6.45,true,1,
7290015325752,false,מגבונים אסותא רביעייה לתינוק,עיסא ערטול בעמ-סוכן הנקל סוד,,,"י""ח",4,"י""ח",false,1,17.90,4.48,false,1,
7290015339568,false,פתיתים אורז 500ג,טעמן שווק מזון בעמ,,,"י""ח",500,ל  גרם,false,1,4.90,0.98,false,1,
7290015339650,false,"שוקולד חלבי בד""ץ 100גר`",טעמן שווק מזון בעמ,,,"י""ח",100,ל  גרם,false,1,6.90,6.90,false,1,
7290015347204,false,"חומוס גדול סלקטד 1ק""ג מיה",מיה תעשיות מזון מ.ת.מ בעמ,,,"י""ח",1,"ק""ג",false,1,19.90,19.90,false,1,
7290015347259,false,פירורי לחם מוזהבים 400גר.,מיה תעשיות מזון מ.ת.מ בעמ,,,"י""ח",400,ל  גרם,false,1,7.90,1.98,false,1,
7290015347273,false,נטיפי שוקולד 250ג מיה,מיה תעשיות מזון מ.ת.מ בעמ,,,"י""ח",250,ל  גרם,false,1,8.90,3.56,false,1,
7290015347358,false,סודה לשתיה 50 גר בקרטון,מיה תעשיות מזון מ.ת.מ בעמ,,,"י""ח",150,ל  גרם,false,1,1.90,1.27,false,1,
7290015347464,false,קינואה מעורבת  500 גרם,מיה תעשיות מזון מ.ת.מ בעמ,,,"י""ח",500,ל  גרם,false,1,14.90,2.98,true,1,
7290015347488,false,"סוכר דמררה שקית 1ק""ג כשל""פ",מיה תעשיות מזון מ.ת.מ בעמ,,,"י""ח",1,"ק""ג",false,1,8.90,8.90,false,1,
7290015347525,false,ציפס  בטטה עם שום ורוזמרין  80ג,מיה תעשיות מזון מ.ת.מ בעמ,,,"י""ח",80,ל  גרם,false,1,7.90,9.88,false,1,
7290015347686,false,"צ`ילי 50גר שקית כשל""פ",מיה תעשיות מזון מ.ת.מ בעמ,,,"י""ח",50,ל  גרם,false,1,8.90,17.80,false,1,
7290015347990,false,עדשי שוקולד 1/8 160ג,מיה תעשיות מזון מ.ת.מ בעמ,,,"י""ח",160,ל  גרם,false,1,10.90,6.81,false,1,
7290015348072,false,"למברסקו אמיליאנו אדום  750מ""ל",טמפו משקאות בעמ,,,"י""ח",750,"ל  מ""ל",false,1,29.90,3.95,true,1,
7290015348423,false,תירוש משפחה  1ליטר,טמפו משקאות בעמ,,,"י""ח",7.50,"י""ח",false,1,15.90,2.08,true,1,
7290015366663,false,אקווה פרש מנטה משחה 100,גורי ע.ע.ע. בעמ,,,"י""ח",100,ל  גרם,false,1,5.90,5.90,true,1,
7290015366670,false,אקווה פרש משחת שיניים 100,גורי ע.ע.ע. בעמ,,,"י""ח",100,ל  גרם,false,1,5.90,5.90,true,1,
7290015374279,false,"סיגר במילוי בשר בד""צ 400גר",חטיפי אלקיים בעמ ~~~,,,"י""ח",400,ל  גרם,false,1,11.90,2.98,false,1,
7290015374286,false,"סיגר במילוי תפו""א בד""צ 400גר",חטיפי אלקיים בעמ ~~~,,,"י""ח",400,ל  גרם,false,1,11.90,2.98,false,1,
7290015374293,false,"פסטל במילוי בשר בד""צ 400גר",חטיפי אלקיים בעמ ~~~,,,"י""ח",400,ל  גרם,false,1,11.90,2.98,false,1,
7290015374309,false,"פסטל במילוי תפו""א בד""צ 400גר",חטיפי אלקיים בעמ ~~~,,,"י""ח",400,ל  גרם,false,1,11.90,2.98,false,1,
7290015374330,false,"קובה מרק בד""צ 400גר",חטיפי אלקיים בעמ ~~~,,,"י""ח",400,ל  גרם,false,1,11.90,2.98,false,1,
7290015374354,false,"קרפלך במילוי תפו""א בד""צ 400גר",חטיפי אלקיים בעמ ~~~,,,"י""ח",400,ל  גרם,false,1,11.90,2.98,false,1,
7290015374361,false,"קרפלך במילוי בשר בד""צ 400גר",חטיפי אלקיים בעמ ~~~,,,"י""ח",400,ל  גרם,false,1,11.90,2.98,false,1,
7290015374415,false,"נקניקיות מצופות בד""צ 400גר",חטיפי אלקיים בעמ ~~~,,,"י""ח",400,ל  גרם,false,1,11.90,2.98,false,1,
7290015374422,false,"שניצלונים תפו""א במילוי בשר בד""צ 400גר",חטיפי אלקיים בעמ ~~~,,,"י""ח",400,ל  גרם,false,1,11.90,2.98,false,1,
7290015374439,false,"שניצלונים תפו""א במילוי פטריות בד""צ 400",חטיפי אלקיים בעמ ~~~,,,"י""ח",400,ל  גרם,false,1,11.90,2.98,false,1,
7290015417235,false,קישוא אורגני,ביכורי השדה צפון 1994 ג.ד. בעמ,,,"י""ח",1,,false,1,9.90,9.90,false,1,
7290015596831,false,קרם גוף EFFECTIVE CARE מ. בשמן אבוקדו,פישר תעשיות פרמבצטיות בעמ,,,"י""ח",450,"ל  מ""ל",false,1,24.90,5.53,true,1,
7290015597326,false,מאגדת אסקימו קלי קלות,גלידות שטראוס בעמ,,,"י""ח",1,,false,1,19.90,19.90,false,1,
7290015603188,false,אטריות ביצים 454ג,מזרח ומערב יבוא ושיווק,,,"י""ח",0.4540,"ק""ג",false,1,10.90,24.01,true,1,
7290015603232,false,אטריות עם דלעת  454ג,מזרח ומערב יבוא ושיווק,,,"י""ח",454,ל  גרם,false,1,10.90,2.40,true,1,
7290015603546,false,"שימורי קרם קוקוס 19% 400מ""ל כשל""פ",מזרח ומערב יבוא ושיווק,,,"י""ח",400,ל  גרם,false,1,8.90,2.23,false,1,
7290015603560,false,"שימורי קרם קוקוס 20-22% 400מ""ל",מזרח ומערב יבוא ושיווק,,,"י""ח",400,"ל  מ""ל",false,1,9.90,2.48,false,1,
7290015603591,false,ג`יג`ר ורוד כבוש 160ג,מזרח ומערב יבוא ושיווק,,,"י""ח",160,ל  גרם,false,1,7.90,4.94,false,1,
7290015603638,false,"אורז קלרוז 1ק""ג",מזרח ומערב יבוא ושיווק,,,"י""ח",1,"ק""ג",false,1,11.90,11.90,false,1,
7290015644297,false,לחמניות פשוט מלא 1/6,שלמה א.אנג ל בעמ,,,"י""ח",6,"י""ח",false,1,11.90,1.98,false,1,
7290015652124,false,"רוטב סריראצה חריף מאוד""אהרוני ג""450",דין שיווק וקליה 2021 בעמ,,,"י""ח",450,"ל  מ""ל",false,1,16.90,3.76,false,1,
7290015652254,false,גרעיני חמניה קלויים 400גרם ששון הקולה,דין שיווק וקליה 2021 בעמ,,,"י""ח",400,ל  גרם,false,1,9.90,2.48,false,1,
7290015652292,false,קבוקים עם שומשום 400 גרם,דין שיווק וקליה 2021 בעמ,,,"י""ח",400,ל  גרם,false,1,10,2.50,false,1,
7290015652308,false,מנצ`ס 300גרם,דין שיווק וקליה 2021 בעמ,,,"י""ח",300,ל  גרם,false,1,10,3.33,false,1,
7290015652322,false,בוטנים אמריקאים מצופים 400 גרם,דין שיווק וקליה 2021 בעמ,,,"י""ח",400,ל  גרם,false,1,10,2.50,false,1,
7290015652407,false,פיסטוק קלוי 250גר,דין שיווק וקליה 2021 בעמ,,,"י""ח",250,ל  גרם,false,1,20,8,false,1,
7290015683326,false,קומקום חשמלי לבן.,פוגיקום בעמ,,,"י""ח",1,,false,1,99.90,99.90,true,1,
7290015699730,false,סבון לרצפות דה מרסיי,יעקב יעקבי ובניו בעמ,,,"י""ח",1.50,ליטר,false,1,10.90,7.27,false,1,
7290015733120,false,מטרנה גולד שלב 1 700גר,קבוצת אוסם סחר-שות.מוגבלת,,,"י""ח",700,ל  גרם,false,1,74.90,10.70,true,1,
7290015781008,false,"יין מרלו VISION 750מ""ל",יקבי טפרברג 1870 בעמ,,,"י""ח",750,"ל  מ""ל",false,1,39.90,5.28,true,1,
7290015781091,false,"יין קברנה סביניון VISION 750מ""ל",יקבי טפרברג 1870 בעמ,,,"י""ח",750,"ל  מ""ל",false,1,39.90,5.28,true,1,
7290015801805,false,עמבה 200 גרם,עוזי טעמים של בית,,,"י""ח",200,ל  גרם,false,1,13.90,6.95,false,1,
7290015804400,false,עגבניות מרוסקות,ויטה- פרי גליל (החדשה) בעמ,,,"י""ח",600,ל  גרם,false,1,3.90,0.65,true,1,
7290015804417,false,עגבניות מרוסקות עם שום,ויטה- פרי גליל (החדשה) בעמ,,,"י""ח",600,ל  גרם,false,1,3.90,0.65,true,1,
7290015804424,false,עגבניות מרוסקות טעם בזיליקום,ויטה- פרי גליל (החדשה) בעמ,,,"י""ח",600,ל  גרם,false,1,3.90,0.65,true,1,
7290015804806,false,רוטב עגבניות BX22 260 ג,ויטה- פרי גליל (החדשה) בעמ,,,"י""ח",600,ל  גרם,false,1,3.90,0.65,true,1,
7290015804813,false,רוטב עגבניות BX22 100ג,ויטה- פרי גליל (החדשה) בעמ,,,"י""ח",100,ל  גרם,false,1,2.10,2.10,true,1,
7290015858106,false,פסטו ביתי  על הלחם 180גר*,שטראוס גרופ ***בעמ,,,"י""ח",180,ל  גרם,false,1,15.90,8.83,true,1,
7290015858144,false,ממרח ארטישוק  180גר,שטראוס גרופ ***בעמ,,,"י""ח",180,ל  גרם,false,1,15.90,8.83,true,1,
7290015858175,false,ממרח פלפלים קלויים 180גר,שטראוס גרופ ***בעמ,,,"י""ח",180,ל  גרם,false,1,15.90,8.83,true,1,
7290015858328,false,איולי פסטו עללחם 295גר*,שטראוס גרופ ***בעמ,,,"י""ח",295,ל  גרם,false,1,14.90,5.05,true,1,
7290015858427,false,מארז ממרח  240ג עללחם*,שטראוס גרופ ***בעמ,,,"י""ח",240,ל  גרם,false,1,24.90,10.38,true,1,
7290015858434,false,שום כתוש 250גר עללחם.,שטראוס גרופ ***בעמ,,,"י""ח",250,ל  גרם,false,1,13.90,5.56,true,1,
7290015858441,false,איולי פלפלים עללחם 295גר*,שטראוס גרופ ***בעמ,,,"י""ח",295,ל  גרם,false,1,14.90,5.05,true,1,
7290015858687,false,איולי שום עללחם 295גר*,שטראוס גרופ ***בעמ,,,"י""ח",295,ל  גרם,false,1,14.90,5.05,true,1,
7290015872553,false,חומוס של שמיר  מסעדה 700ג,סלטי שמיר2006בעמ,,,"י""ח",0.70,"ק""ג",false,1,13.90,19.86,true,1,
7290015888103,false,"גריסי פנינה  1ק""ג",בני ג ורג שוקחה (חיפה) בעמ,,,"י""ח",1,"ק""ג",false,1,7.90,7.90,false,1,
7290015889148,false,"וודקה איזקוביץ 700מ""ל",אחים אוחיון משקאות בעמ,,,"י""ח",700,"ל  מ""ל",false,1,42.90,6.09,false,1,
7290015889605,false,"פסטיס 700מ""ל",אחים אוחיון משקאות בעמ,,,"י""ח",700,"ל  מ""ל",false,1,49.90,7.09,true,1,
7290015951890,false,"יין הר חרמון קברנה סוביניון 750 מ""ל.",היכל היין שקד גולן בעמ,,,"י""ח",750,"ל  מ""ל",false,1,35.90,4.75,true,1,
7290015968102,false,קיסמי שיניים רפואיים עם חוט דנטאלי 100,אינטרסן (1996) בעמ,,,"י""ח",200,"י""ח",false,1,14.90,0.07,true,1,
7290015968133,false,אטבי פרמיום כחול/לבן 48 יח במארז,אינטרסן (1996) בעמ,,,"י""ח",48,"י""ח",false,1,13.90,0.29,true,1,
7290015968393,false,נשכן בננה מברשת שיניים,אינטרסן (1996) בעמ,,,"י""ח",1,,false,1,33.90,33.90,false,1,
7290015968782,false,פדים להסרת איפור 1/3,אינטרסן (1996) בעמ,,,"י""ח",3,"י""ח",false,1,16.90,5.63,true,1,
7290015996983,false,סוכרלוז 100 שק`0 קלוריות,שטראוס גרופ בעמ,,,"י""ח",100,ל  גרם,false,1,27.90,27.90,true,1,
7290016006025,false,שוופס לסודה 0.5ל,יפאורה שותפות מוגבלת לשיווק,,,"י""ח",500,"ל  מ""ל",false,1,2.60,0.46,false,1,
7290016006148,false,שוופס ענבים 0.5ל,יפאורה שותפות מוגבלת לשיווק,,,"י""ח",500,"ל  מ""ל",false,1,6.50,1.24,true,1,
7290016006292,false,ספרינג נקטר מנגו בננה מלון 1ל,יפאורה שותפות מוגבלת לשיווק,,,"י""ח",1,ליטר,false,1,6.90,6.90,true,1,
7290016006339,false,מי עדן 1ל רביעייה,יפאורה שותפות מוגבלת לשיווק,,,"י""ח",9,ליטר,false,1,10.90,1.08,false,1,
7290016006346,false,סודה שוופס 0.5ל שישייה,יפאורה שותפות מוגבלת לשיווק,,,"י""ח",300,"ל  מ""ל",false,1,14.90,4.37,true,1,
7290016035025,false,לחם פשתן 450ג,נאמן לאורך זמן בעמ,,,"י""ח",450,ל  גרם,false,1,25.90,5.76,false,1,
7290016077759,false,רוטב ברביקיו קלאסי 480גר,דיפלומט מפיצים (1968) בעמ**,,,"י""ח",480,ל  גרם,false,1,16.90,3.52,false,1,
7290016087499,false,עגבניות חתוכות דק 400ג שלישיה,ח.כהן סוכנות מזון ומשקאות בע,,,"י""ח",400,ל  גרם,false,1,12.90,3.23,false,1,
7290016094695,false,"אלכוג`ל פישר על היגיינת הידיים 500מ""",פישר תעשיות פרמבצטיות בעמ,,,"י""ח",500,"ל  מ""ל",false,1,24.90,4.98,true,1,
7290016096491,false,טונה  בשמן צמחי 80גרם*מארז שלישיה,תעשיות פילטונה בעמ,,,"י""ח",240,ל  גרם,false,1,11.90,4.96,true,1,
7290016096507,false,טונה  בשמן קנולה  80גרם*מארז שלישיה,תעשיות פילטונה בעמ,,,"י""ח",240,ל  גרם,false,1,11.90,4.96,true,1,
7290016096811,false,111,תעשיות פילטונה בעמ,,,"י""ח",160,ל  גרם,false,1,19.90,12.44,false,1,
7290016096934,false,זוגות סלט טונה 160גר פילטונה,תעשיות פילטונה בעמ,,,"י""ח",320,ל  גרם,false,1,11.90,3.72,true,1,
7290016106411,false,פרוסות מנגו 425 גרם בסירופ,טעמן שווק מזון בעמ,,,"י""ח",900,ל  גרם,false,1,6.90,0.77,false,1,
7290016114300,false,לילי גליל כפול 16 גלילים,קימברלי קלארק ישראל שיווק בעמ,,,"י""ח",1953,ל  גרם,false,1,41.90,2.15,true,1,
7290016144000,false,"קמח חיטה  מלא נפלאות   80% 1ק""ג",תה ויסוצקי (ישראל)בעמ,,,"י""ח",1,"ק""ג",false,1,9.90,9.90,false,1,
7290016144017,false,"קמח מלא נפלאות 100% 1ק""ג",תה ויסוצקי (ישראל)בעמ,,,"י""ח",1,"ק""ג",false,1,9.90,9.90,false,1,
7290016144055,false,"קמח כוסמין 80%   1ק""ג",תה ויסוצקי (ישראל)בעמ,,,"י""ח",1,"ק""ג",false,1,15.90,15.90,false,1,
7290016144062,false,"קמח שיפון מלא   1ק""ג",תה ויסוצקי (ישראל)בעמ,,,"י""ח",1,"ק""ג",false,1,11.90,11.90,false,1,
7290016144086,false,"קמח חלה 1ק""ג",תה ויסוצקי (ישראל)בעמ,,,"י""ח",1,"ק""ג",false,1,9.90,9.90,false,1,
7290016144109,false,"קמח פיצה 1ק""ג",תה ויסוצקי (ישראל)בעמ,,,"י""ח",1,"ק""ג",false,1,17.90,17.90,false,1,
7290016150117,false,סלק בואקום לירון 500גר,ביכורי השדה צפון 1994 ג.ד. בעמ,,,"י""ח",500,ל  גרם,false,1,8.90,1.78,true,1,
7290016162264,false,עוגת גבינה אפויה  רנסנס 450גר,קפולסקי אדל בעמ,,,"י""ח",450,ל  גרם,false,1,44.90,9.98,false,1,
7290016188608,false,"יין למברוסקו לבן חצי יבש 750מ""ל",אגודת הכורמים,,,"י""ח",750,"ל  מ""ל",false,1,24.90,3.28,true,1,
7290016197488,false,מטלית קסם לשיש שלשות.,קימברלי קלארק ישראל שיווק בעמ,,,"י""ח",3,"י""ח",false,1,11.90,3.97,false,1,
7290016197495,false,מטלית קסם לרצפה זוג ניקול.,קימברלי קלארק ישראל שיווק בעמ,,,"י""ח",2,"י""ח",false,1,21.90,10.95,false,1,
7290016197617,false,דיפנד תחבושות אקסטרה,קימברלי קלארק ישראל שיווק בעמ,,,"י""ח",1,,false,1,19.90,19.90,true,1,
7290016197624,false,דיפנד  תחבושות  סופר,קימברלי קלארק ישראל שיווק בעמ,,,"י""ח",1,,false,1,19.90,19.90,true,1,
7290016197839,false,שקיות החזקה XL ניקול,קימברלי קלארק ישראל שיווק בעמ,,,"י""ח",1,"י""ח",false,1,23.90,23.90,false,1,
7290016197853,false,ניקול אשפתון פחים בינונים 50יח,קימברלי קלארק ישראל שיווק בעמ,,,"י""ח",50,"י""ח",false,1,15.90,0.32,false,1,
7290016217742,false,חיצל בטחינה  200ג,סלטי שמיר2006בעמ,,,"י""ח",200,ל  גרם,false,1,11.90,5.95,true,1,
7290016217759,false,חיצל מרוקאי  200ג,סלטי שמיר2006בעמ,,,"י""ח",200,ל  גרם,false,1,12.90,6.45,true,1,
7290016245929,false,לחם טחינה עשיר חלבון 450ג,נאמן לאורך זמן בעמ,,,"י""ח",450,ל  גרם,false,1,26.90,5.98,false,1,
7290016246018,false,חטיף מיקס פינוקיות חלבה בארכה 20ג*9,קבוצת אוסם סחר-שות.מוגבלת,,,"י""ח",180,ל  גרם,false,1,11.90,6.61,false,1,
7290016246025,false,חטיף מיקס  חלבה ללא סוכר בארכה 20ג*9,קבוצת אוסם סחר-שות.מוגבלת,,,"י""ח",180,ל  גרם,false,1,11.90,6.61,false,1,
7290016246209,false,חטיף חלבה וניל 100ג כשלפ,קבוצת אוסם סחר-שות.מוגבלת,,,"י""ח",100,ל  גרם,false,1,3.80,3.80,false,1,
7290016246308,false,מאגדת חטיפי חלבה וניל קוקוס  126גר,קבוצת אוסם סחר-שות.מוגבלת,,,"י""ח",126,ל  גרם,false,1,11.90,9.44,false,1,
7290016270709,false,עגבניות שרי קלמרים.,ביכורי השדה צפון 1994 ג.ד. בעמ,,,"י""ח",1,,false,1,9.90,9.90,false,1,
7290016276169,false,טחינה  שומשום טבעי 500ג אהרוני,****דין שיווק וקליה 2021 בעמ,,,"י""ח",500,ל  גרם,false,1,13,2.60,false,1,
7290016276756,false,מעדן 4 פירות 100% רכיבים פרי 284גר ללא,דין שיווק וקליה 2021 בעמ,,,"י""ח",284,ל  גרם,false,1,13.90,4.89,true,1,
7290016276763,false,מעדן שזיף 100% רכיבים פרי 284גר ללא,דין שיווק וקליה 2021 בעמ,,,"י""ח",284,ל  גרם,false,1,9.90,3.49,true,1,
7290016276794,false,מעדן תפוז 100% רכיבים פרי 284גר ללא,דין שיווק וקליה 2021 בעמ,,,"י""ח",284,ל  גרם,false,1,13.90,4.89,true,1,
7290016276831,false,תבשיל איטריות בטעם בקר 70גר.,דין שיווק וקליה 2021 בעמ,,,"י""ח",70,ל  גרם,false,1,4.90,7,false,1,
7290016276848,false,תבשיל איטריות בטעם עוף 70גר.,דין שיווק וקליה 2021 בעמ,,,"י""ח",70,ל  גרם,false,1,4.90,7,false,1,
7290016276855,false,תבשיל איטריות בטעם ירקות 70גר.,דין שיווק וקליה 2021 בעמ,,,"י""ח",70,ל  גרם,false,1,4.90,7,false,1,
7290016277470,false,שיבולת שועל דקה 350ג,דין שיווק וקליה 2021 בעמ,,,"י""ח",350,ל  גרם,false,1,3.90,1.11,true,1,
7290016277487,false,שיבולת שועל עבה 350ג,דין שיווק וקליה 2021 בעמ,,,"י""ח",350,ל  גרם,false,1,3.90,1.11,true,1,
7290016277647,false,בננה מסוכרת 250ג ששון,דין שיווק וקליה 2021 בעמ,,,"י""ח",250,ל  גרם,false,1,12.90,5.16,false,1,
7290016319118,false,מגע הדבש שעווה מתקפלת לפנים 100,דנשר (1963) בעמ,,,"י""ח",1,"י""ח",false,1,29.90,29.90,false,1,
7290016319194,false,עוגיות סנדויץ שוקו וניל זוג 300 ג טוסו,דנשר (1963) בעמ,,,"י""ח",300,ל  גרם,false,1,17.90,5.97,false,1,
7290016321661,false,פרש ואנס רביעייה SENSITIVA CARE,דנשר (1963) בעמ,,,"י""ח",4,"י""ח",false,1,19.90,4.98,true,1,
7290016321678,false,פרש ואנס רביעייה NATURAL CARE,דנשר (1963) בעמ,,,"י""ח",4,"י""ח",false,1,19.90,4.98,true,1,
7290016321883,false,נ.טואלט לח לילדים שלישייה פרשוואנס,דנשר (1963) בעמ,,,"י""ח",1,,false,1,13.90,13.90,false,1,
7290016329674,false,"קרם פנים לתינוק קמיל בלו 75מ""ל",פישר תעשיות פרמבצטיות בעמ,,,"י""ח",400,"ל  מ""ל",false,1,24.90,6.23,true,1,
7290016334050,false,סלרי חתוך.,ביכורי השדה צפון 1994 ג.ד. בעמ,,,"י""ח",1,,false,1,6.90,6.90,true,1,
7290016334166,false,לוף,ביכורי השדה צפון 1994 ג.ד. בעמ,,,"י""ח",1,,false,1,9.90,9.90,false,1,
7290016334173,false,פלפל טינקרבל שמיטה,ביכורי השדה צפון 1994 ג.ד. בעמ,,,"י""ח",1,,false,1,8.90,8.90,true,1,
7290016334180,false,מלפפון בייבי שמיטה,ביכורי השדה צפון 1994 ג.ד. בעמ,,,"י""ח",1,,false,1,9.90,9.90,true,1,
7290016334296,false,ברוקולי ארוז יחידה שמיטה,ביכורי השדה צפון 1994 ג.ד. בעמ,,,"י""ח",1,,false,1,11.90,11.90,false,1,
7290016334388,false,פלפל צ`ילי שמיטה,ביכורי השדה צפון 1994 ג.ד. בעמ,,,"י""ח",1,,false,1,7.90,7.90,false,1,
7290016334395,false,שיבא,ביכורי השדה צפון 1994 ג.ד. בעמ,,,"י""ח",1,,false,1,6.90,6.90,false,1,
7290016334432,false,שורש פטרוזילה,ביכורי השדה צפון 1994 ג.ד. בעמ,,,"י""ח",1,,false,1,6.90,6.90,false,1,
7290016334456,false,בזיליקום,ביכורי השדה צפון 1994 ג.ד. בעמ,,,"י""ח",1,,false,1,5.90,5.90,false,1,
7290016334463,false,סלרי ראש,ביכורי השדה צפון 1994 ג.ד. בעמ,,,"י""ח",1,,false,1,6.90,6.90,false,1,
7290016334494,false,חסה ערבית,ביכורי השדה צפון 1994 ג.ד. בעמ,,,"י""ח",1,,false,1,3.90,3.90,false,1,
7290016334500,false,חסה לבבות מארז זוג,ביכורי השדה צפון 1994 ג.ד. בעמ,,,"י""ח",300,ל  גרם,false,1,8.90,2.97,false,1,
7290016334562,false,פלפל חריף,ביכורי השדה צפון 1994 ג.ד. בעמ,,,"י""ח",1,,false,1,12.90,12.90,false,1,
7290016334579,false,פטרוזיליה ארוז,ביכורי השדה צפון 1994 ג.ד. בעמ,,,"י""ח",1,,false,1,3.90,3.90,true,1,
7290016334586,false,כוסברה ארוז,ביכורי השדה צפון 1994 ג.ד. בעמ,,,"י""ח",1,,false,1,4.90,4.90,true,1,
7290016334593,false,שמיר ארוז,ביכורי השדה צפון 1994 ג.ד. בעמ,,,"י""ח",1,,false,1,4.90,4.90,true,1,
7290016334609,false,נענע,ביכורי השדה צפון 1994 ג.ד. בעמ,,,"י""ח",1,,false,1,4.90,4.90,true,1,
7290016334616,false,בצל ירוק,ביכורי השדה צפון 1994 ג.ד. בעמ,,,"י""ח",1,,false,1,4.90,4.90,false,1,
7290016334623,false,סלרי עלים,ביכורי השדה צפון 1994 ג.ד. בעמ,,,"י""ח",1,"י""ח",false,1,5.90,5.90,false,1,
7290016334647,false,סלק עלים,ביכורי השדה צפון 1994 ג.ד. בעמ,,,"י""ח",1,,false,1,6.90,6.90,false,1,
7290016334654,false,תרד ניוזילנדי 200גר.,ביכורי השדה צפון 1994 ג.ד. בעמ,,,"י""ח",200,ל  גרם,false,1,14.90,7.45,false,1,
7290016334784,false,גינגר ארוז 200ג שמיטה,ביכורי השדה צפון 1994 ג.ד. בעמ,,,"י""ח",1,,false,1,11.90,11.90,false,1,
7290016334883,false,שרי תמר בוסתן שמיטה,ביכורי השדה צפון 1994 ג.ד. בעמ,,,"י""ח",1,,false,1,11.90,11.90,false,1,
7290016334890,false,שרי ליקופן שמיטה,ביכורי השדה צפון 1994 ג.ד. בעמ,,,"י""ח",1,,false,1,11.90,11.90,false,1,
7290016334975,false,אספרגוס.,ביכורי השדה צפון 1994 ג.ד. בעמ,,,"י""ח",1,,false,1,29.90,29.90,false,1,
7290016370089,false,מלפפון פיקנטי 13-17 A2,קבוצת יבנה מוצרי מזון בעמ,,,"י""ח",100,ל  גרם,false,1,10.90,10.90,false,1,
7290016370225,false,תחתיות ארטישוק 220ג,קבוצת יבנה מוצרי מזון בעמ,,,"י""ח",220,ל  גרם,false,1,7.90,3.59,false,1,
7290016370270,false,זית קלמטה ללא גלעין A2,קבוצת יבנה מוצרי מזון בעמ,,,"י""ח",560,ל  גרם,false,1,11.90,2.13,false,1,
7290016370300,false,זית קלמטה שלם 560ג צנצנת,קבוצת יבנה מוצרי מזון בעמ,,,"י""ח",560,ל  גרם,false,1,14.90,2.66,false,1,
7290016370959,false,חציל קלוי על האש 580 גרם,קבוצת יבנה מוצרי מזון בעמ,,,"י""ח",58,ל  גרם,false,1,9.90,17.07,false,1,
7290016370973,false,פלפל קלויה גמביה בצנצנת 580 גרם,קבוצת יבנה מוצרי מזון בעמ,,,"י""ח",58,ל  גרם,false,1,9.90,17.07,false,1,
7290016372373,false,רוטב עגבניות 140גר*2יח,תה ויסוצקי (ישראל)בעמ,,,"י""ח",280,ל  גרם,false,1,7.90,2.82,false,1,
7290016372458,false,תה לימונית ולואיזה 50 הגן הקסום,תה ויסוצקי (ישראל)בעמ,,,"י""ח",75,ל  גרם,false,1,33.70,44.93,false,1,
7290016373035,false,ליצ`י שלם מקולף 567 גרם בסירופ,טעמן שווק מזון בעמ,,,"י""ח",900,ל  גרם,false,1,10.90,1.21,false,1,
7290016387339,false,מטליות מיקרופייבר ג`מבו לרצפה 2יח,מ.א.ייצור ויבוא מטליות בעמ,,,"י""ח",2,"י""ח",false,1,14.90,7.45,false,1,
7290016387674,false,כרית הברקה וקרצוף בלאק מגיק,מ.א.ייצור ויבוא מטליות בעמ,,,"י""ח",1,,false,1,9.90,9.90,false,1,
7290016387698,false,כריות יפניות פנינה עדינות,מ.א.ייצור ויבוא מטליות בעמ,,,"י""ח",1,,false,1,7.90,7.90,false,1,
7290016400168,false,שקיות צליה 10יח שווה,ח.כהן סוכנות מזון ומשקאות בע,,,"י""ח",10,"י""ח",false,1,4.90,0.49,true,1,
7290016400175,false,שקיות צליה ענק 5יח שווה,ח.כהן סוכנות מזון ומשקאות בע,,,"י""ח",10,"י""ח",false,1,4.90,0.49,true,1,
7290016400243,false,מפיות נייר תלת שכבתי מעוטרות 20יח שווה,ח.כהן סוכנות מזון ומשקאות בע,,,"י""ח",10,"י""ח",false,1,6.90,0.69,true,1,
7290016400274,false,שיפודים קצרים 70יח שווה,ח.כהן סוכנות מזון ומשקאות בע,,,"י""ח",70,"י""ח",false,1,2.90,0.04,false,1,
7290016400298,false,שיפודים עבים 50יח שווה,ח.כהן סוכנות מזון ומשקאות בע,,,"י""ח",70,"י""ח",false,1,3.90,0.06,false,1,
7290016400380,false,גפרורים ארוך שווה,ח.כהן סוכנות מזון ומשקאות בע,,,"י""ח",10,"י""ח",false,1,6.90,0.69,true,1,
7290016400403,false,שקיות שחור 75/90 גליל 50יח  שווה,ח.כהן סוכנות מזון ומשקאות בע,,,"י""ח",50,"י""ח",false,1,14.90,0.30,false,1,
7290016400427,false,אשפתון גופיה 55/70 סגול 50יח שווה HD,ח.כהן סוכנות מזון ומשקאות בע,,,"י""ח",50,"י""ח",false,1,20.90,0.42,false,1,
7290016400434,false,אשפתון גופיה 75/90 חזק אפור 25יח שווה,ח.כהן סוכנות מזון ומשקאות בע,,,"י""ח",25,"י""ח",false,1,17.90,0.72,true,1,
7290016400502,false,גפרורים 10 חדש שווה,ח.כהן סוכנות מזון ומשקאות בע,,,"י""ח",10,"י""ח",false,1,4,0.40,false,1,
7290016400526,false,נרות קישוט 4יח שווה,ח.כהן סוכנות מזון ומשקאות בע,,,"י""ח",1,"י""ח",false,1,7.90,7.90,false,1,
7290016400793,false,מפיות נייר 100יח שווה,ח.כהן סוכנות מזון ומשקאות בע,,,"י""ח",100,"י""ח",false,1,5.90,0.06,true,1,
7290016400809,false,מפיות נייר כהה 100יח שווה,ח.כהן סוכנות מזון ומשקאות בע,,,"י""ח",100,"י""ח",false,1,5.90,0.06,true,1,
7290016400977,false,מפת פלאנל עם ראנר אטומה לנוזלים שווה,ח.כהן סוכנות מזון ומשקאות בע,,,"י""ח",1,,false,1,8.90,8.90,false,1,
7290016401103,false,טורטיה ענקית 30 ס``מ 6 יח` שווה,ח.כהן סוכנות מזון ומשקאות בע,,,"י""ח",540,ל  גרם,false,1,11.90,2.20,true,1,
7290016401127,false,זוג פטריות  שלמות  290ג  שווה,ח.כהן סוכנות מזון ומשקאות בע,,,"י""ח",590,ל  גרם,false,1,11.90,2.02,false,1,
7290016401141,false,טורטיה תירס 1/8 320ג שווה,ח.כהן סוכנות מזון ומשקאות בע,,,"י""ח",320,ל  גרם,false,1,10.90,3.41,true,1,
7290016401158,false,נודלס דקות 200ג שווה,ח.כהן סוכנות מזון ומשקאות בע,,,"י""ח",200,ל  גרם,false,1,5.90,2.95,false,1,
7290016401165,false,נודלס רחבות 200ג שווה,ח.כהן סוכנות מזון ומשקאות בע,,,"י""ח",200,ל  גרם,false,1,5.90,2.95,false,1,
7290016401257,false,"קרם קוקוס 400מ""ל 21-22% שווה",ח.כהן סוכנות מזון ומשקאות בע,,,"י""ח",400,"ל  מ""ל",false,1,9.90,2.48,false,1,
7290016401271,false,עלי גפן ממולא 280גר  שווה,ח.כהן סוכנות מזון ומשקאות בע,,,"י""ח",280,ל  גרם,false,1,7.50,2.68,false,1,
7290016401295,false,"רוטב צילי מתוק 700מ""ל שווה",ח.כהן סוכנות מזון ומשקאות בע,,,"י""ח",700,"ל  מ""ל",false,1,11.90,1.70,false,1,
7290016401400,false,פטריות  שלמות  400ג  שווה,ח.כהן סוכנות מזון ומשקאות בע,,,"י""ח",400,ל  גרם,false,1,8.90,2.23,false,1,
7290016401493,false,רוטב לימון משומר 1ליטר שווה,ח.כהן סוכנות מזון ומשקאות בע,,,"י""ח",1,ליטר,false,1,6.90,6.90,false,1,
7290016401509,false,חומץ 1ליטר 5% שווה,ח.כהן סוכנות מזון ומשקאות בע,,,"י""ח",1,ליטר,false,1,5.90,5.90,false,1,
7290016401547,false,דפי סנדוויץ 100יח,ח.כהן סוכנות מזון ומשקאות בע,,,"י""ח",100,"י""ח",false,1,8.90,0.09,false,1,
7290016401578,false,זוג רדיד אלומיניום ארוך  שווה,ח.כהן סוכנות מזון ומשקאות בע,,,"י""ח",1,"י""ח",false,1,14.90,14.90,false,1,
7290016401592,false,זוג ניילון נצמד ביתי  שווה,ח.כהן סוכנות מזון ומשקאות בע,,,"י""ח",1,"י""ח",false,1,11.90,11.90,true,1,
7290016401714,false,קש שחור עבה 125יח שווה,ח.כהן סוכנות מזון ומשקאות בע,,,"י""ח",125,"י""ח",false,1,7.90,0.06,false,1,
7290016401820,false,תבניות רוסטר עבות במיוחד 4* שווה,ח.כהן סוכנות מזון ומשקאות בע,,,"י""ח",4,"י""ח",false,1,9.90,2.48,true,1,
7290016401844,false,תבניות רוסטר גדול עבות במיוחד 2* שוו,ח.כהן סוכנות מזון ומשקאות בע,,,"י""ח",2,"י""ח",false,1,9.90,4.95,true,1,
7290016401851,false,תבניות אובן עבות במיוחד 4* שווה,ח.כהן סוכנות מזון ומשקאות בע,,,"י""ח",4,"י""ח",false,1,9.90,2.48,true,1,
7290016401899,false,מטליות מיקרופייבר 1/10 ניקוי כללי,ח.כהן סוכנות מזון ומשקאות בע,,,"י""ח",10,"י""ח",false,1,18.90,1.89,false,1,
7290016401905,false,שקיות לפח קטן 40/45 שווה,ח.כהן סוכנות מזון ומשקאות בע,,,"י""ח",10,"י""ח",false,1,9.90,0.99,false,1,
7290016401929,false,שקיות אוכל עם ידיות 200יח שווה,ח.כהן סוכנות מזון ומשקאות בע,,,"י""ח",200,"י""ח",false,1,7.90,0.04,false,1,
7290016408119,false,טרליני כעכים בטעם קלאסי 225ג,כרמית תעשיות ממתקים בעמ,,,"י""ח",225,ל  גרם,false,1,6.90,3.07,false,1,
7290016408133,false,טרליני כעכים בטעם בצל וזיתים 225ג,כרמית תעשיות ממתקים בעמ,,,"י""ח",225,ל  גרם,false,1,6.90,3.07,false,1,
7290016408140,false,טרליני כעכים בטעם רוטב פיצה 225ג,כרמית תעשיות ממתקים בעמ,,,"י""ח",225,ל  גרם,false,1,6.90,3.07,false,1,
7290016408294,false,"מרשמלו  כרמית  150גר בד""ץ",כרמית תעשיות ממתקים בעמ,,,"י""ח",1,,false,1,5.50,5.50,true,1,
7290016408393,false,חטיף קרקר עם שומשום 130גר,כרמית תעשיות ממתקים בעמ,,,"י""ח",130,ל  גרם,false,1,6.90,5.31,true,1,
7290016408416,false,חטיף קרקר עם צ`ילי פיקנטי 130גר,כרמית תעשיות ממתקים בעמ,,,"י""ח",130,ל  גרם,false,1,6.90,5.31,true,1,
7290016408423,false,חטיף קרקר עם זיתים שחורים ושום 130גר,כרמית תעשיות ממתקים בעמ,,,"י""ח",130,ל  גרם,false,1,6.90,5.31,true,1,
7290016408447,false,חטיף קרקר עם עגבניות ובזיליקום 130גר,כרמית תעשיות ממתקים בעמ,,,"י""ח",130,ל  גרם,false,1,6.90,5.31,true,1,
7290016408744,false,מרשמלו טוויסטר 150ג בדצ,כרמית תעשיות ממתקים בעמ,,,"י""ח",150,ל  גרם,false,1,5.50,3.67,true,1,
7290016408980,false,מטבעות שוקולד חלב 36 גרם,כרמית תעשיות ממתקים בעמ,,,"י""ח",36,ל  גרם,false,1,3.90,10.83,true,1,
7290016411591,false,נענע  גלאט שמיטה,ביכורי השדה צפון 1994 ג.ד. בעמ,,,"י""ח",1,,false,1,5.90,5.90,true,1,
7290016416992,false,עוגת דובוש בסקוויטים 400ג,קפולסקי אדל בעמ,,,"י""ח",400,ל  גרם,false,1,44.90,11.23,false,1,
7290016437423,false,תחתונים סופגים L,קימברלי קלארק ישראל שיווק בעמ,,,"י""ח",1,,false,1,74.90,74.90,false,1,
7290016437591,false,תחתונים סופגים לנשים לאחר לידה M,קימברלי קלארק ישראל שיווק בעמ,,,"י""ח",100,ל  גרם,false,1,35.90,35.90,false,1,
7290016437607,false,תחתונים סופגים לנשים לאחר לידה L,קימברלי קלארק ישראל שיווק בעמ,,,"י""ח",100,ל  גרם,false,1,35.90,35.90,false,1,
7290016437737,false,קוטקס תחבושת נייט זוג,קימברלי קלארק ישראל שיווק בעמ,,,"י""ח",32,"י""ח",false,1,35.90,1.12,false,1,
7290016440652,false,תערובת פרוסות ירקות חמוצים  500גר,קפוא זן תעשיות מזון בעמ,,,"י""ח",500,ל  גרם,false,1,21.90,4.38,false,1,
7290016440928,false,ירקות כבושים חמוץ מתוק  500גר,קפוא זן תעשיות מזון בעמ,,,"י""ח",500,ל  גרם,false,1,21.90,4.38,false,1,
7290016496147,false,פתיל צף מתומן,צבע ומכחול (2014) בעמ,,,"י""ח",1,,false,1,4.50,4.50,false,1,
7290016496208,false,פתיל צף מוכן,צבע ומכחול (2014) בעמ,,,"י""ח",1,ליטר,false,1,6.90,6.90,false,1,
7290016509304,false,סוד סבון אסלה 4 כדוריות לבנדר,גורי שיווק בעמ,,,"י""ח",4,"י""ח",false,1,7.90,1.98,false,1,
7290016509342,false,סוד סבון לאסלה כחול 1/3,גורי שיווק בעמ,,,"י""ח",3,"י""ח",false,1,14.90,4.97,false,1,
7290016509786,false,פרסיל ג ל ירוק  2.5ליטר,גורי שיווק בעמ,,,"י""ח",2.50,ליטר,false,1,34.90,13.96,false,1,
7290016509809,false,פרסיל ג ל קולור 2.5ליטר,גורי שיווק בעמ,,,"י""ח",2.50,ליטר,false,1,34.90,13.96,false,1,
7290016510324,false,"הוואי תחליב רחצה 700 מ""ל לגבר",הנקל סוד בעמ,,,"י""ח",750,"ל  מ""ל",false,1,10.90,1.45,false,1,
7290016517408,false,"קמח חיטה 80% 1ק""ג",אחים אגא (א.מ.) שיווק,,,"י""ח",1,"ק""ג",false,1,6.90,6.90,false,1,
7290016517415,false,"קמח חיטה 100% 1ק""ג",אחים אגא (א.מ.) שיווק,,,"י""ח",1,"ק""ג",false,1,6.90,6.90,false,1,
7290016517422,false,"קמח כוסמין 80% 1ק""ג",אחים אגא (א.מ.) שיווק,,,"י""ח",1,"ק""ג",false,1,11.90,11.90,false,1,
7290016517439,false,"קמח כוסמין 100% 1ק""ג",אחים אגא (א.מ.) שיווק,,,"י""ח",1,"ק""ג",false,1,11.90,11.90,false,1,
7290016517453,false,"קמח לבן מנופה שדות 1ק""ג",אחים אגא (א.מ.) שיווק,,,"י""ח",1,"ק""ג",false,1,6.90,6.90,true,1,
7290016517538,false,תירס גמדי 410ג שדות,אחים אגא (א.מ.) שיווק,,,"י""ח",410,ל  גרם,false,1,7.20,1.76,false,1,
7290016523447,false,אטריות ביצים 300 גרם,מזרח ומערב יבוא ושיווק,,,"י""ח",300,ל  גרם,false,1,7.90,2.63,false,1,
7290016607772,false,דלתון רוזה גליל D.,הכרם משקאות חריפים בעמ,,,"י""ח",750,"ל  מ""ל",false,1,49.90,6.61,false,1,
7290016621013,false,קרם גוף קמיל בלו,פישר תעשיות פרמבצטיות בעמ,,,"י""ח",450,"ל  מ""ל",false,1,29.90,6.64,true,1,
7290016621341,false,אל סבון נוזלי לידיים קמיל 1ליטר,פישר תעשיות פרמבצטיות בעמ,,,"י""ח",1,ליטר,false,1,15.90,15.90,true,1,
7290016621358,false,אל סבון נוזלי לידיים קמיל 1ליטר,פישר תעשיות פרמבצטיות בעמ,,,"י""ח",1,ליטר,false,1,15.90,15.90,true,1,
7290016667097,false,חטיף טורטיה מלוח 250גר,נאמן לאורך זמן בעמ,,,"י""ח",250,ל  גרם,false,1,9.90,3.96,false,1,
7290016682038,false,"מיץ תפוזים 400מ""ל.",תנובה בעמ ***,,,"י""ח",400,"ל  מ""ל",false,1,10.50,2.55,true,1,
7290016682083,false,מיץ תות בננה 400 מל פריניב,תנובה בעמ ***,,,"י""ח",1,,false,1,10.60,10.60,true,1,
7290016682182,false,שייק תמר בננה מופחת סוכר 1ליטר.,תנובה בעמ ***,,,"י""ח",1,ליטר,false,1,16.70,16.70,true,1,
7290016682328,false,פריניב מיץ תפוזים 2ליטר 100%.,תנובה בעמ ***,,,"י""ח",2,ליטר,false,1,20.90,10.30,false,1,
7290016682342,false,תפוז וולניה סחוט 100% 2ל.,תנובה בעמ ***,,,"י""ח",2,ליטר,false,1,28.60,14.15,true,1,
7290016682359,false,תפוז שמוטי סחוט 100% 2ל.,תנובה בעמ ***,,,"י""ח",2,ליטר,false,1,28.50,14.10,true,1,
7290016682366,false,פריניב מיץ תפוחים צלול 2 ליטר.,תנובה בעמ ***,,,"י""ח",2,ליטר,false,1,20.40,10.05,false,1,
7290016682380,false,מיץ לימונדה לואיזה ולימון גראס 2 ליטר.,תנובה בעמ ***,,,"י""ח",2,ליטר,false,1,19.90,9.80,false,1,
7290016682441,false,מיץ תפוזים סחוט עשוי מרכז 1ל,תנובה בעמ ***,,,"י""ח",1,ליטר,false,1,13.90,13.90,false,1,
7290016717044,false,סלקטד לבן יאנג  BUZZ מנגו,אגודת הכורמים,,,"י""ח",750,"ל  מ""ל",false,1,27.90,3.68,true,1,
7290016717099,false,סלקטד אדום חצי יבש   0.75 ל,אגודת הכורמים,,,"י""ח",750,"ל  מ""ל",false,1,29.90,3.95,true,1,
7290016717754,false,"יין ישן נושן  750מ""ל",אגודת הכורמים,,,"י""ח",750,"ל  מ""ל",false,1,20.90,2.75,true,1,
7290016865943,false,אטריות ביצים פטוציני 400ג,גורי מוצרי צריכה בעמ,,,"י""ח",400,ל  גרם,false,1,13.90,3.48,false,1,
7290016866650,false,"משחת פרודונטקס אוריגינל 75מ""ל",גורי ע.ע.ע. בעמ,,,"י""ח",75,"ל  מ""ל",false,1,30.90,41.20,true,1,
7290016866674,false,"משחת פרודונטקס מלבינה 75מ""ל",גורי ע.ע.ע. בעמ,,,"י""ח",75,"ל  מ""ל",false,1,30.90,41.20,true,1,
7290016912616,false,סרקל בלונד שמפו 1ל,פישר תעשיות פרמבצטיות בעמ,,,"י""ח",1,ליטר,false,1,29.90,29.90,false,1,
7290016912623,false,סרקל בלונד מרכך 1ל,פישר תעשיות פרמבצטיות בעמ,,,"י""ח",1,ליטר,false,1,29.90,29.90,false,1,
7290016967074,false,לחם אנגיל חיטה מלאה 750גר,שלמה א.אנג ל בעמ,,,"י""ח",750,ל  גרם,false,1,15.90,2.12,false,1,
7290016998184,false,עלי חסהערבית שטופים 250גר.,ביכורי השדה צפון 1994 ג.ד. בעמ,,,"י""ח",150,ל  גרם,false,1,9.90,6.60,false,1,
7290016998191,false,מיקס עלי בייבי 120גר,ביכורי השדה צפון 1994 ג.ד. בעמ,,,"י""ח",120,ל  גרם,false,1,9.90,8.25,false,1,
7290016998207,false,לקט קסם השדה  350גר.,ביכורי השדה צפון 1994 ג.ד. בעמ,,,"י""ח",350,ל  גרם,false,1,11.90,3.40,false,1,
7290016998221,false,מיקס צבעי הטבע 350גר.,ביכורי השדה צפון 1994 ג.ד. בעמ,,,"י""ח",350,"ל  מ""ל",false,1,11.90,3.40,false,1,
7290016998238,false,כרוב לבן קצוץ 400גר.,ביכורי השדה צפון 1994 ג.ד. בעמ,,,"י""ח",400,ל  גרם,false,1,9.90,2.48,false,1,
7290016998269,false,לקט קולסלאו 400גר.,ביכורי השדה צפון 1994 ג.ד. בעמ,,,"י""ח",400,ל  גרם,false,1,9.90,2.48,false,1,
7290016998276,false,גזר חתוך דק 250גר.,ביכורי השדה צפון 1994 ג.ד. בעמ,,,"י""ח",250,ל  גרם,false,1,8.90,3.56,false,1,
7290016998320,false,לבבות קיסר,ביכורי השדה צפון 1994 ג.ד. בעמ,,,"י""ח",300,ל  גרם,false,1,10.90,3.63,true,1,
7290017004433,false,פתי בר 500גר פינטולה,2121 ייבוא וסחר,,,"י""ח",5,"ק""ג",false,1,8.90,1.78,true,1,
7290017004457,false,תירוש ענבים 100% זהב ליטר,יקבי הכורמים (תשלח) בעמ ~~~,,,"י""ח",1,ליטר,false,1,17.90,17.90,true,1,
7290017004785,false,פסטה קרניים 500גר פנטולה,מ.ר. ניאוברנד בעמ,,,"י""ח",500,ל  גרם,false,1,4.90,0.98,true,1,
7290017004808,false,פסטה פוזילי 500גר פנטולה,מ.ר. ניאוברנד בעמ,,,"י""ח",500,ל  גרם,false,1,4.90,0.98,true,1,
7290017004815,false,ספגטי 500גר פנטולה,מ.ר. ניאוברנד בעמ,,,"י""ח",500,ל  גרם,false,1,4.90,0.98,true,1,
7290017004839,false,"פתי בר 1.75ק""ג פנטולה",2121 ייבוא וסחר,,,"י""ח",1.75,"ק""ג",false,1,23.90,13.66,true,1,
7290017004877,false,טחינה  גולמית 500ג מחנה יהודה,אחדות בעמ,,,"י""ח",500,ל  גרם,false,1,14.90,2.98,true,1,
7290017023199,false,"שוופס מוגז תות ליים   330מ""ל",יפאורה שותפות מוגבלת לשיווק,,,"י""ח",330,"ל  מ""ל",false,1,5.50,1.58,false,1,
7290017023229,false,"שוופס מוגז תות ליים  330מ""ל 1/4",יפאורה שותפות מוגבלת לשיווק,,,"י""ח",1.32,ליטר,false,1,14.70,10.23,true,1,
7290017023663,false,"שוופס מוגז תפוח  330מ""ל 1/4",יפאורה שותפות מוגבלת לשיווק,,,"י""ח",1.32,ליטר,false,1,14.70,10.23,true,1,
7290017023809,false,"ספרינג אגס סברס תפוח 250מ""ל רביעייה",יפאורה שותפות מוגבלת לשיווק,,,"י""ח",1,ליטר,false,1,12.90,12.90,true,1,
7290017023816,false,"ספרינג פירות טרופיים 250מ""ל רביעייה",יפאורה שותפות מוגבלת לשיווק,,,"י""ח",1,ליטר,false,1,12.90,12.90,true,1,
7290017023854,false,"סודה שוופס 250מ""ל 1/4",יפאורה שותפות מוגבלת לשיווק,,,"י""ח",1,ליטר,false,1,13.10,13.10,true,1,
7290017023861,false,"סודה שוופס למון  250מ""ל 1/4",יפאורה שותפות מוגבלת לשיווק,,,"י""ח",1,ליטר,false,1,13.10,13.10,true,1,
7290017023878,false,"סודה שוופס נענע ליים  250מ""ל 1/4",יפאורה שותפות מוגבלת לשיווק,,,"י""ח",1,ליטר,false,1,13.10,13.10,true,1,
7290017031477,false,"סנסודיין רפיד הלבנה 75מ""ל",גורי ע.ע.ע. בעמ,,,"י""ח",75,ל  גרם,false,1,25.90,34.53,true,1,
7290017031705,false,"סנסודיין קלין פרש 75מ""ל",גורי ע.ע.ע. בעמ,,,"י""ח",75,ל  גרם,false,1,21.90,29.20,true,1,
7290017031859,false,"משחת פרודונטקס אולטרא קלין 75מ""ל",גורי ע.ע.ע. בעמ,,,"י""ח",75,"ל  מ""ל",false,1,30.90,41.20,true,1,
7290017044071,false,מטליות אסותא 400 יח בדלי בניחוח תפוח,עיסא ערטול בעמ-סוכן הנקל סוד,,,"י""ח",400,"י""ח",false,1,19.90,0.05,false,1,
7290017044293,false,מטליות לחות לרצפה אסותא 50 יח בדלי,עיסא ערטול בעמ-סוכן הנקל סוד,,,"י""ח",50,"י""ח",false,1,29.90,0.60,false,1,
7290017044507,false,מטליות אסותא 400 יח בדלי לניקוי וחיטוי,עיסא ערטול בעמ-סוכן הנקל סוד,,,"י""ח",400,"י""ח",false,1,29.90,0.07,false,1,
7290017062686,false,מרכך כביסה מרוכז בייבי  1 ל`טאצ`.,סאסאטק אגשח בעמ,,,"י""ח",1,ליטר,false,1,13.90,13.90,true,1,
7290017062723,false,מרכך כביסה מרוכז ירוק 1 ל`טאצ`,סאסאטק אגשח בעמ,,,"י""ח",1,ליטר,false,1,13.90,13.90,true,1,
7290017062730,false,"נוזל כלים לבנדר 36% 750מ""ל טאץ",סאסאטק אגשח בעמ,,,"י""ח",750,"ל  מ""ל",false,1,10.90,1.45,true,1,
7290017062747,false,"נוזל כלים תפוח 36% 750מ""ל טאץ",סאסאטק אגשח בעמ,,,"י""ח",750,"ל  מ""ל",false,1,10.90,1.45,true,1,
7290017062754,false,"נוזל כלים לימון 36% 750מ""ל טאץ",סאסאטק אגשח בעמ,,,"י""ח",750,"ל  מ""ל",false,1,10.90,1.45,true,1,
7290017065007,false,מוצרלה פרוסה 200ג,מחלבות גד,,,"י""ח",200,ל  גרם,false,1,16.90,8.45,false,1,
7290017065137,false,ריקוטה למריחה 5% טבעית,מחלבות גד,,,"י""ח",200,ל  גרם,false,1,8.90,4.45,false,1,
7290017065144,false,ריקוטה למריחה 5% עם בזיליקום,מחלבות גד,,,"י""ח",200,ל  גרם,false,1,10.20,5.10,false,1,
7290017065168,false,גבינה כחולה 100ג גד,מחלבות גד,,,"י""ח",100,ל  גרם,false,1,17,17,false,1,
7290017065212,false,קרם מסקרפונה 250ג,מחלבות גד,,,"י""ח",250,ל  גרם,false,1,15.90,6.36,false,1,
7290017065236,false,בולגרית מעודנת 24% 250ג,מחלבות גד,,,"י""ח",250,ל  גרם,false,1,21.90,8.76,false,1,
7290017065380,false,גרנה פדנו שבבים100ג,מחלבות גד,,,"י""ח",100,ל  גרם,false,1,13.90,13.90,false,1,
7290017065434,false,פרוסות גאודה 200ג,מחלבות גד,,,"י""ח",200,ל  גרם,false,1,19.90,9.95,false,1,
7290017065441,false,פרוסות גאודה עיזים  200ג,מחלבות גד,,,"י""ח",200,ל  גרם,false,1,31.90,15.95,false,1,
7290017065526,false,קוואטרו פורמאג 200ג,מחלבות גד,,,"י""ח",200,ל  גרם,false,1,27.90,13.95,false,1,
7290017065588,false,יוגורט יווני 600 גרם גד.,מחלבות גד,,,"י""ח",600,ל  גרם,false,1,15.90,2.65,false,1,
7290017065649,false,קרם פטיסייר 250 גרם גד,מחלבות גד,,,"י""ח",250,ל  גרם,false,1,15.90,6.36,false,1,
7290017065663,false,בולגרית מעודנת עיזים 5% 250 ג.,מחלבות גד,,,"י""ח",250,ל  גרם,false,1,29.90,11.96,false,1,
7290017065731,false,גבינת שמנת ניו יורק 200ג מהדורת חג,מחלבות גד,,,"י""ח",200,ל  גרם,false,1,12.90,6.45,false,1,
7290017068350,false,עדשים שחורים בלוגה 500 מיה,מיה תעשיות מזון מ.ת.מ בעמ,,,"י""ח",500,ל  גרם,false,1,8.90,1.78,true,1,
7290017068367,false,שמרים יבשים  125  גרם,מיה תעשיות מזון מ.ת.מ בעמ,,,"י""ח",125,ל  גרם,false,1,3.90,3.12,false,1,
7290017068848,false,סוכריות לקישוט לעוגה 200ג צנצנת,מיה תעשיות מזון מ.ת.מ בעמ,,,"י""ח",200,ל  גרם,false,1,8.90,4.45,false,1,
7290017068855,false,סוכריות לקישוט לעוגה 200ג צנצנת,מיה תעשיות מזון מ.ת.מ בעמ,,,"י""ח",200,ל  גרם,false,1,8.90,4.45,false,1,
7290017068985,false,שיבולת שועל מלאה עבה  500 ג,מיה תעשיות מזון מ.ת.מ בעמ,,,"י""ח",500,ל  גרם,false,1,10,2,true,1,
7290017079714,false,שוקולד חלב עם בוטנים  270ג,טעמן שווק מזון בעמ,,,"י""ח",270,ל  גרם,false,1,11.90,4.41,false,1,
7290017088068,false,חיתולי בייביסיטר  מידה 4 42יח,שקד תבל בעמ,,,"י""ח",1,,false,1,34.90,34.90,true,1,
7290017088075,false,חיתולי בייביסיטר  מידה 4+ 40יח,שקד תבל בעמ,,,"י""ח",1,,false,1,34.90,34.90,true,1,
7290017088082,false,חיתולי בייביסיטר  מידה 5 36יח,שקד תבל בעמ,,,"י""ח",1,,false,1,34.90,34.90,true,1,
7290017088099,false,חיתולי בייביסיטר  מידה 6 34יח,שקד תבל בעמ,,,"י""ח",1,,false,1,34.90,34.90,true,1,
7290017088495,false,טופ פד אקסטרה 20יח,שקד תבל בעמ,,,"י""ח",20,"י""ח",false,1,9.90,0.50,true,1,
7290017088501,false,טופ פד אקסטרה לונג 20יח,שקד תבל בעמ,,,"י""ח",20,"י""ח",false,1,9.90,0.50,true,1,
7290017088631,false,מגבונים  טולי מארז 4 יחידות,שקד תבל בעמ,,,"י""ח",4,"י""ח",false,1,12.90,3.23,true,1,
7290017088815,false,תחבושות BREEZE נורמל 12יח,שקד תבל בעמ,,,"י""ח",12,"י""ח",false,1,17.90,1.49,true,1,
7290017088914,false,מגבונים בייבי סיטר  מארז שישייה,שקד תבל בעמ,,,"י""ח",1,,false,1,19.90,19.90,true,1,
7290017100418,false,כפפות לטקס L עם אבקה Perfect,ח.כהן סוכנות מזון ומשקאות בע,,,"י""ח",100,"י""ח",false,1,19.90,0.20,true,1,
7290017105048,false,זיתים ירוקים טבעות שלשות יכין,זנלכל בעמ,,,"י""ח",200,ל  גרם,false,1,14.90,7.45,false,1,
7290017105062,false,חומוס 6OZ יכין,זנלכל בעמ,,,"י""ח",200,ל  גרם,false,1,4.30,2.15,true,1,
7290017105079,false,שעועית אפויה 6OZ יכין 200גר,זנלכל בעמ,,,"י""ח",200,ל  גרם,false,1,4.30,2.15,true,1,
7290017105123,false,פול מצרי 6OZ יכין 200גר,זנלכל בעמ,,,"י""ח",200,ל  גרם,false,1,4.30,2.15,true,1,
7290017105253,false,מתבל עגבניות 740 גרם יכין,זנלכל בעמ,,,"י""ח",740,ל  גרם,false,1,9.90,1.34,true,1,
7290017105369,false,סירופ תה אפרסק דיאט 1 ליטר,זנלכל בעמ,,,"י""ח",1,ליטר,false,1,18.90,18.90,false,1,
7290017105383,false,"שלשות תירס 6OZקידס  פ""מ",זנלכל בעמ,,,"י""ח",600,ל  גרם,false,1,14.90,2.48,false,1,
7290017105468,false,אפונה שלישייה 6OZ יכין,זנלכל בעמ,,,"י""ח",200,ל  גרם,false,1,14.90,7.45,false,1,
7290017105895,false,גרגרי חומוס מסעדות יכין 560גר,זנלכל בעמ,,,"י""ח",560,ל  גרם,false,1,9.90,1.77,true,1,
7290017121093,false,אריסה חריפה 250גר,שטראוס גרופ ***בעמ,,,"י""ח",250,ל  גרם,false,1,13.90,5.56,true,1,
7290017129495,false,אגו מיקס כדורי תירס מצופים ש. חלב 55ג,כרמית תעשיות ממתקים בעמ,,,"י""ח",55,ל  גרם,false,1,3.90,7.09,true,1,
7290017129501,false,אגו מיקס כדורי תירס מצופים ש. לבן 55ג,כרמית תעשיות ממתקים בעמ,,,"י""ח",55,ל  גרם,false,1,3.90,7.09,true,1,
7290017129518,false,אגו מיקס כדורי תירס מצופים  55ג,כרמית תעשיות ממתקים בעמ,,,"י""ח",55,ל  גרם,false,1,3.90,7.09,true,1,
7290017129532,false,כרמית לקקן תות 90ג,כרמית תעשיות ממתקים בעמ,,,"י""ח",90,ל  גרם,false,1,5.90,6.56,true,1,
7290017129617,false,לקקן קולה לימונדה 450ג,כרמית תעשיות ממתקים בעמ,,,"י""ח",450,ל  גרם,false,1,16.90,3.76,true,1,
7290017129624,false,לקקן ענבים תפוח  450ג,כרמית תעשיות ממתקים בעמ,,,"י""ח",450,ל  גרם,false,1,16.90,3.76,true,1,
7290017129754,false,שוקולד אגו פרמיום 100ג 70%,כרמית תעשיות ממתקים בעמ,,,"י""ח",100,ל  גרם,false,1,7.90,7.90,true,1,
7290017129761,false,שוקולד אגו פרמיום תפוז  100ג 70%,כרמית תעשיות ממתקים בעמ,,,"י""ח",100,ל  גרם,false,1,7.90,7.90,true,1,
7290017129839,false,שוקולד אגו פרמיום פטל  100ג 70%,כרמית תעשיות ממתקים בעמ,,,"י""ח",100,ל  גרם,false,1,7.90,7.90,true,1,
7290017129846,false,מיני קוקיס טעם קרמל  600ג,כרמית תעשיות ממתקים בעמ,,,"י""ח",600,"ס""מ",false,1,16.90,2.82,false,1,
7290017129884,false,שוקולד מריר 60% 85ג חמישייה,כרמית תעשיות ממתקים בעמ,,,"י""ח",85,ל  גרם,false,1,16.90,19.88,true,1,
7290017140308,false,קמח שקדים 500 גרם,גורי מוצרי צריכה בעמ,,,"י""ח",500,ל  גרם,false,1,24.90,4.98,false,1,
7290017142005,false,"שמן קוקוס אורגני כתית 320מ""ל עץ הזית",סוגת תעשיות בעמ,,,"י""ח",320,"ל  מ""ל",false,1,25.90,8.09,false,1,
7290017142012,false,"שמן קוקוס אורגני כתית 500מ""ל עץ הזית",סוגת תעשיות בעמ,,,"י""ח",500,"ל  מ""ל",false,1,39.90,7.98,false,1,
7290017142128,false,"שמן זית כתית עץ הזית  750 מ""ל",סוגת תעשיות בעמ,,,"י""ח",750,"ל  מ""ל",false,1,29.90,3.99,true,1,
7290017142159,false,נתחי טונה  בהירה בשמן זית 80ג שלישייה,סוגת תעשיות בעמ,,,"י""ח",240,ל  גרם,false,1,19.90,8.29,false,1,
7290017142166,false,פילה טונה פרוס עם בשמן זית 120ג עץ הזי,סוגת תעשיות בעמ,,,"י""ח",120,ל  גרם,false,1,14.90,12.42,false,1,
7290017142180,false,פילה טונה פרוס עם בשמן זית 120ג עץ הזי,סוגת תעשיות בעמ,,,"י""ח",120,ל  גרם,false,1,14.90,12.42,false,1,
7290017142203,false,פילה טונה פרוס עם בשמן זית 120ג עץ הזי,סוגת תעשיות בעמ,,,"י""ח",120,ל  גרם,false,1,14.90,12.42,false,1,
7290017142289,false,"תרסיס שמן חמניות 200מ""ל עץ הזית",סוגת תעשיות בעמ,,,"י""ח",200,"ל  מ""ל",false,1,14.90,7.45,false,1,
7290017142340,false,שמן זרעי ענבים מזוכך 1ל עץ הזית,סוגת תעשיות בעמ,,,"י""ח",1,ליטר,false,1,24.90,24.90,false,1,
7290017142371,false,"שמן שומשום לא מזוכך 250מ""ל עץ הזית",סוגת תעשיות בעמ,,,"י""ח",250,"ל  מ""ל",false,1,29.90,11.96,false,1,
7290017142395,false,פסטה עם טונה בשמן ז. 160ג,סוגת תעשיות בעמ,,,"י""ח",160,ל  גרם,false,1,13.90,8.69,false,1,
7290017142487,false,בורגול עם גרגירי חומוס עם טונה 160ג,סוגת תעשיות בעמ,,,"י""ח",160,ל  גרם,false,1,13.90,8.69,false,1,
7290017189253,false,קרפ אפוי קפוא WOOPS,קפוא זן תעשיות מזון בעמ,,,"י""ח",600,ל  גרם,false,1,19.90,3.32,false,1,
7290017197456,false,אסותא מגבוני נייר טואלט שלישיה,עיסא ערטול בעמ-סוכן הנקל סוד,,,"י""ח",3,"י""ח",false,1,11.20,3.63,false,1,
7290017217307,false,נרות חימום ריחניים בניחוח ורדים 50יח,אינטרסן (1996) בעמ,,,"י""ח",50,"י""ח",false,1,13.90,0.28,false,1,
7290017266312,false,וופל AR שוקו 150 גרם,ח.כהן סוכנות מזון ומשקאות בע,,,"י""ח",15,ל  גרם,false,1,3.20,21.33,false,1,
7290017266343,false,וופל קראנץ בטעם שוקולד 150 גרם עלמה.,ח.כהן סוכנות מזון ומשקאות בע,,,"י""ח",15,ל  גרם,false,1,3.20,21.33,false,1,
7290017266916,false,וופל SUN לימון 200גר,ח.כהן סוכנות מזון ומשקאות בע,,,"י""ח",200,ל  גרם,false,1,4.90,2.45,false,1,
7290017275338,false,טחינה  גולמית 500ג טורקיז,אחדות בעמ,,,"י""ח",500,ל  גרם,false,1,9.90,1.98,false,1,
7290017275352,false,"עוגת שמרים קראנץ תפו""ע וקינמו (400 אחוה)",אחדות בעמ,,,"י""ח",400,ל  גרם,false,1,10.90,2.73,false,1,
7290017275369,false,טחינה  משומשום מלא  500ג טורקיז,אחדות בעמ,,,"י""ח",500,ל  גרם,false,1,12.90,2.58,false,1,
7290017289168,false,"יין אדום יבש סדרת ישראלי 750מ""ל",יקבי טפרברג 1870 בעמ,,,"י""ח",750,"ל  מ""ל",false,1,21.90,2.88,false,1,
7290017289182,false,"יין לבן חצי יבש סדרת ישראלי 750מ""ל",יקבי טפרברג 1870 בעמ,,,"י""ח",750,"ל  מ""ל",false,1,21.90,2.88,false,1,
7290017297149,false,חומוס A2 להכנה ביתית  ויטה.,ויטה- פרי גליל (החדשה) בעמ,,,"י""ח",550,ל  גרם,false,1,7.90,1.44,true,1,
7290017297224,false,שעועית אדומה 800גר פרי הגליל,ויטה- פרי גליל (החדשה) בעמ,,,"י""ח",800,ל  גרם,false,1,11.90,1.49,false,1,
7290017297323,false,רוטב עגבניות BX22 100ג מרוכז טל וטרי,ויטה- פרי גליל (החדשה) בעמ,,,"י""ח",100,ל  גרם,false,1,1.90,1.90,true,1,
7290017297330,false,רוטב עגבניות BX22 260 ג טל וטרי,ויטה- פרי גליל (החדשה) בעמ,,,"י""ח",600,ל  גרם,false,1,3.90,0.65,true,1,
7290017297392,false,תירס  קפוא פרי אדמה 800ג,ויטה פרי גליל (החדשה) בעמ,,,"י""ח",800,ל  גרם,false,1,12.90,1.61,true,1,
7290017297408,false,אפונה עדינה  קפואה פרי אדמה 600ג,ויטה פרי גליל (החדשה) בעמ,,,"י""ח",600,ל  גרם,false,1,14.90,2.48,true,1,
7290017297415,false,אפונה  קפואה פרי אדמה 800ג.,ויטה פרי גליל (החדשה) בעמ,,,"י""ח",800,ל  גרם,false,1,12.90,1.61,true,1,
7290017297422,false,אפונה וגזר  קפוא פרי אדמה 800ג,ויטה פרי גליל (החדשה) בעמ,,,"י""ח",800,ל  גרם,false,1,12.90,1.61,true,1,
7290017297453,false,שעועית שלמה  קפואה פרי אדמה 800ג,ויטה פרי גליל (החדשה) בעמ,,,"י""ח",800,ל  גרם,false,1,12.90,1.61,true,1,
7290017297477,false,פול  קפוא פרי אדמה 800ג,ויטה פרי גליל (החדשה) בעמ,,,"י""ח",800,ל  גרם,false,1,14.90,1.86,true,1,
7290017297484,false,שעועית אדומה  פרי אדמה 800ג,ויטה פרי גליל (החדשה) בעמ,,,"י""ח",800,ל  גרם,false,1,16.90,2.11,true,1,
7290017297491,false,חומוס פרי אדמה 800ג,ויטה פרי גליל (החדשה) בעמ,,,"י""ח",800,ל  גרם,false,1,14.90,1.86,true,1,
7290017297507,false,גזר גמדי פרי אדמה 800ג,ויטה פרי גליל (החדשה) בעמ,,,"י""ח",800,ל  גרם,false,1,12.90,1.61,true,1,
7290017297514,false,לקט ירק מעורב פרי אדמה 700ג,ויטה פרי גליל (החדשה) בעמ,,,"י""ח",700,ל  גרם,false,1,12.90,1.84,true,1,
7290017297521,false,ברוקולי פרי אדמה 800ג,ויטה פרי גליל (החדשה) בעמ,,,"י""ח",800,ל  גרם,false,1,19.90,2.49,true,1,
7290017297538,false,כרובית פרי אדמה 800ג,ויטה פרי גליל (החדשה) בעמ,,,"י""ח",800,ל  גרם,false,1,14.90,1.86,true,1,
7290017297545,false,תחתיות ארטישוק פרי אדמה 400ג,ויטה פרי גליל (החדשה) בעמ,,,"י""ח",400,ל  גרם,false,1,10.90,2.73,true,1,
7290017297552,false,במיה פרי אדמה 600ג,ויטה פרי גליל (החדשה) בעמ,,,"י""ח",600,ל  גרם,false,1,12.90,2.15,true,1,
7290017297590,false,"ציפס זיגזג 2ק""ג קפוא  פרי אדמה",ויטה פרי גליל (החדשה) בעמ,,,"י""ח",2,"ק""ג",false,1,22.90,11.45,true,1,
7290017297613,false,"סטייק ציפס  2ק""ג קפוא  פרי אדמה",ויטה פרי גליל (החדשה) בעמ,,,"י""ח",2,"ק""ג",false,1,22.90,11.45,true,1,
7290017297620,false,רוטב עגבניות 22% A2 טל וטרי,ויטה- פרי גליל (החדשה) בעמ,,,"י""ח",600,ל  גרם,false,1,5.90,0.98,false,1,
7290017304885,false,לחם שיפון וחיטה מלאה 750ג,שלמה א.אנג ל בעמ,,,"י""ח",750,ל  גרם,false,1,16.90,2.25,false,1,
7290017440279,false,"אל סבון קידס 750מ""ל",פישר תעשיות פרמבצטיות בעמ,,,"י""ח",750,"ל  מ""ל",false,1,16.90,2.25,false,1,
7290017440309,false,"שמפו קידס 750מ""ל",פישר תעשיות פרמבצטיות בעמ,,,"י""ח",750,"ל  מ""ל",false,1,16.90,2.25,false,1,
7290017440804,false,מסכת הזנה Silver לשיער כסוף,פישר תעשיות פרמבצטיות בעמ,,,"י""ח",50,"ל  מ""ל",false,1,39.90,79.80,false,1,
7290017457574,false,סוד כדוריות 1/3 פרחים 204ג,גורי שיווק בעמ,,,"י""ח",204,"ל  מ""ל",false,1,14.90,7.30,false,1,
7290017457598,false,"סוד מרכך מרוכז 900מ""ל summer blossom",גורי שיווק בעמ,,,"י""ח",90,"ל  מ""ל",false,1,11.90,13.22,false,1,
7290017457703,false,"סוד מרכך מרוכז זהב 900מ""ל",גורי שיווק בעמ,,,"י""ח",90,"ל  מ""ל",false,1,11.90,13.22,false,1,
7290017457871,false,סוד גיל כביסה  ורוד 4ליטר,גורי שיווק בעמ,,,"י""ח",2.50,ליטר,false,1,29.90,11.96,false,1,
7290017504001,false,פטריות שמפיניון ארוז,ביכורי השדה צפון 1994 ג.ד. בעמ,,,"י""ח",1,,false,1,10.90,10.90,true,1,
7290017504018,false,פטריות זוגות לבן,ביכורי השדה צפון 1994 ג.ד. בעמ,,,"י""ח",1,,false,1,18.90,18.90,false,1,
7290017504032,false,פטריות זוגות איטלקי,ביכורי השדה צפון 1994 ג.ד. בעמ,,,"י""ח",1,,false,1,18.90,18.90,false,1,
7290017513775,false,פליפז בייגלה מצופה ש. חלב  140ג,תה ויסוצקי (ישראל)בעמ,,,"י""ח",140,ל  גרם,false,1,8.90,6.36,true,1,
7290017513782,false,פליפז בייגלה מצופה ש. מריר 140ג,תה ויסוצקי (ישראל)בעמ,,,"י""ח",140,ל  גרם,false,1,8.90,6.36,true,1,
7290017513829,false,תה ירוק  25 לימונית גינגר  עם ויטמין,תה ויסוצקי (ישראל)בעמ,,,"י""ח",37.50,ל  גרם,false,1,24.90,66.40,true,1,
7290017513850,false,תה ירוק  25 נענע  עם ויטמין,תה ויסוצקי (ישראל)בעמ,,,"י""ח",37.50,ל  גרם,false,1,24.90,66.40,true,1,
7290017586007,false,גזר ארוז,ביכורי השדה צפון 1994 ג.ד. בעמ,,,"ק""ג",1,"ק""ג",true,1,3.90,3.90,false,1,
7290017589633,false,רזרב  קברנה סובניון ברקן GOLD EDITION,טמפו משקאות בעמ,,,"י""ח",750,"ל  מ""ל",false,1,49.90,6.61,true,1,
7290017599229,false,םטנט 200 טבליות סוכרלוז,שטראוס גרופ בעמ,,,"י""ח",200,"י""ח",false,1,20.90,0.10,true,1,
7290017599236,false,םטנט 200 טבליות סטיוויה,שטראוס גרופ בעמ,,,"י""ח",200,"י""ח",false,1,24.90,0.12,true,1,
7290017599267,false,סוכרזית סוכרלוז 120שק.,שטראוס גרופ בעמ,,,"י""ח",100,"י""ח",false,1,24.90,0.25,true,1,
7290017599274,false,סוכרזית סטיוויה 120שקיות 100גרם,שטראוס גרופ בעמ,,,"י""ח",100,ל  גרם,false,1,34.90,34.90,true,1,
7290017617046,false,סטארקיסט רביעייה בשמן זית 140ג,דיפלומט מפיצים (1968) בעמ**,,,"י""ח",560,"ל  מ""ל",false,1,27.90,4.98,false,1,
7290017617107,false,סטארקיסט מיקס טוגו עם 4דגנים 185ג,דיפלומט מפיצים (1968) בעמ**,,,"י""ח",185,ל  גרם,false,1,13.90,7.51,false,1,
7290017617138,false,טונה סטארקיסט דל נטרן רביעייה,דיפלומט מפיצים (1968) בעמ**,,,"י""ח",640,ל  גרם,false,1,26.90,4.20,true,1,
7290017617428,false,סטארקיסט מיקס סלמון עם פסטה 160ג,דיפלומט מפיצים (1968) בעמ**,,,"י""ח",80,ל  גרם,false,1,14.90,18.63,false,1,
7290017637617,false,מסכה לשיער רגיל Sweet memories everday,סאסאטק אגשח בעמ - סאסא MB,,,"י""ח",250,"ל  מ""ל",false,1,27.90,11.16,false,1,
7290017641119,false,"שוקולד פרימיום 85%  100גר בד""ץ",כרמית תעשיות ממתקים בעמ,,,"י""ח",100,ל  גרם,false,1,7.90,7.90,true,1,
7290017641188,false,קרקר עם שיפון מלא וסלק 130ג,כרמית תעשיות ממתקים בעמ,,,"י""ח",130,ל  גרם,false,1,6.90,5.31,true,1,
7290017641379,false,שוקולד חלב 85ג חמישייה,כרמית תעשיות ממתקים בעמ,,,"י""ח",85,ל  גרם,false,1,16.90,19.88,true,1,
7290017641737,false,שוקולד מריר %70שברי אגוז  100ג,כרמית תעשיות ממתקים בעמ,,,"י""ח",85,ל  גרם,false,1,7.90,9.29,true,1,
7290017641997,false,"שוקולד פרימיום 70% לל""ס 100גר בד""ץ",כרמית תעשיות ממתקים בעמ,,,"י""ח",100,ל  גרם,false,1,8.90,8.90,true,1,
7290017647425,false,יין גמלא קברנה סוביניון,היכל היין שקד גולן בעמ,,,"י""ח",750,"ל  מ""ל",false,1,69.90,9.28,true,1,
7290017677804,false,"רוטב סויה קיקומן 444מ""ל",דיפלומט מפיצים (1968) בעמ**,,,"י""ח",444,"ל  מ""ל",false,1,19.90,4.48,false,1,
7290017682099,false,מקל טיטניום 1.3מטר,*** מ.א.ייצור ויבוא מטליות,,,"י""ח",1,,false,1,6,6,false,1,
7290017682556,false,שיפודים עבים במיוחד,מ.א.ייצור ויבוא מטליות בעמ,,,"י""ח",1,,false,1,3.90,3.90,false,1,
7290017724027,false,עוגיות אלפא חורס 300ג,הלל בן הלל שיווק ומסחר בעמ,,,"י""ח",300,ל  גרם,false,1,23.90,7.97,false,1,
7290017724034,false,עוגיות סנדוויץ ריבה 250ג,הלל בן הלל שיווק ומסחר בעמ,,,"י""ח",250,ל  גרם,false,1,23.90,9.56,false,1,
7290017724041,false,עוגיות תותי פרוטי 250ג,הלל בן הלל שיווק ומסחר בעמ,,,"י""ח",250,ל  גרם,false,1,23.90,9.56,false,1,
7290017724058,false,מעדן תמר אגוז 250ג,הלל בן הלל שיווק ומסחר בעמ,,,"י""ח",250,ל  גרם,false,1,23.90,9.56,false,1,
7290017724102,false,סיגרים תמרים 250ג,הלל בן הלל שיווק ומסחר בעמ,,,"י""ח",250,ל  גרם,false,1,23.90,9.56,false,1,
7290017724126,false,עוגיות טחינה  250ג,הלל בן הלל שיווק ומסחר בעמ,,,"י""ח",250,ל  גרם,false,1,23.90,9.56,false,1,
7290017724140,false,שושנים 200ג,הלל בן הלל שיווק ומסחר בעמ,,,"י""ח",200,ל  גרם,false,1,23.90,11.95,false,1,
7290017724164,false,אוזניים ללא סוכר 250ג,הלל בן הלל שיווק ומסחר בעמ,,,"י""ח",250,ל  גרם,false,1,23.90,9.56,false,1,
7290017724171,false,סנדוויץ ריבה  ללא סוכר 250ג,הלל בן הלל שיווק ומסחר בעמ,,,"י""ח",250,ל  גרם,false,1,23.90,9.56,false,1,
7290017724232,false,סומסומיט  200ג,הלל בן הלל שיווק ומסחר בעמ,,,"י""ח",200,ל  גרם,false,1,23.90,11.95,false,1,
7290017724256,false,שומשומית   ללא סוכר 200ג,הלל בן הלל שיווק ומסחר בעמ,,,"י""ח",250,ל  גרם,false,1,23.90,9.56,false,1,
7290017724263,false,בטהובן  ללא סוכר 300ג,הלל בן הלל שיווק ומסחר בעמ,,,"י""ח",300,ל  גרם,false,1,23.90,7.97,false,1,
7290017724270,false,אשכול בריאות  ללא סוכר 200ג,הלל בן הלל שיווק ומסחר בעמ,,,"י""ח",200,ל  גרם,false,1,23.90,11.95,false,1,
7290017724287,false,אצבעות פקאן  ללא סוכר 200ג,הלל בן הלל שיווק ומסחר בעמ,,,"י""ח",200,ל  גרם,false,1,23.90,11.95,false,1,
7290017812052,false,"יין אקסלנס שיראז-קברנה  סוביניון 750מ""",אגודת הכורמים,,,"י""ח",750,"ל  מ""ל",false,1,24.90,3.28,false,1,
7290017812571,false,תירוש אדום 1 ליטר כרמל.,אגודת הכורמים,,,"י""ח",1,ליטר,false,1,19.90,19.90,false,1,
7290017812656,false,"מיץ ענבים טבעי מבעבע אדום 750מ""ל",אגודת הכורמים,,,"י""ח",750,"ל  מ""ל",false,1,19.90,2.61,false,1,
7290017812663,false,"מיץ ענבים טבעי מבעבע לבן 750מ""ל.",אגודת הכורמים,,,"י""ח",750,"ל  מ""ל",false,1,19.90,2.61,false,1,
7290017812861,false,VINO לבן יבש כרמל 750,אגודת הכורמים,,,"י""ח",750,"ל  מ""ל",false,1,21,2.76,true,1,
7290017812977,false,יין אדום יאנג סלקטד BUZZ,אגודת הכורמים,,,"י""ח",750,"ל  מ""ל",false,1,27.90,3.68,true,1,
7290017841557,false,תבניות נייר מלבניות מעוטרת 3יח שווה,ח.כהן סוכנות מזון ומשקאות בע,,,"י""ח",3,"י""ח",false,1,7.90,2.63,true,1,
7290017841571,false,תבניות נייר לחלה גדולה  4 שו,ח.כהן סוכנות מזון ומשקאות בע,,,"י""ח",4,"י""ח",false,1,9.90,2.48,false,1,
7290017841663,false,מטליות מיקרופייבר  מקצועי *3 30/30 שוו,ח.כהן סוכנות מזון ומשקאות בע,,,"י""ח",3,"י""ח",false,1,9.90,3.30,false,1,
7290017841670,false,ספוג הפלא 6יח איכות שווה,ח.כהן סוכנות מזון ומשקאות בע,,,"י""ח",6,"י""ח",false,1,7.90,1.32,true,1,
7290017841731,false,מטליות מיקרופייבר גדולות במיוחד,ח.כהן סוכנות מזון ומשקאות בע,,,"י""ח",2,"י""ח",false,1,14.90,7.45,false,1,
7290017841762,false,"חומץ תפוחי עץ  500מ""ל 5% שווה",ח.כהן סוכנות מזון ומשקאות בע,,,"י""ח",500,"ל  מ""ל",false,1,11.90,2.38,false,1,
7290017841885,false,דלי מגבונים ניקוי כללי 400יח שווה.,ח.כהן סוכנות מזון ומשקאות בע,,,"י""ח",400,"י""ח",false,1,19.90,0.05,true,1,
7290017842028,false,תבניות+מכסים מלבנית ארוכה שווה,ח.כהן סוכנות מזון ומשקאות בע,,,"י""ח",5,"י""ח",false,1,9.90,1.98,false,1,
7290017842035,false,תבניות+מכסים מבלנית עמוקה 80A+R64 שווה,ח.כהן סוכנות מזון ומשקאות בע,,,"י""ח",5,"י""ח",false,1,9.90,1.98,false,1,
7290017842127,false,ניירות סנדוויץ מאוירות שווה,ח.כהן סוכנות מזון ומשקאות בע,,,"י""ח",100,"י""ח",false,1,9.90,0.10,false,1,
7290017842226,false,פילה סרדין 125 ג בשמן צמחי ללא עור,ח.כהן סוכנות מזון ומשקאות בע,,,"י""ח",125,"ל  מ""ל",false,1,5.90,4.72,true,1,
7290017842233,false,מקרל בשמן צמחי 125 גרם שווה,ח.כהן סוכנות מזון ומשקאות בע,,,"י""ח",125,"ל  מ""ל",false,1,4.90,3.92,true,1,
7290017842257,false,אנשובי ארוך בפח פלפל צילי שווה,ח.כהן סוכנות מזון ומשקאות בע,,,"י""ח",1,,false,1,5.90,5.90,false,1,
7290017842332,false,פירורי לחם מוזהב 200 גרם שווה.,ח.כהן סוכנות מזון ומשקאות בע,,,"י""ח",200,"ל  מ""ל",false,1,3.90,1.95,false,1,
7290017842448,false,אננס שלם 227ג  שווה,ח.כהן סוכנות מזון ומשקאות בע,,,"י""ח",227,ל  גרם,false,1,4.90,2.16,false,1,
7290017842493,false,תירס גמדי 425גר שווה,ח.כהן סוכנות מזון ומשקאות בע,,,"י""ח",425,"ל  מ""ל",false,1,7.90,1.86,false,1,
7290017842547,false,שקיות רב שימושיות ריץ רץ 12יח גדולות,ח.כהן סוכנות מזון ומשקאות בע,,,"י""ח",15,"י""ח",false,1,8.90,0.59,false,1,
7290017842561,false,חמאת בוטנים קראנץ 510גר קראנץ שווה,ח.כהן סוכנות מזון ומשקאות בע,,,"י""ח",510,ל  גרם,false,1,10.90,2.14,true,1,
7290017842615,false,צלחות קטנות מתכלות  שווה,ח.כהן סוכנות מזון ומשקאות בע,,,"י""ח",1,,false,1,15.90,15.90,false,1,
7290017842691,false,"מכסים לכוסות נייר גולד 9 ""שווה""",ח.כהן סוכנות מזון ומשקאות בע,,,"י""ח",1,,false,1,7.90,7.90,true,1,
7290017842813,false,"צלחות גדולות מעלי דקל 10  יח""שווה""",ח.כהן סוכנות מזון ומשקאות בע,,,"י""ח",1,,false,1,12.90,12.90,false,1,
7290017845029,false,פטריות צמד משפחתי,ביכורי השדה צפון 1994 ג.ד. בעמ,,,"י""ח",1,,false,1,18.90,18.90,false,1,
7290017845043,false,פטריות זוגות חצי חצי,ביכורי השדה צפון 1994 ג.ד. בעמ,,,"י""ח",1,,false,1,18.90,18.90,false,1,
7290017845203,false,פטריות שמפיניון בודד,ביכורי השדה צפון 1994 ג.ד. בעמ,,,"י""ח",1,,false,1,10.90,10.90,true,1,
7290017864259,false,בזיליקום 100ג,ביכורי השדה צפון 1994 ג.ד. בעמ,,,"י""ח",1,,false,1,8.90,8.90,false,1,
7290017864471,false,עלי בייבי250ג,ביכורי השדה צפון 1994 ג.ד. בעמ,,,"י""ח",250,ל  גרם,false,1,14.90,5.96,false,1,
7290017864549,false,רוקולה 250גר,ביכורי השדה צפון 1994 ג.ד. בעמ,,,"י""ח",250,ל  גרם,false,1,15.90,6.36,false,1,
7290017871363,false,סבון ידיים מ.בשמן מקדמיה 500מ``ל פמלי,דנשר (1963) בעמ,,,"י""ח",500,"ל  מ""ל",false,1,9.90,1.98,false,1,
7290017872056,false,פמלי  סבון סדרה לבנה שלישיה.3*500מ,דנשר (1963) בעמ,,,"י""ח",1.50,ליטר,false,1,17.90,11.93,false,1,
7290017872063,false,"פמלי  סבון ארומתרפי שלישיה.3*500מ""ל",דנשר (1963) בעמ,,,"י""ח",1.50,ליטר,false,1,17.90,11.93,false,1,
7290017872162,false,עוגיות אגוזי לוז 200 גרם טוסו,דנשר (1963) בעמ,,,"י""ח",200,ל  גרם,false,1,14.90,7.45,false,1,
7290017872186,false,עוגיות פאקן 200 גרם טוסו,דנשר (1963) בעמ,,,"י""ח",200,ל  גרם,false,1,14.90,7.45,false,1,
7290017872193,false,עוגיות שקדים וקינמון 200 גרם טוסו,דנשר (1963) בעמ,,,"י""ח",200,ל  גרם,false,1,14.90,7.45,false,1,
7290017872896,false,גלילונית שקיות אשפה L חזקים 44יח,דנשר (1963) בעמ,,,"י""ח",275,"י""ח",false,1,23.90,0.09,false,1,
7290017872971,false,אדג` 4 סכיני גילוח לעור רגיש,דנשר (1963) בעמ,,,"י""ח",92,ל  גרם,false,1,46.90,50.98,true,1,
7290017873015,false,גלילונית גופיה  עם ידיות 30יח,דנשר (1963) בעמ,,,"י""ח",30,"י""ח",false,1,14.90,0.50,false,1,
7290017873039,false,גלילונית שקיות אוכל זוגות 320יח,דנשר (1963) בעמ,,,"י""ח",320,"י""ח",false,1,11.90,0.04,false,1,
7290017873367,false,קרם ידיים פנג`ל ויטליטי לכל סוגי עור 1,דנשר (1963) בעמ,,,"י""ח",10000,"ל  מ""ל",false,1,12.90,0.13,false,1,
7290017873398,false,תחליב גוף פנג`ל ויטליטי לכל סוגי העור4,דנשר (1963) בעמ,,,"י""ח",400,"ל  מ""ל",false,1,26.90,6.73,false,1,
7290017873411,false,קרם גוף פנג`ל ויטליטי לכל סוגי העור 20,דנשר (1963) בעמ,,,"י""ח",200,"ל  מ""ל",false,1,29.90,14.95,false,1,
7290017888026,false,"פרוט ווג אננס תפוח גזר  350מ""ל..",יפאורה שותפות מוגבלת לשיווק,,,"י""ח",350,"ל  מ""ל",false,1,7.50,2.06,true,1,
7290017888095,false,"שוופס מוגז פירות  330מ""ל 1/4.",יפאורה שותפות מוגבלת לשיווק,,,"י""ח",1.32,ליטר,false,1,13.20,9.09,true,1,
7290017888354,false,"מי עדן  750 מ""ל בודד",יפאורה שותפות מוגבלת לשיווק,,,"י""ח",750,"ל  מ""ל",false,1,4.20,0.52,true,1,
7290017888644,false,"פרוט ווג אננס בננה כורכום 350מ""ל",יפאורה שותפות מוגבלת לשיווק,,,"י""ח",350,"ל  מ""ל",false,1,7.50,2.06,true,1,
7290017888729,false,סודה שוופס 1ל,יפאורה שותפות מוגבלת לשיווק,,,"י""ח",1,ליטר,false,1,4.50,4.50,true,1,
7290017888972,false,מי עדן 1ל פקק ספורט בודד,יפאורה שותפות מוגבלת לשיווק,,,"י""ח",1,ליטר,false,1,3.90,3.90,false,1,
7290017917382,false,אל סבון נוזלי להרגעת העור קמיל 1ליטר,פישר תעשיות פרמבצטיות בעמ,,,"י""ח",1,ליטר,false,1,15.90,15.90,true,1,
7290017917450,false,קמיל בלו סנסיטיב אל סבון ושמפו 1ליטר.,פישר תעשיות פרמבצטיות בעמ,,,"י""ח",1,ליטר,false,1,32.90,32.90,true,1,
7290017925028,false,"בירה צ`רי  שוף 8%  330מ""ל שלישייה",הכרם משקאות חריפים בעמ,,,"י""ח",990,"ל  מ""ל",false,1,24.30,2.42,false,1,
7290017925554,false,"בירה באדוויזר 5יח בירה עם כוס 330מ""ל",הכרם משקאות חריפים בעמ,,,"י""ח",1.65,ליטר,false,1,24.90,14.18,true,1,
7290017928036,false,מאיר בייגל מקלות גריסיני שומשום 175גר,דנשר (1963) בעמ,,,"י""ח",175,ל  גרם,false,1,11.90,6.80,true,1,
7290017928043,false,מאיר בייגל מקלות גריסיני קראנץ מלח 175,דנשר (1963) בעמ,,,"י""ח",175,ל  גרם,false,1,11.90,6.80,true,1,
7290017928098,false,מאיר בייגל שטוחלה מלח  300גר,דנשר (1963) בעמ,,,"י""ח",300,ל  גרם,false,1,10.90,3.63,true,1,
7290017928227,false,מאיר בייגל שטוחלה פינוקים 300ג,דנשר (1963) בעמ,,,"י""ח",300,ל  גרם,false,1,10.90,3.63,true,1,
7290017928432,false,מאיר בייגל מקלות גריסיני קראנץ פרג 175,דנשר (1963) בעמ,,,"י""ח",175,ל  גרם,false,1,11.90,6.80,true,1,
7290017928463,false,שברי בייגלה דבש חרדל ובצל 300גרם סמאש,דנשר (1963) בעמ,,,"י""ח",300,"ל  מ""ל",false,1,10.90,3.63,true,1,
7290017928609,false,מאיר בייגל טבעות שומשום 300גר,דנשר (1963) בעמ,,,"י""ח",300,ל  גרם,false,1,10.90,3.63,true,1,
7290017928661,false,שברי בייגלה בטעם צדר  300גרם סמאש,דנשר (1963) בעמ,,,"י""ח",300,"ל  מ""ל",false,1,10.90,3.63,true,1,
7290017928722,false,מאיר בייגל בייגלה שטוח ניגובים שומשו 3,דנשר (1963) בעמ,,,"י""ח",300,ל  גרם,false,1,10.90,3.63,true,1,
7290017928746,false,מאיר בייגל פירורי בייגל 200ג,דנשר (1963) בעמ,,,"י""ח",200,ל  גרם,false,1,6.90,3.45,false,1,
7290017928807,false,מאיר בייגל אצבעות שומשום 300גר,דנשר (1963) בעמ,,,"י""ח",300,ל  גרם,false,1,10.90,3.63,true,1,
7290017928821,false,מאיר בייגל מקלות גריסיני קלאסי 200גר,דנשר (1963) בעמ,,,"י""ח",200,ל  גרם,false,1,11.90,5.95,true,1,
7290017946764,false,מנקה מכונת כביסה 150גר,גורי שיווק בעמ,,,"י""ח",150,ל  גרם,false,1,21.90,14.60,false,1,
7290017946979,false,פרסיל ג`ל פרימיום 2.4ל יוניברסל,גורי שיווק בעמ,,,"י""ח",1,,false,1,34.90,34.90,false,1,
7290017947105,false,לחם אנגיל בסגנון אמריקה 500גר,שלמה א.אנג ל בעמ,,,"י""ח",500,ל  גרם,false,1,13.90,2.78,false,1,
7290017947495,false,לחמניות כוסמין שישייה,שלמה א.אנג ל בעמ,,,"י""ח",450,ל  גרם,false,1,14.90,3.31,false,1,
7290017947891,false,לחם אנגיל כוסמין וחיטה מלאה 750גר,שלמה א.אנג ל בעמ,,,"י""ח",750,ל  גרם,false,1,15.90,2.12,false,1,
7290017947921,false,לחמניות  להמבורגר 450גר.,שלמה א.אנג ל בעמ,,,"י""ח",450,ל  גרם,false,1,12.90,2.87,false,1,
7290018029206,false,עוגיות כתר ריבה מיקס 600 גרם,שיבולים ייצור ושיווק מאפה בעמ,,,"י""ח",600,ל  גרם,false,1,19.90,3.32,false,1,
7290018043196,false,חטיף חלבון טעם שוקולד לבן עוגיות 60ג,דיפלומט מפיצים (1968) בעמ**,,,"י""ח",60,ל  גרם,false,1,13.90,23.17,false,1,
7290018043295,false,חטיף חלבון טעם ונילה קראנץ 60ג,דיפלומט מפיצים (1968) בעמ**,,,"י""ח",60,ל  גרם,false,1,13.90,23.17,false,1,
7290018045084,false,דגנים במילוי קרם בטעם בראוניז 480גר,ר.ב. מוצרי דגנים בעמ,,,"י""ח",750,ל  גרם,false,1,21.90,2.92,true,1,
7290018045497,false,דגנים במילוי קרם שוקולד 480גר,ר.ב. מוצרי דגנים בעמ,,,"י""ח",750,ל  גרם,false,1,21.90,2.92,true,1,
7290018045503,false,דגנ בוקר הלו קיטי לבבות 311גר,ר.ב. מוצרי דגנים בעמ,,,"י""ח",311,ל  גרם,false,1,23.90,7.68,false,1,
7290018045695,false,דגנים במילוי קרם קרמל מלוח 480גר,ר.ב. מוצרי דגנים בעמ,,,"י""ח",750,ל  גרם,false,1,21.90,2.92,true,1,
7290018045893,false,דגנים במילוי קרם נוגט 480גר,ר.ב. מוצרי דגנים בעמ,,,"י""ח",750,ל  גרם,false,1,21.90,2.92,true,1,
7290018071205,false,כפפות ניטרו -Vכחולות ללא אבקה EASY TOUCH,אינטרסן (1996) בעמ,,,"י""ח",100,"י""ח",false,1,21.90,0.22,true,1,
7290018071212,false,כפפות ניטרו -Vכחולות ללא אבקה M EASY TOU,אינטרסן (1996) בעמ,,,"י""ח",100,"י""ח",false,1,21.90,0.22,true,1,
7290018071236,false,כפפות ניטרו -Vכחולות ללא אבקה XL EASY T,אינטרסן (1996) בעמ,,,"י""ח",100,"י""ח",false,1,21.90,0.22,true,1,
7290018071311,false,כיסוי ניילון עם גומי ניצמד  30 יח,אינטרסן (1996) בעמ,,,"י""ח",30,"י""ח",false,1,14.90,0.50,true,1,
7290018091029,false,"מקלות פילו תפו""א  450ג קפוא",תנובה בשר,,,"י""ח",450,ל  גרם,false,1,17.90,3.98,false,1,
7290018091234,false,פיצה מקסיקנית  260ג.,תנובה בשר,,,"י""ח",260,ל  גרם,false,1,14.90,5.73,false,1,
7290018091265,false,פיצה נפוליטנה 330ג מעדנות,תנובה בשר,,,"י""ח",330,ל  גרם,false,1,19.90,6.03,false,1,
7290018091616,false,מקלות פילו גבינה 450ג קפוא,תנובה בשר,,,"י""ח",450,ל  גרם,false,1,17.90,3.98,false,1,
7290018091876,false,מאפה פילו גבינה 320ג,תנובה בשר,,,"י""ח",600,ל  גרם,false,1,19.90,3.32,false,1,
7290018098578,false,המבורגר Beef free 230גר,גורי מוצרי צריכה בעמ,,,"י""ח",230,ל  גרם,false,1,21.90,9.52,false,1,
7290018127452,false,פתי בר ללא גלוטן 200ג,אבאל יזמות בעמ,,,"י""ח",200,ל  גרם,false,1,16.90,8.45,false,1,
7290018131077,false,נסטלה מילקה שלגון וניל 71ג,נגה גלידות,,,"י""ח",70,ל  גרם,false,1,12.90,18.43,true,1,
7290018131336,false,נסטלה שלגון ליון 66ג,נגה גלידות,,,"י""ח",66,ל  גרם,false,1,11.90,18.03,true,1,
7290018131831,false,מאגדת שלגון מילקה וניל 4*66גר,נגה גלידות,,,"י""ח",284,ל  גרם,false,1,36.90,12.99,false,1,
7290018131855,false,מאגדת אקסטרים בראוניז  X 6,נגה גלידות,,,"י""ח",1,,false,1,35.90,35.90,false,1,
7290018131930,false,לה פרוטה מאגדת בננה תמר פקאן 5*65גר,נגה גלידות,,,"י""ח",325,ל  גרם,false,1,29.90,9.20,false,1,
7290018132388,false,"מטרנה גולד שלב 2 700גר בד""ץ",קבוצת אוסם סחר-שות.מוגבלת,,,"י""ח",700,ל  גרם,false,1,74.90,10.70,true,1,
7290018132425,false,"מטרנה גולד שלב 3 700גר בד""ץ",קבוצת אוסם סחר-שות.מוגבלת,,,"י""ח",700,ל  גרם,false,1,74.90,10.70,true,1,
7290018156124,false,"אל סבון שלישייה קמיל בלו ד""ר פישר צבעו",פישר תעשיות פרמבצטיות בעמ,,,"י""ח",3,"י""ח",false,1,19.90,6.63,false,1,
7290018165195,false,"יין פלטינום קברנה סוביניון 750מ""ל",טמפו משקאות בעמ,,,"י""ח",750,"ל  מ""ל",false,1,69.90,9.28,false,1,
7290018165447,false,רזרב  מרלו ברקן GOLD EDITION,טמפו משקאות בעמ,,,"י""ח",750,"ל  מ""ל",false,1,49.90,6.61,true,1,
7290018192023,false,סלרי.,ביכורי השדה צפון 1994 ג.ד. בעמ,,,"י""ח",1,,false,1,5.90,5.90,false,1,
7290018192658,false,פטריות  צמד איטלקי,ביכורי השדה צפון 1994 ג.ד. בעמ,,,"י""ח",1,,false,1,19.90,19.90,false,1,
7290018194201,false,"סודה ספארק 250מ""ל לימון בודד",בני פאוזי שמשום (2009) בעמ,,,"י""ח",250,"ל  מ""ל",false,1,2.90,1.04,true,1,
7290018194218,false,"סודה ספארק 250מ""ל נענע ליים בודד",בני פאוזי שמשום (2009) בעמ,,,"י""ח",250,"ל  מ""ל",false,1,2.90,1.04,true,1,
7290018194331,false,"משקה מוגז פליי בטעם תפוח 250מ""ל",בני פאוזי שמשום (2009) בעמ,,,"י""ח",250,"ל  מ""ל",false,1,3.90,1.44,true,1,
7290018195475,false,קקאו 370ג,טעמן שווק מזון בעמ,,,"י""ח",370,ל  גרם,false,1,10.90,2.95,false,1,
7290018198056,false,"תפוגן קוביות תפוחי אדמה  1.5ק""ג",קבוצת אוסם סחר-שות.מוגבלת,,,"י""ח",1.50,"ק""ג",false,1,24.90,16.60,false,1,
7290018198100,false,"תפוגן רוסטיק ציפס  1.5ק""ג",קבוצת אוסם סחר-שות.מוגבלת,,,"י""ח",1.50,"ק""ג",false,1,24.90,16.60,false,1,
7290018198148,false,"תפוגן קריספי צ`יפס קלאסי 1.25ק""ג",קבוצת אוסם סחר-שות.מוגבלת,,,"י""ח",1.50,"ק""ג",false,1,27.90,18.60,false,1,
7290018198209,false,תפוגן צ`יפס בטטה קראנצי 500גר,קבוצת אוסם סחר-שות.מוגבלת,,,"י""ח",500,ל  גרם,false,1,21.90,4.38,false,1,
7290018198254,false,"תפוגן קריספי צ`יפס פוטטוס 1.25ק""ג",קבוצת אוסם סחר-שות.מוגבלת,,,"י""ח",1.50,"ק""ג",false,1,27.90,18.60,false,1,
7290018198384,false,"תפוגן צ`יפס קריספי פרוסות לתנור 1.25ק""ג",קבוצת אוסם סחר-שות.מוגבלת,,,"י""ח",1.25,"ק""ג",false,1,27.90,22.32,false,1,
7290018208472,false,"תמר מג`הול 1ק""ג מחנה יהודה.",א.מ. עישבי תיבול תקומה בעמ,,,"י""ח",1,"ק""ג",false,1,19.90,19.90,true,1,
7290018208489,false,תמר מג`הול 800גר פרימים מחנה יהודה,א.מ. עישבי תיבול תקומה בעמ,,,"י""ח",800,ל  גרם,false,1,24.90,3.11,true,1,
7290018208496,false,תמר מג`הול 650גר סופר פרימים מחנה יהוד,א.מ. עישבי תיבול תקומה בעמ,,,"י""ח",650,ל  גרם,false,1,24.90,3.83,true,1,
7290018213438,false,שקיות אשפה גורילה עם ידיות 75*90 25יח,מ.א.ייצור ויבוא מטליות בעמ,,,"י""ח",25,"י""ח",false,1,9.90,0.40,false,1,
7290018237281,false,עוף טוב נקניק סלמי ירדן 550גר,קבוצת אוסם סחר-שות.מוגבלת,,,"י""ח",550,ל  גרם,false,1,25.90,4.71,true,1,
7290018237373,false,עוף טוב פסטרמה צרובה על הגריל  300גרם,קבוצת אוסם סחר-שות.מוגבלת,,,"י""ח",300,ל  גרם,false,1,25.90,8.63,true,1,
7290018237397,false,עוף טוב פסטרמה מקורמלת נתח שלם 300גרם,קבוצת אוסם סחר-שות.מוגבלת,,,"י""ח",300,ל  גרם,false,1,25.90,8.63,true,1,
7290018237410,false,עוף טוב פסטרמה במעשנה נתח שלם 300גרם,קבוצת אוסם סחר-שות.מוגבלת,,,"י""ח",300,ל  גרם,false,1,25.90,8.63,true,1,
7290018237502,false,עוף טוב דק דק כתף בקר 200גר.,קבוצת אוסם סחר-שות.מוגבלת,,,"י""ח",200,ל  גרם,false,1,20.90,10.45,false,1,
7290018237922,false,שניצלונים ציפוי צ`יפס ]עוף  טוב[,קבוצת אוסם סחר-שות.מוגבלת,,,"י""ח",700,ל  גרם,false,1,14.90,2.13,false,1,
7290018237939,false,שניצלונים]עוף  טוב[.,קבוצת אוסם סחר-שות.מוגבלת,,,"י""ח",700,ל  גרם,false,1,14.90,2.13,false,1,
7290018237960,false,עוף טוב כתף בקר עסיסי 265 גרם,קבוצת אוסם סחר-שות.מוגבלת,,,"י""ח",265,ל  גרם,false,1,29.90,11.28,true,1,
7290018294352,false,"ארק כרמל 700מ""ל.",אגודת הכורמים,,,"י""ח",700,"ל  מ""ל",false,1,59.90,8.51,true,1,
7290018294895,false,"מונלייט לבן חצי מתוק  750מ""ל",אגודת הכורמים,,,"י""ח",750,"ל  מ""ל",false,1,45.90,6.08,true,1,
7290018333112,false,אריזת טופי אצבעות מיקס 402ג,כרמית תעשיות ממתקים בעמ,,,"י""ח",402,ל  גרם,false,1,11.90,2.96,false,1,
7290018333945,false,חטיף אגוזים רפאלס שקד ווניל 150ג,כרמית תעשיות ממתקים בעמ,,,"י""ח",150,ל  גרם,false,1,15.90,10.60,false,1,
7290018333952,false,חטיף אגוזים רפאלס וחמוציות  150ג,כרמית תעשיות ממתקים בעמ,,,"י""ח",150,ל  גרם,false,1,15.90,10.60,false,1,
7290018333969,false,חטיף אגוזים רפאלס שקדים וטחינה  150ג,כרמית תעשיות ממתקים בעמ,,,"י""ח",150,ל  גרם,false,1,15.90,10.60,false,1,
7290018333976,false,חטיף אגוזים רפאלס קשיו וקוקוס  150ג,כרמית תעשיות ממתקים בעמ,,,"י""ח",150,ל  גרם,false,1,15.90,10.60,false,1,
7290018343340,false,שמפו משקם S&R לאחר החלקה או עיצוב בחום,פישר תעשיות פרמבצטיות בעמ,,,"י""ח",400,"ל  מ""ל",false,1,39.90,9.98,false,1,
7290018343517,false,מגבונים לניקוי משטחים 60יח אלכוג`ל,פישר תעשיות פרמבצטיות בעמ,,,"י""ח",60,"י""ח",false,1,19.90,0.33,false,1,
7290018343692,false,מגבונים 60 אלכוג`ל 70%,פישר תעשיות פרמבצטיות בעמ,,,"י""ח",60,"י""ח",false,1,24.90,0.42,false,1,
7290018359129,false,עגבניה פולפה חתוכות מקולפות דק יכין690.,זנלכל בעמ,,,"י""ח",690,ל  גרם,false,1,9.90,1.43,false,1,
7290018359358,false,רוטב עג  פריכוז יכין 3*200גר,זנלכל בעמ,,,"י""ח",600,ל  גרם,false,1,12.90,2.15,false,1,
7290018359464,false,קראנצ`י תירס חטיף טבעי יכין 27גר,זנלכל בעמ,,,"י""ח",27,ל  גרם,false,1,10.90,40.37,true,1,
7290018359495,false,תירס מהשדה ללא תוספת סוכר 550ג יכין,זנלכל בעמ,,,"י""ח",550,ל  גרם,false,1,9.90,1.80,false,1,
7290018359518,false,תירס מהשדה ללא תוספת סוכר 3*200ג יכין,זנלכל בעמ,,,"י""ח",600,ל  גרם,false,1,14.90,2.48,false,1,
7290018359556,false,תירס מהשדה ללא תוספת סוכר 400ג יכין,זנלכל בעמ,,,"י""ח",400,ל  גרם,false,1,6.90,1.73,false,1,
7290018359587,false,חומוס הקטניה הטובה יכין 3*200גר.,זנלכל בעמ,,,"י""ח",600,ל  גרם,false,1,12.90,2.15,true,1,
7290018359686,false,~חומוס ענק יכין 550ג,זנלכל בעמ,,,"י""ח",520,ל  גרם,false,1,9.90,1.90,false,1,
7290018359716,false,רוטב פיצה טוסקנה יכין 240גר,זנלכל בעמ,,,"י""ח",240,"ל  מ""ל",false,1,5.50,2.29,false,1,
7290018359877,false,רסק עגבניות ליקופן טבעי 3*200גר יכין.,זנלכל בעמ,,,"י""ח",400,ל  גרם,false,1,14.90,3.73,true,1,
7290018359938,false,רוטב עגבניות לשקשוקה יכין 400גר,זנלכל בעמ,,,"י""ח",400,ל  גרם,false,1,10.90,2.73,false,1,
7290018359945,false,רוטב פיקנטי מפלפלים וירקות יכין 400גר,זנלכל בעמ,,,"י""ח",400,ל  גרם,false,1,10.90,2.73,false,1,
7290018359952,false,רוטב עגבניות לפסטה יכין 400גר,זנלכל בעמ,,,"י""ח",400,ל  גרם,false,1,10.90,2.73,false,1,
7290018359969,false,רוטב עגבניות לפיצה יכין 400גר,זנלכל בעמ,,,"י""ח",400,ל  גרם,false,1,10.90,2.73,false,1,
7290018400036,false,חגיגת טעמים כתומים 800ג,תנובה בשר,,,"י""ח",800,ל  גרם,false,1,22.90,2.86,true,1,
7290018400456,false,סמוטיז עם פיטאיה 300ג,תנובה בשר,,,"י""ח",300,ל  גרם,false,1,16.90,5.63,true,1,
7290018440070,false,תרכיז עגבניות שפורפרת B28 200ג,תה ויסוצקי (ישראל)בעמ,,,"י""ח",200,ל  גרם,false,1,8.90,4.45,false,1,
7290018440193,false,פליפז בייגלה מצופה ח.בוטנים 140ג,תה ויסוצקי (ישראל)בעמ,,,"י""ח",140,ל  גרם,false,1,8.90,6.36,true,1,
7290018440223,false,חווית צאי מסאלה 25יח,תה ויסוצקי (ישראל)בעמ,,,"י""ח",25,"י""ח",false,1,19.90,0.80,true,1,
7290018440247,false,חווית צאי שקדים  25יח,תה ויסוצקי (ישראל)בעמ,,,"י""ח",25,"י""ח",false,1,19.90,0.80,true,1,
7290018440254,false,חווית צאי קרמל מלוח  25יח,תה ויסוצקי (ישראל)בעמ,,,"י""ח",25,"י""ח",false,1,19.90,0.80,true,1,
7290018440384,false,תה ירוק מאטה לימון נענע 25יח,תה ויסוצקי (ישראל)בעמ,,,"י""ח",25,"י""ח",false,1,24.90,1,true,1,
7290018440391,false,תה ירוק מאטה נענע גוארנה 25יח,תה ויסוצקי (ישראל)בעמ,,,"י""ח",25,"י""ח",false,1,24.90,1,true,1,
7290018440438,false,טונה בשמן זית שלישיה *65גרם,תה ויסוצקי (ישראל)בעמ,,,"י""ח",195,ל  גרם,false,1,25.90,13.28,true,1,
7290018440476,false,פליפז בייגלה מצופה קרם עוגת גבינה 140ג,תה ויסוצקי (ישראל)בעמ,,,"י""ח",140,ל  גרם,false,1,8.90,6.36,true,1,
7290018440483,false,פליפז בייגלה מצופה קרמל מלוח 140ג,תה ויסוצקי (ישראל)בעמ,,,"י""ח",140,ל  גרם,false,1,8.90,6.36,true,1,
7290018440490,false,סלט טונה עם קוסקוס 150ג,תה ויסוצקי (ישראל)בעמ,,,"י""ח",150,ל  גרם,false,1,13.90,9.27,true,1,
7290018443040,false,נבטים סיניים שמיטה,ביכורי השדה צפון 1994 ג.ד. בעמ,,,"י""ח",1,,false,1,7.90,7.90,false,1,
7290018443064,false,נבטים אלפלפא שמיטה,ביכורי השדה צפון 1994 ג.ד. בעמ,,,"י""ח",1,,false,1,7.90,7.90,false,1,
7290018443255,false,בייבי בטטה,ביכורי השדה צפון 1994 ג.ד. בעמ,,,"י""ח",1,,false,1,8.90,8.90,false,1,
7290018443385,false,חסה מהדרין שמיטה,ביכורי השדה צפון 1994 ג.ד. בעמ,,,"י""ח",1,,false,1,6.90,6.90,true,1,
7290018443545,false,פלפל צ`ילי אדום 200גר,ביכורי השדה צפון 1994 ג.ד. בעמ,,,"י""ח",200,ל  גרם,false,1,10.90,5.45,false,1,
7290018443712,false,כרובית ארוזה,ביכורי השדה צפון 1994 ג.ד. בעמ,,,"י""ח",1,"י""ח",false,1,10.90,10.90,false,1,
7290018443728,false,באק-צוי זוג פראש,לפ ביכורי הנגב מ.ד בעמ,,,"י""ח",1,"ק""ג",false,1,12.90,12.90,false,1,
7290018443750,false,חסה משי פראש,ביכורי השדה צפון 1994 ג.ד. בעמ,,,"י""ח",100,ל  גרם,false,1,10.90,10.90,false,1,
7290018443828,false,צמד חסה אייסברג,ביכורי השדה צפון 1994 ג.ד. בעמ,,,"י""ח",150,ל  גרם,false,1,10.90,7.27,false,1,
7290018443873,false,ברוקובית ארוז,ביכורי השדה צפון 1994 ג.ד. בעמ,,,"י""ח",1,,false,1,18.90,18.90,false,1,
7290018471029,false,סודה  טעם לימון שוופס 0.5ל שישייה,יפאורה שותפות מוגבלת לשיווק,,,"י""ח",300,"ל  מ""ל",false,1,13.90,4.03,false,1,
7290018471302,false,"שוופס טוניק  250מ""ל 1/4",יפאורה שותפות מוגבלת לשיווק,,,"י""ח",1,ליטר,false,1,21.10,21.10,true,1,
7290018471319,false,"שוופס ביטר לימון 250מ""ל 1/4",יפאורה שותפות מוגבלת לשיווק,,,"י""ח",1,ליטר,false,1,21.10,21.10,true,1,
7290018471395,false,פרוט  ווג` סלק רימון גזר,יפאורה שותפות מוגבלת לשיווק,,,"י""ח",1,ליטר,false,1,12.90,12.90,false,1,
7290018471463,false,תפוזינה נקטר תפוז מנגו 1ל קרטון,יפאורה שותפות מוגבלת לשיווק,,,"י""ח",1,ליטר,false,1,8.10,8.10,false,1,
7290018471470,false,תפוזינה נקטר תפוז פסיפלורה 1ל קרטון,יפאורה שותפות מוגבלת לשיווק,,,"י""ח",1,ליטר,false,1,8.10,8.10,false,1,
7290018471487,false,תפוזינה נקטר תפוז אננס 1ל קרטון,יפאורה שותפות מוגבלת לשיווק,,,"י""ח",1,ליטר,false,1,8.10,8.10,false,1,
7290018471494,false,תפוזינה נקטר תפוז גזר 1ל קרטון,יפאורה שותפות מוגבלת לשיווק,,,"י""ח",1,ליטר,false,1,8.10,8.10,false,1,
7290018471548,false,"ספרינג ענבים  250מ""ל רביעייה",יפאורה שותפות מוגבלת לשיווק,,,"י""ח",1,ליטר,false,1,12.90,12.90,true,1,
7290018471630,false,.שוופס טוניק מלפפון ליים 1ליטר,יפאורה שותפות מוגבלת לשיווק,,,"י""ח",1,ליטר,false,1,9.40,9.40,true,1,
7290018471692,false,ספרינג שייק בננה אננס קוקוס קרטונית 1,יפאורה שותפות מוגבלת לשיווק,,,"י""ח",1,ליטר,false,1,11.60,11.60,true,1,
7290018471906,false,שוופס מוגז פירות לימונדה ורודה   1.5ל,יפאורה שותפות מוגבלת לשיווק,,,"י""ח",1.50,ליטר,false,1,8.80,5.67,true,1,
7290018471913,false,שוופס מוגז פירות תפוחים 1.5ל,יפאורה שותפות מוגבלת לשיווק,,,"י""ח",1.50,ליטר,false,1,8.80,5.67,true,1,
7290018471920,false,שוופס מוגז פירות ענבים 1.5ל,יפאורה שותפות מוגבלת לשיווק,,,"י""ח",1.50,ליטר,false,1,8.80,5.67,true,1,
7290018471937,false,שוופס מוגז פירות תות ליים 1.5ל,יפאורה שותפות מוגבלת לשיווק,,,"י""ח",1.50,ליטר,false,1,8.80,5.67,true,1,
7290018471944,false,שוופס מוגז פירות לימונייד 1.5ל,יפאורה שותפות מוגבלת לשיווק,,,"י""ח",1.50,ליטר,false,1,8.80,5.67,true,1,
7290018471951,false,שוופס מוגז פירות אשכולית אדומה 1.5ל,יפאורה שותפות מוגבלת לשיווק,,,"י""ח",1.50,ליטר,false,1,8.80,5.67,true,1,
7290018493748,false,מגבונים להסרת איפור אקסטרה סופט דר פיש.,פישר תעשיות פרמבצטיות בעמ,,,"י""ח",1,,false,1,29.90,29.90,false,1,
7290018493977,false,אל סבון נוזלי לידיים קמיל 1ליטר,פישר תעשיות פרמבצטיות בעמ,,,"י""ח",1,ליטר,false,1,15.90,15.90,true,1,
7290018500361,false,לחם אחיד פרוס אנג ל 900גרם  *,שלמה א.אנג ל בעמ,,,"י""ח",900,ל  גרם,false,1,8.53,0.95,false,1,
7290018507438,false,נתחי חזה עוף בציפוי פריך 600ג,תנובה בשר,,,"י""ח",700,ל  גרם,false,1,42.90,6.13,false,1,
7290018516324,false,פרינוק מחית תפוח וש.שועל 120ג,גורי מוצרי צריכה בעמ,,,"י""ח",120,ל  גרם,false,1,5.90,4.92,true,1,
7290018516331,false,פרינוק מחית בננה וש.שועל  120ג,גורי מוצרי צריכה בעמ,,,"י""ח",120,ל  גרם,false,1,5.90,4.92,true,1,
7290018517086,false,מעדן פרי דובדבן ללא סוכר 280גר,נאמן לאורך זמן בעמ,,,"י""ח",280,ל  גרם,false,1,11.90,4.25,false,1,
7290018517116,false,מעדן פרי אוכמניות ללא סוכר 280גר,נאמן לאורך זמן בעמ,,,"י""ח",280,ל  גרם,false,1,11.90,4.25,false,1,
7290018517215,false,רסק תפוחי עץ ללא תוספת סוכר 710גר,נאמן לאורך זמן בעמ,,,"י""ח",710,ל  גרם,false,1,10.90,1.54,false,1,
7290018517246,false,רוטב רימונים מרוכז 340גר,נאמן לאורך זמן בעמ,,,"י""ח",340,ל  גרם,false,1,9.90,2.91,false,1,
7290018540329,false,פיתה אנגל בלדי 8יח.,שלמה א.אנג ל בעמ,,,"י""ח",8,"י""ח",false,1,11.90,1.49,false,1,
7290018556924,false,משקה אלכהלי מחנה יהודה לימון 700 מייל,פיירוואטר בעמ,,,"י""ח",750,"ל  מ""ל",false,1,40.20,5.32,true,1,
7290018564592,false,שום כתוש שף הטבע 200גר,קפוא זן תעשיות מזון בעמ,,,"י""ח",200,ל  גרם,false,1,12.90,6.45,false,1,
7290018564608,false,בזיליקום קצוץ צנצנת 200ג שף הטבע,קפוא זן תעשיות מזון בעמ,,,"י""ח",200,ל  גרם,false,1,16.90,8.45,false,1,
7290018564622,false,שום כתוש שף הטבע.,קפוא זן תעשיות מזון בעמ,,,"י""ח",1,"י""ח",false,1,12.90,12.90,false,1,
7290018571064,false,מקלוני טופי 450ג,מיה תעשיות מזון מ.ת.מ בעמ,,,"י""ח",450,ל  גרם,false,1,15.90,3.53,false,1,
7290018571088,false,טופי חמוצמוץ 600ג,מיה תעשיות מזון מ.ת.מ בעמ,,,"י""ח",600,ל  גרם,false,1,15.90,2.65,false,1,
7290018571231,false,עדשי שוקולד לאפיה 400גר,מיה תעשיות מזון מ.ת.מ בעמ,,,"י""ח",400,ל  גרם,false,1,18.90,4.73,false,1,
7290018571422,false,לקקנים מולטיקולור מיקס 65יח,מיה תעשיות מזון מ.ת.מ בעמ,,,"י""ח",65,"י""ח",false,1,18.90,0.29,false,1,
7290018571491,false,ריבת חלב אמיתית 340 גרם מיה.,מיה תעשיות מזון מ.ת.מ בעמ,,,"י""ח",340,ל  גרם,false,1,14.90,4.38,false,1,
7290018571507,false,סוכריות ויטמין C ילדים דובונים 175גר מיה,מיה תעשיות מזון מ.ת.מ בעמ,,,"י""ח",175,ל  גרם,false,1,39.90,22.80,false,1,
7290018571521,false,סוכריות מולטי ויטמין ילדים דובונים 175גר,מיה תעשיות מזון מ.ת.מ בעמ,,,"י""ח",175,ל  גרם,false,1,39.90,22.80,false,1,
7290018571569,false,"תמצית וניל טהורה 30מ""ל",מיה תעשיות מזון מ.ת.מ בעמ,,,"י""ח",30,ל  גרם,false,1,29.90,99.67,false,1,
7290018571590,false,שמן שקדים מזוכך 1 ליטר,מיה תעשיות מזון מ.ת.מ בעמ,,,"י""ח",1,ליטר,false,1,25.90,25.90,false,1,
7290018571620,false,סוכריות מולטי ויטמין נשים 240גר,מיה תעשיות מזון מ.ת.מ בעמ,,,"י""ח",240,ל  גרם,false,1,39.90,16.63,false,1,
7290018571637,false,סוכריות מולטי ויטמין גברים 220גר,מיה תעשיות מזון מ.ת.מ בעמ,,,"י""ח",220,ל  גרם,false,1,39.90,18.14,false,1,
7290018571668,false,סוכריות +C+Dאבץ משפחתי כוכב 210גר,מיה תעשיות מזון מ.ת.מ בעמ,,,"י""ח",210,ל  גרם,false,1,39.90,19,false,1,
7290018571705,false,"אורז יסמין 1 ק""ג",מיה תעשיות מזון מ.ת.מ בעמ,,,"י""ח",1,"ק""ג",false,1,10.90,10.90,true,1,
7290018571712,false,"אורז בסגנון פרסי 1 ק""ג",מיה תעשיות מזון מ.ת.מ בעמ,,,"י""ח",1,"ק""ג",false,1,9.90,9.90,true,1,
7290018571729,false,"אורז ריזוטו עגול 1 ק""ג",מיה תעשיות מזון מ.ת.מ בעמ,,,"י""ח",1,"ק""ג",false,1,8.90,8.90,false,1,
7290018571736,false,"אורז בסמטי 1 ק""ג",מיה תעשיות מזון מ.ת.מ בעמ,,,"י""ח",1,"ק""ג",false,1,10.90,10.90,true,1,
7290018571804,false,ג`לי מטבעות 255גר,מיה תעשיות מזון מ.ת.מ בעמ,,,"י""ח",255,ל  גרם,false,1,9.90,3.88,false,1,
7290018626290,false,פיצה מרגריטה עגבניות ובזיליקום 400ג.,***אדום גרופ למזון שיווק***,,,"י""ח",350,ל  גרם,false,1,10.90,3.11,false,1,
7290018626306,false,פיצה מרגריטה פטריות 400ג,***אדום גרופ למזון שיווק***,,,"י""ח",400,ל  גרם,false,1,10.90,2.73,false,1,
7290018652039,false,לה קרמריה קרמל מלוח ונוגט  1.4 ליטר,נגה גלידות,,,"י""ח",1.40,ליטר,false,1,18.90,13.50,false,1,
7290018652190,false,גלידה  קראנץ`בר אימפלס,נגה גלידות,,,"י""ח",65,ל  גרם,false,1,9.90,15.23,true,1,
7290018652770,false,טילון גולדה 115גר,נגה גלידות,,,"י""ח",115,ל  גרם,false,1,9.90,8.61,true,1,
7290018652909,false,מאגדת אספרסו שוקולד 5*43גר,נגה גלידות,,,"י""ח",215,ל  גרם,false,1,29.90,13.91,false,1,
7290018652923,false,מאגדת תות עוגת גבינה 5*43גר,נגה גלידות,,,"י""ח",215,ל  גרם,false,1,29.90,13.91,false,1,
7290018703083,false,חטיף דאבל שוקולד קראנץ 60ג,דיפלומט מפיצים (1968) בעמ**,,,"י""ח",60,ל  גרם,false,1,13.90,23.17,false,1,
7290018703243,false,חטיף חלבון קרמל קראנצי 60ג,דיפלומט מפיצים (1968) בעמ**,,,"י""ח",60,ל  גרם,false,1,13.90,23.17,false,1,
7290018708118,false,בארכה חלבה וניל פיסטוק ללא סוכר 350גר,קבוצת אוסם סחר-שות.מוגבלת,,,"י""ח",350,ל  גרם,false,1,14.90,4.26,false,1,
7290018732809,false,אבוקדו בשל מארז.,ביכורי השדה צפון 1994 ג.ד. בעמ,,,"י""ח",1,"ק""ג",false,1,8.90,8.90,false,1,
7290018792841,false,גאנה אבקת קקאו טבעי 150ג,תה ויסוצקי (ישראל)בעמ,,,"י""ח",150,ל  גרם,false,1,9.90,6.60,false,1,
7290018792858,false,גאנה אבקת קקאו טבעי 500ג,תה ויסוצקי (ישראל)בעמ,,,"י""ח",500,ל  גרם,false,1,24.90,4.98,false,1,
7290018818275,false,פיצה קונו מרגריטה,***אדום גרופ למזון שיווק***,,,"י""ח",350,ל  גרם,false,1,10.90,3.11,false,1,
7290018835005,false,אקסטרה צ`יפס אורז חום מלא מלח פלפל 60ג,א.ל.יצור ושיווקתבלינים בעמ,,,"י""ח",60,ל  גרם,false,1,7.90,13.17,true,1,
7290018835029,false,מרק טעם עוף 400גר,א.ל.יצור ושיווקתבלינים בעמ,,,"י""ח",400,ל  גרם,false,1,12.90,3.23,true,1,
7290018860984,false,אטריות ביצים דקות 400ג,מזרח ומערב יבוא ושיווק,,,"י""ח",4,"ק""ג",false,1,9.90,2.48,true,1,
7290018860991,false,אטריות ביצים רחבות  400ג,מזרח ומערב יבוא ושיווק,,,"י""ח",4,"ק""ג",false,1,9.90,2.48,true,1,
7290018878002,false,אגו מיקס קרקר מצופה שוקולג חלב 55ג,כרמית תעשיות ממתקים בעמ,,,"י""ח",55,ל  גרם,false,1,3.90,7.09,true,1,
7290018878019,false,שוקולד ציפס מריר 47% 250ג,כרמית תעשיות ממתקים בעמ,,,"י""ח",250,ל  גרם,false,1,11.90,4.76,false,1,
7290018878088,false,שוקולד מריר ללא סוכר שלשות *85ג,כרמית תעשיות ממתקים בעמ,,,"י""ח",255,ל  גרם,false,1,15.90,6.24,false,1,
7290018878095,false,שוקולד חלב ללא סוכר שלשות *85ג,כרמית תעשיות ממתקים בעמ,,,"י""ח",255,ל  גרם,false,1,15.90,6.24,false,1,
7290018878125,false,שוקולד לבן ללא סוכר שלשות *85ג,כרמית תעשיות ממתקים בעמ,,,"י""ח",255,ל  גרם,false,1,15.90,6.24,false,1,
7290018893005,false,חטיפי בייגלה אפוי דבש וחרדל 160ג.,ש.שסטוביץ בעמ,,,"י""ח",200,ל  גרם,false,1,6.90,3.45,false,1,
7290018893074,false,צוקטה עוגת שכבות עם ליקר וניל 400גר,ש.שסטוביץ בעמ,,,"י""ח",400,ל  גרם,false,1,10.90,2.73,false,1,
7290018893258,false,צוקטה עוגות אישיות עשירייה קרמל,ש.שסטוביץ בעמ,,,"י""ח",300,ל  גרם,false,1,12.90,4.30,false,1,
7290018893401,false,צוקטה שוקולד פרימיום 70% 100ג.,ש.שסטוביץ בעמ,,,"י""ח",100,ל  גרם,false,1,8.90,8.90,true,1,
7290018893418,false,צוקטה שוקולד מריר 60% 1/6,ש.שסטוביץ בעמ,,,"י""ח",600,ל  גרם,false,1,21.90,3.65,false,1,
7290018893456,false,צוקטה עוגות אישיות עשירייה.,ש.שסטוביץ בעמ,,,"י""ח",300,ל  גרם,false,1,12.90,4.30,false,1,
7290018893487,false,צוקטה עוגות אישיות עשירייה קוקוס,ש.שסטוביץ בעמ,,,"י""ח",300,ל  גרם,false,1,12.90,4.30,false,1,
7290018893654,false,חטיפי בייגלה שטוח מלח 200ג,ש.שסטוביץ בעמ,,,"י""ח",200,ל  גרם,false,1,6.90,3.45,false,1,
7290018893852,false,חטיפי בייגלה דקיקים עם שומשום 200ג,ש.שסטוביץ בעמ,,,"י""ח",200,ל  גרם,false,1,6.90,3.45,false,1,
7290018893876,false,צוקטה עוגות אישיות 1/8 וניל,ש.שסטוביץ בעמ,,,"י""ח",240,ל  גרם,false,1,11.90,4.96,true,1,
7290018893906,false,צוקטה עוגיות סנדוויץ וניל 250גר,ש.שסטוביץ בעמ,,,"י""ח",250,ל  גרם,false,1,7.90,3.16,true,1,
7290018893920,false,לוקיטוס סוכריות גלי טעם פירות 700ג.,ש.שסטוביץ בעמ,,,"י""ח",700,ל  גרם,false,1,19.90,2.84,false,1,
7290018893937,false,לוקיטוס סוכריות גלי טעם פירות 300ג,ש.שסטוביץ בעמ,,,"י""ח",300,ל  גרם,false,1,9.90,3.30,false,1,
7290018893951,false,צ`וקטה וופל חמאה קינמון 100גר,ש.שסטוביץ בעמ,,,"י""ח",100,ל  גרם,false,1,9.90,9.90,true,1,
7290018894019,false,בלקוני עוגות מיקס מקס חלב 350גר,ש.שסטוביץ בעמ,,,"י""ח",350,ל  גרם,false,1,14.90,4.26,false,1,
7290018894217,false,בלקוני עוגות מיקס מקס קקאו 350גר,ש.שסטוביץ בעמ,,,"י""ח",350,ל  גרם,false,1,14.90,4.26,false,1,
7290018894248,false,שוקולד חלב צוקטה שלישייה 100ג.,ש.שסטוביץ בעמ,,,"י""ח",300,"ל  מ""ל",false,1,13.90,4.63,true,1,
7290018894606,false,בלקוני וופל קקאו 175ג,ש.שסטוביץ בעמ,,,"י""ח",175,ל  גרם,false,1,7.90,4.51,true,1,
7290018894804,false,בלקוני וופל אגוזים 175ג,ש.שסטוביץ בעמ,,,"י""ח",175,ל  גרם,false,1,7.90,4.51,true,1,
7290018921029,false,מגבוני קמיל בלו רביעייה סנסיטיב.,פישר תעשיות פרמבצטיות בעמ,,,"י""ח",4,"י""ח",false,1,21.90,5.48,true,1,
7290018921067,false,אפקטיב קר תחליב רחצה מועשר בשמן 700מ,פישר תעשיות פרמבצטיות בעמ,,,"י""ח",700,"ל  מ""ל",false,1,16.90,2.41,true,1,
7290018921203,false,משחת החתלה לתינוק קמומיל 120ג,פישר תעשיות פרמבצטיות בעמ,,,"י""ח",120,ל  גרם,false,1,18.90,15.75,true,1,
7290018921654,false,"אפקטיב קר תחליב רחצה מועשר בתמצית 700מ""",פישר תעשיות פרמבצטיות בעמ,,,"י""ח",700,"ל  מ""ל",false,1,16.90,2.41,true,1,
7290018921753,false,קמיל בלו אל סבון היגייני לניקוי יסודי,פישר תעשיות פרמבצטיות בעמ,,,"י""ח",1,ליטר,false,1,15.90,15.90,true,1,
7290018921807,false,משחת החתלה לתינוק צמחי מרפא 120ג,פישר תעשיות פרמבצטיות בעמ,,,"י""ח",120,ל  גרם,false,1,21.90,18.25,true,1,
7290018925065,false,פרימור מיץ תפוזים סחוט 2ל`,שטראוס גרופ ***בעמ,,,"י""ח",2,ליטר,false,1,26.90,13.30,true,1,
7290018925072,false,פרימור משקה קל לימונים ונענע 2ל`,שטראוס גרופ ***בעמ,,,"י""ח",2,ליטר,false,1,26.90,13.30,true,1,
7290018925409,false,"מיץ לימון ואננס 400 מ""ל",שטראוס גרופ ***בעמ,,,"י""ח",400,"ל  מ""ל",false,1,7.90,1.90,true,1,
7290018925416,false,"מיץ לימון ופסיפלורה 400 מ""ל",שטראוס גרופ ***בעמ,,,"י""ח",400,"ל  מ""ל",false,1,7.90,1.90,true,1,
7290018989005,false,פולפה טבעית 3*400גר יכין A1.,זנלכל בעמ,,,"י""ח",800,ל  גרם,false,1,16.90,2.11,true,1,
7290018989081,false,חומוס הבית להכנת חומוס טרי יכין 410ג,זנלכל בעמ,,,"י""ח",410,ל  גרם,false,1,7.90,1.93,false,1,
7290019014065,false,נוזל רצפות 2ל ערפילי שחר  טאץ,סאסאטק אגשח בעמ,,,"י""ח",2,ליטר,false,1,18.90,9.45,true,1,
7290019036234,false,שיני שום קלופות 200גר.,ביכורי השדה צפון 1994 ג.ד. בעמ,,,"י""ח",1,,false,1,12.90,12.90,false,1,
7290019038016,false,"משקה מוגז פליי בטעם ליקריץ 250מ""ל",בני פאוזי שמשום (2009) בעמ,,,"י""ח",250,"ל  מ""ל",false,1,3.90,1.44,true,1,
7290019038023,false,"משקה מוגז פליי בטעם תמר הינדי 250מ""ל",בני פאוזי שמשום (2009) בעמ,,,"י""ח",250,"ל  מ""ל",false,1,3.90,1.44,true,1,
7290019056027,false,שוופס מוגז פירות תפוחים ללא סוכר 1.5ל,יפאורה שותפות מוגבלת לשיווק,,,"י""ח",1.50,ליטר,false,1,7.90,5.07,true,1,
7290019056034,false,שוופס מוגז פירות אננס ללא סוכר 1.5ל,יפאורה שותפות מוגבלת לשיווק,,,"י""ח",1.50,ליטר,false,1,7.90,5.07,true,1,
7290019056041,false,שוופס מוגז פירות לחמונייד ללא סוכר 1.5ל,יפאורה שותפות מוגבלת לשיווק,,,"י""ח",1.50,ליטר,false,1,7.90,5.07,true,1,
7290019056058,false,שוופס מוגז עדין תפוח ליים 1.5ליטר,יפאורה שותפות מוגבלת לשיווק,,,"י""ח",1.50,ליטר,false,1,8.60,5.53,true,1,
7290019056065,false,שוופס מוגז עדין פירות יער 1.5ליטר,יפאורה שותפות מוגבלת לשיווק,,,"י""ח",1.50,ליטר,false,1,8.60,5.53,true,1,
7290019056072,false,שוופס מוגז עדין אננס 1.5ליטר,יפאורה שותפות מוגבלת לשיווק,,,"י""ח",1.50,ליטר,false,1,8.60,5.53,true,1,
7290019056089,false,שוופס מוגז עדין ענבי ריזלינג 1.5ליטר,יפאורה שותפות מוגבלת לשיווק,,,"י""ח",1.50,ליטר,false,1,8.60,5.53,true,1,
7290019056096,false,שוופס מוגז עדין אפרסק 1.5ליטר,יפאורה שותפות מוגבלת לשיווק,,,"י""ח",1.50,ליטר,false,1,8.60,5.53,true,1,
7290019056126,false,סודה 1.5 ליטר לימון,יפאורה שותפות מוגבלת לשיווק,,,"י""ח",1.50,ליטר,false,1,4.30,2.67,true,1,
7290019056164,false,שוופס סודה רביעיה 1.5 ל,יפאורה שותפות מוגבלת לשיווק,,,"י""ח",6,ליטר,false,1,11.90,1.78,true,1,
7290019056171,false,שוופס סודה רביעיה 1.5 ל לימון,יפאורה שותפות מוגבלת לשיווק,,,"י""ח",6,ליטר,false,1,11.90,1.78,true,1,
7290019056188,false,שוופס סודה רביעיה 1.5 ל נענע ליים,יפאורה שותפות מוגבלת לשיווק,,,"י""ח",6,ליטר,false,1,11.90,1.78,true,1,
7290019056201,false,שוופס סודה רביעיה 1.5 ל פירות יער,יפאורה שותפות מוגבלת לשיווק,,,"י""ח",6,ליטר,false,1,11.90,1.78,true,1,
7290019056232,false,שוופס מוגז עדין ליים מוחיטו 1.5ליטר,יפאורה שותפות מוגבלת לשיווק,,,"י""ח",1.50,ליטר,false,1,8.60,5.53,true,1,
7290019056249,false,שוופס מים בטעמים ענבים 1.5 ליטר,יפאורה שותפות מוגבלת לשיווק,,,"י""ח",1.50,ליטר,false,1,8.50,5.47,true,1,
7290019056256,false,שוופס מים בטעמים תפוחים 1.5 ליטר,יפאורה שותפות מוגבלת לשיווק,,,"י""ח",1.50,ליטר,false,1,8.50,5.47,true,1,
7290019056263,false,שוופס מים בטעמים אפרסק 1.5 ליטר,יפאורה שותפות מוגבלת לשיווק,,,"י""ח",1.50,ליטר,false,1,8.50,5.47,true,1,
7290019056270,false,שוופס מים בטעמים פירות יער 1.5 ליטר,יפאורה שותפות מוגבלת לשיווק,,,"י""ח",1.50,ליטר,false,1,8.50,5.47,true,1,
7290019056294,false,שוופס ג`ינג`ר אייל 1.5ליטר,יפאורה שותפות מוגבלת לשיווק,,,"י""ח",1.50,ליטר,false,1,13.20,8.60,false,1,
7290019056300,false,שוופס ביטר למון 1.5ליטר,יפאורה שותפות מוגבלת לשיווק,,,"י""ח",1.50,ליטר,false,1,12.50,8.13,false,1,
7290019056324,false,שוופס טוניק 1.5ליטר,יפאורה שותפות מוגבלת לשיווק,,,"י""ח",1.50,ליטר,false,1,12.50,8.13,false,1,
7290019056331,false,.שוופס טוניק ללא סוכר 1.5ליטר,יפאורה שותפות מוגבלת לשיווק,,,"י""ח",1.50,ליטר,false,1,11.90,7.73,false,1,
7290019056355,false,תפוזינה  לימונענע 1.5 ליטר,יפאורה שותפות מוגבלת לשיווק,,,"י""ח",1.50,ליטר,false,1,9.20,5.93,true,1,
7290019056362,false,תפוזינה  ענבים 1.5 ליטר,יפאורה שותפות מוגבלת לשיווק,,,"י""ח",1.50,ליטר,false,1,9.20,5.93,true,1,
7290019056379,false,תפוזינה  תפוחים 1.5 ליטר,יפאורה שותפות מוגבלת לשיווק,,,"י""ח",1.50,ליטר,false,1,9.20,5.93,true,1,
7290019056386,false,תפוזינה  אשכוליות 1.5 ליטר,יפאורה שותפות מוגבלת לשיווק,,,"י""ח",1.50,ליטר,false,1,9.20,5.93,true,1,
7290019056393,false,תפוזינה  תות בננה 1.5 ליטר,יפאורה שותפות מוגבלת לשיווק,,,"י""ח",1.50,ליטר,false,1,9.20,5.93,true,1,
7290019056409,false,תפוזינה  מנגו 1.5 ליטר,יפאורה שותפות מוגבלת לשיווק,,,"י""ח",1.50,ליטר,false,1,9.20,5.93,true,1,
7290019056416,false,תפוזינה  לימונדה ורודה 1.5 ליטר,יפאורה שותפות מוגבלת לשיווק,,,"י""ח",1.50,ליטר,false,1,9.20,5.93,true,1,
7290019056423,false,תפוזינה  תפוחים 1.5 ליטר,יפאורה שותפות מוגבלת לשיווק,,,"י""ח",1.50,ליטר,false,1,9.20,5.93,true,1,
7290019056430,false,תפוזינה  תפוזים לייט 1.5 ליטר,יפאורה שותפות מוגבלת לשיווק,,,"י""ח",1.50,ליטר,false,1,9.20,5.93,true,1,
7290019056447,false,תפוזינה  אשכוליות לייט 1.5 ליטר,יפאורה שותפות מוגבלת לשיווק,,,"י""ח",1.50,ליטר,false,1,9.20,5.93,true,1,
7290019056478,false,ספרינג -Tאפרסק  1.5 ל,יפאורה שותפות מוגבלת לשיווק,,,"י""ח",1.50,ליטר,false,1,7.50,4.80,true,1,
7290019056485,false,ספרינג -Tתה ירוק לימון לואיזה 1.5ליטר,יפאורה שותפות מוגבלת לשיווק,,,"י""ח",1.50,ליטר,false,1,7.50,4.80,true,1,
7290019056492,false,ספרינג -Tמנגו אפרסק 1.5ליטר,יפאורה שותפות מוגבלת לשיווק,,,"י""ח",1.50,ליטר,false,1,7.50,4.80,true,1,
7290019056508,false,פרוט ווטר ענבים 1.5 ליטר,יפאורה שותפות מוגבלת לשיווק,,,"י""ח",1.50,ליטר,false,1,8.50,5.47,true,1,
7290019056515,false,פרוט ווטר אננס 1.5 ליטר,יפאורה שותפות מוגבלת לשיווק,,,"י""ח",1.50,ליטר,false,1,8.50,5.47,true,1,
7290019056522,false,פרוט ווטר תות 1.5 ליטר,יפאורה שותפות מוגבלת לשיווק,,,"י""ח",1.50,ליטר,false,1,8.50,5.47,true,1,
7290019056539,false,פרוט ווטר אפרסק 1.5 ליטר,יפאורה שותפות מוגבלת לשיווק,,,"י""ח",1.50,ליטר,false,1,8.50,5.47,true,1,
7290019056546,false,פרוט ווטר אבטיח 1.5 ליטר,יפאורה שותפות מוגבלת לשיווק,,,"י""ח",1.50,ליטר,false,1,8.50,5.47,true,1,
7290019056553,false,עין גדי 2 ליטר שישיה,יפאורה שותפות מוגבלת לשיווק,,,"י""ח",12,ליטר,false,1,13.70,0.99,false,1,
7290019056560,false,מים עין גדי 2 ליטר.,יפאורה שותפות מוגבלת לשיווק,,,"י""ח",2,ליטר,false,1,3.30,1.50,false,1,
7290019056577,false,ספרינג מנגו 1.5 ליטר,יפאורה שותפות מוגבלת לשיווק,,,"י""ח",1.50,ליטר,false,1,9.10,5.87,true,1,
7290019056584,false,ספרינג תפוזים 1.5 ליטר,יפאורה שותפות מוגבלת לשיווק,,,"י""ח",1.50,ליטר,false,1,9.10,5.87,true,1,
7290019056591,false,ספרינג ענבים 1.5 ליטר,יפאורה שותפות מוגבלת לשיווק,,,"י""ח",1.50,ליטר,false,1,9.10,5.87,true,1,
7290019056614,false,ספרינג אפרסק 1.5 ליטר,יפאורה שותפות מוגבלת לשיווק,,,"י""ח",1.50,ליטר,false,1,9.10,5.87,true,1,
7290019056621,false,ספרינג פירות טרופיים 1.5 ליטר,יפאורה שותפות מוגבלת לשיווק,,,"י""ח",1.50,ליטר,false,1,9.10,5.87,true,1,
7290019056638,false,ספרינג תות בננה 1.5 ליטר,יפאורה שותפות מוגבלת לשיווק,,,"י""ח",1.50,ליטר,false,1,9.10,5.87,true,1,
7290019056645,false,ספרינג אגס תפוח סברס 1.5 ליטר,יפאורה שותפות מוגבלת לשיווק,,,"י""ח",1.50,ליטר,false,1,9.10,5.87,true,1,
7290019056652,false,ספרינג אננס בננה 1.5 ליטר,יפאורה שותפות מוגבלת לשיווק,,,"י""ח",1.50,ליטר,false,1,9.10,5.87,true,1,
7290019056676,false,ספרינג תאשכוליות אננס דיאט 1.5 ליטר,יפאורה שותפות מוגבלת לשיווק,,,"י""ח",1.50,ליטר,false,1,8.80,5.67,true,1,
7290019056720,false,קריסטל 2 ליטר מיץ ענבים,יפאורה שותפות מוגבלת לשיווק,,,"י""ח",2,ליטר,false,1,7.80,3.75,true,1,
7290019056737,false,קריסטל 2 ליטר מיץ אשכוליות,יפאורה שותפות מוגבלת לשיווק,,,"י""ח",2,ליטר,false,1,7.80,3.75,true,1,
7290019056744,false,קריסטל 2 ליטר מיץ תפוזים,יפאורה שותפות מוגבלת לשיווק,,,"י""ח",2,ליטר,false,1,7.80,3.75,true,1,
7290019056751,false,קריסטל 2 ליטר מיץ אשכוליות דיאט,יפאורה שותפות מוגבלת לשיווק,,,"י""ח",2,ליטר,false,1,7.80,3.75,true,1,
7290019056768,false,קריסטל 2 ליטר מיץ מנגו,יפאורה שותפות מוגבלת לשיווק,,,"י""ח",2,ליטר,false,1,7.80,3.75,true,1,
7290019056775,false,קריסטל 2 ליטר מוגז ענבים,יפאורה שותפות מוגבלת לשיווק,,,"י""ח",2,ליטר,false,1,7.80,3.75,true,1,
7290019056782,false,קריסטל 2 ליטר מוגז למון,יפאורה שותפות מוגבלת לשיווק,,,"י""ח",2,ליטר,false,1,7.80,3.75,true,1,
7290019056799,false,קריסטל 2 ליטר מוגז אקזוטי,יפאורה שותפות מוגבלת לשיווק,,,"י""ח",2,ליטר,false,1,7.80,3.75,true,1,
7290019056805,false,קריסטל 2 ליטר מוגז תפוחים,יפאורה שותפות מוגבלת לשיווק,,,"י""ח",2,ליטר,false,1,7.80,3.75,true,1,
7290019056812,false,קריסטל 2 ליטר מוגז מנטה,יפאורה שותפות מוגבלת לשיווק,,,"י""ח",2,ליטר,false,1,7.80,3.75,true,1,
7290019056829,false,קריסטל 2 ליטר מוגז תפוזים,יפאורה שותפות מוגבלת לשיווק,,,"י""ח",2,ליטר,false,1,7.80,3.75,true,1,
7290019056836,false,קריסטל 2 ליטר מוגז תות,יפאורה שותפות מוגבלת לשיווק,,,"י""ח",2,ליטר,false,1,7.80,3.75,true,1,
7290019056843,false,קריסטל 2 ליטר מוגז קולה,יפאורה שותפות מוגבלת לשיווק,,,"י""ח",2,ליטר,false,1,7.80,3.75,true,1,
7290019056850,false,ספרינג -Tאפרסק דיאט 1.5ליטר,יפאורה שותפות מוגבלת לשיווק,,,"י""ח",1.50,ליטר,false,1,7.50,4.80,true,1,
7290019056959,false,מים מינרלים מי עדן  1.5ליטר,יפאורה שותפות מוגבלת לשיווק,,,"י""ח",1.50,ליטר,false,1,3.60,2.20,false,1,
7290019056973,false,מי עדן 1.5 ליטר שישיה,יפאורה שותפות מוגבלת לשיווק,,,"י""ח",9,ליטר,false,1,13.90,1.34,false,1,
7290019074090,false,קמיל בלו אקסטרה סופט אל סבון לתינוק 50,פישר תעשיות פרמבצטיות בעמ,,,"י""ח",500,ל  גרם,false,1,22.90,4.58,false,1,
7290019074885,false,קמיל בלו אקסטרה סופט קרם גוף לתינוק 50,פישר תעשיות פרמבצטיות בעמ,,,"י""ח",500,ל  גרם,false,1,29.90,5.98,true,1,
7290019075103,false,קמיל בלו אקסטרה סופט שמפו לתינוק 1ל,פישר תעשיות פרמבצטיות בעמ,,,"י""ח",1,ליטר,false,1,32.90,32.90,false,1,
7290019075479,false,קמיל בלו קלאסיק  שמפו לתינוק  1 ל,פישר תעשיות פרמבצטיות בעמ,,,"י""ח",1,ליטר,false,1,32.90,32.90,true,1,
7290019075608,false,"אפקטיב קר תחליב רחצה מועשר בתה   700מ""",פישר תעשיות פרמבצטיות בעמ,,,"י""ח",700,"ל  מ""ל",false,1,16.90,2.41,true,1,
7290019075899,false,קמיל בלו אקסטרה סופט אל סבון לתינוק 1ל,פישר תעשיות פרמבצטיות בעמ,,,"י""ח",1,ליטר,false,1,32.90,32.90,false,1,
7290019101833,false,כוסות חד פעמי שתיה חמה 8OZ,ח.כהן סוכנות מזון ומשקאות בע,,,"י""ח",1,"י""ח",false,1,7.90,7.90,false,1,
7290019105022,false,אל סבון נוזלי בניחוח מאסק 1ליטר,טרופיקל דגיל תעשיות קוסמטיקה,,,"י""ח",1,ליטר,false,1,10.90,10.90,true,1,
7290019105220,false,אל סבון נוזלי בניחוח פרש 1ליטר,טרופיקל דגיל תעשיות קוסמטיקה,,,"י""ח",1,ליטר,false,1,10.90,10.90,true,1,
7290019105428,false,אל סבון נוזלי בניחוח פרחים 1ליטר,טרופיקל דגיל תעשיות קוסמטיקה,,,"י""ח",1,ליטר,false,1,10.90,10.90,true,1,
7290019105817,false,אל סבון נוזלי בניחוח וניל ודבש 1ליטר,טרופיקל דגיל תעשיות קוסמטיקה,,,"י""ח",1,ליטר,false,1,10.90,10.90,true,1,
7290019145004,false,משקה אלכהלי מחנה יהודה אשכולית 700 מייל,פיירוואטר בעמ,,,"י""ח",750,"ל  מ""ל",false,1,40.20,5.32,true,1,
7290019145202,false,משקה אלכהלי מחנה יהודה רוזטה 700 מייל,פיירוואטר בעמ,,,"י""ח",750,"ל  מ""ל",false,1,40.20,5.32,true,1,
7290019145813,false,ערק  מחנה יהודה 40% 700 מייל,פיירוואטר בעמ,,,"י""ח",700,"ל  מ""ל",false,1,49.90,7.09,true,1,
7290019145868,false,משקה כהלי מחנה יהודה לימון 250 מייל,פיירוואטר בעמ,,,"י""ח",250,"ל  מ""ל",false,1,9.90,3.84,true,1,
7290019153078,false,שוופס ביטר למון לייט 1.5ליטר,יפאורה שותפות מוגבלת לשיווק,,,"י""ח",1.50,ליטר,false,1,12.50,8.13,false,1,
7290019153085,false,שוופס ללא סוכר מוחיטו 1.5ל.,יפאורה שותפות מוגבלת לשיווק,,,"י""ח",1.50,ליטר,false,1,8.80,5.67,true,1,
7290019153214,false,"שוופס פחית מנטה 330מ""ל",יפאורה שותפות מוגבלת לשיווק,,,"י""ח",330,"ל  מ""ל",false,1,4.90,1.39,true,1,
7290019153221,false,סודה שוופס אננס  0.5ל,יפאורה שותפות מוגבלת לשיווק,,,"י""ח",500,"ל  מ""ל",false,1,4.50,0.84,true,1,
7290019153238,false,סודה שוופס תפוח  0.5ל,יפאורה שותפות מוגבלת לשיווק,,,"י""ח",500,"ל  מ""ל",false,1,4.50,0.84,true,1,
7290019153245,false,סודה שוופס לימון 0.5ל,יפאורה שותפות מוגבלת לשיווק,,,"י""ח",500,"ל  מ""ל",false,1,4.50,0.84,true,1,
7290019153252,false,שוופס סודה רביעיה 1.5 ל תפוח,יפאורה שותפות מוגבלת לשיווק,,,"י""ח",6,ליטר,false,1,11.90,1.78,true,1,
7290019153269,false,שוופס סודה רביעיה 1.5 ל אננס,יפאורה שותפות מוגבלת לשיווק,,,"י""ח",6,ליטר,false,1,11.90,1.78,true,1,
7290019153351,false,תפוזינה  פינק אוזו 1.5 ליטר,יפאורה שותפות מוגבלת לשיווק,,,"י""ח",1.50,ליטר,false,1,9.20,5.93,true,1,
7290019153375,false,תפוזינה  מוחיטו 1.5 ליטר,יפאורה שותפות מוגבלת לשיווק,,,"י""ח",1.50,ליטר,false,1,9.20,5.93,true,1,
7290019153535,false,"שוופס מוגז פירות למונייד לל""ס 330מל*4",יפאורה שותפות מוגבלת לשיווק,,,"י""ח",1.32,ליטר,false,1,14.70,10.23,true,1,
7290019162018,false,גרב חלק גבר/נשים,ליאור יבוא ושיווק מוצרי הלבשה,,,"י""ח",1,,false,1,14.90,14.90,false,1,
7290019162032,false,גרב טרמו פסים,ליאור יבוא ושיווק מוצרי הלבשה,,,"י""ח",1,,false,1,27.90,27.90,false,1,
7290019162049,false,גרב פליז *2 נשים,ליאור יבוא ושיווק מוצרי הלבשה,,,"י""ח",1,,false,1,25.90,25.90,false,1,
7290019162056,false,גרב טרמו מקופל,ליאור יבוא ושיווק מוצרי הלבשה,,,"י""ח",1,,false,1,19.90,19.90,false,1,
7290019162094,false,גרב בוקלה קצר *2,ליאור יבוא ושיווק מוצרי הלבשה,,,"י""ח",1,,false,1,28.90,28.90,false,1,
7290019162100,false,גרב עקב *3 לגבר,ליאור יבוא ושיווק מוצרי הלבשה,,,"י""ח",1,,false,1,21,21,false,1,
7290019162179,false,גרביון מיקרופייבר,ליאור יבוא ושיווק מוצרי הלבשה,,,"י""ח",1,,false,1,17.90,17.90,false,1,
7290019162216,false,בוקסר כותנה,ליאור יבוא ושיווק מוצרי הלבשה,,,"י""ח",1,,false,1,14.90,14.90,false,1,
7290019162391,false,חגורה,ליאור יבוא ושיווק מוצרי הלבשה,,,"י""ח",1,,false,1,24.90,24.90,false,1,
7290019167020,false,עוגת גבינה עם פירות יער לייט 82ג,תנובה בעמ ***,,,"י""ח",82,"ל  מ""ל",false,1,6.90,8.41,false,1,
7290019167037,false,תותים ברצפת 82ג,תנובה בעמ ***,,,"י""ח",82,"ל  מ""ל",false,1,6.90,8.41,false,1,
7290019167044,false,קצפת עם קרם בייגלה מתוק מלוח 82ג,תנובה בעמ ***,,,"י""ח",82,"ל  מ""ל",false,1,6.90,8.41,false,1,
7290019204008,false,עוף טוב פסטרמה ארבעה פלפלים 350 גרם,קבוצת אוסם סחר-שות.מוגבלת,,,"י""ח",350,ל  גרם,false,1,29.90,8.54,true,1,
7290019204107,false,עוף טוב פסטרמה בטעם אווז 320 גרם,קבוצת אוסם סחר-שות.מוגבלת,,,"י""ח",320,ל  גרם,false,1,29.90,9.34,true,1,
7290019204206,false,עוף טוב פסטרמה בסגנון רומני 320 גרם,קבוצת אוסם סחר-שות.מוגבלת,,,"י""ח",320,ל  גרם,false,1,29.90,9.34,true,1,
7290019204305,false,חזה הודו ברביקיו  350 גרם,קבוצת אוסם סחר-שות.מוגבלת,,,"י""ח",350,ל  גרם,false,1,29.90,8.54,true,1,
7290019232155,false,ויסוצקי פלוס לילה טוב קמומיל לבנדר,תה ויסוצקי (ישראל)בעמ,,,"י""ח",25,"י""ח",false,1,24.90,1,true,1,
7290019232162,false,ויסוצקי פלוס לילה טוב קמומיל מליסה,תה ויסוצקי (ישראל)בעמ,,,"י""ח",25,"י""ח",false,1,24.90,1,true,1,
7290019232803,false,הולגריין ביסקוויט עם קרם 300ג,תה ויסוצקי (ישראל)בעמ,,,"י""ח",300,ל  גרם,false,1,10.90,3.63,true,1,
7290019232834,false,פליפז בייגלה מצופה רם עוגיות 140ג,תה ויסוצקי (ישראל)בעמ,,,"י""ח",140,ל  גרם,false,1,8.90,6.36,true,1,
7290019274612,false,"משחה לניקוי כלים 3.5ק""ג טאץ",סאסאטק אגשח בעמ,,,"י""ח",3.50,"ק""ג",false,1,21.90,6.26,false,1,
7290019297161,false,טורטיה ראפ מקמח תירס 540גר,דין שיווק וקליה 2021 בעמ,,,"י""ח",540,ל  גרם,false,1,8.90,1.65,false,1,
7290019297208,false,חטיף דגנים עם פירות יבשים,****דין שיווק וקליה 2021 בעמ,,,"י""ח",125,ל  גרם,false,1,10,8,false,1,
7290019297420,false,מעדן תות שקדיה 100% רכיבי פרי 284גר ל.,דין שיווק וקליה 2021 בעמ,,,"י""ח",284,ל  גרם,false,1,13.90,4.89,true,1,
7290019297505,false,"רוטב רימונים שקדיה 700מ""ל בד""ץ",דין שיווק וקליה 2021 בעמ,,,"י""ח",700,"ל  מ""ל",false,1,21.90,3.13,false,1,
7290019297512,false,"רוטב רימונים שקדיה 340גר בד""ץ",דין שיווק וקליה 2021 בעמ,,,"י""ח",340,ל  גרם,false,1,9.90,2.91,false,1,
7290019297550,false,בוטנים מטוגטים בקופסא 185גר,דין שיווק וקליה 2021 בעמ,,,"י""ח",160,ל  גרם,false,1,10,6.25,false,1,
7290022005074,false,רוטב עגבניות שרי קלאסי 400גר,א.ל.יצור ושיווקתבלינים בעמ,,,"י""ח",400,"ל  מ""ל",false,1,14.90,3.73,true,1,
7290022005081,false,רוטב עגבניות שרי ארביאטה 400גר,א.ל.יצור ושיווקתבלינים בעמ,,,"י""ח",400,"ל  מ""ל",false,1,14.90,3.73,true,1,
7290022005098,false,רוטב עגבניות שרי לשקשוקה 400גר,א.ל.יצור ושיווקתבלינים בעמ,,,"י""ח",400,"ל  מ""ל",false,1,14.90,3.73,true,1,
7290022005104,false,רוטב עגבניות שרי בזיליקום 400גר,א.ל.יצור ושיווקתבלינים בעמ,,,"י""ח",400,"ל  מ""ל",false,1,14.90,3.73,true,1,
7290022005111,false,רוטב עגבניות שרי לפיצה 400גר,א.ל.יצור ושיווקתבלינים בעמ,,,"י""ח",400,"ל  מ""ל",false,1,14.90,3.73,true,1,
7290022005562,false,קריספי פירורי לחם שום 300גר,א.ל.יצור ושיווקתבלינים בעמ,,,"י""ח",300,ל  גרם,false,1,7.90,2.63,true,1,
7290042051617,false,מארז חושן 50יח צלחת קטנה/ענקית שווה,ח.כהן סוכנות מזון ומשקאות בע,,,"י""ח",50,"י""ח",false,1,59.90,1.20,false,1,
7290042051716,false,מפיות גדולות במיוחד 50יח שווה,ח.כהן סוכנות מזון ומשקאות בע,,,"י""ח",50,"י""ח",false,1,10.90,0.22,true,1,
7290042051778,false,"צלחות ענקיות מתכלות 25יח  ""שווה""",ח.כהן סוכנות מזון ומשקאות בע,,,"י""ח",25,"י""ח",false,1,19.90,0.80,true,1,
7290042051792,false,"צלחות קטנות מתכלות 25יח  ""שווה""",ח.כהן סוכנות מזון ומשקאות בע,,,"י""ח",25,"י""ח",false,1,8.90,0.36,true,1,
7290042051921,false,כוסות יהלום שווה 40יח,ח.כהן סוכנות מזון ומשקאות בע,,,"י""ח",40,"י""ח",false,1,10.90,0.27,false,1,
7290042051983,false,"גל לחיטוי ידיים 100מ""ל שווה",ח.כהן סוכנות מזון ומשקאות בע,,,"י""ח",100,"ל  מ""ל",false,1,9.90,9.90,false,1,
7290100240137,false,"בדין תרסיס מייבש כחול 500מ""ל",יוניליוור ישראל שיווק בעמ,,,"י""ח",500,"ל  מ""ל",false,1,15.90,3.18,false,1,
7290100240144,false,בדין תרסיס מייבש ורוד,יוניליוור ישראל שיווק בעמ,,,"י""ח",500,"ל  מ""ל",false,1,15.90,3.18,false,1,
7290100243084,false,מיונז אמיתי הלמנס 789גר`,יוניליוור ישראל שיווק בעמ,,,"י""ח",789,ל  גרם,false,1,19.90,2.52,false,1,
7290100243671,false,"בדין אקסטרא כחול 960 מ""ל",יוניליוור ישראל שיווק בעמ,,,"י""ח",960,"ל  מ""ל",false,1,15.90,1.66,true,1,
7290100245231,false,נמס בכוס ועוד טעם עוף שקדי מרק 50גר,יוניליוור ישראל שיווק בעמ,,,"י""ח",50,ל  גרם,false,1,6.90,13.80,true,1,
7290100249659,false,"רוטב ל עוף צ`ילי שום בד""צ 320גרם",יוניליוור ישראל שיווק בעמ,,,"י""ח",320,ל  גרם,false,1,10.90,3.41,true,1,
7290100412459,false,מגבונים לניקוי שירוקלחת לבנדר קוויק,שקד תבל בעמ,,,"י""ח",50,"י""ח",false,1,8.90,0.18,true,1,
7290100412732,false,"דר עור ת.גוף קלאסי פרחי בר 400מ""ל",שקד תבל בעמ,,,"י""ח",400,"ל  מ""ל",false,1,21.90,5.48,true,1,
7290100412749,false,"דר עור גל ניקוי פנים עור יבש 150מ""ל",שקד תבל בעמ,,,"י""ח",150,ל  גרם,false,1,24.90,16.60,true,1,
7290100412763,false,"דר עור ת.רחצה קלאסי לבנדר 700מ""ל",שקד תבל בעמ,,,"י""ח",700,ל  גרם,false,1,14.90,2.13,true,1,
7290100412794,false,"דר עור פילינג עדין לפנים 150מ""ל",שקד תבל בעמ,,,"י""ח",150,ל  גרם,false,1,24.90,16.60,true,1,
7290100412800,false,"דר עור ת.רחצה עור יבש פרחי בר 700מ""ל",שקד תבל בעמ,,,"י""ח",700,ל  גרם,false,1,14.90,2.13,true,1,
7290100412817,false,"דר עור קרם רגליים עור יבש  100מ""ל",שקד תבל בעמ,,,"י""ח",100,ל  גרם,false,1,13.90,13.90,true,1,
7290100413609,false,קוויק דוחה אבק בניחוח הדרים 50יח.,שקד תבל בעמ,,,"י""ח",40,"י""ח",false,1,8.90,0.22,true,1,
7290100658338,false,פלמוליב לכלים אוקסי פלוס,ש.שסטוביץ בעמ,,,"י""ח",750,"ל  מ""ל",false,1,11.90,1.59,true,1,
7290100659090,false,פרי ללא סוכר תמרים וקינמון 5 יח מארז,ש.שסטוביץ בעמ,,,"י""ח",100,ל  גרם,false,1,16.90,16.90,false,1,
7290100680650,false,מנה חמה נודלס תאילנדי,קבוצת אוסם סחר-שות.מוגבלת,,,"י""ח",76,ל  גרם,false,1,6.90,9.08,true,1,
7290100680711,false,פירורית זהב 350 גרם אוסם,קבוצת אוסם סחר-שות.מוגבלת,,,"י""ח",350,ל  גרם,false,1,8.90,2.54,false,1,
7290100680728,false,פירורית]אוסם[,קבוצת אוסם סחר-שות.מוגבלת,,,"י""ח",350,ל  גרם,false,1,7.90,2.26,false,1,
7290100681138,false,אפרופו מארז  3 יח.,קבוצת אוסם סחר-שות.מוגבלת,,,"י""ח",150,ל  גרם,false,1,13.90,9.27,true,1,
7290100683880,false,פירה אסם,קבוצת אוסם סחר-שות.מוגבלת,,,"י""ח",260,ל  גרם,false,1,15.10,5.81,false,1,
7290100684139,false,פסטה אסם מיני מקרוני,קבוצת אוסם סחר-שות.מוגבלת,,,"י""ח",500,ל  גרם,false,1,5.90,1.18,true,1,
7290100685136,false,"מרק טעם עוף 1  ק""ג}אסם{",קבוצת אוסם סחר-שות.מוגבלת,,,"י""ח",1,"ק""ג",false,1,14.90,14.90,false,1,
7290100685334,false,אבקת מרק עוף רכיבים טבעיי,קבוצת אוסם סחר-שות.מוגבלת,,,"י""ח",400,ל  גרם,false,1,24.90,6.23,false,1,
7290100685341,false,מרק תיבול טעם רך 400 ג,קבוצת אוסם סחר-שות.מוגבלת,,,"י""ח",400,ל  גרם,false,1,16.90,4.23,false,1,
7290100686171,false,ביסלי גריל מארז  ( שישייה),קבוצת אוסם סחר-שות.מוגבלת,,,"י""ח",210,ל  גרם,false,1,15.90,7.57,true,1,
7290100687109,false,במבה במילוי נוגט,קבוצת אוסם סחר-שות.מוגבלת,,,"י""ח",60,ל  גרם,false,1,4.30,7.17,true,1,
7290100689301,false,מרק טעם עוף זך עדיף 400גר.,קבוצת אוסם סחר-שות.מוגבלת,,,"י""ח",400,ל  גרם,false,1,15.90,3.98,false,1,
7290100700006,false,"חיטה 1 ק""ג סוגת",סוגת תעשיות בעמ,,,"י""ח",1,"ק""ג",false,1,9.90,9.90,true,1,
7290100700020,false,גריסי פנינה סוגת,סוגת תעשיות בעמ,,,"י""ח",200,ל  גרם,false,1,4.90,2.45,true,1,
7290100700075,false,פירורי לחם מוזהבים 200 גרם סוגת,סוגת תעשיות בעמ,,,"י""ח",200,ל  גרם,false,1,3.90,1.95,true,1,
7290100700157,false,"אורז סושי 1ק""ג סוגת",סוגת תעשיות בעמ,,,"י""ח",1,"ק""ג",false,1,12.90,12.90,false,1,
7290100700242,false,אורז מלא עגול,סוגת תעשיות בעמ,,,"י""ח",1,"ק""ג",false,1,9.90,9.90,false,1,
7290100700273,false,קינואה 500 גרם סוגת,סוגת תעשיות בעמ,,,"י""ח",500,ל  גרם,false,1,13.90,2.78,true,1,
7290100700297,false,עדשים שחורות 500 גר סוגת.,סוגת תעשיות בעמ,,,"י""ח",500,ל  גרם,false,1,7.90,1.58,true,1,
7290100700310,false,"כוסמת 1 ק""ג סוגת",סוגת תעשיות בעמ,,,"י""ח",1,"ק""ג",false,1,12.90,12.90,true,1,
7290100700334,false,"קינואה 1ק""ג",סוגת תעשיות בעמ,,,"י""ח",1,"ק""ג",false,1,19.90,19.90,true,1,
7290100700389,false,"אורז אדום 1 ק""ג",סוגת תעשיות בעמ,,,"י""ח",1,"ק""ג",false,1,12.10,12.10,false,1,
7290100700396,false,"אורז יסמין 1 ק""ג  סוגת",סוגת תעשיות בעמ,,,"י""ח",1,"ק""ג",false,1,12.90,12.90,false,1,
7290100700402,false,"חומוס ענק 1 ק""ג סוגת",סוגת תעשיות בעמ,,,"י""ח",1,"ק""ג",false,1,19.90,19.90,true,1,
7290100700587,false,בורגול 500 גר`סוגת,סוגת תעשיות בעמ,,,"י""ח",500,ל  גרם,false,1,4.90,0.98,true,1,
7290100701300,false,קינואה אדומה 500גר`,סוגת תעשיות בעמ,,,"י""ח",500,ל  גרם,false,1,12.90,2.58,true,1,
7290100701454,false,גרישה 500גר`,סוגת תעשיות בעמ,,,"י""ח",500,ל  גרם,false,1,4.90,0.98,true,1,
7290100701966,false,אפונה צהובה 500ג,סוגת תעשיות בעמ,,,"י""ח",500,ל  גרם,false,1,5.90,1.18,true,1,
7290100702611,false,פתיתים אפויים אורז 500ג סוגת,סוגת תעשיות בעמ,,,"י""ח",500,ל  גרם,false,1,5.90,1.18,true,1,
7290100702628,false,פתיתים אפויים קוסקוס  500ג סוגת,סוגת תעשיות בעמ,,,"י""ח",500,ל  גרם,false,1,5.90,1.18,true,1,
7290100702635,false,פתיתים אפויים כוכבים  500ג,סוגת תעשיות בעמ,,,"י""ח",500,ל  גרם,false,1,5.90,1.18,true,1,
7290100702642,false,פתיתים אפויים טבעות  500ג,סוגת תעשיות בעמ,,,"י""ח",500,ל  גרם,false,1,5.90,1.18,true,1,
7290100702673,false,פתיתים אפויים 3צבעים  400ג,סוגת תעשיות בעמ,,,"י""ח",400,ל  גרם,false,1,5.90,1.48,true,1,
7290100702987,false,פתיתי שיבולת שועל 500ג,סוגת תעשיות בעמ,,,"י""ח",500,ל  גרם,false,1,4.90,0.98,true,1,
7290100702994,false,סוכר חום דמררה שקית 500ג,סוגת תעשיות בעמ,,,"י""ח",500,ל  גרם,false,1,4.90,0.98,false,1,
7290100703007,false,עדשים שחורים בלוגה 500ג,סוגת תעשיות בעמ,,,"י""ח",500,ל  גרם,false,1,7.90,1.58,true,1,
7290100703458,false,כוסמת לא קלויה 500גר.,סוגת תעשיות בעמ,,,"י""ח",500,ל  גרם,false,1,7.90,1.58,true,1,
7290100703564,false,שיבולת שועל עבה 500ג,סוגת תעשיות בעמ,,,"י""ח",500,ל  גרם,false,1,4.90,0.98,true,1,
7290100703854,false,סוכר דמררה קוביות 500ג,סוגת תעשיות בעמ,,,"י""ח",0.50,"ק""ג",false,1,9.90,19.80,false,1,
7290100703915,false,פופקורן למיקרו מארז5+1 חמאה,סוגת תעשיות בעמ,,,"י""ח",6,"י""ח",false,1,10.90,1.82,false,1,
7290100703922,false,פופקורן למיקרו מארז5+1 טבעי,סוגת תעשיות בעמ,,,"י""ח",6,"י""ח",false,1,10.90,1.82,false,1,
7290100704608,false,שעועית עדינה לבנה 500 ג.,סוגת תעשיות בעמ,,,"י""ח",500,ל  גרם,false,1,6.90,1.38,true,1,
7290100704691,false,אורז אדום 500גר סוגת,סוגת תעשיות בעמ,,,"י""ח",500,ל  גרם,false,1,10.90,2.18,false,1,
7290100704707,false,אורז מיקס 500גר סוגת,סוגת תעשיות בעמ,,,"י""ח",500,ל  גרם,false,1,10.90,2.18,false,1,
7290100850909,false,דוריטוס נאצו 70 גרם,שטראוס פריטו ליי בעמ,,,"י""ח",70,ל  גרם,false,1,3.90,5.57,true,1,
7290100850916,false,דוריטוס חמוץ חריף 70 גרם,שטראוס פריטו ליי בעמ,,,"י""ח",70,ל  גרם,false,1,3.90,5.57,true,1,
7290100850923,false,דוריטוס גריל 70 גרם,שטראוס פריטו ליי בעמ,,,"י""ח",70,ל  גרם,false,1,3.90,5.57,true,1,
7290100850930,false,דוריטוס טבעי 70 גרם,שטראוס פריטו ליי בעמ,,,"י""ח",70,ל  גרם,false,1,3.90,5.57,true,1,
7290100851968,false,מארז קפה נמס עלית זוגות,שטראוס גרופ בעמ,,,"י""ח",400,ל  גרם,false,1,37.90,9.48,true,1,
7290100858592,false,שקית קקאו 150 גרם עלית,שטראוס גרופ בעמ,,,"י""ח",150,ל  גרם,false,1,9.90,6.60,true,1,
7290100921401,false,שמפו הוואי קרטין מחזק  700,הנקל סוד בעמ,,,"י""ח",700,"ל  מ""ל",false,1,10.90,1.56,false,1,
7290100922637,false,"הוואי אל סבון נוזלי מי קוקוס 3*500מ""ל",הנקל סוד בעמ,,,"י""ח",1.50,ליטר,false,1,17.90,11.93,true,1,
7290100922651,false,סבון מוצק הוואי  רבעייה מי קוקוס 100,הנקל סוד בעמ,,,"י""ח",400,ל  גרם,false,1,11.90,2.98,true,1,
7290100924457,false,סוד סבון אסלה מארז 1/3 לימון,גורי שיווק בעמ,,,"י""ח",750,"ל  מ""ל",false,1,14.90,1.99,false,1,
7290100924464,false,סוד סבון אסלה מארז 1/3 אקונומיקה,גורי שיווק בעמ,,,"י""ח",750,"ל  מ""ל",false,1,16.90,2.25,false,1,
7290100925676,false,דפים למכונת כביסה קולור קאצ`ר 20יח,גורי שיווק בעמ,,,"י""ח",20,"י""ח",false,1,14.90,0.75,false,1,
7290100925751,false,"נוזל כלים סוד תפוח  650מ""ל",גורי שיווק בעמ,,,"י""ח",650,"ל  מ""ל",false,1,5.90,0.91,false,1,
7290100925775,false,"נוזל כלים סוד רימון ותאנים 650מ""ל",גורי שיווק בעמ,,,"י""ח",650,"ל  מ""ל",false,1,5.90,0.91,false,1,
7290100925782,false,נוזל כלים סוד לימון  1.25ל,גורי שיווק בעמ,,,"י""ח",1.25,ליטר,false,1,9.90,7.92,false,1,
7290100926598,false,"פרסיל 5 ק""ג",גורי שיווק בעמ,,,"י""ח",5,"ק""ג",false,1,42.90,8.58,false,1,
7290100928516,false,סוד ג`ל לכביסה ביד 1 ליטר,גורי שיווק בעמ,,,"י""ח",1,ליטר,false,1,13.90,13.90,false,1,
7290100987308,false,עט 0.4 קוברה,צבע ומכחול (2014) בעמ,,,"י""ח",1,,false,1,14.90,14.90,false,1,
7290101110460,false,גלידה משפחתית וניל צרפתי 1.3 ל,פלקו בעמ,,,"י""ח",1.30,ליטר,false,1,19.90,15.31,false,1,
7290101112228,false,מאגדת שמינייה פופסיקל אננס,פלקו בעמ,,,"י""ח",1,,false,1,20.90,20.90,false,1,
7290101112921,false,מאגדת שמינייה פופסיקל פירות טרופי,פלקו בעמ,,,"י""ח",8,"י""ח",false,1,20.90,2.61,false,1,
7290101451105,false,נרות מטה כוכבים תותים,שמחה זה אנחנו,,,"י""ח",1,,false,1,6,6,false,1,
7290101453888,false,נר מס -1,שמחה זה אנחנו,,,"י""ח",1,,false,1,3.50,3.50,false,1,
7290101453925,false,נר מס -5,שמחה זה אנחנו,,,"י""ח",1,,false,1,3.50,3.50,false,1,
7290101453956,false,נר מס -8,שמחה זה אנחנו,,,"י""ח",1,,false,1,3.50,3.50,false,1,
7290101453963,false,נר מס -9,שמחה זה אנחנו,,,"י""ח",1,,false,1,3.50,3.50,false,1,
7290101455929,false,"בקבוק נירוסטה מעוצב 500מ""ל מיקי",שמחה זה אנחנו,,,"י""ח",1,,false,1,29.90,29.90,false,1,
7290101551027,false,"קפסולות אספרסו חזק עלית 14יח כשל""פ",שטראוס גרופ בעמ,,,"י""ח",50,ל  גרם,false,1,19,38,true,1,
7290101551263,false,סילאן  טבעי 700ג יד מרדכי,שטראוס גרופ בעמ,,,"י""ח",700,ל  גרם,false,1,21.90,3.13,true,1,
7290101551539,false,דנונה פרו 20גר אפרסק,שטראוס גרופ ***בעמ,,,"י""ח",20,"ל  מ""ל",false,1,5.90,29.50,true,1,
7290101551584,false,מארז תפוצ`יפס קידס  *10 20 גרם,שטראוס פריטו ליי בעמ,,,"י""ח",10,"י""ח",false,1,13.90,1.39,true,1,
7290101551614,false,מארז ציטוס קראנץ גבינה 1/8,שטראוס פריטו ליי בעמ,,,"י""ח",550,ל  גרם,false,1,10.90,1.98,true,1,
7290101551638,false,מארז צ יטוס כאפה 1/10,שטראוס פריטו ליי בעמ,,,"י""ח",10,"י""ח",false,1,12.90,1.29,true,1,
7290101863410,false,סיליט ספריי אקונומיקה,רקיט בנקיזר (ניר איסט) בעמ,,,"י""ח",1,,false,1,12.90,12.90,false,1,
7290101864127,false,"קליה אוקסי ספריי 750מ""ל",רקיט בנקיזר (ניר איסט) בעמ,,,"י""ח",750,"ל  מ""ל",false,1,16.90,2.25,true,1,
7290101865261,false,"פיניש הברקה 800מ""ל",רקיט בנקיזר (ניר איסט) בעמ,,,"י""ח",800,"ל  מ""ל",false,1,19.90,2.49,false,1,
7290101866633,false,קליה ג`ל 3ל,רקיט בנקיזר (ניר איסט) בעמ,,,"י""ח",1.70,ליטר,false,1,29.90,17.59,false,1,
7290101866787,false,קליה ג`ל 3ל לבן,רקיט בנקיזר (ניר איסט) בעמ,,,"י""ח",3,ליטר,false,1,29.90,9.97,false,1,
7290101868460,false,"קולון 101 8ק""ג",רקיט בנקיזר (ניר איסט) בעמ,,,"י""ח",8,"ק""ג",false,1,54.90,6.86,false,1,
7290101868958,false,"פיניש הברקה לימון 800מ""ל",רקיט בנקיזר (ניר איסט) בעמ,,,"י""ח",800,"ל  מ""ל",false,1,19.90,2.49,false,1,
7290101869719,false,"פיניש ג ל לימון 600מ""ל AIO",רקיט בנקיזר (ניר איסט) בעמ,,,"י""ח",600,"ל  מ""ל",false,1,32.90,5.48,false,1,
7290101869726,false,פיניש ג ל 1ל  AIO,רקיט בנקיזר (ניר איסט) בעמ,,,"י""ח",1,ליטר,false,1,42.90,42.90,false,1,
7290101869788,false,מילוי מבשם אוטומטי אואזיס,רקיט בנקיזר (ניר איסט) בעמ,,,"י""ח",1,,false,1,15.90,15.90,true,1,
7290101869795,false,מילוי מבשם אוטומטי ליל קיץ,רקיט בנקיזר (ניר איסט) בעמ,,,"י""ח",1,,false,1,15.90,15.90,true,1,
7290101869962,false,מקלות ריחניים חלום ליל קיץ,רקיט בנקיזר (ניר איסט) בעמ,,,"י""ח",1,,false,1,14.90,14.90,true,1,
7290101999539,false,נרות גמבו כוכבים-מכוניות,שמחה זה אנחנו,,,"י""ח",1,,false,1,7,7,false,1,
7290102003907,false,נרות מטה לבבות-מכוניות,שמחה זה אנחנו,,,"י""ח",1,,false,1,7,7,false,1,
7290102030330,false,תפוצ יפס קראנצ  מקסיקני,שטראוס פריטו ליי בעמ,,,"י""ח",200,ל  גרם,false,1,10.90,5.45,true,1,
7290102031276,false,אקטימל שמיניה תות בננה,שטראוס גרופ ***בעמ,,,"י""ח",800,"ל  מ""ל",false,1,19.90,2.49,true,1,
7290102032334,false,קפה נמס וניל 200 גרם,שטראוס גרופ בעמ,,,"י""ח",200,ל  גרם,false,1,21.90,10.95,true,1,
7290102060764,false,מרידול מברשת שיניים זוג,ש.שסטוביץ בעמ,,,"י""ח",1,,false,1,33.90,33.90,false,1,
7290102060979,false,אלמקס משחת שיניים משפחתית,ש.שסטוביץ בעמ,,,"י""ח",100,ל  גרם,false,1,18.90,18.90,true,1,
7290102062195,false,משחת שיניים אלמקס ג`וניור,ש.שסטוביץ בעמ,,,"י""ח",1,,false,1,12.90,12.90,true,1,
7290102300822,false,צדר אנגלי  כתום  200ג נטו,א. סיימן סחר בעמ,,,"י""ח",200,ל  גרם,false,1,24.90,12.45,true,1,
7290102300860,false,צדר אנגלי לבן 200ג,א. סיימן סחר בעמ,,,"י""ח",200,ל  גרם,false,1,24.90,12.45,true,1,
7290102302833,false,גאודה הנרי ויליך פרוס 150ג,א. סיימן סחר בעמ,,,"י""ח",150,ל  גרם,false,1,19.90,13.27,false,1,
7290102302840,false,גבינת עיזים הנרי ויליך פרוסה 150ג,א. סיימן סחר בעמ,,,"י""ח",150,ל  גרם,false,1,26.90,17.93,false,1,
7290102302994,false,גבינה גאיה פטה במי מלח 200ג,א. סיימן סחר בעמ,,,"י""ח",200,ל  גרם,false,1,35.90,17.95,false,1,
7290102303977,false,טונה רוברט בשמן זית 140ג,א. סיימן סחר בעמ,,,"י""ח",140,ל  גרם,false,1,11.90,8.50,true,1,
7290102303984,false,גוש טונה רוברט במים  140ג,א. סיימן סחר בעמ,,,"י""ח",140,ל  גרם,false,1,10.90,7.79,true,1,
7290102390427,false,מולר תות FROOP MULLER,*החברה המרכזית להפצת משקאותבעמ,,,"י""ח",150,"ל  מ""ל",false,1,5,3.33,true,1,
7290102390465,false,מולר אפרסק ופסיפלורה,*החברה המרכזית להפצת משקאותבעמ,,,"י""ח",150,"ל  מ""ל",false,1,5,3.33,true,1,
7290102390489,false,"מולר150 מ""ל לימון",*החברה המרכזית להפצת משקאותבעמ,,,"י""ח",150,"ל  מ""ל",false,1,5,3.33,true,1,
7290102391844,false,מולר פירות יער FROOP MULLER,*החברה המרכזית להפצת משקאותבעמ,,,"י""ח",150,"ל  מ""ל",false,1,5,3.33,true,1,
7290102392094,false,חלב עיזים בקרטון 1ליטר,*החברה המרכזית להפצת משקאותבעמ,,,"י""ח",1,ליטר,false,1,15.90,15.90,false,1,
7290102392254,false,חלב 2ליטר  *1%*,*החברה המרכזית להפצת משקאותבעמ,,,"י""ח",2,ליטר,false,1,11.72,5.86,false,1,
7290102393039,false,מולר מיקס יוגורט קרמי עם פצפוצי שוקלד,*החברה המרכזית להפצת משקאותבעמ,,,"י""ח",500,ל  גרם,false,1,5.70,1.14,false,1,
7290102393169,false,סימפלי פרויט תות שדה,*החברה המרכזית להפצת משקאותבעמ,,,"י""ח",150,"ל  מ""ל",false,1,5,3.33,true,1,
7290102393176,false,סימפלי פרויט אפרסק,*החברה המרכזית להפצת משקאותבעמ,,,"י""ח",150,"ל  מ""ל",false,1,5,3.33,true,1,
7290102393190,false,סימפלי פרויט פירות יער,*החברה המרכזית להפצת משקאותבעמ,,,"י""ח",150,"ל  מ""ל",false,1,5,3.33,true,1,
7290102393268,false,גבינה לבנה 5% 750 גר`*,*החברה המרכזית להפצת משקאותבעמ,,,"י""ח",750,ל  גרם,false,1,14.94,1.99,false,1,
7290102393299,false,יוגורט עיזים בבקבוק,*החברה המרכזית להפצת משקאותבעמ,,,"י""ח",500,"ל  מ""ל",false,1,11.90,2.38,true,1,
7290102393848,false,"יוגורט עזים 3% תות בגביע 150מ""ל",*החברה המרכזית להפצת משקאותבעמ,,,"י""ח",140,"ל  מ""ל",false,1,6.30,4.50,true,1,
7290102393855,false,"יוגורט עזים 3% אפרסק בגביע 150מ""ל",*החברה המרכזית להפצת משקאותבעמ,,,"י""ח",140,"ל  מ""ל",false,1,6.30,4.50,true,1,
7290102393947,false,סימפלי פרויט  קיווי,*החברה המרכזית להפצת משקאותבעמ,,,"י""ח",150,"ל  מ""ל",false,1,5,3.33,true,1,
7290102394081,false,מולר מיקס יוגורט קרמי עם קורנפלקס מצופה,*החברה המרכזית להפצת משקאותבעמ,,,"י""ח",500,ל  גרם,false,1,5.70,1.14,false,1,
7290102394258,false,מה  עז 180גרם 9% שומן  צוריאל,*החברה המרכזית להפצת משקאותבעמ,,,"י""ח",180,ל  גרם,false,1,23,12.78,false,1,
7290102394463,false,גבינה צהובה נעם 500 גרם פרוס 28%,*החברה המרכזית להפצת משקאותבעמ,,,"י""ח",500,ל  גרם,false,1,25.90,5.18,false,1,
7290102394821,false,גבינה צהובה 28% דק דק לפתיחה חוזרת 200,*החברה המרכזית להפצת משקאותבעמ,,,"י""ח",200,ל  גרם,false,1,15.90,7.95,true,1,
7290102394845,false,גבינה צהובה  9% 200גר דק דק לפתיחה חוז,*החברה המרכזית להפצת משקאותבעמ,,,"י""ח",200,ל  גרם,false,1,16.30,8.15,true,1,
7290102395217,false,מאגדת שמינייה מתיקות מעודנת 2%,*החברה המרכזית להפצת משקאותבעמ,,,"י""ח",900,ל  גרם,false,1,17.90,1.99,false,1,
7290102395224,false,מאגדת שמינייה מולר ביאנקו נטורל 1.7%,*החברה המרכזית להפצת משקאותבעמ,,,"י""ח",900,ל  גרם,false,1,16.90,1.88,false,1,
7290102395231,false,מאגדת שמינייה מולר ביאנקו נטורל 2.8%,*החברה המרכזית להפצת משקאותבעמ,,,"י""ח",900,ל  גרם,false,1,16.90,1.88,false,1,
7290102395262,false,מאגדת שמינייה מולר 3% פירות,*החברה המרכזית להפצת משקאותבעמ,,,"י""ח",150,"ל  מ""ל",false,1,29.90,19.93,false,1,
7290102395378,false,גבינה צהובה נעםמ 28% ואקום 360גר פרוס,*החברה המרכזית להפצת משקאותבעמ,,,"י""ח",360,ל  גרם,false,1,20.90,5.81,false,1,
7290102395439,false,מאגדת שמינייה מולר 3% פירות,*החברה המרכזית להפצת משקאותבעמ,,,"י""ח",150,"ל  מ""ל",false,1,29.90,19.93,false,1,
7290102395446,false,מעדן מוו וניל,*החברה המרכזית להפצת משקאותבעמ,,,"י""ח",250,ל  גרם,false,1,2.80,1.12,false,1,
7290102395477,false,מעדן מוו שוקולד,*החברה המרכזית להפצת משקאותבעמ,,,"י""ח",250,ל  גרם,false,1,2.80,1.12,false,1,
7290102395521,false,"שמנת לבישול 15% 500מ""ל",*החברה המרכזית להפצת משקאותבעמ,,,"י""ח",500,"ל  מ""ל",false,1,15.90,3.18,false,1,
7290102396399,false,מאגדת מוו שמינייה מעדן שוקולד 100גר,*החברה המרכזית להפצת משקאותבעמ,,,"י""ח",800,ל  גרם,false,1,13.90,1.74,false,1,
7290102396405,false,מאגדת מוו שמינייה מעדן וניל 100גר,*החברה המרכזית להפצת משקאותבעמ,,,"י""ח",800,ל  גרם,false,1,13.90,1.74,false,1,
7290102396436,false,מעדן מוו שוקולד,*החברה המרכזית להפצת משקאותבעמ,,,"י""ח",250,ל  גרם,false,1,2.80,1.12,true,1,
7290102396443,false,מעדן מוו וניל,*החברה המרכזית להפצת משקאותבעמ,,,"י""ח",250,ל  גרם,false,1,2.80,1.12,true,1,
7290102396580,false,מעדן מוו שוקולד ומוס שוקולד 123גר,*החברה המרכזית להפצת משקאותבעמ,,,"י""ח",123,ל  גרם,false,1,2.80,2.28,false,1,
7290102396597,false,מעדן מוו וניל ומוס שוקולד 123גר,*החברה המרכזית להפצת משקאותבעמ,,,"י""ח",123,ל  גרם,false,1,2.80,2.28,false,1,
7290102396665,false,גבינה צהובה  15% 200גר נעם דק דק סגור,*החברה המרכזית להפצת משקאותבעמ,,,"י""ח",200,ל  גרם,false,1,15.90,7.95,true,1,
7290102396672,false,גבינה צהובה  9% 360גר נעם דק דק סגור,*החברה המרכזית להפצת משקאותבעמ,,,"י""ח",360,ל  גרם,false,1,25.90,7.19,false,1,
7290102396719,false,סימפלי פרויט תות שדה%0,*החברה המרכזית להפצת משקאותבעמ,,,"י""ח",150,"ל  מ""ל",false,1,5,3.33,true,1,
7290102396740,false,מאגדת סימפלי פרויט תות ואפרסק 8יח 0%,*החברה המרכזית להפצת משקאותבעמ,,,"י""ח",8,"י""ח",false,1,29.90,3.74,false,1,
7290102397075,false,יוגורט 4% 1.5 ל בקרטון,*החברה המרכזית להפצת משקאותבעמ,,,"י""ח",1.50,ליטר,false,1,13.50,9,false,1,
7290102397204,false,גבינה צהובה  22% 200גר נעם דק דק סגור,*החברה המרכזית להפצת משקאותבעמ,,,"י""ח",200,ל  גרם,false,1,15.90,7.95,true,1,
7290102397310,false,מאגדת שמינייה מיני מוו שוקולד קצפת,*החברה המרכזית להפצת משקאותבעמ,,,"י""ח",250,ל  גרם,false,1,11.90,4.76,false,1,
7290102397334,false,בולגרית  5% צוריאל בגביע,*החברה המרכזית להפצת משקאותבעמ,,,"י""ח",250,ל  גרם,false,1,20.90,8.36,false,1,
7290102397600,false,מולר מיקס ביו שקדים ובוטנים בקרמל170ג,*החברה המרכזית להפצת משקאותבעמ,,,"י""ח",170,ל  גרם,false,1,5.70,3.35,false,1,
7290102397617,false,מולר מיקס קליק,*החברה המרכזית להפצת משקאותבעמ,,,"י""ח",500,ל  גרם,false,1,5.70,1.14,false,1,
7290102397679,false,קוטג 5% 375ג,*החברה המרכזית להפצת משקאותבעמ,,,"י""ח",350,ל  גרם,false,1,7.20,2.06,false,1,
7290102397730,false,אמנטל נעם 200ג,*החברה המרכזית להפצת משקאותבעמ,,,"י""ח",200,ל  גרם,false,1,16.90,8.45,true,1,
7290102397747,false,מוצרלה נעם 200ג,*החברה המרכזית להפצת משקאותבעמ,,,"י""ח",200,ל  גרם,false,1,17.90,8.95,true,1,
7290102397891,false,גבינת מותכת 100ג צוריאל,*החברה המרכזית להפצת משקאותבעמ,,,"י""ח",100,"ל  מ""ל",false,1,6.90,6.90,false,1,
7290102398065,false,חלב טרה קרטון 2 ליטר   מהדרין*%*3,*החברה המרכזית להפצת משקאותבעמ,,,"י""ח",2,ליטר,false,1,12.46,6.23,false,1,
7290102398331,false,חלב מועשר דל לקטוז1ליטר קרטון,*החברה המרכזית להפצת משקאותבעמ,,,"י""ח",1,ליטר,false,1,7.50,7.50,false,1,
7290102398478,false,לאבנה 9% 500ג.,*החברה המרכזית להפצת משקאותבעמ,,,"י""ח",500,ל  גרם,false,1,18.90,3.78,false,1,
7290102398553,false,שוקו טרה בבקבוק 1.5ליטר,*החברה המרכזית להפצת משקאותבעמ,,,"י""ח",1.50,ליטר,false,1,16.90,11.27,false,1,
7290102398560,false,שוקו מעושר 1ל בקבוק טרה,*החברה המרכזית להפצת משקאותבעמ,,,"י""ח",1,ליטר,false,1,11.90,11.90,true,1,
7290102398577,false,"שוקו מעושר 250מ""ל בקבוק פקק ספורט",*החברה המרכזית להפצת משקאותבעמ,,,"י""ח",250,"ל  מ""ל",false,1,5.40,2.16,false,1,
7290102398614,false,משקה חלב טעם בננה  1ל בקבוק,*החברה המרכזית להפצת משקאותבעמ,,,"י""ח",1,ליטר,false,1,11.90,11.90,true,1,
7290102398638,false,משקה חלב טעם מוקה  1ל בקבוק,*החברה המרכזית להפצת משקאותבעמ,,,"י""ח",1,ליטר,false,1,11.90,11.90,true,1,
7290102398669,false,משקה קפוצינו 1 ליטר. טרה,*החברה המרכזית להפצת משקאותבעמ,,,"י""ח",1,ליטר,false,1,11.90,11.90,true,1,
7290102398782,false,משקה סויה קלאסי 1ל בקבוק משק צוריא,*החברה המרכזית להפצת משקאותבעמ,,,"י""ח",1,ליטר,false,1,11.90,11.90,false,1,
7290102398799,false,משקה סויה במתיקות 1ל בקבוק משק צוריא,*החברה המרכזית להפצת משקאותבעמ,,,"י""ח",1,ליטר,false,1,11.90,11.90,false,1,
7290102398805,false,משקה סויה בטעם וניל 1ל בקבוק משק צוריא,*החברה המרכזית להפצת משקאותבעמ,,,"י""ח",1,ליטר,false,1,11.90,11.90,false,1,
7290102398836,false,משקה שקדים קלאסי 1ליטר משק צוריא,*החברה המרכזית להפצת משקאותבעמ,,,"י""ח",1,ליטר,false,1,12.90,12.90,false,1,
7290102399048,false,קשקבל נעם 200גרם,*החברה המרכזית להפצת משקאותבעמ,,,"י""ח",200,ל  גרם,false,1,22.90,11.45,true,1,
7290102399789,false,ממרח חמאת מולר ללא מלח  250ג,*החברה המרכזית להפצת משקאותבעמ,,,"י""ח",250,ל  גרם,false,1,15.90,6.36,false,1,
7290102399796,false,מולר אקטיב יוגורט לבן 200ג,*החברה המרכזית להפצת משקאותבעמ,,,"י""ח",200,"ל  מ""ל",false,1,5.90,2.95,true,1,
7290102399802,false,מולר אקטיב יוגורט עם תות  200ג,*החברה המרכזית להפצת משקאותבעמ,,,"י""ח",200,"ל  מ""ל",false,1,5.90,2.95,true,1,
7290102399819,false,מולר אקטיב יוגורט עם פ.יער 200ג,*החברה המרכזית להפצת משקאותבעמ,,,"י""ח",200,"ל  מ""ל",false,1,5.90,2.95,true,1,
7290102399857,false,מולר אקטיב לייט יוגורט עם תות 0%  200ג,*החברה המרכזית להפצת משקאותבעמ,,,"י""ח",200,"ל  מ""ל",false,1,5.90,2.95,true,1,
7290103120658,false,ספיד סטיק 24/7 שחור ג ל,ש.שסטוביץ בעמ,,,"י""ח",1,"י""ח",false,1,19.90,19.90,true,1,
7290103124601,false,"פלמוליב סבון נוזלי חלב משאבה 750 מ""ל",ש.שסטוביץ בעמ,,,"י""ח",750,"ל  מ""ל",false,1,19.90,2.65,true,1,
7290103129637,false,בלונס פדים אובליים להסרת איפור 40יח,ש.שסטוביץ בעמ,,,"י""ח",1,,false,1,7.90,7.90,false,1,
7290103400255,false,"סלט קולסלאו בד""ץ 400גר שטראוס",שטראוס גרופ ***בעמ,,,"י""ח",400,ל  גרם,false,1,8.90,2.23,true,1,
7290103401429,false,קפה נמס ברזילאי  200גר,שטראוס גרופ בעמ,,,"י""ח",200,ל  גרם,false,1,24.90,12.45,true,1,
7290103404758,false,כרוב 120גר`,שטראוס גרופ ***בעמ,,,"י""ח",120,ל  גרם,false,1,4.70,3.92,true,1,
7290103408206,false,עלי חסה בקופסא 250 גר`ירקות שטראוס,שטראוס גרופ ***בעמ,,,"י""ח",250,ל  גרם,false,1,9.90,3.96,true,1,
7290103681180,false,"יין אדום תבור הר מרלו 750מ""ל",*החברה המרכזית להפצת משקאותבעמ,,,"י""ח",750,"ל  מ""ל",false,1,35.90,4.75,false,1,
7290103681227,false,"יין אדום תבור הר גוורצטרמינר 750מ""ל",*החברה המרכזית להפצת משקאותבעמ,,,"י""ח",750,"ל  מ""ל",false,1,35.90,4.75,false,1,
7290103700034,false,טאצ`מטליות בגליל,שניב תעשיות נייר בעמ,,,"י""ח",1,,false,1,18.90,18.90,false,1,
7290103700324,false,טאץ`שקית אוכל בקרטון 150 זוג,שניב תעשיות נייר בעמ,,,"י""ח",150,"י""ח",false,1,11.90,0.08,false,1,
7290103700393,false,טאצ`כריות קרצוף רביעייה,שניב תעשיות נייר בעמ,,,"י""ח",1,,false,1,9.90,9.90,true,1,
7290103701017,false,נייר אפיה טאצ,שניב תעשיות נייר בעמ,,,"י""ח",10,"י""ח",false,1,9.90,0.99,true,1,
7290103701031,false,כוס נייר טאצ 4 OZ,שניב תעשיות נייר בעמ,,,"י""ח",1,,false,1,7.90,7.90,false,1,
7290103701055,false,כוסות חד פעמי שתיה חמה 8OZ,שניב תעשיות נייר בעמ,,,"י""ח",0,"י""ח",false,1,10.90,10.90,false,1,
7290103701079,false,`כוס נייר טאצ  10 OZ,שניב תעשיות נייר בעמ,,,"י""ח",1,,false,1,14.90,14.90,false,1,
7290103701086,false,כוס נייר טאצ  12 OZ,שניב תעשיות נייר בעמ,,,"י""ח",1,,false,1,18.90,18.90,false,1,
7290103702212,false,ממחטות כיס  טאצ`מארז 10 יח,שניב תעשיות נייר בעמ,,,"י""ח",10,"י""ח",false,1,7.90,0.79,false,1,
7290103702328,false,טאצ`אשפתון עבה וחזק במיוחד 25יח בגליל,שניב תעשיות נייר בעמ,,,"י""ח",50,"י""ח",false,1,16.90,0.34,true,1,
7290103702489,false,נייר טואלט חתוך  טאצ`מארז 4*200גר,שניב תעשיות נייר בעמ,,,"י""ח",10,"י""ח",false,1,15.90,1.59,false,1,
7290103702540,false,נייר טואלט מהדורה כדור פורח 30יח,שניב תעשיות נייר בעמ,,,"י""ח",30,"י""ח",false,1,26.90,0.90,true,1,
7290103702724,false,טאץ`שקית אשפה 52*65 עפ שרוך 60יח,שניב תעשיות נייר בעמ,,,"י""ח",250,"י""ח",false,1,22.90,0.09,false,1,
7290103702779,false,מפיות  טאצ `150יח`,שניב תעשיות נייר בעמ,,,"י""ח",150,"י""ח",false,1,7.90,0.05,true,1,
7290103703226,false,מטליות לחות לניקוי כללי טאץ,שניב תעשיות נייר בעמ,,,"י""ח",1,"י""ח",false,1,7.90,7.90,false,1,
7290103703738,false,טאצ מפות עבות במיוחד 45מטר בגליל.,שניב תעשיות נייר בעמ,,,"י""ח",45,מטר,false,1,31.90,0.71,false,1,
7290103704155,false,מגבת מטבח טאצ` 6 גליל,שניב תעשיות נייר בעמ,,,"י""ח",6,"י""ח",false,1,10.90,1.82,false,1,
7290103704162,false,נייר טואלט טאצ 32 גליל,שניב תעשיות נייר בעמ,,,"י""ח",32,"י""ח",false,1,29.90,0.93,false,1,
7290103704186,false,מגבות מטבח 6 יח כפול  טאצ` מהדורת2021,שניב תעשיות נייר בעמ,,,"י""ח",6,"י""ח",false,1,19.90,3.32,true,1,
7290103704575,false,נייר טואלט טאצ 48גליל,שניב תעשיות נייר בעמ,,,"י""ח",48,"י""ח",false,1,39.90,0.83,false,1,
7290103704766,false,נייר טואלט טאצ 24 גליל כפול מהדורת פרח,שניב תעשיות נייר בעמ,,,"י""ח",883,מטר,false,1,41.90,0.05,false,1,
7290103746001,false,ממחטות אף  חמישייה טאצ`,שניב תעשיות נייר בעמ,,,"י""ח",1,,false,1,13.90,13.90,true,1,
7290104061417,false,חומוס טחינה 400 גר`אחלה,שטראוס גרופ ***בעמ,,,"י""ח",400,ל  גרם,false,1,10.90,2.73,true,1,
7290104061424,false,חומוס זעתר 400גר`,שטראוס גרופ ***בעמ,,,"י""ח",400,ל  גרם,false,1,10.90,2.73,true,1,
7290104061431,false,חומוס אחלה צנובר 400גר`,שטראוס גרופ ***בעמ,,,"י""ח",400,ל  גרם,false,1,10.90,2.73,true,1,
7290104061448,false,חומוס אחלה חריף 400 גר`שטראוס,שטראוס גרופ ***בעמ,,,"י""ח",400,ל  גרם,false,1,10.90,2.73,true,1,
7290104062599,false,מארז סופר גמדים תות בננה שמינייה,שטראוס גרופ ***בעמ,,,"י""ח",800,ל  גרם,false,1,17.90,2.24,true,1,
7290104064012,false,חטיף GOOD2 שוקולד לבן פסק זמן 36גרם,שטראוס גרופ בעמ,,,"י""ח",36,ל  גרם,false,1,4.90,13.61,true,1,
7290104065934,false,עלי רוקט 150 גר`שטראוס,שטראוס גרופ ***בעמ,,,"י""ח",150,ל  גרם,false,1,9.90,6.60,true,1,
7290104066566,false,סלט טחינה שומשום מלא 500גר אחלה,שטראוס גרופ ***בעמ,,,"י""ח",500,ל  גרם,false,1,13.90,2.78,true,1,
7290104067693,false,חומוס חריף 150גר,שטראוס גרופ ***בעמ,,,"י""ח",150,ל  גרם,false,1,5.90,3.93,true,1,
7290104289590,false,מטריה מתקפלת שחורה,עולם הבית שיווק והפצה בעמ,,,"י""ח",1,,false,1,36.90,36.90,false,1,
7290104289606,false,מטריה מיני צבעים חלקים,עולם הבית שיווק והפצה בעמ,,,"י""ח",1,,false,1,36.90,36.90,false,1,
7290104500572,false,אפרופו איטליאנו 50 גרם,קבוצת אוסם סחר-שות.מוגבלת,,,"י""ח",50,ל  גרם,false,1,5,10,true,1,
7290104501661,false,פודינג בטעם וניל צרפתי,קבוצת אוסם סחר-שות.מוגבלת,,,"י""ח",110,ל  גרם,false,1,5.90,5.36,true,1,
7290104504228,false,דובונים  מארז 5*20ג,קבוצת אוסם סחר-שות.מוגבלת,,,"י""ח",100,ל  גרם,false,1,13.90,13.90,true,1,
7290104508189,false,גביעי גלידה ממותקים 24 אוסם,קבוצת אוסם סחר-שות.מוגבלת,,,"י""ח",24,"י""ח",false,1,13.90,0.58,false,1,
7290104508943,false,במבה  קלאסי 200 גרם אוסם,קבוצת אוסם סחר-שות.מוגבלת,,,"י""ח",200,ל  גרם,false,1,9.90,4.95,true,1,
7290104720499,false,"מארז 8 דני וניל  1ק""ג כשל""פ רובין",שטראוס גרופ ***בעמ,,,"י""ח",1,"ק""ג",false,1,16.90,16.90,true,1,
7290104721762,false,קפה שלשות 85גר` עלית,שטראוס גרופ בעמ,,,"י""ח",1,"י""ח",false,1,22.10,22.10,true,1,
7290104721953,false,לקט מסולסלים 350 גר`שטראוס,שטראוס גרופ ***בעמ,,,"י""ח",350,ל  גרם,false,1,12.90,3.69,true,1,
7290104722530,false,תפוצי פס 200 ג,שטראוס פריטו ליי בעמ,,,"י""ח",200,ל  גרם,false,1,10.90,5.45,true,1,
7290104726712,false,"מארז מילקי שמינייה רובין כשל""פ 1064גר",שטראוס גרופ ***בעמ,,,"י""ח",868,"ל  מ""ל",false,1,19.90,2.29,true,1,
7290104728310,false,שמנת להקצפה 38%  שומן מהדרין*פ (יטבתה),שטראוס גרופ ***בעמ,,,"י""ח",250,"ל  מ""ל",false,1,6.47,2.59,true,1,
7290104729003,false,"שמן זית יד מרדכי כ.מעולה 750 מ""ל  מד.",שטראוס גרופ בעמ,,,"י""ח",750,"ל  מ""ל",false,1,33.30,4.44,true,1,
7290104729010,false,לבן טעם תות 100גרם,שטראוס גרופ ***בעמ,,,"י""ח",100,"ל  מ""ל",false,1,1.40,1.40,true,1,
7290104960239,false,"תחליב רחצה נקה7 לבן 750 מ""ל",החב הדרומית לשיווק,,,"י""ח",750,"ל  מ""ל",false,1,9.90,1.32,false,1,
7290104960246,false,"תחליב רחצה  ארומה 750מ""ל ורוד",החב הדרומית לשיווק,,,"י""ח",750,"ל  מ""ל",false,1,9.90,1.32,false,1,
7290104960253,false,"תחליב רחצה  ארומה לבנדר 750מ""ל",החב הדרומית לשיווק,,,"י""ח",750,"ל  מ""ל",false,1,9.90,1.32,false,1,
7290104960352,false,"תחליב רחצה  ארומה 750מ""ל וניל שקד.",החב הדרומית לשיווק,,,"י""ח",750,"ל  מ""ל",false,1,9.90,1.32,false,1,
7290104961243,false,"תחליב רחצה  קוקוס 750 יסמין מ""ל",החב הדרומית לשיווק,,,"י""ח",750,"ל  מ""ל",false,1,9.90,1.32,false,1,
7290104961250,false,"תחליב רחצה  וניל מאסק 750  מ""ל",החב הדרומית לשיווק,,,"י""ח",750,"ל  מ""ל",false,1,9.90,1.32,false,1,
7290104961878,false,שמפו קרטין אינטנס,החב הדרומית לשיווק,,,"י""ח",700,"ל  מ""ל",false,1,29.90,4.27,false,1,
7290104961892,false,קרטין אינטנס מסיכה לשיער,החב הדרומית לשיווק,,,"י""ח",700,"ל  מ""ל",false,1,39.90,5.70,false,1,
7290104962073,false,דאו`טיטניום ספריי,החב הדרומית לשיווק,,,"י""ח",100,ל  גרם,false,1,14.90,14.90,false,1,
7290104962080,false,טיטניום ספריי,החב הדרומית לשיווק,,,"י""ח",150,"ל  מ""ל",false,1,10.90,7.27,false,1,
7290104962134,false,רון און  נושם נערות קרליין,החב הדרומית לשיווק,,,"י""ח",1,,false,1,10.90,10.90,false,1,
7290104962585,false,רולאון נושם  קרליין,החב הדרומית לשיווק,,,"י""ח",75,ל  גרם,false,1,11.90,15.87,false,1,
7290104963001,false,מגבונים סופטקר בניחוח עדין רביעייה,החב הדרומית לשיווק,,,"י""ח",4,"י""ח",false,1,17.90,4.48,false,1,
7290104963018,false,מגבונים סופטקר ללא בישום רביעייה,החב הדרומית לשיווק,,,"י""ח",4,"י""ח",false,1,17.90,4.48,false,1,
7290104963162,false,"קרם גוף  500מ""ל סופטקר",החב הדרומית לשיווק,,,"י""ח",500,"ל  מ""ל",false,1,24.90,4.98,false,1,
7290104963940,false,מגבונים להסרת איפור פחם טבעי,@@@ החב הדרומית לשיווק בעמ,,,"י""ח",1,,false,1,10,10,false,1,
7290104964053,false,קרליין סבון פנים עם מברשת ניקוי,@@@ החב הדרומית לשיווק בעמ,,,"י""ח",150,"ל  מ""ל",false,1,24.90,16.60,false,1,
7290104964220,false,גל מרענן  לניקוי פנים,@@@ החב הדרומית לשיווק בעמ,,,"י""ח",300,"ל  מ""ל",false,1,29.90,9.97,false,1,
7290104965647,false,רולאון נושם בנות SWEET KISS,החב הדרומית לשיווק,,,"י""ח",75,ל  גרם,false,1,11.90,15.87,false,1,
7290105360250,false,קפסולות מקיאטו עלית 50גר,שטראוס גרופ בעמ,,,"י""ח",50,ל  גרם,false,1,19,38,true,1,
7290105360328,false,קפסולות אספרסו חזק עלית 50גר,שטראוס גרופ בעמ,,,"י""ח",50,ל  גרם,false,1,19,38,true,1,
7290105360335,false,קפסולות אספרסו  עלית 50גר,שטראוס גרופ בעמ,,,"י""ח",50,ל  גרם,false,1,19,38,true,1,
7290105362339,false,שמנת לבישול 15% שומן מהדרין(יטבתה,שטראוס גרופ ***בעמ,,,"י""ח",250,"ל  מ""ל",false,1,7.90,3.16,true,1,
7290105363602,false,כיף כף מקלות קלאסי 40גר,שטראוס גרופ בעמ,,,"י""ח",40,ל  גרם,false,1,4.80,12,true,1,
7290105364289,false,כיף כף מקלות פיצפוצים 40גר,שטראוס גרופ בעמ,,,"י""ח",40,ל  גרם,false,1,4.80,12,true,1,
7290105364302,false,כיף כף מקלות אגוזים 42גר,שטראוס גרופ בעמ,,,"י""ח",40,ל  גרם,false,1,4.80,12,true,1,
7290105364678,false,משקה אקטיביה בודד אפרסק,שטראוס גרופ ***בעמ,,,"י""ח",250,"ל  מ""ל",false,1,4.90,1.96,true,1,
7290105366023,false,סלט אחלה חצילים טעם כבד 400 גרם,שטראוס גרופ ***בעמ,,,"י""ח",400,ל  גרם,false,1,14.90,3.73,true,1,
7290105366047,false,טחינה לבנה אחלה 400גרם,שטראוס גרופ ***בעמ,,,"י""ח",400,ל  גרם,false,1,13.90,3.48,true,1,
7290105366993,false,סימפוניה פלפל שיפקה  200גר,שטראוס גרופ ***בעמ,,,"י""ח",200,ל  גרם,false,1,10.90,5.45,true,1,
7290105368331,false,מילקי  תות}שטראוס{,שטראוס גרופ ***בעמ,,,"י""ח",130,"ל  מ""ל",false,1,2.90,2.23,true,1,
7290105368904,false,שמנת מתוקה להקצפה 32% שומן מהדרין,שטראוס גרופ ***בעמ,,,"י""ח",250,"ל  מ""ל",false,1,7.30,2.92,true,1,
7290105368928,false,"שמנת 9% מהדרין 200מ""ל",שטראוס גרופ ***בעמ,,,"י""ח",200,"ל  מ""ל",false,1,2.90,1.45,true,1,
7290105369130,false,סימפוניה בצל ירוק 3% 200גר,שטראוס גרופ ***בעמ,,,"י""ח",200,ל  גרם,false,1,10.90,5.45,true,1,
7290105430441,false,"פלמוליב סבון נוזלי שחור משאבה 750 מ""ל",ש.שסטוביץ בעמ,,,"י""ח",750,"ל  מ""ל",false,1,19.90,2.65,true,1,
7290105430458,false,"פלמוליב סבון נוזלי שקדים משאבה 750 מ""ל",ש.שסטוביץ בעמ,,,"י""ח",750,"ל  מ""ל",false,1,19.90,2.65,true,1,
7290105430502,false,ספיד סטיק סטיינגארד סטיק,ש.שסטוביץ בעמ,,,"י""ח",100,"ל  מ""ל",false,1,18.90,18.90,true,1,
7290105431516,false,פרי  מארז 5 דגנים טעם תמרים בוטנים.,ש.שסטוביץ בעמ,,,"י""ח",5,"י""ח",false,1,16.90,3.38,false,1,
7290105439499,false,מיונז 481ג מאסטר שף,ש.שסטוביץ בעמ,,,"י""ח",481,ל  גרם,false,1,11.90,2.47,false,1,
7290105439581,false,חרדל דיזון 370ג צרפתי מאסטר שף,ש.שסטוביץ בעמ,,,"י""ח",370,ל  גרם,false,1,10.90,2.95,false,1,
7290105479679,false,"בונזו בקר וכבד 12ק""ג מחולק",דיפלומט מפיצים (1968) בעמ**,,,"י""ח",12,"ק""ג",false,1,129.90,10.83,false,1,
7290105500151,false,וודקה פינלנדיה רגיל 700,מ.אקרמן בעמ,,,"י""ח",750,"ל  מ""ל",false,1,68.90,9.15,false,1,
7290105691224,false,חטיפי פריכונים טורטיה שום בצל 60 גר,קבוצת אוסם סחר-שות.מוגבלת,,,"י""ח",60,ל  גרם,false,1,7.90,13.17,false,1,
7290105691934,false,"קמח שמרים 1ק""ג",קבוצת אוסם סחר-שות.מוגבלת,,,"י""ח",1,"ק""ג",false,1,10.90,10.90,false,1,
7290105693341,false,במבה  מארז 10 יחידות 25גרם.,קבוצת אוסם סחר-שות.מוגבלת,,,"י""ח",250,ל  גרם,false,1,16.90,6.76,true,1,
7290105693457,false,עוגת הבית דמקה טעם שוקו וניל,קבוצת אוסם סחר-שות.מוגבלת,,,"י""ח",400,ל  גרם,false,1,11.90,2.98,false,1,
7290105694614,false,ספגטי מהיר הכנה,קבוצת אוסם סחר-שות.מוגבלת,,,"י""ח",500,ל  גרם,false,1,5.90,1.18,true,1,
7290105695024,false,פתיתים אפויים אורז עם אטריות,קבוצת אוסם סחר-שות.מוגבלת,,,"י""ח",500,ל  גרם,false,1,7.90,1.58,true,1,
7290105695321,false,עוגת בראוניז  פאדג`380גר`,קבוצת אוסם סחר-שות.מוגבלת,,,"י""ח",380,ל  גרם,false,1,18.90,4.97,false,1,
7290105962331,false,סחוג אדום זהבי  220גרם,שטראוס גרופ ***בעמ,,,"י""ח",220,ל  גרם,false,1,10.90,4.95,true,1,
7290105964564,false,חומוס אחלה  400 גרם. שטראוס,שטראוס גרופ ***בעמ,,,"י""ח",400,ל  גרם,false,1,8.90,2.23,true,1,
7290105965738,false,"משקה בוקר לשתיה תות בננה 267מ""ל",שטראוס גרופ ***בעמ,,,"י""ח",267,ל  גרם,false,1,4.80,1.80,true,1,
7290105968098,false,סלט קולסלאו 500גר,שטראוס גרופ ***בעמ,,,"י""ח",500,ל  גרם,false,1,13.90,2.78,true,1,
7290105968654,false,טורטליני בטטה שטראוס פרווה,שטראוס גרופ ***בעמ,,,"י""ח",400,ל  גרם,false,1,19.90,4.98,true,1,
7290105968777,false,פרכיות  אנרג`תחתית שוקולד מריר70גר,שטראוס גרופ בעמ,,,"י""ח",1,,false,1,8.90,8.90,true,1,
7290106520066,false,אצבעות רבע לשבע 160גר`,שטראוס גרופ בעמ,,,"י""ח",160,ל  גרם,false,1,12.90,8.06,true,1,
7290106520288,false,דנונה WOW תות 2.4%  150גר,שטראוס גרופ ***בעמ,,,"י""ח",150,"ל  מ""ל",false,1,4.60,3.07,true,1,
7290106520905,false,סלט טורקי 400גר,שטראוס גרופ ***בעמ,,,"י""ח",400,ל  גרם,false,1,13.90,3.48,true,1,
7290106520912,false,שמנת לבישול 9% שומן 258גר  מהדרין יטבתה,שטראוס גרופ ***בעמ,,,"י""ח",258,"ל  מ""ל",false,1,7.90,3.06,true,1,
7290106521926,false,קפה טורקי שקית 150 עלית 10%.,שטראוס גרופ בעמ,,,"י""ח",150,ל  גרם,false,1,13.50,9,true,1,
7290106524439,false,תפוצ יפס פופס 60ג,שטראוס פריטו ליי בעמ,,,"י""ח",60,ל  גרם,false,1,4.50,7.50,true,1,
7290106525320,false,שוקולית לאפיה  500 גר,שטראוס גרופ בעמ,,,"י""ח",500,ל  גרם,false,1,15.50,3.10,true,1,
7290106525368,false,אצבעות רבע לשבע שחור לבן 120גר`,שטראוס גרופ בעמ,,,"י""ח",120,ל  גרם,false,1,12.90,10.75,true,1,
7290106525399,false,קפסולות ברזיל 06 עלית 50גר,שטראוס גרופ בעמ,,,"י""ח",50,ל  גרם,false,1,19,38,true,1,
7290106526822,false,פריכיות אנרג`י תחתית  חלב 80גר,שטראוס גרופ בעמ,,,"י""ח",80,ל  גרם,false,1,8.90,11.13,true,1,
7290106528628,false,דוריטוס טבעי  185ג,שטראוס פריטו ליי בעמ,,,"י""ח",185,ל  גרם,false,1,6.90,3.73,true,1,
7290106528949,false,סלט ערוגות 450גר שטראוס,שטראוס גרופ ***בעמ,,,"י""ח",450,ל  גרם,false,1,10.90,2.42,true,1,
7290106571792,false,"ויטמינצ יק ענבים/פטל כשל""פ",נגה גלידות,,,"י""ח",1,,false,1,3.90,3.90,true,1,
7290106571921,false,עוגיות חמוציות 180גר,קבוצת אוסם סחר-שות.מוגבלת,,,"י""ח",180,ל  גרם,false,1,11.90,6.61,true,1,
7290106572027,false,לחמית חמישה דגנים 190גר,קבוצת אוסם סחר-שות.מוגבלת,,,"י""ח",230,ל  גרם,false,1,8.90,3.87,true,1,
7290106572065,false,חטיפי פריכונים טורטיה חמוץ מתוק 60 גר,קבוצת אוסם סחר-שות.מוגבלת,,,"י""ח",60,ל  גרם,false,1,7.90,13.17,false,1,
7290106572959,false,מארז אפרופו 5 יח,קבוצת אוסם סחר-שות.מוגבלת,,,"י""ח",150,ל  גרם,false,1,13.10,8.73,true,1,
7290106572997,false,"קמח שמרים לפיצה 1ק""ג",קבוצת אוסם סחר-שות.מוגבלת,,,"י""ח",1,"ק""ג",false,1,10.90,10.90,false,1,
7290106573277,false,קריספי טאפאס זיתיםי 150גרם,קבוצת אוסם סחר-שות.מוגבלת,,,"י""ח",150,ל  גרם,false,1,11.90,7.93,false,1,
7290106573314,false,קריספי טאפאס פיזורים 150גרם,קבוצת אוסם סחר-שות.מוגבלת,,,"י""ח",150,ל  גרם,false,1,11.90,7.93,false,1,
7290106573598,false,חומוס לבנוני 400 גרם,קבוצת אוסם סחר-שות.מוגבלת,,,"י""ח",400,ל  גרם,false,1,12.70,3.18,true,1,
7290106574793,false,עוגת בראוניס ביס שוקולד 216גר,קבוצת אוסם סחר-שות.מוגבלת,,,"י""ח",216,ל  גרם,false,1,11.90,5.51,false,1,
7290106574953,false,שטוחים  בייגלה שומשום 300גר,קבוצת אוסם סחר-שות.מוגבלת,,,"י""ח",300,ל  גרם,false,1,10.80,3.60,false,1,
7290106575257,false,עוגת סופלה טעם שוקולד 340גר,קבוצת אוסם סחר-שות.מוגבלת,,,"י""ח",340,ל  גרם,false,1,11.90,3.50,false,1,
7290106575431,false,עוגת סופלה טעם שוקו וניל 340גר,קבוצת אוסם סחר-שות.מוגבלת,,,"י""ח",340,ל  גרם,false,1,11.90,3.50,false,1,
7290106576513,false,חומוס צבר 400גר,קבוצת אוסם סחר-שות.מוגבלת,,,"י""ח",400,ל  גרם,false,1,11.90,2.98,false,1,
7290106576537,false,חומוס מסעדה 700גר צבר,קבוצת אוסם סחר-שות.מוגבלת,,,"י""ח",700,ל  גרם,false,1,11.70,1.67,false,1,
7290106576810,false,לה קרמריה רבת חלב  1.4ליטר,נגה גלידות,,,"י""ח",1.40,ליטר,false,1,18.90,13.50,false,1,
7290106576834,false,לה קרמריה פונש בננה  1.4ליטר,נגה גלידות,,,"י""ח",1.40,ליטר,false,1,18.90,13.50,false,1,
7290106576858,false,לה קרמריה תותים בשמנת  1.4ליטר,נגה גלידות,,,"י""ח",1.40,ליטר,false,1,18.90,13.50,false,1,
7290106576957,false,לה קרמריה שוקו וניל פליק פרווה 1.4ליטר,נגה גלידות,,,"י""ח",1.40,ליטר,false,1,18.90,13.50,false,1,
7290106576971,false,לה קרמריה שוקולד בלגי  1.4ליטר,נגה גלידות,,,"י""ח",1.40,ליטר,false,1,18.90,13.50,false,1,
7290106576995,false,לה קרמריה סורבה תות מנג לייט  1.4 ליטר,נגה גלידות,,,"י""ח",1.40,ליטר,false,1,18.90,13.50,false,1,
7290106577039,false,לה קרמריה וניל שוקו פליק  1.4ליטר,נגה גלידות,,,"י""ח",1.40,ליטר,false,1,18.90,13.50,false,1,
7290106577541,false,כרוב אדום צבר  400גר,קבוצת אוסם סחר-שות.מוגבלת,,,"י""ח",400,ל  גרם,false,1,12.70,3.18,true,1,
7290106578692,false,ביסלי במבה מיקס מהדורת אליפות 80גר,קבוצת אוסם סחר-שות.מוגבלת,,,"י""ח",60,ל  גרם,false,1,4.30,7.17,true,1,
7290106578821,false,עוגת שמרים שוקולד קלאסית 350גר,קבוצת אוסם סחר-שות.מוגבלת,,,"י""ח",350,ל  גרם,false,1,17.90,5.11,false,1,
7290106652996,false,כיף כף מקלות קוקוס   40גר,שטראוס גרופ בעמ,,,"י""ח",40,ל  גרם,false,1,4.80,12,true,1,
7290106654099,false,מילקי  CAKE מאגדת שמינייה שטראוס,שטראוס גרופ ***בעמ,,,"י""ח",272,ל  גרם,false,1,19.90,7.32,true,1,
7290106656727,false,"חיוכים שוקו 600גר בד""ץ",שטראוס גרופ בעמ,,,"י""ח",600,ל  גרם,false,1,17.90,2.98,true,1,
7290106662025,false,תפוצ יפס  מלח פלפל  50ג,שטראוס פריטו ליי בעמ,,,"י""ח",50,ל  גרם,false,1,4.50,9,true,1,
7290106662964,false,סוכ גומי יין נוסטלגיה  100גר,שטראוס גרופ בעמ,,,"י""ח",100,ל  גרם,false,1,4.90,4.90,true,1,
7290106663091,false,לאבנה 9% 500גר`,שטראוס גרופ ***בעמ,,,"י""ח",500,ל  גרם,false,1,17.90,3.58,true,1,
7290106663121,false,מילקי CAKE בודד,שטראוס גרופ ***בעמ,,,"י""ח",34,ל  גרם,false,1,2.90,8.53,true,1,
7290106663558,false,"רוטב טריאקי רימון 280מ""ל",שטראוס גרופ בעמ,,,"י""ח",280,"ל  מ""ל",false,1,12.90,4.61,true,1,
7290106664067,false,לאבנה שמן זית וזעתר 10% שומן 400גר,שטראוס גרופ ***בעמ,,,"י""ח",400,ל  גרם,false,1,14.90,3.73,true,1,
7290106664555,false,רוטב שמנת עם עגבניות  9%,שטראוס גרופ ***בעמ,,,"י""ח",200,ל  גרם,false,1,10.90,5.45,true,1,
7290106664562,false,רוטב שמנת עם פטריות  9%,שטראוס גרופ ***בעמ,,,"י""ח",200,ל  גרם,false,1,10.90,5.45,true,1,
7290106667266,false,דוריטוס חמוץ חריף 185ג,שטראוס פריטו ליי בעמ,,,"י""ח",185,ל  גרם,false,1,7.50,4.05,true,1,
7290106668577,false,"מיץ לימון טבעי 250מ""ל יד מרדכי",שטראוס גרופ בעמ,,,"י""ח",250,"ל  מ""ל",false,1,7.80,3.12,true,1,
7290106668713,false,דנונה פירות יער 3%,שטראוס גרופ ***בעמ,,,"י""ח",150,"ל  מ""ל",false,1,3.50,2.33,true,1,
7290106669857,false,קפסולות אספרסו עלית טעם וניל 50גר,שטראוס גרופ בעמ,,,"י""ח",50,ל  גרם,false,1,19,38,true,1,
7290106720626,false,ציטוס גבינה 80ג,שטראוס פריטו ליי בעמ,,,"י""ח",80,ל  גרם,false,1,4.20,5.25,true,1,
7290106721920,false,מסטיק מאסט ספירמינט צ`יקלט 66גר,שטראוס גרופ בעמ,,,"י""ח",66,ל  גרם,false,1,9.90,15,true,1,
7290106723689,false,עלי תרד  בייבי 200ג שטראוס,שטראוס גרופ ***בעמ,,,"י""ח",200,ל  גרם,false,1,10.90,5.45,true,1,
7290106724488,false,דנונה טבעי 1.7% 150גר,שטראוס גרופ ***בעמ,,,"י""ח",150,ל  גרם,false,1,2.30,1.53,true,1,
7290106725874,false,"סירופ מייפל טבעי 236 מ""ל יד מרדכי",שטראוס גרופ בעמ,,,"י""ח",236,"ל  מ""ל",false,1,41.90,17.75,true,1,
7290106726178,false,דנונה WOW פירות יער  2.4%  150גר,שטראוס גרופ ***בעמ,,,"י""ח",150,"ל  מ""ל",false,1,4.60,3.07,true,1,
7290106727984,false,גביע פצפצים 135גר,שטראוס גרופ בעמ,,,"י""ח",135,ל  גרם,false,1,9.90,7.33,true,1,
7290106729650,false,מארז דנונה שמינייה תות  3% 150גר,שטראוס גרופ ***בעמ,,,"י""ח",1.20,ליטר,false,1,23.90,19.92,true,1,
7290107280020,false,מטליות לחות לניקוי כללי 50 * 3 מארז סנ,החב הדרומית לשיווק,,,"י""ח",1,,false,1,18.90,18.90,false,1,
7290107280037,false,סנו סושי מגבונים לניקוי כללי 50 יחידות,החב הדרומית לשיווק,,,"י""ח",1,,false,1,8.90,8.90,false,1,
7290107280075,false,מגשית אלומיניום מארז 4 יח מידה L,החב הדרומית לשיווק,,,"י""ח",1,,false,1,9.90,9.90,false,1,
7290107280082,false,מגשית אלומיניום מארז 7 יח אינגליש קייק,החב הדרומית לשיווק,,,"י""ח",1,,false,1,9.90,9.90,false,1,
7290107280099,false,מגבוני ט. סנו סופט  לחים שלישייה,החב הדרומית לשיווק,,,"י""ח",3,"י""ח",false,1,14.90,4.97,false,1,
7290107280129,false,שקיות אשפה 20יח,החב הדרומית לשיווק,,,"י""ח",1,,false,1,22.90,22.90,false,1,
7290107280341,false,מטליות לחות לרצפה מלון מפנק  10 יחידו,החב הדרומית לשיווק,,,"י""ח",1,,false,1,12.90,12.90,false,1,
7290107280389,false,"סנו גט מרסס לאמבטיה 750מ""ל",החב הדרומית לשיווק,,,"י""ח",750,"ל  מ""ל",false,1,15.90,2.12,false,1,
7290107280563,false,סנו אוקסיגן  ג`ל בייבי  3ליטר,החב הדרומית לשיווק,,,"י""ח",3,ליטר,false,1,28.90,9.63,false,1,
7290107280570,false,סנו ג ל כביסה 3ליטר מיקס,החב הדרומית לשיווק,,,"י""ח",3,ליטר,false,1,28.90,9.63,false,1,
7290107280587,false,סנובון מוצק שלדאבל אקשן בניחוח פרחים ורו,החב הדרומית לשיווק,,,"י""ח",750,"ל  מ""ל",false,1,10.90,1.45,false,1,
7290107280594,false,סנובון מוצק דאבל אקשן בניחוח לבנדר,החב הדרומית לשיווק,,,"י""ח",750,"ל  מ""ל",false,1,10.90,1.45,false,1,
7290107280655,false,"מקסימה 3.25ק""ג",החב הדרומית לשיווק,,,"י""ח",3.25,"ק""ג",false,1,29.90,9.20,false,1,
7290107280716,false,"מלח למדיח 2ק""ג ספארק",החב הדרומית לשיווק,,,"י""ח",2,"ק""ג",false,1,12.90,6.45,false,1,
7290107280723,false,"נוזל כלים סנו ספארק 700מ""ל לימון",החב הדרומית לשיווק,,,"י""ח",700,"ל  מ""ל",false,1,9.90,1.41,false,1,
7290107280730,false,"נוזל כלים סנו ספארק 700מ""ל לבנדר",החב הדרומית לשיווק,,,"י""ח",700,"ל  מ""ל",false,1,9.90,1.41,false,1,
7290107280761,false,נוזל כלים סנו ספארק 1ל לימון,החב הדרומית לשיווק,,,"י""ח",1,ליטר,false,1,12.90,12.90,false,1,
7290107544467,false,אורנה 19 שעווה קרה להסרת שיער  500גר,אלפא קוסמטיקה,,,"י""ח",20,"ל  מ""ל",false,1,19.90,99.50,false,1,
7290107645584,false,מרק עוף אמיתי 400כ ר. טבעיים.,יוניליוור ישראל שיווק בעמ,,,"י""ח",400,ל  גרם,false,1,18.90,4.73,true,1,
7290107645591,false,מרק טעם עוף  400 ג קנור ר.טבעים,יוניליוור ישראל שיווק בעמ,,,"י""ח",400,ל  גרם,false,1,14.90,3.73,false,1,
7290107646062,false,מרק בצל 400 ג קנור ר.טבעיים,יוניליוור ישראל שיווק בעמ,,,"י""ח",400,ל  גרם,false,1,19.90,4.98,true,1,
7290107646963,false,ממרח ספייסי מיונז 250 גרם,יוניליוור ישראל שיווק בעמ,,,"י""ח",250,ל  גרם,false,1,9.90,3.96,false,1,
7290107647656,false,מאגדת מיני סולרו קוקו אנ פס 1/5,גלידות שטראוס בעמ,,,"י""ח",354,ל  גרם,false,1,22.90,6.47,false,1,
7290107647731,false,קוקומן חום לבן 20% פחות סוכר 375 גרם ב,יוניליוור ישראל שיווק בעמ,,,"י""ח",375,ל  גרם,false,1,19.90,5.31,true,1,
7290107647816,false,~ברנפלקס ללא תוספות 500גרם,יוניליוור ישראל שיווק בעמ,,,"י""ח",500,ל  גרם,false,1,19.90,3.98,false,1,
7290107648943,false,ברנפלקס קראנצים מייפל 375ג,יוניליוור ישראל שיווק בעמ,,,"י""ח",400,ל  גרם,false,1,19.90,4.98,false,1,
7290107649100,false,טבעות שומשום 300גר`,יוניליוור ישראל שיווק בעמ,,,"י""ח",300,ל  גרם,false,1,9.90,3.30,true,1,
7290107649605,false,טבלת קליק קורנפלקס 85ג,יוניליוור ישראל שיווק בעמ,,,"י""ח",100,ל  גרם,false,1,4.90,4.90,true,1,
7290107649735,false,גלידה טעמים  2ל.,גלידות שטראוס בעמ,,,"י""ח",2,ליטר,false,1,22.90,11.45,false,1,
7290107649780,false,שלגון שוקובו שוקו,גלידות שטראוס בעמ,,,"י""ח",1,,false,1,7,7,true,1,
7290107649858,false,מגנום לבן,גלידות שטראוס בעמ,,,"י""ח",85,ל  גרם,false,1,8,9.41,true,1,
7290107870047,false,אקסטרים טילון בראוניז מטבע ענק 115ג,נגה גלידות,,,"י""ח",115,ל  גרם,false,1,9.90,8.61,true,1,
7290107871532,false,מארז ארטיק קרח דובדבן מלון,נגה גלידות,,,"י""ח",800,ל  גרם,false,1,16.90,2.11,false,1,
7290107871990,false,פסטה אסם צינורות,קבוצת אוסם סחר-שות.מוגבלת,,,"י""ח",500,ל  גרם,false,1,5.90,1.18,true,1,
7290107874427,false,פריכונים מיני צתר 25ג,קבוצת אוסם סחר-שות.מוגבלת,,,"י""ח",25,ל  גרם,false,1,4.30,17.20,false,1,
7290107874502,false,ביסלי גריל מארז אחיד 4*55גר,קבוצת אוסם סחר-שות.מוגבלת,,,"י""ח",210,ל  גרם,false,1,12.90,6.14,true,1,
7290107875158,false,מארז במבה קלאסי  60*4גרם,קבוצת אוסם סחר-שות.מוגבלת,,,"י""ח",240,ל  גרם,false,1,13.70,5.71,true,1,
7290107875271,false,ביסלי ברביקיו מארז אחיד 4*55גר,קבוצת אוסם סחר-שות.מוגבלת,,,"י""ח",210,ל  גרם,false,1,12.90,6.14,true,1,
7290107875400,false,לה קרמריה פיסטוק מוקה פרווה   1.4 ליטר,נגה גלידות,,,"י""ח",1.40,ליטר,false,1,18.90,13.50,false,1,
7290107875820,false,קרטונים אפויים בתיבול ביתי 180גר אסם,קבוצת אוסם סחר-שות.מוגבלת,,,"י""ח",250,ל  גרם,false,1,11.90,4.76,false,1,
7290107877619,false,במבה  נוגט מארז 30גרם *5יח,קבוצת אוסם סחר-שות.מוגבלת,,,"י""ח",150,ל  גרם,false,1,14.90,9.93,true,1,
7290107879569,false,נסטלה מאגדת  לה פרוטה מנגו,נגה גלידות,,,"י""ח",350,ל  גרם,false,1,26.90,7.69,false,1,
7290107931397,false,כיף כף פיצפוצים 40גר,שטראוס גרופ בעמ,,,"י""ח",40,ל  גרם,false,1,4.90,12.25,true,1,
7290107932080,false,חלב יטבתה מועשר 3% בקבוק 1ליטר,שטראוס גרופ ***בעמ,,,"י""ח",1,ליטר,false,1,7.30,7.30,true,1,
7290107932134,false,חלב מועשר 1% בקבוק 1ליטר,שטראוס גרופ ***בעמ,,,"י""ח",1,ליטר,false,1,7.30,7.30,true,1,
7290107933155,false,לקט סלנובה 200גר ירקות שטראוס,שטראוס גרופ ***בעמ,,,"י""ח",200,ל  גרם,false,1,12.90,6.45,true,1,
7290107936309,false,דנונה יווני לבן 130גר.,שטראוס גרופ ***בעמ,,,"י""ח",130,ל  גרם,false,1,3.20,2.46,true,1,
7290107936460,false,מארז 8 דנכול בטעם מעודן,שטראוס גרופ ***בעמ,,,"י""ח",1.3840,"ק""ג",false,1,29,20.95,true,1,
7290107936965,false,עיגולים  שוקולד עד חצות,שטראוס גרופ בעמ,,,"י""ח",66,ל  גרם,false,1,13,19.70,true,1,
7290107937542,false,משקה אקטיביה תות 1.2%,שטראוס גרופ ***בעמ,,,"י""ח",250,"ל  מ""ל",false,1,4.90,1.96,true,1,
7290107937627,false,מסטיק מאסט קוביות ספירמינט  58ג,שטראוס גרופ בעמ,,,"י""ח",66,ל  גרם,false,1,9.90,15,true,1,
7290107937634,false,מסטיק מאסט קוביות פפירמינט  58ג.,שטראוס גרופ בעמ,,,"י""ח",66,ל  גרם,false,1,9.90,15,true,1,
7290107937641,false,מסטיק מאסט בזוקה 58ג,שטראוס גרופ בעמ,,,"י""ח",66,ל  גרם,false,1,9.90,15,true,1,
7290107937856,false,קפסולות אספרסו מס11 ל. נספרסו 50ג עלית,שטראוס גרופ בעמ,,,"י""ח",50,ל  גרם,false,1,19,38,true,1,
7290107938396,false,אקטימל שמיניה תות בנים,שטראוס גרופ ***בעמ,,,"י""ח",800,"ל  מ""ל",false,1,19.90,2.49,true,1,
7290107940030,false,חומוס אחלה 650גר שטראוס,שטראוס גרופ ***בעמ,,,"י""ח",500,ל  גרם,false,1,8.90,1.78,true,1,
7290107940467,false,אקטיביה 200גר  1.5%,שטראוס גרופ ***בעמ,,,"י""ח",200,ל  גרם,false,1,3.90,1.95,true,1,
7290107943192,false,"שמנת חמוצה מהערבה יוטבתה 200מ""ל 27%",שטראוס גרופ ***בעמ,,,"י""ח",200,"ל  מ""ל",false,1,4.10,2.05,true,1,
7290107943369,false,קוואקר 511ג פח ללא גלוטן,שטראוס פריטו ליי בעמ,,,"י""ח",511,ל  גרם,false,1,18.90,3.70,true,1,
7290107944472,false,סימפוניה 5% שום שמיר 200גר,שטראוס גרופ ***בעמ,,,"י""ח",200,ל  גרם,false,1,10.90,5.45,true,1,
7290107945165,false,קונפיטורה משמש 340גר,שטראוס גרופ בעמ,,,"י""ח",340,ל  גרם,false,1,13.60,4,true,1,
7290107950190,false,מעדן דיאט שוקולד מריר 130גר,שטראוס גרופ ***בעמ,,,"י""ח",130,ל  גרם,false,1,3.20,2.46,true,1,
7290107950206,false,מעדן דיאט שוקולד 130גר,שטראוס גרופ ***בעמ,,,"י""ח",130,ל  גרם,false,1,3.20,2.46,true,1,
7290107951104,false,בפלות שוקולד 200גר,שטראוס גרופ בעמ,,,"י""ח",200,ל  גרם,false,1,4.90,2.45,true,1,
7290107951111,false,בפלות לימון 200גר,שטראוס גרופ בעמ,,,"י""ח",200,ל  גרם,false,1,4.90,2.45,true,1,
7290107951715,false,מסטיק מאסט קוביות ענבים 58גר.,שטראוס גרופ בעמ,,,"י""ח",66,ל  גרם,false,1,9.90,15,true,1,
7290107953559,false,מארז קפה טורקי לדרך 168גר`,שטראוס גרופ בעמ,,,"י""ח",168,ל  גרם,false,1,18.90,11.25,true,1,
7290107954709,false,קונפיטורה פירות יער  340גר,שטראוס גרופ בעמ,,,"י""ח",340,ל  גרם,false,1,13.60,4,true,1,
7290107954976,false,"משקה יוטבתה פרו קפה לשתיה  350מ""ל",שטראוס גרופ ***בעמ,,,"י""ח",350,ל  גרם,false,1,6.50,1.86,true,1,
7290107956642,false,"תרסיס שמן זית  150גרם כשל""פ",שטראוס גרופ בעמ,,,"י""ח",150,ל  גרם,false,1,17.90,11.93,true,1,
7290107956895,false,קפסולות טעם קרמל למכונות נספרסו 50גר,שטראוס גרופ בעמ,,,"י""ח",50,ל  גרם,false,1,19,38,true,1,
7290107956901,false,קפסולות אספרסו טעם אגוזים  150גר,שטראוס גרופ בעמ,,,"י""ח",50,ל  גרם,false,1,19,38,true,1,
7290107956925,false,קפסולות עלית אוגנדה 13 למכונת נספרסו,שטראוס גרופ בעמ,,,"י""ח",50,ל  גרם,false,1,19,38,true,1,
7290107956932,false,קפסולות אספרסו  עלית 50גר,שטראוס גרופ בעמ,,,"י""ח",50,ל  גרם,false,1,19,38,true,1,
7290107957229,false,נטיפי שוקולד ציפס מריר 250גר עלית,שטראוס גרופ בעמ,,,"י""ח",180,ל  גרם,false,1,11.90,6.61,true,1,
7290107957991,false,מילקי מינייס CAKE 144ג שטראוס,שטראוס גרופ ***בעמ,,,"י""ח",144,ל  גרם,false,1,13.90,9.65,true,1,
7290107958035,false,"מארז 8 דנונה מתיקות מעודנת לל""ס וממתיק",שטראוס גרופ ***בעמ,,,"י""ח",1.20,ליטר,false,1,17.90,14.92,true,1,
7290107971744,false,"קולגייט  מי פה טוטל ירוק 500מ""ל",ש.שסטוביץ בעמ,,,"י""ח",500,"ל  מ""ל",false,1,19.90,3.98,true,1,
7290107973809,false,מנה עגבניות קובוית 400גר,ש.שסטוביץ בעמ,,,"י""ח",400,ל  גרם,false,1,5.90,1.48,false,1,
7290107973861,false,עגבניות קצוצות דק מנה  400גר*3,ש.שסטוביץ בעמ,,,"י""ח",1.20,"ק""ג",false,1,15.90,13.25,false,1,
7290107974066,false,עלי טורטיה  קמח מלא  320ג מאסטר שף,ש.שסטוביץ בעמ,,,"י""ח",320,ל  גרם,false,1,9.90,3.09,false,1,
7290107974073,false,טורטיה קמח לבן 320ג מאסטר שף,ש.שסטוביץ בעמ,,,"י""ח",320,ל  גרם,false,1,9.90,3.09,false,1,
7290107974813,false,"אורז יסמין 1ק""ג מנה",ש.שסטוביץ בעמ,,,"י""ח",1,"ק""ג",false,1,10.90,10.90,false,1,
7290107974820,false,ממרח מתובל ספייסי  253ג מנה,ש.שסטוביץ בעמ,,,"י""ח",253,ל  גרם,false,1,7.90,3.12,false,1,
7290107974837,false,ממרח מתובל שום 253ג מנה,ש.שסטוביץ בעמ,,,"י""ח",253,ל  גרם,false,1,7.90,3.12,false,1,
7290107975346,false,ספיד סטיק 24/7  ג ל,ש.שסטוביץ בעמ,,,"י""ח",1,"י""ח",false,1,24.90,24.90,true,1,
7290107976848,false,סבון מוצק קמומיל פלמוליב 4 יח,ש.שסטוביץ בעמ,,,"י""ח",360,ל  גרם,false,1,16.90,4.69,true,1,
7290107978132,false,מברשת שיניים קולגייט זיגזג שישייה,ש.שסטוביץ בעמ,,,"י""ח",1,,false,1,24.90,24.90,false,1,
7290107978453,false,קראנצ וס גריל 55ג חדש,ש.שסטוביץ בעמ,,,"י""ח",55,ל  גרם,false,1,2.90,5.27,true,1,
7290107978460,false,קראנצ וס פלאפל  60ג חדש,ש.שסטוביץ בעמ,,,"י""ח",60,ל  גרם,false,1,2.90,4.83,true,1,
7290107978637,false,"מרידול משחת שיניים 75מ""ל.",ש.שסטוביץ בעמ,,,"י""ח",75,"ל  מ""ל",false,1,18.90,25.20,false,1,
7290107979191,false,קוקי תבנית אלומיניום עם נייר אפיה ענק,ש.שסטוביץ בעמ,,,"י""ח",1,,false,1,10.90,10.90,true,1,
7290108070309,false,שקית בלונים פסטל מעורב צבעים 100יח,שמחה זה אנחנו,,,"י""ח",1,,false,1,21.90,21.90,false,1,
7290108201284,false,"אירוויק מקלות לבנדר  30מ""ל",רקיט בנקיזר (ניר איסט) בעמ,,,"י""ח",30,"ל  מ""ל",false,1,14.90,49.67,true,1,
7290108201437,false,"קולון 101 2.5ק""ג",רקיט בנקיזר (ניר איסט) בעמ,,,"י""ח",2.50,"ק""ג",false,1,24.90,9.96,false,1,
7290108350128,false,שקיות אשפה חזקות סנו,החב הדרומית לשיווק,,,"י""ח",1,,false,1,24.90,24.90,false,1,
7290108350142,false,"שקיות רב""ש",החב הדרומית לשיווק,,,"י""ח",1,,false,1,14.90,14.90,false,1,
7290108350203,false,כריות קרצוף עם ספוג מקציף 1/6,החב הדרומית לשיווק,,,"י""ח",1,,false,1,9.60,9.60,false,1,
7290108350210,false,שקיות אשפה אקסטרא חוזק30 יח,החב הדרומית לשיווק,,,"י""ח",1,,false,1,22.90,22.90,false,1,
7290108350500,false,סנובון מוצק דאבל אקשן בניחוח תפוז,החב הדרומית לשיווק,,,"י""ח",750,"ל  מ""ל",false,1,10.90,1.45,false,1,
7290108350531,false,נוזל כלים סנו ספארק 1ל קלאסי,החב הדרומית לשיווק,,,"י""ח",1,ליטר,false,1,12.90,12.90,false,1,
7290108350548,false,נוזל כלים סנו ספארק 1ל לבנדר,החב הדרומית לשיווק,,,"י""ח",1,ליטר,false,1,12.90,12.90,false,1,
7290108350555,false,נוזל כלים סנו ספארק 1ל שקד,החב הדרומית לשיווק,,,"י""ח",1,ליטר,false,1,12.90,12.90,false,1,
7290108350586,false,נוזל כלים סנו ספארק 1.5ל לימון רענן,החב הדרומית לשיווק,,,"י""ח",1.50,ליטר,false,1,15.90,10.60,false,1,
7290108350616,false,מרכך מקסימה  כביסה 1 ליטר בלו,החב הדרומית לשיווק,,,"י""ח",1,ליטר,false,1,17.50,17.50,false,1,
7290108350623,false,מרכך מקסימהכביסה 1 ליטר סופט סילק,החב הדרומית לשיווק,,,"י""ח",1,ליטר,false,1,17.50,17.50,false,1,
7290108350722,false,אורביטול בוב ספוג משחת שיניים לילדים,החב הדרומית לשיווק,,,"י""ח",70,ל  גרם,false,1,7.90,11.29,false,1,
7290108351156,false,סנו גט לניקוי כללי ורצפות+חומץ 1.5ל.,החב הדרומית לשיווק,,,"י""ח",1.50,ליטר,false,1,14.90,9.93,false,1,
7290108351507,false,מקסימה מרכך 4 ל SOFT SILK,החב הדרומית לשיווק,,,"י""ח",4,ליטר,false,1,21.90,5.48,false,1,
7290108351514,false,מקסימה מרכך 4 ל BLUE BLOSSOM,החב הדרומית לשיווק,,,"י""ח",4,ליטר,false,1,21.90,5.48,false,1,
7290108351521,false,גל כביסה  מקסימה 5ל נואר,החב הדרומית לשיווק,,,"י""ח",5,ליטר,false,1,44.90,8.98,false,1,
7290108351552,false,סנו גט תרסיס  פלוס לניקוי כללי+חומץ,החב הדרומית לשיווק,,,"י""ח",750,"ל  מ""ל",false,1,15.90,2.12,false,1,
7290108351569,false,מבשם ומרכך בייבי למייבש כביסה,החב הדרומית לשיווק,,,"י""ח",750,"ל  מ""ל",false,1,16.30,2.17,true,1,
7290108351590,false,"סנופרש הום בניחוח מרכך כביסה 350מ""ל",החב הדרומית לשיווק,,,"י""ח",350,"ל  מ""ל",false,1,9.90,2.83,false,1,
7290108351613,false,ריצפז פרש הום בית מלון חלומי 2ל לרצפה,החב הדרומית לשיווק,,,"י""ח",1.45,ליטר,false,1,19.80,13.66,false,1,
7290108351675,false,גל כביסה  מקסימה 5ל Mix Wash,החב הדרומית לשיווק,,,"י""ח",5,ליטר,false,1,44.90,8.98,false,1,
7290108351682,false,גל כביסה  מקסימה 5ל Bio Cold Water,החב הדרומית לשיווק,,,"י""ח",5,ליטר,false,1,44.90,8.98,false,1,
7290108351699,false,מגבוני JET ניקוי+חומץ מארז שלישייה,החב הדרומית לשיווק,,,"י""ח",1,,false,1,19.90,19.90,false,1,
7290108351705,false,פניני בישום FRESH LINEN י 275 גרם,החב הדרומית לשיווק,,,"י""ח",275,ל  גרם,false,1,19.90,7.24,false,1,
7290108351712,false,פניני בישום LOVELY י 275 גרם,החב הדרומית לשיווק,,,"י""ח",275,ל  גרם,false,1,19.90,7.24,false,1,
7290108351781,false,"סנו גט לניקוי+ניקוי  אסלות 750מ""ל.",החב הדרומית לשיווק,,,"י""ח",750,"ל  מ""ל",false,1,8.90,1.19,true,1,
7290108351804,false,מרכך מקסימה סופר מרוכז Gentle breeze 1לי,החב הדרומית לשיווק,,,"י""ח",1,ליטר,false,1,17.50,17.50,false,1,
7290108351811,false,מרכך מקסימה סופר מרוכז Floral tou 1 ליטר,החב הדרומית לשיווק,,,"י""ח",1,ליטר,false,1,17.50,17.50,false,1,
7290108351835,false,מרכך כביסה  מקסימה FLORAL TOUCH י4ל`,החב הדרומית לשיווק,,,"י""ח",4,ליטר,false,1,21.90,5.48,false,1,
7290108351996,false,תרסיס לחיטוי וניקוי בייבי 99.9%,החב הדרומית לשיווק,,,"י""ח",750,"ל  מ""ל",false,1,14.90,1.99,false,1,
7290108352016,false,סנובון Design שלישייה בניחוח מרכך כביס,החב הדרומית לשיווק,,,"י""ח",1,"י""ח",false,1,16.90,16.90,false,1,
7290108352047,false,צמד מברשות שיניים אורביטול +808חוט,החב הדרומית לשיווק,,,"י""ח",1,,false,1,19.90,19.90,false,1,
7290108352054,false,צמד מברשות שיניים אורביטול +980חוט,החב הדרומית לשיווק,,,"י""ח",1,,false,1,18.90,18.90,false,1,
7290108352061,false,אורביטול משחת שיניים פחם Go  White,החב הדרומית לשיווק,,,"י""ח",145,ל  גרם,false,1,10.90,7.52,false,1,
7290108352115,false,סנובון מוצק Wave שלישייה  בתוספת אקונו,החב הדרומית לשיווק,,,"י""ח",1,"י""ח",false,1,9.90,9.90,false,1,
7290108352146,false,סנובון נוזלי בניחוח מגנוליה ונרול 750,החב הדרומית לשיווק,,,"י""ח",750,"ל  מ""ל",false,1,10.90,1.45,false,1,
7290108352153,false,"סנובון נוזלי בניחוח לוטוס וסחלב 750 מ""ל",החב הדרומית לשיווק,,,"י""ח",750,"ל  מ""ל",false,1,10.90,1.45,false,1,
7290108352207,false,קפסולות לכביסה מקסימה  פלורל 40יח,החב הדרומית לשיווק,,,"י""ח",40,"י""ח",false,1,39.90,1,false,1,
7290108352214,false,קפסולות לכביסה מקסימה  פרש בריז 40יח,החב הדרומית לשיווק,,,"י""ח",40,"י""ח",false,1,39.90,1,false,1,
7290108352252,false,נוזל כלים סנו ספארק 1ל ללא צבע ובושם.,החב הדרומית לשיווק,,,"י""ח",1,ליטר,false,1,12.90,12.90,false,1,
7290108352276,false,מטליות חיטוי וניקוי רצפות 99.9%,החב הדרומית לשיווק,,,"י""ח",3,"י""ח",false,1,10.90,3.63,false,1,
7290108352290,false,מטליות חיטוי וניקוי יסודי 99.9% 1/3 אמ,החב הדרומית לשיווק,,,"י""ח",3,"י""ח",false,1,23.90,7.97,false,1,
7290108352337,false,"פרש אוטומטיק בניחוח מלון מפנק 250מ""ל",החב הדרומית לשיווק,,,"י""ח",165,ל  גרם,false,1,12.90,7.82,false,1,
7290108352344,false,"פרש אוטומטיק בניחוח מלון בוטיק 250מ""ל",החב הדרומית לשיווק,,,"י""ח",165,ל  גרם,false,1,12.90,7.82,false,1,
7290108352368,false,תוסף לחיטוי כביסה 3ליטר 99.9%,החב הדרומית לשיווק,,,"י""ח",3,ליטר,false,1,29.90,9.97,false,1,
7290108352399,false,ריצפז פרש הום  2ל לרצפה מרכך כביסה,החב הדרומית לשיווק,,,"י""ח",1.45,ליטר,false,1,19.80,13.66,false,1,
7290108352436,false,סנובון כחול שלישיה מגנוליה ונרולי,החב הדרומית לשיווק,,,"י""ח",165,ל  גרם,false,1,14.90,9.03,true,1,
7290108352450,false,ריצפז פרש הום  2ל לרצפה  Blue Blossom,החב הדרומית לשיווק,,,"י""ח",1.45,ליטר,false,1,19.80,13.66,false,1,
7290108352481,false,"סנומוד נרסיסוס 150מ""ל",החב הדרומית לשיווק,,,"י""ח",150,"ל  מ""ל",false,1,9.90,6.60,false,1,
7290108352511,false,מקסימה לניקוי וחיטוי  מכונת הכביסה 500,החב הדרומית לשיווק,,,"י""ח",500,"ל  מ""ל",false,1,11.90,2.38,false,1,
7290108352535,false,מקסימה דפי בישום לחים למייבש כביסה,החב הדרומית לשיווק,,,"י""ח",750,"ל  מ""ל",false,1,12.90,1.72,true,1,
7290108352566,false,מרכך JOY 4 ליטר,החב הדרומית לשיווק,,,"י""ח",4,ליטר,false,1,21.90,5.48,false,1,
7290108352573,false,מרכך כביסה CALM מקסימה  4 ליטר,החב הדרומית לשיווק,,,"י""ח",4,ליטר,false,1,21.90,5.48,false,1,
7290108352597,false,מטליות לחות בדלי 400יח סנו,החב הדרומית לשיווק,,,"י""ח",400,"י""ח",false,1,29.90,0.07,false,1,
7290108352627,false,מפת נילון שקופה בגליל סנו סושי.,החב הדרומית לשיווק,,,"י""ח",1,,false,1,19.90,19.90,false,1,
7290108352641,false,מטליות הפלא לניקוי כללי 1/3,החב הדרומית לשיווק,,,"י""ח",3,"י""ח",false,1,14.90,4.97,false,1,
7290108352672,false,מטלית הפלא לריצפה 1/2,החב הדרומית לשיווק,,,"י""ח",2,"י""ח",false,1,23.90,11.95,false,1,
7290108352689,false,כריות קרצוף ללכלוך קשה 1/9,החב הדרומית לשיווק,,,"י""ח",1,,false,1,9.50,9.50,false,1,
7290108352696,false,"ניילון נצמד 45ס""מ",החב הדרומית לשיווק,,,"י""ח",1,,false,1,29.90,29.90,false,1,
7290108352795,false,שקיות זיפר 50יח במידה M סנו סושי,החב הדרומית לשיווק,,,"י""ח",50,"י""ח",false,1,9.90,0.20,false,1,
7290108352825,false,ספוג הפלא נירוסטה,החב הדרומית לשיווק,,,"י""ח",1,,false,1,10.90,10.90,false,1,
7290108352849,false,מטליות הפלא לניקוי כללי 1/3 Decor,החב הדרומית לשיווק,,,"י""ח",3,"י""ח",false,1,14.90,4.97,false,1,
7290108352870,false,סנו סושי 10 שקיות צליה XL,החב הדרומית לשיווק,,,"י""ח",10,"י""ח",false,1,7.90,0.79,false,1,
7290108352894,false,מפת שולחן חגיגית XL,החב הדרומית לשיווק,,,"י""ח",1,,false,1,7.90,7.90,true,1,
7290108352931,false,כפפות ניטריל L סנו סושי 80י,החב הדרומית לשיווק,,,"י""ח",80,"י""ח",false,1,29.90,0.37,false,1,
7290108353068,false,סנו סושי כרית קרצוף עם סיבי נירוסטה,החב הדרומית לשיווק,,,"י""ח",1,,false,1,10.90,10.90,false,1,
7290108353075,false,50 מפיות אירוח איכותיות 3שכבות,החב הדרומית לשיווק,,,"י""ח",50,"י""ח",false,1,9.90,0.20,false,1,
7290108353099,false,סנו סופט ממחטות מארז 5*100יח,החב הדרומית לשיווק,,,"י""ח",500,"י""ח",false,1,12.90,0.03,false,1,
7290108353334,false,כיף שמפו למניעת קשקשים שמן עץ התה,החב הדרומית לשיווק,,,"י""ח",700,"ל  מ""ל",false,1,12.90,1.84,false,1,
7290108353440,false,מברשות שיניים זמד Orbitol Nano,החב הדרומית לשיווק,,,"י""ח",1,,false,1,29.90,29.90,false,1,
7290108353501,false,שקיות אשפה 25יח עם ידיות,החב הדרומית לשיווק,,,"י""ח",1,,false,1,19.90,19.90,false,1,
7290108353518,false,תבניות XL אקסטרה חזקות 2יח,החב הדרומית לשיווק,,,"י""ח",4,"י""ח",false,1,9.90,2.48,false,1,
7290108353525,false,תבניות L אקסטרה חזקות 4יח,החב הדרומית לשיווק,,,"י""ח",4,"י""ח",false,1,11.90,2.98,false,1,
7290108353532,false,שקיות אשפה 100שקיות בגליל סנו סושי,החב הדרומית לשיווק,,,"י""ח",100,"י""ח",false,1,34.90,0.35,false,1,
7290108353662,false,מפת שולחן חגיגית XL,החב הדרומית לשיווק,,,"י""ח",1,,false,1,9.90,9.90,false,1,
7290108353686,false,סנו סושי מטלית הפלא לרצפה Decor,החב הדרומית לשיווק,,,"י""ח",1,,false,1,10.90,10.90,false,1,
7290108353709,false,כפפות ניטריל Sסנו סושי 80י,החב הדרומית לשיווק,,,"י""ח",80,"י""ח",false,1,29.90,0.37,false,1,
7290108353761,false,"קרמה תחליב רחצה זן ספא 600מ""ל",החב הדרומית לשיווק,,,"י""ח",600,"ל  מ""ל",false,1,17.90,2.98,false,1,
7290108353785,false,תחליב רחצה מרוקו בניחוח טונקה 750 מ,החב הדרומית לשיווק,,,"י""ח",750,"ל  מ""ל",false,1,9.90,1.32,false,1,
7290108353815,false,"קרמה תחליב רחצה מדיטציה ספא 600מ""ל",החב הדרומית לשיווק,,,"י""ח",600,"ל  מ""ל",false,1,17.90,2.98,false,1,
7290108353846,false,כפפות ניטריל Lסנו סושי 80י,החב הדרומית לשיווק,,,"י""ח",80,"י""ח",false,1,29.90,0.37,false,1,
7290108353907,false,"קרמה דאו  רול און קלאסי 75 מ""ל",החב הדרומית לשיווק,,,"י""ח",75,"ל  מ""ל",false,1,11.90,15.87,false,1,
7290108354065,false,"ג`ל רחצה קרמה מן פילינג 700מ""ל",החב הדרומית לשיווק,,,"י""ח",700,"ל  מ""ל",false,1,18.90,2.70,false,1,
7290108354140,false,נושם מגבונים דאודורנט PURE ורוד 20יח,החב הדרומית לשיווק,,,"י""ח",20,"י""ח",false,1,9.90,0.50,false,1,
7290108354270,false,מרכך כביסה CALM מקסימה 1 ליטר מרוכז,החב הדרומית לשיווק,,,"י""ח",1,ליטר,false,1,17.50,17.50,false,1,
7290108354461,false,"קרליין שמפו 10  חימר 700מ""ל",החב הדרומית לשיווק,,,"י""ח",700,"ל  מ""ל",false,1,13.90,1.99,false,1,
7290108354478,false,"קרליין מרכך 10  חימר 700מ""ל",החב הדרומית לשיווק,,,"י""ח",700,"ל  מ""ל",false,1,13.90,1.99,false,1,
7290108354492,false,"קרליין שמפו 10  שמן ארגן  700מ""ל",החב הדרומית לשיווק,,,"י""ח",700,"ל  מ""ל",false,1,13.90,1.99,false,1,
7290108354591,false,"תחליב רחצה נקה 7  ביו 750מ""ל",החב הדרומית לשיווק,,,"י""ח",750,"ל  מ""ל",false,1,11.90,1.59,false,1,
7290108354607,false,"שמפו נקה 7  ביו 750מ""ל",החב הדרומית לשיווק,,,"י""ח",750,"ל  מ""ל",false,1,11.90,1.59,false,1,
7290108354614,false,"מרכך נקה 7  ביו 750מ""ל",החב הדרומית לשיווק,,,"י""ח",750,"ל  מ""ל",false,1,11.90,1.59,false,1,
7290108354621,false,"כיף מסכה לשיער לחות 500מ""ל",החב הדרומית לשיווק,,,"י""ח",500,"ל  מ""ל",false,1,24.90,4.98,false,1,
7290108354720,false,סנו פרש הום מקלות FRESH lady COCO,החב הדרומית לשיווק,,,"י""ח",750,"ל  מ""ל",false,1,21.90,2.92,false,1,
7290108354751,false,סנו גט תרסיס פלוס לניקוי כללי+סודה,החב הדרומית לשיווק,,,"י""ח",750,"ל  מ""ל",false,1,15.90,2.12,false,1,
7290108354911,false,"קרמה מן גל לאחר גילוח 700מ""ל",החב הדרומית לשיווק,,,"י""ח",700,"ל  מ""ל",false,1,14.90,2.13,false,1,
7290108354980,false,"קרם ידיים קרמה מרוכז ללא בישום 50מ""ל",החב הדרומית לשיווק,,,"י""ח",100,"ל  מ""ל",false,1,14.90,14.90,false,1,
7290108355024,false,שמפו+מרכך  מיניונים נקה 7 קידס,החב הדרומית לשיווק,,,"י""ח",750,"ל  מ""ל",false,1,10.90,1.45,false,1,
7290108355031,false,אל סבון מיניונים נקה 7 קידס,החב הדרומית לשיווק,,,"י""ח",750,"ל  מ""ל",false,1,10.90,1.45,false,1,
7290108355147,false,"תחליב רחצה נקה7 שמני הזנה 750 מ""ל",החב הדרומית לשיווק,,,"י""ח",750,"ל  מ""ל",false,1,9.90,1.32,false,1,
7290108355208,false,"שמפו קרטין אינטנס 400מ""ל",החב הדרומית לשיווק,,,"י""ח",400,"ל  מ""ל",false,1,29.90,7.48,false,1,
7290108355482,false,"קרמה דאו  רול און לבנדר ואקליפטוס 75מ""",החב הדרומית לשיווק,,,"י""ח",75,"ל  מ""ל",false,1,11.90,15.87,false,1,
7290108355550,false,קרליין פיור שמפו אסנס לשיער מתולתל 600,החב הדרומית לשיווק,,,"י""ח",600,"ל  מ""ל",false,1,16.90,2.82,false,1,
7290108355673,false,קרליין פיור אסנס שמפו לשיער דק או שמן,החב הדרומית לשיווק,,,"י""ח",600,"ל  מ""ל",false,1,16.90,2.82,false,1,
7290108355765,false,"קרמה ספריי קרמה לבנדר ואקליפטוס 150מ""ל",החב הדרומית לשיווק,,,"י""ח",150,"ל  מ""ל",false,1,11.90,7.93,false,1,
7290108356106,false,"כיף תחליב רחצה שקד 700מ""ל",החב הדרומית לשיווק,,,"י""ח",750,"ל  מ""ל",false,1,12.90,1.72,false,1,
7290108356113,false,"כיף תחליב רחצה דבש 700מ""ל",החב הדרומית לשיווק,,,"י""ח",750,"ל  מ""ל",false,1,12.90,1.72,false,1,
7290108356120,false,"כיף תחליב רחצה קוקוס וניל 700מ""ל",החב הדרומית לשיווק,,,"י""ח",750,"ל  מ""ל",false,1,12.90,1.72,false,1,
7290108356151,false,"כיף תחליב רחצה מאסק יסמין 700מ""ל",החב הדרומית לשיווק,,,"י""ח",750,"ל  מ""ל",false,1,12.90,1.72,false,1,
7290108356403,false,כיף תחליב רחצה בניחוח עוגת חד קרן 700מ,החב הדרומית לשיווק,,,"י""ח",700,"ל  מ""ל",false,1,12.90,1.84,false,1,
7290108356489,false,"כיף תחליב רחצה אפרבק 700מ""ל",החב הדרומית לשיווק,,,"י""ח",750,"ל  מ""ל",false,1,12.90,1.72,false,1,
7290108356533,false,קרליין שמפו 10  שיער מתולתל 700.,החב הדרומית לשיווק,,,"י""ח",700,"ל  מ""ל",false,1,13.90,1.99,false,1,
7290108356540,false,קרליין שמפו 10  שיער צבוע 700.,החב הדרומית לשיווק,,,"י""ח",700,"ל  מ""ל",false,1,13.90,1.99,false,1,
7290108356564,false,קרליין מרכך 10 לשיער רגיל 700,החב הדרומית לשיווק,,,"י""ח",700,"ל  מ""ל",false,1,13.90,1.99,false,1,
7290108356717,false,"כיף לגבר ULTRA POWER שמפו גל רחצה 700מ""",החב הדרומית לשיווק,,,"י""ח",700,"ל  מ""ל",false,1,12.90,1.84,false,1,
7290108356724,false,"כיף לגבר COOL SPORT שמפו גל רחצה 700מ""ל",החב הדרומית לשיווק,,,"י""ח",700,"ל  מ""ל",false,1,12.90,1.84,false,1,
7290108356854,false,בייבי כיף מגבונים 1/5 בניחוח עדין,החב הדרומית לשיווק,,,"י""ח",1,,false,1,19.90,19.90,false,1,
7290108356861,false,בייבי כיף מגבונים 1/5 ללא בישום,החב הדרומית לשיווק,,,"י""ח",1,,false,1,19.90,19.90,false,1,
7290108357011,false,"כיף מרכך ורד ושמן קוקוי 700מ""ל",החב הדרומית לשיווק,,,"י""ח",700,"ל  מ""ל",false,1,12.90,1.84,false,1,
7290108357042,false,"קרליין רולאון נושם ביו 75מ""ל",החב הדרומית לשיווק,,,"י""ח",75,ל  גרם,false,1,12.90,17.20,false,1,
7290108357059,false,"קרליין רולאון נושם ביו 75מ""ל",החב הדרומית לשיווק,,,"י""ח",75,ל  גרם,false,1,12.90,17.20,false,1,
7290108357080,false,"קרליין דאו ספריי נושם  ביו 150מ""ל",החב הדרומית לשיווק,,,"י""ח",150,"ל  מ""ל",false,1,12.90,8.60,false,1,
7290108357189,false,תרסיס מקסימה למייבש כביסה,החב הדרומית לשיווק,,,"י""ח",750,"ל  מ""ל",false,1,16.30,2.17,true,1,
7290108357196,false,סנו גט תרסיס  פלוס לניקוי כללי+תמצית עץ,החב הדרומית לשיווק,,,"י""ח",750,"ל  מ""ל",false,1,15.90,2.12,false,1,
7290108357202,false,סנו קליר אקדח בניחוח בלו בלוסום 1ליטר,החב הדרומית לשיווק,,,"י""ח",1,ליטר,false,1,9.90,9.90,false,1,
7290108357226,false,"סנו אוקסיג ן POWER אבקה 1.4ק""ג לכביסה לב",החב הדרומית לשיווק,,,"י""ח",1.40,"ק""ג",false,1,31.90,22.79,false,1,
7290108357233,false,מטליות לחות לניקוי והברקה 50יח,החב הדרומית לשיווק,,,"י""ח",1,,false,1,19.90,19.90,false,1,
7290108357240,false,"סנו אוקסיג ן POWER אבקה 1.4ק""ג",החב הדרומית לשיווק,,,"י""ח",1.40,"ק""ג",false,1,31.90,22.79,false,1,
7290108357257,false,סנופרש מכשיר אוטומטי לבישום אוויר,החב הדרומית לשיווק,,,"י""ח",350,"ל  מ""ל",false,1,44.90,12.83,false,1,
7290108357271,false,"סנובון נוזלי בניחוח לוטוס וסחלב 750 מ""",החב הדרומית לשיווק,,,"י""ח",750,"ל  מ""ל",false,1,10.90,1.45,false,1,
7290108357288,false,"סנו אקונומיקה ז""אוול 4 ליטר בניחוח פרי",החב הדרומית לשיווק,,,"י""ח",4,ליטר,false,1,16.90,4.23,false,1,
7290108357318,false,אוקסיגן 540ג אבקה להסרת כתמים,החב הדרומית לשיווק,,,"י""ח",540,ל  גרם,false,1,16.90,3.13,false,1,
7290108357325,false,אוקסיגן 540ג אבקה להסרת כתמים,החב הדרומית לשיווק,,,"י""ח",540,ל  גרם,false,1,16.90,3.13,false,1,
7290108357660,false,סנובון ג ל אסלה שלישייה לבנדר  Bubbles,החב הדרומית לשיווק,,,"י""ח",65,"ל  מ""ל",false,1,15.90,24.46,false,1,
7290108357707,false,"כיף שמפו שיער רגיל תפוח ציה 700מ""ל",החב הדרומית לשיווק,,,"י""ח",700,"ל  מ""ל",false,1,12.90,1.84,false,1,
7290108357769,false,"כיף מרכך שיער רגיל תפוח ציה 700מ""ל",החב הדרומית לשיווק,,,"י""ח",700,"ל  מ""ל",false,1,12.90,1.84,false,1,
7290108357837,false,כיף אל סבון שקית מילוי+פקק  1ל,החב הדרומית לשיווק,,,"י""ח",1,ליטר,false,1,8.90,8.90,false,1,
7290108357851,false,"כיף תחליב רחצה מועשר בשמן קוקוס 700מ""",החב הדרומית לשיווק,,,"י""ח",700,"ל  מ""ל",false,1,12.90,1.84,false,1,
7290108357875,false,"כיף שמפו לחות מוגברת עם אפרסק 700מ""ל",החב הדרומית לשיווק,,,"י""ח",700,"ל  מ""ל",false,1,12.90,1.84,false,1,
7290108357882,false,"כיף מרכך לחות מוגברת עם אפרסק 700מ""ל",החב הדרומית לשיווק,,,"י""ח",700,"ל  מ""ל",false,1,12.90,1.84,false,1,
7290108359039,false,שקיות אשפה 30יח עם ידיות לפחים,החב הדרומית לשיווק,,,"י""ח",30,"י""ח",false,1,19.90,0.66,false,1,
7290108359046,false,שקיות אשפה חזקות EXTRA סנו סושי,החב הדרומית לשיווק,,,"י""ח",20,"י""ח",false,1,24.90,1.25,false,1,
7290108359060,false,כריות הפלא סנו סושי 4 יחידות,החב הדרומית לשיווק,,,"י""ח",1,,false,1,9.90,9.90,false,1,
7290108359077,false,סנו סופט לושן ממחטות אף בקופסא 120יח,החב הדרומית לשיווק,,,"י""ח",440,ל  גרם,false,1,12.90,2.93,false,1,
7290108359091,false,סנו סושי כיסוי ניילון עם גומי L,החב הדרומית לשיווק,,,"י""ח",1,"י""ח",false,1,10.90,10.90,false,1,
7290108359114,false,חמגשית אלומיניום עם מכסה,החב הדרומית לשיווק,,,"י""ח",10,"י""ח",false,1,11.90,1.19,false,1,
7290108359152,false,"6 תבניות אלומיניום עגולות 25ס""מ",החב הדרומית לשיווק,,,"י""ח",6,"י""ח",false,1,12.90,2.15,false,1,
7290108359169,false,"6 תבניות אלומיניום עגולות 28ס""מ",החב הדרומית לשיווק,,,"י""ח",6,"י""ח",false,1,12.90,2.15,false,1,
7290108359183,false,שקיות אשפה סושי 60 יח עם ידיות,החב הדרומית לשיווק,,,"י""ח",1,"י""ח",false,1,22.90,22.90,false,1,
7290108359190,false,סנו סושי מגבות נייר גליל כפול 4=12,החב הדרומית לשיווק,,,"י""ח",126.96,מטר,false,1,24.90,0.20,false,1,
7290108359893,false,"בייבי כיף תחליב רחצה 750מ""ל",החב הדרומית לשיווק,,,"י""ח",750,"ל  מ""ל",false,1,13.90,1.85,false,1,
7290108359985,false,סנו ג`אבל קצף ניקוי בתוספת אקונומיקה,החב הדרומית לשיווק,,,"י""ח",1,ליטר,false,1,18.90,18.90,false,1,
7290108500677,false,כבד דג שיבוט  115גר`,ג.וילי פוד אינטרנשיונל בעמ,,,"י""ח",115,ל  גרם,false,1,8.90,7.74,true,1,
7290108501346,false,גבינת גאודה מגורדת 500ג 28% ויליפוד,ג.וילי פוד אינטרנשיונל בעמ,,,"י""ח",500,ל  גרם,false,1,24.90,4.98,false,1,
7290108501353,false,פילה אנשובי אמיתי ארוך בשמן 45ג,ג.וילי פוד אינטרנשיונל בעמ,,,"י""ח",45,ל  גרם,false,1,6.90,15.33,false,1,
7290108502541,false,גבינת שמנת רכה    200ג ויליפוד,ג.וילי פוד אינטרנשיונל בעמ,,,"י""ח",200,ל  גרם,false,1,11.90,5.95,false,1,
7290108502725,false,גבינת גאודה פרוסות 400ג ויליפוד,ג.וילי פוד אינטרנשיונל בעמ,,,"י""ח",120,ל  גרם,false,1,20.90,17.42,false,1,
7290108502862,false,מלפפונים כבושים במלח 18-25 600ג,ג.וילי פוד אינטרנשיונל בעמ,,,"י""ח",600,ל  גרם,false,1,8.90,1.48,false,1,
7290108505160,false,יוגורט עם אגסים 150גר 4% שומן,ג.וילי פוד אינטרנשיונל בעמ,,,"י""ח",150,ל  גרם,false,1,4.90,3.27,true,1,
7290108505207,false,יוגורט עם אוכמניות 150גר 0% שומן,ג.וילי פוד אינטרנשיונל בעמ,,,"י""ח",150,ל  גרם,false,1,4.90,3.27,true,1,
7290108505490,false,דונאטס קפוא ויליפוד,ג.וילי פוד אינטרנשיונל בעמ,,,"י""ח",1,,false,1,5.90,5.90,true,1,
7290108505689,false,גבינת גרנה פדנו מגורדת 100 גרם ויליפוד,ג.וילי פוד אינטרנשיונל בעמ,,,"י""ח",100,ל  גרם,false,1,10.20,10.20,false,1,
7290108506495,false,כנאפה קפוא 192.5 גרם קפוא,ג.וילי פוד אינטרנשיונל בעמ,,,"י""ח",192,ל  גרם,false,1,12.90,6.72,true,1,
7290108506518,false,אצבעות בצק פילו גבינה ותרד 500ג,ג.וילי פוד אינטרנשיונל בעמ,,,"י""ח",500,ל  גרם,false,1,15.90,3.18,false,1,
7290108507010,false,מאפה בורקס תורכי תרד וגבינה 300 גרם,ג.וילי פוד אינטרנשיונל בעמ,,,"י""ח",30,ל  גרם,false,1,9.90,33,false,1,
7290108509267,false,ארוחת פסטה עם רוטב גבינה 206גר,ג.וילי פוד אינטרנשיונל בעמ,,,"י""ח",206,ל  גרם,false,1,7.90,3.83,true,1,
7290108509359,false,פופקורן בציפוי בטעם קרמל 90גר,ג.וילי פוד אינטרנשיונל בעמ,,,"י""ח",90,ל  גרם,false,1,6.90,7.67,true,1,
7290108509700,false,"אורז בסגנון פרסי 1ק""ג DAAWAT",ג.וילי פוד אינטרנשיונל בעמ,,,"י""ח",1,"ק""ג",false,1,9.90,9.90,false,1,
7290108509908,false,מנת השף אטריות טעם ירקות 85ג,ג.וילי פוד אינטרנשיונל בעמ,,,"י""ח",85,ל  גרם,false,1,3.90,4.59,true,1,
7290108509915,false,מנת השף אטריות טעם סיני פיקנטי 85ג,ג.וילי פוד אינטרנשיונל בעמ,,,"י""ח",85,ל  גרם,false,1,3.90,4.59,true,1,
7290108509922,false,מנת השף אטריות טעם עוף 85ג,ג.וילי פוד אינטרנשיונל בעמ,,,"י""ח",85,ל  גרם,false,1,3.90,4.59,true,1,
7290108509960,false,נתחי טונה  בהירה שלישייה 80ג בשמן זית,ג.וילי פוד אינטרנשיונל בעמ,,,"י""ח",240,ל  גרם,false,1,14.90,6.21,false,1,
7290108620054,false,"יין קברנה סוביניון  750מ""ל Estate",יקבי ציון (1982) בעמ,,,"י""ח",750,"ל  מ""ל",false,1,39.90,5.28,false,1,
7290109201153,false,מטריה מיני צבעים חלקים,עולם הבית שיווק והפצה בעמ,,,"י""ח",1,,false,1,14.90,14.90,false,1,
7290109201177,false,מטריה מיני משובץ,עולם הבית שיווק והפצה בעמ,,,"י""ח",1,,false,1,14.90,14.90,false,1,
7290109351025,false,חומוס טחינה 400ג צבר,קבוצת אוסם סחר-שות.מוגבלת,,,"י""ח",400,ל  גרם,false,1,14.80,3.70,true,1,
7290109351957,false,פיטנס פריכיות גדולות 100גר,קבוצת אוסם סחר-שות.מוגבלת,,,"י""ח",100,ל  גרם,false,1,8.70,8.70,false,1,
7290109351971,false,פיטנס בר פריכיות שוקולד חלב 84גר,קבוצת אוסם סחר-שות.מוגבלת,,,"י""ח",84,ל  גרם,false,1,14.90,17.74,true,1,
7290109353494,false,פרפקטו פארפאלה   500 גרם,קבוצת אוסם סחר-שות.מוגבלת,,,"י""ח",500,ל  גרם,false,1,7.70,1.54,false,1,
7290109355504,false,קראנץ וניל ריבת נוגט כשל``פ,נגה גלידות,,,"י""ח",100,ל  גרם,false,1,7,7,true,1,
7290109358260,false,נקנקיות עם חלבון  664 גרם,קבוצת אוסם סחר-שות.מוגבלת,,,"י""ח",664,ל  גרם,false,1,37.90,5.71,true,1,
7290109358482,false,קרמוגית במילוי חלווה 200גר,קבוצת אוסם סחר-שות.מוגבלת,,,"י""ח",200,ל  גרם,false,1,11.90,5.95,true,1,
7290109358765,false,קראנץ רולס נוגט 500גר`,קבוצת אוסם סחר-שות.מוגבלת,,,"י""ח",500,ל  גרם,false,1,19.90,3.98,true,1,
7290109580043,false,"שניצל תירס 1.75ק""ג בד""ץ",זוגלובק שיווק בעמ,,,"י""ח",1.75,"ק""ג",false,1,49.90,28.51,false,1,
7290109580067,false,טחון 340גר Wonders,זוגלובק שיווק בעמ ו/או וונדרס,,,"י""ח",340,ל  גרם,false,1,29.90,8.79,true,1,
7290109580098,false,קבנוס טעם סרירצ`ה 135גרם,זוגלובק שיווק בעמ,,,"י""ח",135,ל  גרם,false,1,12.50,9.26,false,1,
7290109580104,false,רוסטביף 150ג פרימיום.,זוגלובק שיווק בעמ,,,"י""ח",150,ל  גרם,false,1,22.90,15.27,false,1,
7290109580111,false,צלעות אסאדו פרימיום   120גר`,זוגלובק שיווק בעמ,,,"י""ח",120,ל  גרם,false,1,22.90,19.08,false,1,
7290109580135,false,קורנדביף 180 גרם פרימיום.,זוגלובק שיווק בעמ,,,"י""ח",180,ל  גרם,false,1,22.90,12.72,false,1,
7290109580159,false,פסטרמה בנוסח טוקסטנה 180ג פרימיום.,זוגלובק שיווק בעמ,,,"י""ח",180,ל  גרם,false,1,22.90,12.72,false,1,
7290109580166,false,סרוולד קלאסי 150ג פרימיום.,זוגלובק שיווק בעמ,,,"י""ח",150,ל  גרם,false,1,22.90,15.27,false,1,
7290109580272,false,סרוולד איטלקי פרמיום 150ג,זוגלובק שיווק בעמ,,,"י""ח",150,ל  גרם,false,1,22.90,15.27,false,1,
7290109580302,false,מארז תה מעושן 350גר+ח.עוף 350גר בית יו.,זוגלובק שיווק בעמ,,,"י""ח",700,ל  גרם,false,1,31.90,4.56,false,1,
7290109580319,false,בורגר 280גר WONDERS,זוגלובק שיווק בעמ ו/או וונדרס,,,"י""ח",280,ל  גרם,false,1,29.90,10.68,true,1,
7290109580326,false,נקניקיות עוף 800גר בית יוסף זוגלובק.,זוגלובק שיווק בעמ,,,"י""ח",800,ל  גרם,false,1,24.90,3.11,false,1,
7290109580432,false,פסטרמה חזה הודו מעושן 120 גר`דק דק,זוגלובק שיווק בעמ,,,"י""ח",120,ל  גרם,false,1,13.90,11.58,true,1,
7290109580449,false,סלמי בטעם כמהין פרימיום 180 גרם.,זוגלובק שיווק בעמ,,,"י""ח",180,ל  גרם,false,1,24.90,13.83,false,1,
7290109580463,false,נאגטס פיקנטי 500ג,זוגלובק שיווק בעמ,,,"י""ח",0.50,"ק""ג",false,1,22.90,45.80,false,1,
7290109580470,false,"נאגטס מן הצומח 1ק""ג",זוגלובק שיווק בעמ,,,"י""ח",1,"ק""ג",false,1,37.90,37.90,false,1,
7290109580487,false,"חטיפי תירס 1ק""ג",זוגלובק שיווק בעמ,,,"י""ח",1,"ק""ג",false,1,37.90,37.90,false,1,
7290109840956,false,צ`יפסר 3.5ליטר,אליהו שיווק חשמל בעמ,,,"י""ח",1,,false,1,99,99,false,1,
7290109920146,false,"דורגול קומקום 750מ""ל",יעקב יעקבי ובניו בעמ,,,"י""ח",750,"ל  מ""ל",false,1,19.90,2.65,false,1,
7290109920313,false,אסטוניש מרסס מבריק שמשות,יעקב יעקבי ובניו בעמ,,,"י""ח",750,"ל  מ""ל",false,1,11.90,1.59,true,1,
7290109920665,false,אסטוניש מרסס מסיר אוכל שרוף במטבח,יעקב יעקבי ובניו בעמ,,,"י""ח",750,"ל  מ""ל",false,1,11.90,1.59,true,1,
7290109920818,false,אסטוניש רב תכליתי לימון 1ליטר,יעקב יעקבי ובניו בעמ,,,"י""ח",1,ליטר,false,1,10.90,10.90,false,1,
7290109920832,false,"דורגול לניקוי מקציף חלב 500מ""ל",יעקב יעקבי ובניו בעמ,,,"י""ח",500,"ל  מ""ל",false,1,29.90,5.98,false,1,
7290109920849,false,אסטוניש מרסס תפוז לניקוי רב תכליתי,יעקב יעקבי ובניו בעמ,,,"י""ח",750,"ל  מ""ל",false,1,11.90,1.59,true,1,
7290109920894,false,הפי נוזל ניקוי רצפות 1ל,יעקב יעקבי ובניו בעמ,,,"י""ח",1,ליטר,false,1,12.90,12.90,false,1,
7290109921280,false,הפי נוזל לשטיפת רצפות 3ל,יעקב יעקבי ובניו בעמ,,,"י""ח",3,ליטר,false,1,24.90,8.30,false,1,
7290109921334,false,אידאל קולור פרוטקט 15 דפי בד לכביסה.,יעקב יעקבי ובניו בעמ,,,"י""ח",1,,false,1,11.90,11.90,false,1,
7290109921372,false,משחת אסטוניש+ספוג,יעקב יעקבי ובניו בעמ,,,"י""ח",250,"ל  מ""ל",false,1,16.90,6.76,false,1,
7290109922881,false,"דורגול מרסס למטבח 600מ""ל",יעקב יעקבי ובניו בעמ,,,"י""ח",600,"ל  מ""ל",false,1,24.90,4.15,false,1,
7290109922911,false,"דזיטול חיטוי נעליים 150מ""ל.",יעקב יעקבי ובניו בעמ,,,"י""ח",400,"ל  מ""ל",false,1,18.90,4.73,false,1,
7290109923031,false,"אסטוניש מרסס פרמיום למקלחון 750מ""ל",יעקב יעקבי ובניו בעמ,,,"י""ח",750,"ל  מ""ל",false,1,14.90,1.99,false,1,
7290109923048,false,"אסטוניש מרסס פרמיום לכל בית 750מ""ל",יעקב יעקבי ובניו בעמ,,,"י""ח",750,"ל  מ""ל",false,1,14.90,1.99,false,1,
7290109923093,false,"אסטוניש לחיץ כירים זכוכית קרמית 500מ""",יעקב יעקבי ובניו בעמ,,,"י""ח",500,"ל  מ""ל",false,1,14.90,2.98,true,1,
7290109923109,false,סבון אסלה 5 צדפים+2 אקונומיקה,יעקב יעקבי ובניו בעמ,,,"י""ח",500,"ל  מ""ל",false,1,12.90,2.58,false,1,
7290109923147,false,אסטוניש מהדורה פרימיום פלא,יעקב יעקבי ובניו בעמ,,,"י""ח",500,"ל  מ""ל",false,1,14.90,2.98,false,1,
7290110000493,false,חמאה בוטנים350 גרם,בטר אנד דיפרנט בעמ,,,"י""ח",350,ל  גרם,false,1,13.90,3.97,false,1,
7290110050467,false,"בקבוק שתייה דגם שקוף 700מ""ל ספיידרמן",שמחה זה אנחנו,,,"י""ח",1,,false,1,29.90,29.90,false,1,
7290110056117,false,מארז בלונים על מקל אדום,שמחה זה אנחנו,,,"י""ח",1,,false,1,29.90,29.90,false,1,
7290110110277,false,"משקה סומרסבי 330מ""ל 1/4",החברה המרכזית להפצת משקאות בעמ,,,"י""ח",1.32,ליטר,false,1,31.90,23.26,true,1,
7290110110369,false,"קרלסברג Luma שישיות} 330מ""ל",החברה המרכזית להפצת משקאות בעמ,,,"י""ח",1.98,ליטר,false,1,39.90,19.24,true,1,
7290110110574,false,פחית קוקה קולה זירו לימון סליק,החברה המרכזית להפצת משקאות בעמ,,,"י""ח",330,"ל  מ""ל",false,1,4.50,1.27,true,1,
7290110113261,false,אושן ספריי  19קלוריות חמוציות 1ליטר,החברה המרכזית להפצת משקאות בעמ,,,"י""ח",1,ליטר,false,1,11,11,false,1,
7290110113377,false,קוקה קולה 1ליטר רביעייה,החברה המרכזית להפצת משקאות בעמ,,,"י""ח",4,ליטר,false,1,29.90,7.18,false,1,
7290110113476,false,"קרלסברג  0% אלכוהול  330מ""ל  1/6.",החברה המרכזית להפצת משקאות בעמ,,,"י""ח",1.98,ליטר,false,1,28.90,13.69,false,1,
7290110114787,false,נביעות בטעם תפוח עדין 1.5ליטר,החברה המרכזית להפצת משקאות בעמ,,,"י""ח",1.50,ליטר,false,1,8.90,5.73,false,1,
7290110114794,false,נביעות בטעם אפרסק עדין 1.5ליטר,החברה המרכזית להפצת משקאות בעמ,,,"י""ח",1.50,ליטר,false,1,8.90,5.73,false,1,
7290110114800,false,נביעות בטעם ענבים עדין 1.5ליטר,החברה המרכזית להפצת משקאות בעמ,,,"י""ח",1.50,ליטר,false,1,8.90,5.73,false,1,
7290110114855,false,~נביעות 1.5 ליטר שישיה,החברה המרכזית להפצת משקאות בעמ,,,"י""ח",9,ליטר,false,1,13,1.24,false,1,
7290110114893,false,פריגת מיץ סחוט תפוז 2 ליטר,*החברה המרכזית להפצת משקאותבעמ,,,"י""ח",2,ליטר,false,1,27.90,13.80,false,1,
7290110114954,false,מיץ תפוזים מתקתק 100% 2ל.,*החברה המרכזית להפצת משקאותבעמ,,,"י""ח",2,ליטר,false,1,20.90,10.30,false,1,
7290110114961,false,פריגת תפוזים 1.5 ליטר,החברה המרכזית להפצת משקאות בעמ,,,"י""ח",1.50,ליטר,false,1,9,5.80,false,1,
7290110114985,false,פריגת אשכולית 1.5 ליטר,החברה המרכזית להפצת משקאות בעמ,,,"י""ח",1.50,ליטר,false,1,9,5.80,false,1,
7290110114992,false,פריגת אשכולית לייט 1.5 ליטר,החברה המרכזית להפצת משקאות בעמ,,,"י""ח",1.50,ליטר,false,1,8.50,5.47,false,1,
7290110115005,false,פריגת ענבים 1.5 ליטר,החברה המרכזית להפצת משקאות בעמ,,,"י""ח",1.50,ליטר,false,1,9,5.80,false,1,
7290110115036,false,פריגת מנגו 1.5 ליטר,החברה המרכזית להפצת משקאות בעמ,,,"י""ח",1.50,ליטר,false,1,9,5.80,false,1,
7290110115043,false,פריגת לימונענע 1.5 ליטר,החברה המרכזית להפצת משקאות בעמ,,,"י""ח",1.50,ליטר,false,1,9,5.80,false,1,
7290110115050,false,פריגת מיקס תות בננה 1.5 ליטר,החברה המרכזית להפצת משקאות בעמ,,,"י""ח",1.50,ליטר,false,1,9,5.80,false,1,
7290110115081,false,פריגת צלול ענבים 1.5 ל,החברה המרכזית להפצת משקאות בעמ,,,"י""ח",1.50,ליטר,false,1,8.60,5.53,false,1,
7290110115128,false,פריגת צלול בטעם לימונענע 1.5 ל,החברה המרכזית להפצת משקאות בעמ,,,"י""ח",1.50,ליטר,false,1,8.60,5.53,false,1,
7290110115180,false,נביעות 1.5 ליטר,החברה המרכזית להפצת משקאות בעמ,,,"י""ח",1.50,ליטר,false,1,3.10,1.87,false,1,
7290110115203,false,קוקה קולה 1.5 ליטר,החברה המרכזית להפצת משקאות בעמ,,,"י""ח",150,"ל  מ""ל",false,1,8.90,5.73,false,1,
7290110115210,false,דיאט קוקה קולה 1.5 ליטר,החברה המרכזית להפצת משקאות בעמ,,,"י""ח",1.50,ליטר,false,1,8.30,5.33,false,1,
7290110115227,false,קוקה קולה ZERO 1.5 ל,החברה המרכזית להפצת משקאות בעמ,,,"י""ח",1.50,ליטר,false,1,8.80,5.67,false,1,
7290110115234,false,קוקה קולה ZERO נטול1.5ליטר,החברה המרכזית להפצת משקאות בעמ,,,"י""ח",1.50,ליטר,false,1,8.30,5.33,false,1,
7290110115241,false,קוקה קולה ZERO 1.5 ל לימון,החברה המרכזית להפצת משקאות בעמ,,,"י""ח",1.50,ליטר,false,1,8.60,5.53,false,1,
7290110115258,false,קוקה קולה ZERO 1.5 ל מנגו,החברה המרכזית להפצת משקאות בעמ,,,"י""ח",1.50,ליטר,false,1,8.30,5.33,false,1,
7290110115265,false,ספרייט 1.5ליטר,החברה המרכזית להפצת משקאות בעמ,,,"י""ח",1.50,ליטר,false,1,9,5.80,true,1,
7290110115272,false,ספרייט ZERO בק 1.5ליטר,החברה המרכזית להפצת משקאות בעמ,,,"י""ח",1.50,ליטר,false,1,9,5.80,true,1,
7290110115289,false,ספרייט לימון נענע  1.5ל.,החברה המרכזית להפצת משקאות בעמ,,,"י""ח",1.50,ליטר,false,1,9,5.80,true,1,
7290110115296,false,פאנטה 1.5 ליטר(אורנג  ),החברה המרכזית להפצת משקאות בעמ,,,"י""ח",1.50,ליטר,false,1,8.50,5.47,true,1,
7290110115302,false,פאנטה ZERO  אורנג` 1.5 ליטר,החברה המרכזית להפצת משקאות בעמ,,,"י""ח",1.50,ליטר,false,1,8.30,5.33,true,1,
7290110115319,false,פאנטה אקזוטי 1.5 ליטר,החברה המרכזית להפצת משקאות בעמ,,,"י""ח",1.50,ליטר,false,1,8.50,5.47,true,1,
7290110115333,false,פאנטה תות 1.5 ל.,החברה המרכזית להפצת משקאות בעמ,,,"י""ח",1.50,ליטר,false,1,8.50,5.47,true,1,
7290110115340,false,פאנטה ענבים 1.5ל,החברה המרכזית להפצת משקאות בעמ,,,"י""ח",1.50,ליטר,false,1,8.50,5.47,true,1,
7290110115364,false,קוקה קולה שישיות 1.5 ליטר.,החברה המרכזית להפצת משקאות בעמ,,,"י""ח",9,ליטר,false,1,49.90,5.34,false,1,
7290110115388,false,ספרייט שישיות ליים 1.5 ליטר,החברה המרכזית להפצת משקאות בעמ,,,"י""ח",9,ליטר,false,1,49.90,5.34,false,1,
7290110115395,false,ספרייט ZERO שישיות 1.5 ליטר,החברה המרכזית להפצת משקאות בעמ,,,"י""ח",9,ליטר,false,1,46.90,5.01,false,1,
7290110115401,false,קינלי סודה שישיה 1.5ל,החברה המרכזית להפצת משקאות בעמ,,,"י""ח",9,ליטר,false,1,16.90,1.68,false,1,
7290110115418,false,קוקה קולה ZIRO 1.5 ל שישייה,החברה המרכזית להפצת משקאות בעמ,,,"י""ח",9,ליטר,false,1,47.90,5.12,false,1,
7290110115425,false,תה לימון נענע  1.5 FUZE-T,החברה המרכזית להפצת משקאות בעמ,,,"י""ח",1.50,ליטר,false,1,9.50,6.13,true,1,
7290110115449,false,תה מנגו אננס  1.5 FUZE-T,החברה המרכזית להפצת משקאות בעמ,,,"י""ח",1.50,ליטר,false,1,9.50,6.13,true,1,
7290110115456,false,תה אפרסק 19 קל` 1.5 FUZE-T,החברה המרכזית להפצת משקאות בעמ,,,"י""ח",1.50,ליטר,false,1,9.50,6.13,true,1,
7290110115463,false,תה אפרסק  1.5 FUZE-T,החברה המרכזית להפצת משקאות בעמ,,,"י""ח",1.50,ליטר,false,1,9.50,6.13,true,1,
7290110115494,false,תה דיאט ענבים 1.5 FUZE-T,החברה המרכזית להפצת משקאות בעמ,,,"י""ח",1.50,ליטר,false,1,9.50,6.13,true,1,
7290110115586,false,פריגת תפוזים 40% פחות סוכר 1.5 ליטר,החברה המרכזית להפצת משקאות בעמ,,,"י""ח",1.50,ליטר,false,1,9,5.80,false,1,
7290110115593,false,פריגת אשכולית 40% פחות סוכר 1.5 ליטר,החברה המרכזית להפצת משקאות בעמ,,,"י""ח",1.50,ליטר,false,1,9,5.80,false,1,
7290110115616,false,תה גרין אננס  1.5 FUZE-T zero,החברה המרכזית להפצת משקאות בעמ,,,"י""ח",1.50,ליטר,false,1,9.50,6.13,true,1,
7290110116064,false,פאנטה ZERO פירות ירוק 1.5 ליטר,החברה המרכזית להפצת משקאות בעמ,,,"י""ח",1.50,ליטר,false,1,8.50,5.47,true,1,
7290110116149,false,"סירופ טעם ענבים 750מ""ל",החברה המרכזית להפצת משקאות בעמ,,,"י""ח",750,"ל  מ""ל",false,1,23.60,3.15,true,1,
7290110116194,false,נביעות רכיבי פרי לימון ליים 0% 1.5ליטר,החברה המרכזית להפצת משקאות בעמ,,,"י""ח",1.50,ליטר,false,1,9.50,6.13,false,1,
7290110116217,false,נביעות רכיבי פרי אשכולית 0% 1.5ליטר,החברה המרכזית להפצת משקאות בעמ,,,"י""ח",1.50,ליטר,false,1,9.50,6.13,false,1,
7290110116316,false,קוקה קולה שישיות 1.5 ליטר חג שמח,החברה המרכזית להפצת משקאות בעמ,,,"י""ח",9,ליטר,false,1,49.90,5.34,false,1,
7290110116323,false,קוקה קולה ZERO שישיות 1.5 ליטר. חג שמח,החברה המרכזית להפצת משקאות בעמ,,,"י""ח",9,ליטר,false,1,46.70,4.99,false,1,
7290110116385,false,פחית סטפאני מרשמלו זירו אבטיח תות  סליק,החברה המרכזית להפצת משקאות בעמ,,,"י""ח",330,"ל  מ""ל",false,1,4.50,1.27,true,1,
7290110116552,false,ספרייט 1.5ליטר Lemon hit,החברה המרכזית להפצת משקאות בעמ,,,"י""ח",1.50,ליטר,false,1,9,5.80,true,1,
7290110116569,false,ספרייט ZERO בק 1.5ליטר Lemon hit,החברה המרכזית להפצת משקאות בעמ,,,"י""ח",1.50,ליטר,false,1,9,5.80,true,1,
7290110320591,false,בולגרית מועדנת פיראוס 16% 250גר,תנובה בעמ ***,,,"י""ח",250,ל  גרם,false,1,21.90,8.76,false,1,
7290110320850,false,פתיתי עמק 28% שומן 200ג,תנובה בעמ ***,,,"י""ח",200,ל  גרם,false,1,14.90,7.45,false,1,
7290110320867,false,פתיתי עמק למאפים 28% שומן 500ג,תנובה בעמ ***,,,"י""ח",500,ל  גרם,false,1,37.90,7.58,true,1,
7290110321031,false,יופלה GO 200ג,תנובה בעמ ***,,,"י""ח",200,ל  גרם,false,1,5.80,2.90,true,1,
7290110321277,false,קוטג  5% תנובה 100 גרם מהדרין,תנובה בעמ ***,,,"י""ח",100,ל  גרם,false,1,2.50,2.50,false,1,
7290110321284,false,קוטג  9% תנובה 100 גרם מהדרין,תנובה בעמ ***,,,"י""ח",100,ל  גרם,false,1,2.50,2.50,false,1,
7290110321604,false,בולגרית קוביות+תערובת לסלט  232ג,תנובה בעמ ***,,,"י""ח",232,ל  גרם,false,1,21.90,9.44,false,1,
7290110321680,false,יופלה תות  GO 200ג,תנובה בעמ ***,,,"י""ח",200,ל  גרם,false,1,5.80,2.90,true,1,
7290110322014,false,טופו טבעי 300ג,תנובה בעמ ***,,,"י""ח",300,ל  גרם,false,1,11.90,3.97,true,1,
7290110323073,false,משקה יוגורט מעושר עם תות ופטל 1%,תנובה בעמ ***,,,"י""ח",250,"ל  מ""ל",false,1,6.30,2.52,false,1,
7290110323301,false,טל עמק %32שומן 200ג,תנובה בעמ ***,,,"י""ח",0.80,ליטר,false,1,19.30,24.13,false,1,
7290110323585,false,יופלה דודבן  GO 200ג.,תנובה בעמ ***,,,"י""ח",200,ל  גרם,false,1,5.80,2.90,true,1,
7290110323714,false,משקה קוקוס שקדים 1ל,תנובה בעמ ***,,,"י""ח",1,ליטר,false,1,12.90,12.90,true,1,
7290110324551,false,יופלה טיוב יוגורט  תות   348ג,תנובה בעמ ***,,,"י""ח",348,"ל  מ""ל",false,1,12.20,3.51,false,1,
7290110324872,false,גלבוע  5% שומן 200ג,תנובה בעמ ***,,,"י""ח",200,ל  גרם,false,1,17.90,8.95,false,1,
7290110324926,false,"משקה סויה לל""ס 1  ל` תנובה",תנובה בעמ ***,,,"י""ח",1,ליטר,false,1,10.90,10.90,true,1,
7290110325084,false,מאגדת שמינייה מיני קרלו שונל,תנובה בעמ ***,,,"י""ח",800,"ל  מ""ל",false,1,15.10,1.89,false,1,
7290110325114,false,משקה יוגורט גו לייט תות בננה,תנובה בעמ ***,,,"י""ח",250,"ל  מ""ל",false,1,6.10,2.44,false,1,
7290110325169,false,גאודה פרוסות 170ג,תנובה בעמ ***,,,"י""ח",170,ל  גרם,false,1,19.90,11.71,false,1,
7290110325510,false,יופלה טיוב יוגורט  וניל 348ג,תנובה בעמ ***,,,"י""ח",348,"ל  מ""ל",false,1,12.20,3.51,false,1,
7290110325619,false,משקה ש.שועל  טרי 1ל תנובה,תנובה בעמ ***,,,"י""ח",1,ליטר,false,1,12.90,12.90,true,1,
7290110325893,false,"משקה גו  אייס  קפה 340מ""ל",תנובה בעמ ***,,,"י""ח",340,"ל  מ""ל",false,1,8.20,2.41,false,1,
7290110326210,false,און טופ יופלה פצפוצים 157ג,תנובה בעמ ***,,,"י""ח",150,"ל  מ""ל",false,1,5,3.33,true,1,
7290110326333,false,גבינה פרוסות סקנדינבית 175ג,תנובה בעמ ***,,,"י""ח",175,ל  גרם,false,1,17.90,10.23,false,1,
7290110327064,false,משקה קפה ש.שועל טעם קרמל 1ל,תנובה בעמ ***,,,"י""ח",1,ליטר,false,1,12.90,12.90,true,1,
7290110327514,false,משקה ש.שועל אגוזי לוז  טרי 1ל תנובה,תנובה בעמ ***,,,"י""ח",1,ליטר,false,1,12.90,12.90,true,1,
7290110327798,false,חטיף חלבון GO בטעם שוקולד 20 גרם.,שקד תבל בעמ,,,"י""ח",1,,false,1,11.90,11.90,false,1,
7290110327804,false,חטיף חלבון GO בטעם בצק עוגיות 20 גרם.,שקד תבל בעמ,,,"י""ח",1,,false,1,11.90,11.90,false,1,
7290110328504,false,טריו מיקס גבינות 300ג,תנובה בעמ ***,,,"י""ח",300,ל  גרם,false,1,24.90,8.30,false,1,
7290110328627,false,יוגורט גו סמיך 0% בננה קרמל,תנובה בעמ ***,,,"י""ח",200,"ל  מ""ל",false,1,5.90,2.95,true,1,
7290110328641,false,טופו טבעי 500ג 2*250ג,תנובה בעמ ***,,,"י""ח",500,ל  גרם,false,1,17.90,3.58,false,1,
7290110328764,false,יוגורט גו סמיך 0% תות,תנובה בעמ ***,,,"י""ח",200,"ל  מ""ל",false,1,5.90,2.95,true,1,
7290110328788,false,יוגורט גו סמיך 0% אפרסק,תנובה בעמ ***,,,"י""ח",200,"ל  מ""ל",false,1,5.90,2.95,true,1,
7290110328887,false,חלב בקבוק 1 ליטר}תנובה{3%,תנובה בעמ ***,,,"י""ח",1,ליטר,false,1,6.23,6.23,false,1,
7290110329136,false,מעדן חלב גו טעם שוקולד 120ג  12ג חלבון,תנובה בעמ ***,,,"י""ח",120,"ל  מ""ל",false,1,5.20,4.33,false,1,
7290110329143,false,מעדן חלב גו טעם וניל 120ג עם 12ג חלבון,תנובה בעמ ***,,,"י""ח",120,"ל  מ""ל",false,1,5.20,4.33,false,1,
7290110329686,false,"משקה גו  טעם עוגיות  340מ""ל",תנובה בעמ ***,,,"י""ח",340,"ל  מ""ל",false,1,7.50,2.21,false,1,
7290110329792,false,יוגורט סויה ביו אפרסק  150ג,תנובה בעמ ***,,,"י""ח",150,"ל  מ""ל",false,1,4.50,3,false,1,
7290110329808,false,יוגורט סויה ביו תות  150ג,תנובה בעמ ***,,,"י""ח",150,"ל  מ""ל",false,1,4.50,3,false,1,
7290110329822,false,יוגורט סויה ביו פירות יער 150ג,תנובה בעמ ***,,,"י""ח",150,"ל  מ""ל",false,1,4.50,3,false,1,
7290110550219,false,מטבעות שוקולד לבן לאפיה 400גר,שטראוס גרופ בעמ,,,"י""ח",400,ל  גרם,false,1,29.90,7.48,true,1,
7290110550370,false,פריכיות משולשות קינואה ופלפל שחור 65גר,שטראוס גרופ בעמ,,,"י""ח",65,ל  גרם,false,1,9.50,14.62,true,1,
7290110552121,false,היוגורט הראשון שלי  100גר,שטראוס גרופ ***בעמ,,,"י""ח",100,"ל  מ""ל",false,1,2.30,2.30,true,1,
7290110552220,false,דנונה פרו 20גר ללא סוכר טעם תות,שטראוס גרופ ***בעמ,,,"י""ח",20,"ל  מ""ל",false,1,5.90,29.50,true,1,
7290110552237,false,דנונה פרו 20גר ללא סוכר טעם אפרסק מנגו,שטראוס גרופ ***בעמ,,,"י""ח",20,"ל  מ""ל",false,1,5.90,29.50,true,1,
7290110552817,false,מסטיק מאסט קוביות פפירמינט  58ג.,שטראוס גרופ בעמ,,,"י""ח",66,ל  גרם,false,1,9.90,15,true,1,
7290110553012,false,"מארז קפה פלטינום קלאסיק כשל""פ  200גר",שטראוס גרופ בעמ,,,"י""ח",200,ל  גרם,false,1,24.90,12.45,true,1,
7290110553029,false,פריכיות חלבון קייל חומוס ומלח 60גר,שטראוס גרופ בעמ,,,"י""ח",65,ל  גרם,false,1,9.50,14.62,true,1,
7290110553036,false,פריכיות חלבון בטטה סגולה ואפונה 60גר,שטראוס גרופ בעמ,,,"י""ח",65,ל  גרם,false,1,9.50,14.62,true,1,
7290110553135,false,קפוצינו סטיק וניל 130גר,שטראוס גרופ בעמ,,,"י""ח",130,ל  גרם,false,1,16.90,13,true,1,
7290110553173,false,פריכיות אנרג`י בטעם קרמל 40גר,שטראוס גרופ בעמ,,,"י""ח",40,ל  גרם,false,1,6.90,17.25,true,1,
7290110553180,false,פריכיות אנרג`י בטעם תפוח קינמון 40גר,שטראוס גרופ בעמ,,,"י""ח",40,ל  גרם,false,1,6.90,17.25,true,1,
7290110553340,false,אייס נמס מילקשייק מלבי 200 ג,שטראוס גרופ בעמ,,,"י""ח",200,ל  גרם,false,1,19.90,9.95,true,1,
7290110553425,false,111,שטראוס גרופ בעמ,,,"י""ח",200,"ל  מ""ל",false,1,19.90,9.95,true,1,
7290110553623,false,ציטוס קראנץ צ`דר חלפיניו 80ג.,שטראוס פריטו ליי בעמ,,,"י""ח",80,ל  גרם,false,1,4.20,5.25,true,1,
7290110554422,false,רוטב עגבניות ופלפלים לשקשוקה  350גר,שטראוס גרופ בעמ,,,"י""ח",350,ל  גרם,false,1,11.90,3.40,true,1,
7290110554477,false,קפסולות אספרסו לאפוגטו טעם מייפל,שטראוס גרופ בעמ,,,"י""ח",50,ל  גרם,false,1,19,38,true,1,
7290110554545,false,קפסולות אספרסו לאפוגטו טעם קוקוס,שטראוס גרופ בעמ,,,"י""ח",50,ל  גרם,false,1,19,38,true,1,
7290110554583,false,מארז ציטוס פאפ גבינה 10*20,שטראוס פריטו ליי בעמ,,,"י""ח",200,ל  גרם,false,1,12.90,6.45,true,1,
7290110554699,false,קפסולות קפה יוניקו למכונת NESPRESSO.,שטראוס גרופ בעמ,,,"י""ח",50,ל  גרם,false,1,19.90,39.80,true,1,
7290110554705,false,קפסולות קפה יוניקו למכונת NESPRESSO.,שטראוס גרופ בעמ,,,"י""ח",50,ל  גרם,false,1,19.90,39.80,true,1,
7290110554712,false,קפסולות קפה יוניקו למכונת NESPRESSO.,שטראוס גרופ בעמ,,,"י""ח",50,ל  גרם,false,1,19.90,39.80,true,1,
7290110554729,false,"קפסולות אספרסו 04 כשל""פ",שטראוס גרופ בעמ,,,"י""ח",50,ל  גרם,false,1,19,38,true,1,
7290110555009,false,פסאטה זוגות 700גר,שטראוס גרופ בעמ,,,"י""ח",700,ל  גרם,false,1,11.90,1.70,true,1,
7290110555078,false,לאבנה עם שמן זית ועשבי תיבול 250 גר,שטראוס גרופ ***בעמ,,,"י""ח",250,ל  גרם,false,1,10.90,4.36,true,1,
7290110555306,false,רבע לשבע טבעוני סינמון באן 125גר`,שטראוס גרופ בעמ,,,"י""ח",125,ל  גרם,false,1,12.90,10.32,true,1,
7290110555368,false,רבע לשבע טבעוני מרשמלו  125גר`,שטראוס גרופ בעמ,,,"י""ח",125,ל  גרם,false,1,12.90,10.32,true,1,
7290110555665,false,קקאו דל שומן קופסא 220 גרם עלית,שטראוס גרופ בעמ,,,"י""ח",220,ל  גרם,false,1,19.90,9.05,true,1,
7290110556242,false,"שוקולד מריר פרווה בד""ץ 100 ג עלית",שטראוס גרופ בעמ,,,"י""ח",100,ל  גרם,false,1,5.60,5.60,true,1,
7290110557027,false,חומוס הסדרה 50% טחינה 400ג,שטראוס גרופ ***בעמ,,,"י""ח",400,ל  גרם,false,1,12.90,3.23,true,1,
7290110557102,false,מעדן חלב עם שוקולד מועשר בחלבון 150גר,שטראוס גרופ ***בעמ,,,"י""ח",130,ל  גרם,false,1,5,3.85,true,1,
7290110557133,false,מעדן הגולן וניל בודד 125גר,שטראוס גרופ ***בעמ,,,"י""ח",125,ל  גרם,false,1,2.90,2.32,true,1,
7290110557317,false,"היוגורט הראשון שלי ש""ש 100גר",שטראוס גרופ ***בעמ,,,"י""ח",100,"ל  מ""ל",false,1,2.30,2.30,true,1,
7290110557478,false,חומוס גלילי 600גר שטראוס,שטראוס גרופ ***בעמ,,,"י""ח",600,ל  גרם,false,1,11.90,1.98,true,1,
7290110557645,false,מארז אנרג`י  מיקס צימוקים חמוציות 100גר,שטראוס גרופ בעמ,,,"י""ח",100,ל  גרם,false,1,15.90,15.90,true,1,
7290110558130,false,דנונה אקטיביה שיבולת שועל ודבש,שטראוס גרופ ***בעמ,,,"י""ח",150,"ל  מ""ל",false,1,4.50,3,true,1,
7290110558154,false,דנונה לייט אנד פריי טעם עוגת תפוחים,שטראוס גרופ ***בעמ,,,"י""ח",150,"ל  מ""ל",false,1,4.50,3,true,1,
7290110558222,false,דנונה WOW בנופי 2.4%  150גר,שטראוס גרופ ***בעמ,,,"י""ח",150,"ל  מ""ל",false,1,4.60,3.07,true,1,
7290110558239,false,דנונה WOW קראק פאי 2.4%  150גר,שטראוס גרופ ***בעמ,,,"י""ח",150,"ל  מ""ל",false,1,4.60,3.07,true,1,
7290110558253,false,משקה דנונה ריפרש בננה אננס 250גר,שטראוס גרופ ***בעמ,,,"י""ח",250,"ל  מ""ל",false,1,5.50,2.20,true,1,
7290110558284,false,דנונה ביו מולטי 200גר,שטראוס גרופ ***בעמ,,,"י""ח",200,"ל  מ""ל",false,1,4.20,2.10,true,1,
7290110558307,false,דנונה פרו 200גר עם שיבולת שועל,שטראוס גרופ ***בעמ,,,"י""ח",200,"ל  מ""ל",false,1,6.30,3.15,true,1,
7290110558314,false,דנונה פרו 20גר ללא סוכר פיסטוק,שטראוס גרופ ***בעמ,,,"י""ח",20,"ל  מ""ל",false,1,5.90,29.50,true,1,
7290110558338,false,דנונה פרו 200גר חלבון,שטראוס גרופ ***בעמ,,,"י""ח",200,"ל  מ""ל",false,1,6.30,3.15,true,1,
7290110558666,false,דניאלה בטעם תפוח,שטראוס גרופ ***בעמ,,,"י""ח",150,"ל  מ""ל",false,1,3.90,2.60,true,1,
7290110559007,false,שועועית חומה 380גרם טעם הטבע קופסה,שטראוס גרופ בעמ,,,"י""ח",380,ל  גרם,false,1,6.90,1.82,true,1,
7290110559014,false,שועועית שחורה 380גרם טעם הטבע קופסה,שטראוס גרופ בעמ,,,"י""ח",380,ל  גרם,false,1,6.90,1.82,true,1,
7290110559748,false,ריל מאגדת שקדים קוקוס ושוקולד מריר,שטראוס גרופ בעמ,,,"י""ח",105,ל  גרם,false,1,15.90,15.14,true,1,
7290110560300,false,פריכיות המשולשות פלפל שחור 30גר,שטראוס גרופ בעמ,,,"י""ח",30,ל  גרם,false,1,5,16.67,true,1,
7290110560317,false,פריכיות המשולשות מלח ים 30גר,שטראוס גרופ בעמ,,,"י""ח",30,ל  גרם,false,1,5,16.67,true,1,
7290110560324,false,פריכיות המשולשות אפונה ירוקה 30גר,שטראוס גרופ בעמ,,,"י""ח",30,ל  גרם,false,1,5,16.67,true,1,
7290110561352,false,דנונה דל לקטוז 200גר,שטראוס גרופ ***בעמ,,,"י""ח",200,"ל  מ""ל",false,1,3.50,1.75,true,1,
7290110561604,false,מארז גמדים תות בננה שמינייה,שטראוס גרופ ***בעמ,,,"י""ח",800,ל  גרם,false,1,17.90,2.24,true,1,
7290110563431,false,משקה קפה קר בסגנון קלאסי 1.6%230גר,שטראוס גרופ ***בעמ,,,"י""ח",230,"ל  מ""ל",false,1,7.90,3.43,true,1,
7290110563448,false,משקה קפה קר בסגנון מעודן 1.6%230גר,שטראוס גרופ ***בעמ,,,"י""ח",230,"ל  מ""ל",false,1,7.90,3.43,true,1,
7290110563462,false,חלב נטול לקטוז 2% בקבוק 1ליטר,שטראוס גרופ ***בעמ,,,"י""ח",1,ליטר,false,1,8.90,8.90,true,1,
7290110564339,false,חומוס עשיר ב% -30טחינה 400גר`,שטראוס גרופ ***בעמ,,,"י""ח",400,ל  גרם,false,1,12.90,3.23,true,1,
7290110564360,false,חומוס עשיר ב% -40טחינה 400גר`,שטראוס גרופ ***בעמ,,,"י""ח",400,ל  גרם,false,1,12.90,3.23,true,1,
7290110564414,false,חומוס עשיר ב- 30% טחינה גולמית 600גר`,שטראוס גרופ ***בעמ,,,"י""ח",600,ל  גרם,false,1,14.90,2.48,true,1,
7290110564742,false,משקה קפה קר בסגנון חזק 1.2%230גר,שטראוס גרופ ***בעמ,,,"י""ח",230,"ל  מ""ל",false,1,7.90,3.43,true,1,
7290110564919,false,"דנונה מתיקות מעודנת לל""ס וממתיק 150גר",שטראוס גרופ ***בעמ,,,"י""ח",150,ל  גרם,false,1,3.50,2.33,true,1,
7290110565435,false,לימבו פטל 125גרם,שטראוס גרופ ***בעמ,,,"י""ח",125,ל  גרם,false,1,2.10,1.68,true,1,
7290110565527,false,דנונה פרו 20גר חלבון,שטראוס גרופ ***בעמ,,,"י""ח",20,"ל  מ""ל",false,1,5.90,29.50,true,1,
7290110565572,false,מארז קפה טורקי לדרך עם הל 168גר`,שטראוס גרופ בעמ,,,"י""ח",168,ל  גרם,false,1,18.90,11.25,true,1,
7290110566975,false,דנונה פרו 20גר  תות,שטראוס גרופ ***בעמ,,,"י""ח",20,"ל  מ""ל",false,1,5.90,29.50,true,1,
7290110568238,false,"קצפת צמחית 21% שומן 250מ""ל",שטראוס גרופ ***בעמ,,,"י""ח",250,"ל  מ""ל",false,1,7.90,3.16,true,1,
7290110568276,false,"משקה יוטבתה פרו וניל לשתיה  350מ""ל",שטראוס גרופ ***בעמ,,,"י""ח",350,ל  גרם,false,1,6.50,1.86,true,1,
7290110568559,false,מארז דוריטוס חמוץ חריף 10*25גר,שטראוס פריטו ליי בעמ,,,"י""ח",250,ל  גרם,false,1,10.90,4.36,true,1,
7290110568566,false,מארז דוריטוס גריל 10*25גר,שטראוס פריטו ליי בעמ,,,"י""ח",250,ל  גרם,false,1,13.90,5.56,true,1,
7290110570224,false,"משקה קפה קר בטעם עוגיות 230מ""ל",שטראוס גרופ ***בעמ,,,"י""ח",230,"ל  מ""ל",false,1,7.90,3.43,true,1,
7290110570880,false,פולי אספרסו  עשירים וארומטיים 250גר}קפ,שטראוס גרופ בעמ,,,"י""ח",250,ל  גרם,false,1,21.90,8.76,true,1,
7290110571184,false,עדשים חומות 380גרם טעם הטבע קופסה,שטראוס גרופ בעמ,,,"י""ח",380,ל  גרם,false,1,6.90,1.82,true,1,
7290110571382,false,מעדן חלב טעם וניל מועשר בחלבון 150גר,שטראוס גרופ ***בעמ,,,"י""ח",130,ל  גרם,false,1,5,3.85,true,1,
7290110571405,false,מיני פינוקיות בגביע פסק זמן 180גר,שטראוס גרופ בעמ,,,"י""ח",200,ל  גרם,false,1,10.90,5.45,true,1,
7290110571412,false,מיני פינוקיות  בגביעפטדג`180גר,שטראוס גרופ בעמ,,,"י""ח",200,ל  גרם,false,1,10.90,5.45,true,1,
7290110571474,false,אצבעות רבע לשבע טבעוני פופקורן 125גר`,שטראוס גרופ בעמ,,,"י""ח",125,ל  גרם,false,1,12.90,10.32,true,1,
7290110571481,false,111,שטראוס גרופ בעמ,,,"י""ח",200,"ל  מ""ל",false,1,19.90,9.95,true,1,
7290110571535,false,מארז טורקי הל 3*100גר.,שטראוס גרופ בעמ,,,"י""ח",300,ל  גרם,false,1,26.90,8.97,true,1,
7290110572129,false,כיף כף מקלות שוקולד לבן 40גר,שטראוס גרופ בעמ,,,"י""ח",40,ל  גרם,false,1,4.80,12,true,1,
7290110572884,false,"קפסולות אספרסו חזק עלית 14יח כשל""פ",שטראוס גרופ בעמ,,,"י""ח",50,ל  גרם,false,1,19,38,true,1,
7290110572969,false,כיף כף פיצפוצים קרם לבן 40גר,שטראוס גרופ בעמ,,,"י""ח",40,ל  גרם,false,1,4.90,12.25,true,1,
7290110572976,false,כיף כף פצפוצים קרם לבן 135גר,שטראוס גרופ בעמ,,,"י""ח",135,ל  גרם,false,1,9.90,7.33,true,1,
7290110576318,false,מאגדת שלישיית אגוז לבן 3*100גר,שטראוס גרופ בעמ,,,"י""ח",112,ל  גרם,false,1,25.90,23.13,true,1,
7290110576356,false,ספלנדיד שוקולד מריר פרו 64%,שטראוס גרופ בעמ,,,"י""ח",105,ל  גרם,false,1,8.90,8.48,true,1,
7290110576363,false,ספלנדיד שוקולד מריר אוגנדה 80%,שטראוס גרופ בעמ,,,"י""ח",105,ל  גרם,false,1,8.90,8.48,true,1,
7290110576370,false,מאגדת שלישיית אגוז מריר 3*100גר,שטראוס גרופ בעמ,,,"י""ח",112,ל  גרם,false,1,25.90,23.13,true,1,
7290110576387,false,מאגדת שלישיית אגוז חלב 3*100גר,שטראוס גרופ בעמ,,,"י""ח",112,ל  גרם,false,1,25.90,23.13,true,1,
7290110576752,false,שוקולד ספלנדיד מריר 70%,שטראוס גרופ בעמ,,,"י""ח",100,ל  גרם,false,1,10.20,10.20,true,1,
7290110576776,false,שוקולד ספלנדיד מריר 85%,שטראוס גרופ בעמ,,,"י""ח",100,ל  גרם,false,1,10.20,10.20,true,1,
7290110576868,false,גמדים רביעיית טעם סלט פירות,שטראוס גרופ ***בעמ,,,"י""ח",400,"ל  מ""ל",false,1,10.90,2.73,true,1,
7290111091520,false,"דר עור ת.רחצה קלאסי קוקוס   700מ""ל",שקד תבל בעמ,,,"י""ח",700,ל  גרם,false,1,14.90,2.13,true,1,
7290111092985,false,מגבונים בייבי סיטר מעוצבת  רבעייה ללא,שקד תבל בעמ,,,"י""ח",1,,false,1,15.90,15.90,true,1,
7290111093005,false,מגבונים  להסרת איפור 25יח,שקד תבל בעמ,,,"י""ח",25,"י""ח",false,1,7.90,0.32,true,1,
7290111093470,false,קוויק מסיר הפלא ספוגית להסרת כתמים,שקד תבל בעמ,,,"י""ח",3,"י""ח",false,1,10.90,3.63,true,1,
7290111093760,false,קוויק מגבונים לניקוי רצפה בניחוח מרכך .,שקד תבל בעמ,,,"י""ח",1,"י""ח",false,1,11.90,11.90,true,1,
7290111093982,false,"דר עור ת.רחצה פסיפלורה  700מ""ל",שקד תבל בעמ,,,"י""ח",700,ל  גרם,false,1,14.90,2.13,true,1,
7290111094651,false,קוויק שקיות אשפה L עם ידית 40יח,שקד תבל בעמ,,,"י""ח",1,"י""ח",false,1,12.90,12.90,true,1,
7290111095818,false,שקיות אשפה  קוויק L עם שרוך 40יח בגליל,שקד תבל בעמ,,,"י""ח",1,"י""ח",false,1,21.90,21.90,true,1,
7290111283369,false,קופסת אוכל מחולקת באטמן,שמחה זה אנחנו,,,"י""ח",1,,false,1,24.90,24.90,false,1,
7290111340178,false,מטליות לחות לניקוי כללי בניחוח מרכך,קימברלי קלארק ישראל שיווק בעמ,,,"י""ח",100,ל  גרם,false,1,10.90,10.90,false,1,
7290111340956,false,מטליות לחות לניקוי רצפה 10יח,קימברלי קלארק ישראל שיווק בעמ,,,"י""ח",10,"י""ח",false,1,9.90,0.99,false,1,
7290111341366,false,מפיות חד שכבתיות חלקות 150יח,קימברלי קלארק ישראל שיווק בעמ,,,"י""ח",1,"י""ח",false,1,8.90,8.90,false,1,
7290111341373,false,נייר טואלט לילי פסטל 30ג,קימברלי קלארק ישראל שיווק בעמ,,,"י""ח",30,"י""ח",false,1,33.90,1.13,false,1,
7290111341496,false,דיפנד  תחבושת מיני אקטיב נשים.,קימברלי קלארק ישראל שיווק בעמ,,,"י""ח",1,,false,1,20.90,20.90,true,1,
7290111341984,false,נייר טואלט לילי לחים מארז רביעיה,קימברלי קלארק ישראל שיווק בעמ,,,"י""ח",117,ל  גרם,false,1,24.90,21.28,true,1,
7290111342042,false,"כריות יפניות אנטיבקטראליות כשל""פ",קימברלי קלארק ישראל שיווק בעמ,,,"י""ח",1,"י""ח",false,1,13.90,13.90,true,1,
7290111342523,false,מפיות ניקול 100 יח צבעוני,קימברלי קלארק ישראל שיווק בעמ,,,"י""ח",100,"י""ח",false,1,7.90,0.08,false,1,
7290111343117,false,קלינקס ממחטות לושן סופט פק זוגות 140דף,קימברלי קלארק ישראל שיווק בעמ,,,"י""ח",140,"י""ח",false,1,15.90,0.11,false,1,
7290111343841,false,ספוגית הקסם נירוסטה 3יח,קימברלי קלארק ישראל שיווק בעמ,,,"י""ח",3,"י""ח",false,1,10,3.33,false,1,
7290111343858,false,מטליות לחות  לניקוי וחיטוי רצפה,קימברלי קלארק ישראל שיווק בעמ,,,"י""ח",10,"י""ח",false,1,12.90,1.29,false,1,
7290111344206,false,מגבוני האגיס קמומיל 4 יח,קימברלי קלארק ישראל שיווק בעמ,,,"י""ח",4,"י""ח",false,1,19.90,4.98,true,1,
7290111344503,false,האגיס אקסטרא קר מידה 4,קימברלי קלארק ישראל שיווק בעמ,,,"י""ח",1,"י""ח",false,1,57.90,57.90,true,1,
7290111344527,false,שקיות אשפה  ענקיות ניקול 20יח.,קימברלי קלארק ישראל שיווק בעמ,,,"י""ח",20,"י""ח",false,1,24.90,1.25,true,1,
7290111344558,false,שקיות אשפה  ניקול גדולות 100יח,קימברלי קלארק ישראל שיווק בעמ,,,"י""ח",100,"י""ח",false,1,29.90,0.30,false,1,
7290111344565,false,שקיות זיפר מארז משולב ניקול,קימברלי קלארק ישראל שיווק בעמ,,,"י""ח",1,"י""ח",false,1,13.90,13.90,true,1,
7290111344633,false,משטח ייבוש כלים ניקול,קימברלי קלארק ישראל שיווק בעמ,,,"י""ח",33.10,מטר,false,1,20.90,0.63,false,1,
7290111344855,false,מגני תחתון קוטקס אקסטרא לארג,קימברלי קלארק ישראל שיווק בעמ,,,"י""ח",1,"י""ח",false,1,22.90,22.90,true,1,
7290111344916,false,כריות יפניות אנטי 6יח,קימברלי קלארק ישראל שיווק בעמ,,,"י""ח",1,"י""ח",false,1,13.90,13.90,false,1,
7290111344930,false,מטליות לחות לניקוי רצפה 10יח,קימברלי קלארק ישראל שיווק בעמ,,,"י""ח",10,"י""ח",false,1,9.90,0.99,false,1,
7290111344978,false,רדיד אלומיניום  עבה וארוך 61מטר,קימברלי קלארק ישראל שיווק בעמ,,,"י""ח",1,"י""ח",false,1,37.90,37.90,false,1,
7290111345777,false,תחבושת קוטקס כותנה לילה 16יח,קימברלי קלארק ישראל שיווק בעמ,,,"י""ח",1,,false,1,19.90,19.90,true,1,
7290111345814,false,נייר טואלט לילי נטורל קר 30 גליל,קימברלי קלארק ישראל שיווק בעמ,,,"י""ח",552,מטר,false,1,33.90,0.06,false,1,
7290111345982,false,ניקול דפי ספוגית הקסם 10יח,קימברלי קלארק ישראל שיווק בעמ,,,"י""ח",10,"י""ח",false,1,11.90,1.19,false,1,
7290111346347,false,קלינקס אוריגינל חמישייה,קימברלי קלארק ישראל שיווק בעמ,,,"י""ח",5,"י""ח",false,1,15.90,3.18,true,1,
7290111350665,false,דבש לחיץ קליית גת 350ג,ליימן שליסל,,,"י""ח",350,"ל  מ""ל",false,1,22.90,6.54,false,1,
7290111350672,false,דבש צנצנת 700ג קליית גת,ליימן שליסל,,,"י""ח",700,"ל  מ""ל",false,1,32.90,4.70,false,1,
7290111350726,false,נאצוס מקסיקני 322ג,ליימן שליסל,,,"י""ח",323,ל  גרם,false,1,15.90,4.92,true,1,
7290111351747,false,טורטיה מקמח חיטה צוקטה,ליימן שליסל,,,"י""ח",1,,false,1,9.90,9.90,true,1,
7290111352430,false,ממרח תמרים קליית גת 440ג טבעי,ליימן שליסל,,,"י""ח",440,ל  גרם,false,1,11.90,2.70,false,1,
7290111352508,false,סילאן טבעי לחיץ 840ג,ליימן שליסל,,,"י""ח",840,ל  גרם,false,1,22.90,2.73,true,1,
7290111353239,false,חיספוסים גומי טעם פירות   200ג.,ליימן שליסל,,,"י""ח",200,ל  גרם,false,1,9.90,4.95,false,1,
7290111353246,false,יוגטה סוכריות טעם פירות 800ג,ליימן שליסל,,,"י""ח",800,ל  גרם,false,1,19.90,2.49,false,1,
7290111353437,false,חטיף בטטה ומלח ים 120ג,ליימן שליסל,,,"י""ח",120,ל  גרם,false,1,14.90,12.42,false,1,
7290111353475,false,ממתק חמוץ בטעם פירות 200ג,ליימן שליסל,,,"י""ח",200,ל  גרם,false,1,7.90,3.95,false,1,
7290111353482,false,סוכריות חמוצות ממולאות טעם פירות 200ג,ליימן שליסל,,,"י""ח",200,ל  גרם,false,1,7.90,3.95,false,1,
7290111353550,false,חמאת בוטנים טבעית 300ג קלית גת,ליימן שליסל,,,"י""ח",300,ל  גרם,false,1,14.90,4.97,false,1,
7290111353680,false,"גרעיני חמניות 350 גרם כשל""פ",ליימן שליסל,,,"י""ח",350,ל  גרם,false,1,10.90,3.11,false,1,
7290111354038,false,מארז עגבניות חתוכות דק  3*400גר,ליימן שליסל,,,"י""ח",1.20,"ק""ג",false,1,16.90,14.08,true,1,
7290111354045,false,מארז עגבניות קצוצות  3*400גר,ליימן שליסל,,,"י""ח",1.20,"ק""ג",false,1,16.90,14.08,true,1,
7290111354144,false,ממרח קוקוס מקורמל   200ג,ליימן שליסל,,,"י""ח",200,ל  גרם,false,1,15.90,7.95,true,1,
7290111354151,false,ממרח אגוזים  200ג,ליימן שליסל,,,"י""ח",200,ל  גרם,false,1,15.90,7.95,true,1,
7290111354236,false,"טורטיה גודל 25ס""מ מקמח חיטה",ליימן שליסל,,,"י""ח",1,,false,1,9.90,9.90,false,1,
7290111354243,false,"טורטיה גודל 30ס""מ מקמח חיטה",ליימן שליסל,,,"י""ח",1,,false,1,11.90,11.90,false,1,
7290111534010,false,פס גבינה שמנת ופרורים 450ג,קפולסקי אדל בעמ,,,"י""ח",450,ל  גרם,false,1,44.90,9.98,false,1,
7290111560910,false,וופל טעם שוקולד 200 גרם,קבוצת אוסם סחר-שות.מוגבלת,,,"י""ח",200,ל  גרם,false,1,5.20,2.60,false,1,
7290111564277,false,פיטנס פריכיות 3 דגנים דקות 120גר,קבוצת אוסם סחר-שות.מוגבלת,,,"י""ח",120,ל  גרם,false,1,11.90,9.92,true,1,
7290111564291,false,פיטנס פריכיות דקות עם קינואה 120גר,קבוצת אוסם סחר-שות.מוגבלת,,,"י""ח",120,ל  גרם,false,1,11.90,9.92,true,1,
7290111564727,false,קרמוגית במילוי קרם אגוזים 200ג,קבוצת אוסם סחר-שות.מוגבלת,,,"י""ח",200,ל  גרם,false,1,10.90,5.45,true,1,
7290111565038,false,.לה קרמריה וניל קוקילידה  1.4 ליטר,נגה גלידות,,,"י""ח",1.40,ליטר,false,1,18.90,13.50,false,1,
7290111565502,false,גלידת  אוראו סנדוויץ,נגה גלידות,,,"י""ח",80,ל  גרם,false,1,9,11.25,true,1,
7290111566226,false,טבעול שניצל ברוקולי 667גר,קבוצת אוסם סחר-שות.מוגבלת,,,"י""ח",667,ל  גרם,false,1,37.90,5.68,true,1,
7290111566240,false,טבעול שניצל דק בטעם צ ילי חריף 564גר,קבוצת אוסם סחר-שות.מוגבלת,,,"י""ח",564,ל  גרם,false,1,37.90,6.72,true,1,
7290111566271,false,טבעול חטיפי תירס 657גר,קבוצת אוסם סחר-שות.מוגבלת,,,"י""ח",657,ל  גרם,false,1,37.90,5.77,true,1,
7290111566318,false,טבעול שניצל דק מן הצומח 564גר,קבוצת אוסם סחר-שות.מוגבלת,,,"י""ח",564,ל  גרם,false,1,37.90,6.72,true,1,
7290111566332,false,טבעול נקניקיות וינר צמחוניות 680גר,קבוצת אוסם סחר-שות.מוגבלת,,,"י""ח",680,ל  גרם,false,1,37.90,5.57,true,1,
7290111566417,false,טבעול טחון צמחוני  500 גרם,קבוצת אוסם סחר-שות.מוגבלת,,,"י""ח",500,ל  גרם,false,1,37.90,7.58,true,1,
7290111566547,false,טבעול חזה בגריל צמחי 560גר,קבוצת אוסם סחר-שות.מוגבלת,,,"י""ח",560,ל  גרם,false,1,37.90,6.77,true,1,
7290111566561,false,טבעול שניצל ברוקולי 99 קלוריות 560 גרם,קבוצת אוסם סחר-שות.מוגבלת,,,"י""ח",560,ל  גרם,false,1,37.90,6.77,true,1,
7290111566691,false,טבעול שניצל תרד 99 קלוריות 560גר,קבוצת אוסם סחר-שות.מוגבלת,,,"י""ח",560,ל  גרם,false,1,37.90,6.77,true,1,
7290111566752,false,טבעול שניצל תירס 99 קלוריות 693 ג,קבוצת אוסם סחר-שות.מוגבלת,,,"י""ח",693,ל  גרם,false,1,37.90,5.47,true,1,
7290111568107,false,פנה פלוס 400גר מסולסלת עתיר סיבים,קבוצת אוסם סחר-שות.מוגבלת,,,"י""ח",500,ל  גרם,false,1,6.20,1.24,true,1,
7290111568206,false,ביסלי פארטי מיקס 150ג,קבוצת אוסם סחר-שות.מוגבלת,,,"י""ח",150,ל  גרם,false,1,8.90,5.93,true,1,
7290111568275,false,נודלס אטריות אורז רחבות 300ג,קבוצת אוסם סחר-שות.מוגבלת,,,"י""ח",300,ל  גרם,false,1,9.90,3.30,false,1,
7290111930805,false,קראנצ וס ברביקיו  55ג חדש,ש.שסטוביץ בעמ,,,"י""ח",55,ל  גרם,false,1,2.90,5.27,true,1,
7290111930904,false,פוף כוכבים בצל  40ג,ש.שסטוביץ בעמ,,,"י""ח",40,ל  גרם,false,1,3.90,9.75,true,1,
7290111930911,false,פוף לבבות קלאסי 40ג,ש.שסטוביץ בעמ,,,"י""ח",40,ל  גרם,false,1,3.90,9.75,true,1,
7290111930928,false,פוף לבבות גריל  40ג,ש.שסטוביץ בעמ,,,"י""ח",40,ל  גרם,false,1,3.90,9.75,true,1,
7290111930935,false,פוף טבעות קלאסי  40ג,ש.שסטוביץ בעמ,,,"י""ח",40,ל  גרם,false,1,3.90,9.75,true,1,
7290111931338,false,"פלמוליב סבון לומינוס תאנה 500מ""ל.",ש.שסטוביץ בעמ,,,"י""ח",500,"ל  מ""ל",false,1,15.90,3.18,false,1,
7290111932380,false,"מרידול משחת שיניים זוג  75מ""ל.",ש.שסטוביץ בעמ,,,"י""ח",1.50,ליטר,false,1,29.90,19.93,false,1,
7290111932502,false,"קולגייט  אופטיק וייט75 מ""ל",ש.שסטוביץ בעמ,,,"י""ח",256,ל  גרם,false,1,26.90,10.51,true,1,
7290111933462,false,"מאסטר שף רוטב צילי מתוק 300מ""ל",ש.שסטוביץ בעמ,,,"י""ח",300,ל  גרם,false,1,7.90,2.63,false,1,
7290111933561,false,תערובת ציפוי נגטס 250 גרם,ש.שסטוביץ בעמ,,,"י""ח",250,ל  גרם,false,1,7.90,3.16,false,1,
7290111935961,false,מחית עגבניות 690ג מאסטר שף,ש.שסטוביץ בעמ,,,"י""ח",690,ל  גרם,false,1,10.90,1.58,false,1,
7290111938481,false,"רוטב סויה בהירה 300מ""ל",ש.שסטוביץ בעמ,,,"י""ח",300,"ל  מ""ל",false,1,9.90,3.30,false,1,
7290112000392,false,"דטול תרסיס לאמבטיה 750מ""ל",רקיט בנקיזר (ניר איסט) בעמ,,,"י""ח",750,"ל  מ""ל",false,1,14.90,1.99,true,1,
7290112000408,false,"דטול תרסיס לניקוי כללי  750מ""ל",רקיט בנקיזר (ניר איסט) בעמ,,,"י""ח",750,"ל  מ""ל",false,1,14.90,1.99,true,1,
7290112000736,false,פיניש 80 טבליות AIO,רקיט בנקיזר (ניר איסט) בעמ,,,"י""ח",80,"י""ח",false,1,59.90,0.75,true,1,
7290112000798,false,דטול תרסיס חיטוי וניקוי אנטי  בקטריאלי,רקיט בנקיזר (ניר איסט) בעמ,,,"י""ח",750,"ל  מ""ל",false,1,14.90,1.99,true,1,
7290112001436,false,מנקה ומחדש לימון,רקיט בנקיזר (ניר איסט) בעמ,,,"י""ח",2,ליטר,false,1,14.90,7.45,true,1,
7290112001870,false,סיליט באנג אמבטיות,רקיט בנקיזר (ניר איסט) בעמ,,,"י""ח",1,,false,1,12.90,12.90,false,1,
7290112001900,false,פיניש גל 1 ליטר אקולוגי,רקיט בנקיזר (ניר איסט) בעמ,,,"י""ח",1,,false,1,42.90,42.90,false,1,
7290112002099,false,קולון גל 2.5 ל`רגיל כחול,רקיט בנקיזר (ניר איסט) בעמ,,,"י""ח",2.50,ליטר,false,1,24.90,9.96,true,1,
7290112002105,false,קולון גל 2.5 ל`כביסה מרוכז סגול,רקיט בנקיזר (ניר איסט) בעמ,,,"י""ח",2.50,ליטר,false,1,24.90,9.96,true,1,
7290112002112,false,קולון גל 2.5 ל`בניחוח ורדים ורוד,רקיט בנקיזר (ניר איסט) בעמ,,,"י""ח",2.50,ליטר,false,1,24.90,9.96,true,1,
7290112002136,false,קולון גל 4  ל`רגיל כחול,רקיט בנקיזר (ניר איסט) בעמ,,,"י""ח",4,ליטר,false,1,34.90,8.73,false,1,
7290112002167,false,קולון גל 4  ל`בניחוח פריחה מרענן,רקיט בנקיזר (ניר איסט) בעמ,,,"י""ח",4,ליטר,false,1,34.90,8.73,false,1,
7290112002983,false,"סיליט ספריי ניקוי אסלות לימון 750מ""ל",רקיט בנקיזר (ניר איסט) בעמ,,,"י""ח",750,"ל  מ""ל",false,1,17.90,2.39,false,1,
7290112003188,false,קולון קפסולות לכביסה 1/60,רקיט בנקיזר (ניר איסט) בעמ,,,"י""ח",60,"י""ח",false,1,54.90,0.92,true,1,
7290112003249,false,"קולון 101- 5 ק""ג מאסק",רקיט בנקיזר (ניר איסט) בעמ,,,"י""ח",5,"ק""ג",false,1,39.90,7.98,false,1,
7290112003454,false,אירוויק מקלות ריחניים יער ועשבי בר 80מ,רקיט בנקיזר (ניר איסט) בעמ,,,"י""ח",80,"ל  מ""ל",false,1,29.90,37.38,false,1,
7290112003461,false,אירוויק מקלות ריחניים ורדים וגרניום 80,רקיט בנקיזר (ניר איסט) בעמ,,,"י""ח",80,"ל  מ""ל",false,1,29.90,37.38,false,1,
7290112003508,false,"אירוויק ספריי יער ועשבי בר 236מ""ל",רקיט בנקיזר (ניר איסט) בעמ,,,"י""ח",236,"ל  מ""ל",false,1,19.90,8.43,false,1,
7290112004031,false,"וניש גולד ג`ל 940מ""ל ורוד.",רקיט בנקיזר (ניר איסט) בעמ,,,"י""ח",90,"ל  מ""ל",false,1,14.90,16.56,false,1,
7290112004192,false,פיניש טבליות אקולוגי למדיח 70יח,רקיט בנקיזר (ניר איסט) בעמ,,,"י""ח",400,"ל  מ""ל",false,1,54.90,13.73,false,1,
7290112004208,false,פיניש  50 טבליות למדיח הכל ב1 לימון,רקיט בנקיזר (ניר איסט) בעמ,,,"י""ח",50,"י""ח",false,1,39.90,0.80,true,1,
7290112004314,false,"דטול תרסיס מנקה ומחטא רימונים 750מ""ל",רקיט בנקיזר (ניר איסט) בעמ,,,"י""ח",750,"ל  מ""ל",false,1,14.90,1.99,true,1,
7290112004413,false,"וניש לבן ספריי 750מ""ל",רקיט בנקיזר (ניר איסט) בעמ,,,"י""ח",750,"ל  מ""ל",false,1,16.90,2.25,true,1,
7290112004611,false,"וניש מולטי פאוור 200מ""ל ג`ל מרוכז.",רקיט בנקיזר (ניר איסט) בעמ,,,"י""ח",200,"ל  מ""ל",false,1,16.90,8.45,true,1,
7290112004772,false,מילוי מבשם אויר חשמלי ניחוח כביסה,רקיט בנקיזר (ניר איסט) בעמ,,,"י""ח",1,,false,1,16.90,16.90,true,1,
7290112004987,false,אירוויק פרשמטיק מילוי בניחוח לבנדר,רקיט בנקיזר (ניר איסט) בעמ,,,"י""ח",1,,false,1,15.90,15.90,true,1,
7290112005045,false,וניש  אבקה לכביסה לבנה  480ג,רקיט בנקיזר (ניר איסט) בעמ,,,"י""ח",480,ל  גרם,false,1,16.90,3.52,true,1,
7290112005052,false,"וניש  אבקה לכביסה 1.5ק""ג לבן",רקיט בנקיזר (ניר איסט) בעמ,,,"י""ח",150,ל  גרם,false,1,39.90,26.60,true,1,
7290112005076,false,וניש  אבקה לכביסה צבעונית   480ג,רקיט בנקיזר (ניר איסט) בעמ,,,"י""ח",480,ל  גרם,false,1,16.90,3.52,true,1,
7290112005083,false,"וניש  אבקה לכביסה 1.5ק""ג צבעונית",רקיט בנקיזר (ניר איסט) בעמ,,,"י""ח",150,ל  גרם,false,1,39.90,26.60,true,1,
7290112005168,false,פיניש קוואנטום 60 קפסולות לימון בשקית,רקיט בנקיזר (ניר איסט) בעמ,,,"י""ח",45,"י""ח",false,1,59.90,1.33,true,1,
7290112192561,false,"משחת פרודונטקס משחת שיניים הגנה 75מ""ל.",גורי ע.ע.ע. בעמ,,,"י""ח",75,"ל  מ""ל",false,1,27.90,37.20,true,1,
7290112192882,false,סנסודיין רגישות וחניכיים מלבינה,גורי ע.ע.ע. בעמ,,,"י""ח",75,ל  גרם,false,1,31.90,42.53,true,1,
7290112195227,false,אטריות ביצים דקיקות 500ג,גורי מוצרי צריכה בעמ,,,"י""ח",500,ל  גרם,false,1,14.90,2.98,false,1,
7290112195647,false,"שמן זית  כתית מעולה  750מ""ל הזית",א.ג בחירה חכמה בעמ,,,"י""ח",750,"ל  מ""ל",false,1,29.90,3.99,true,1,
7290112197092,false,"סבון מעוצב ניו יורק 500מ""ל",גורי ע.ע.ע. בעמ,,,"י""ח",500,"ל  מ""ל",false,1,10.90,2.18,false,1,
7290112197702,false,פיצה מרגריטה ג`י פרי 330גר ללא גלוטן,א.ג בחירה חכמה בעמ,,,"י""ח",330,"ל  מ""ל",false,1,27.90,8.45,false,1,
7290112197719,false,פיצה זיתים ג`י פרי 330גר ללא גלוטן,א.ג בחירה חכמה בעמ,,,"י""ח",330,"ל  מ""ל",false,1,27.90,8.45,false,1,
7290112330352,false,דנונה פרו 20גר וניל 0% שומן,שטראוס גרופ ***בעמ,,,"י""ח",20,"ל  מ""ל",false,1,5.90,29.50,true,1,
7290112330390,false,דנונה פרו 20גר פירות יער 0% שומן,שטראוס גרופ ***בעמ,,,"י""ח",200,"ל  מ""ל",false,1,5.90,2.95,true,1,
7290112332585,false,"פריכיות תפו""א,אורז,בתיבול סלק ומלח  30גר",שטראוס גרופ בעמ,,,"י""ח",30,ל  גרם,false,1,5,16.67,true,1,
7290112332691,false,פינוקיות פסק זמן אגוזים 200גר,שטראוס גרופ בעמ,,,"י""ח",200,ל  גרם,false,1,11.90,5.95,true,1,
7290112332899,false,מסטיק בזוקה פופים קלאסי 58גר,שטראוס גרופ בעמ,,,"י""ח",58,ל  גרם,false,1,9.90,17.07,true,1,
7290112334596,false,שוקולית 850 ג  (שקית) +,שטראוס גרופ בעמ,,,"י""ח",850,ל  גרם,false,1,17.90,2.11,true,1,
7290112334749,false,קפה טורקי שקית 200 עלית +10% תוספת.,שטראוס גרופ בעמ,,,"י""ח",200,ל  גרם,false,1,17.90,8.95,true,1,
7290112335111,false,מאסט לארג באבלמינט 80גר,שטראוס גרופ בעמ,,,"י""ח",80,ל  גרם,false,1,13.90,17.38,true,1,
7290112335487,false,פריכיות הטעימות קצח ודגנים 135גר,שטראוס גרופ בעמ,,,"י""ח",135,ל  גרם,false,1,12.90,9.56,true,1,
7290112335494,false,פריכיות הטעימות פוטטוס 135גר,שטראוס גרופ בעמ,,,"י""ח",135,ל  גרם,false,1,12.90,9.56,true,1,
7290112335500,false,פריכיות הטעימות חלבון 135גר,שטראוס גרופ בעמ,,,"י""ח",135,ל  גרם,false,1,12.90,9.56,true,1,
7290112336613,false,עד חצות סנדוויץ 135גר,שטראוס גרופ בעמ,,,"י""ח",135,ל  גרם,false,1,9.90,7.33,true,1,
7290112336637,false,"סוכריות MUST טעם לל""ס יוגורט תות אוכמנ",שטראוס גרופ בעמ,,,"י""ח",80,ל  גרם,false,1,8.90,11.13,true,1,
7290112336644,false,"סוכריות MUST טעם לל""ס לימון",שטראוס גרופ בעמ,,,"י""ח",80,ל  גרם,false,1,8.90,11.13,true,1,
7290112336712,false,דנונה פרו 21גר 0% 200גר,שטראוס גרופ ***בעמ,,,"י""ח",20,"ל  מ""ל",false,1,5.90,29.50,true,1,
7290112339362,false,דנונה לייט אנד פריי טעם קפוצ`ינו 150גר.,שטראוס גרופ ***בעמ,,,"י""ח",150,"ל  מ""ל",false,1,4.50,3,true,1,
7290112339867,false,גמדים סקוויז  תות בודד 100ג,שטראוס גרופ ***בעמ,,,"י""ח",100,ל  גרם,false,1,5.90,5.90,true,1,
7290112339874,false,גמדים סקוויז  תות בננה  בודד 100ג,שטראוס גרופ ***בעמ,,,"י""ח",100,ל  גרם,false,1,5.90,5.90,true,1,
7290112340122,false,פריכיות הטעימות 3דגנים 135גר,שטראוס גרופ בעמ,,,"י""ח",135,ל  גרם,false,1,12.90,9.56,true,1,
7290112340276,false,פינוקיות קפה נמס  200גר,שטראוס גרופ בעמ,,,"י""ח",200,ל  גרם,false,1,11.90,5.95,true,1,
7290112340900,false,קפה האג 200 גר,שטראוס גרופ בעמ,,,"י""ח",200,ל  גרם,false,1,24.90,12.45,true,1,
7290112341556,false,אקטיביה צ`יה ותות בודד 150גר,שטראוס גרופ ***בעמ,,,"י""ח",150,ל  גרם,false,1,4.60,3.07,true,1,
7290112341679,false,אקטיביה 200גר  3%.,שטראוס גרופ ***בעמ,,,"י""ח",200,ל  גרם,false,1,3.90,1.95,true,1,
7290112342102,false,סימפוניה בצל מקורמל 200גר,שטראוס גרופ ***בעמ,,,"י""ח",200,ל  גרם,false,1,10.90,5.45,true,1,
7290112343260,false,רוטב שמנת קלאסי  9%,שטראוס גרופ ***בעמ,,,"י""ח",260,ל  גרם,false,1,10.90,4.19,true,1,
7290112343420,false,"יטבתה פרו ארוחת בוקר  350מ""ל",שטראוס גרופ ***בעמ,,,"י""ח",350,"ל  מ""ל",false,1,7.50,2.14,true,1,
7290112343499,false,צ יטוס פאפס 55ג,שטראוס פריטו ליי בעמ,,,"י""ח",60,ל  גרם,false,1,3.50,5.83,true,1,
7290112343512,false,ציטוס פאפס 160ג,שטראוס פריטו ליי בעמ,,,"י""ח",180,ל  גרם,false,1,7.50,4.17,true,1,
7290112344564,false,רביולי גבינה שטראוס,שטראוס גרופ ***בעמ,,,"י""ח",400,ל  גרם,false,1,19.90,4.98,true,1,
7290112344724,false,מילקי טעם שוקולד בלונדי 133גר,שטראוס גרופ ***בעמ,,,"י""ח",133,ל  גרם,false,1,3.40,2.56,true,1,
7290112344755,false,מילקי עם 26% פחות סוכר 135 גר}שטראוס{,שטראוס גרופ ***בעמ,,,"י""ח",130,"ל  מ""ל",false,1,2.90,2.23,true,1,
7290112344786,false,קפה נמס פלטינום קלאסיק  200גר,שטראוס גרופ בעמ,,,"י""ח",200,ל  גרם,false,1,24.90,12.45,true,1,
7290112344953,false,סימפוניה 3% חציל קלוי 200גר,שטראוס גרופ ***בעמ,,,"י""ח",200,ל  גרם,false,1,10.90,5.45,true,1,
7290112344991,false,דנונה לייט אנד פריי טעם תות 150גר.,שטראוס גרופ ***בעמ,,,"י""ח",150,"ל  מ""ל",false,1,4.50,3,true,1,
7290112346360,false,בפלות אחד אחד בציפוי שוקולד חלב 180גר,שטראוס גרופ בעמ,,,"י""ח",180,ל  גרם,false,1,13.90,7.72,true,1,
7290112346537,false,פינוקיות טעם טורטית  200גר,שטראוס גרופ בעמ,,,"י""ח",200,ל  גרם,false,1,11.90,5.95,true,1,
7290112346773,false,דנונה לייט אנד פריי טעם וניל עם חלבון,שטראוס גרופ ***בעמ,,,"י""ח",150,"ל  מ""ל",false,1,4.50,3,true,1,
7290112346797,false,אקטיביה שיבולת שועל ושזיף  150גר,שטראוס גרופ ***בעמ,,,"י""ח",150,ל  גרם,false,1,4.60,3.07,true,1,
7290112347008,false,גמדים סקוויז תות בננה  בודד 100ג,שטראוס גרופ ***בעמ,,,"י""ח",100,ל  גרם,false,1,5.90,5.90,true,1,
7290112348142,false,שעועית לבנה 380גרם טעם הטבע קופסה,שטראוס גרופ בעמ,,,"י""ח",380,ל  גרם,false,1,6.90,1.82,true,1,
7290112348999,false,פריכיות הטעימות תירס דקות 135גר,שטראוס גרופ בעמ,,,"י""ח",135,ל  גרם,false,1,12.90,9.56,true,1,
7290112349606,false,דניאלה  תות בננה,שטראוס גרופ ***בעמ,,,"י""ח",150,"ל  מ""ל",false,1,3.90,2.60,true,1,
7290112349705,false,רוטב עגבניות לפסטה קלאסי 350גר,שטראוס גרופ בעמ,,,"י""ח",350,ל  גרם,false,1,11.90,3.40,true,1,
7290112349736,false,רוטב עגבניות לפסטה בזיליקום 350גר,שטראוס גרופ בעמ,,,"י""ח",350,ל  גרם,false,1,11.90,3.40,true,1,
7290112349743,false,רוטב עגבניות לפסטה פיקנטי 350גר,שטראוס גרופ בעמ,,,"י""ח",350,ל  גרם,false,1,11.90,3.40,true,1,
7290112349750,false,.רוטב עגבניות לפסטה לפיצה 350גר,שטראוס גרופ בעמ,,,"י""ח",350,ל  גרם,false,1,11.90,3.40,true,1,
7290112350275,false,"קפסולות אספרסו Lungo עלית 10יח כשל""פ",שטראוס גרופ בעמ,,,"י""ח",50,ל  גרם,false,1,19,38,true,1,
7290112350312,false,"קפסולות אספרסו חזק עלית 15יח כשל""פ",שטראוס גרופ בעמ,,,"י""ח",50,ל  גרם,false,1,19,38,true,1,
7290112350589,false,צי קו 65 ג  נס 2020,שטראוס גרופ בעמ,,,"י""ח",65,ל  גרם,false,1,11.50,17.69,true,1,
7290112351067,false,סילאן  טבעי לחיץ 630ג יד מרדכי,שטראוס גרופ בעמ,,,"י""ח",630,ל  גרם,false,1,24.90,3.95,true,1,
7290112351258,false,פינוקיות שחור לבן 200גר,שטראוס גרופ בעמ,,,"י""ח",200,ל  גרם,false,1,11.90,5.95,true,1,
7290112351470,false,שלישיית סוכריות Fresh רימון תות,שטראוס גרופ בעמ,,,"י""ח",45,ל  גרם,false,1,8.90,19.78,true,1,
7290112353887,false,משקה קפה קר טעם אגוזים 230גר,שטראוס גרופ ***בעמ,,,"י""ח",230,"ל  מ""ל",false,1,7.90,3.43,true,1,
7290112354174,false,פסטה רוזה דלישס,קפוא זן תעשיות מזון בעמ,,,"י""ח",300,ל  גרם,false,1,21.90,7.30,true,1,
7290112354204,false,ספגטי עגבניות 280 גרם דלישס,קפוא זן תעשיות מזון בעמ,,,"י""ח",300,ל  גרם,false,1,21.90,7.30,true,1,
7290112354945,false,תפוציפס טבע 50 גרם WAVY,שטראוס פריטו ליי בעמ,,,"י""ח",50,ל  גרם,false,1,4.50,9,true,1,
7290112354952,false,תפוציפס פפריקה  50 גרם WAVY,שטראוס פריטו ליי בעמ,,,"י""ח",50,ל  גרם,false,1,4.50,9,true,1,
7290112354969,false,תפוציפס טבעי  200 ג WAVY,שטראוס פריטו ליי בעמ,,,"י""ח",200,ל  גרם,false,1,10.90,5.45,true,1,
7290112355027,false,דנונה פרו 20גר טעם קרמל מלוח 200גר,שטראוס גרופ ***בעמ,,,"י""ח",20,"ל  מ""ל",false,1,5.90,29.50,true,1,
7290112355102,false,גמדים פאוץ סלט פירות בודד 100ג,שטראוס גרופ ***בעמ,,,"י""ח",100,ל  גרם,false,1,5.90,5.90,true,1,
7290112355775,false,סימפוניה 5% עירית 200גר,שטראוס גרופ ***בעמ,,,"י""ח",200,ל  גרם,false,1,10.90,5.45,true,1,
7290112357045,false,עגבניות מרוסקות טעם הטבע קופסה 390גר,שטראוס גרופ בעמ,,,"י""ח",390,ל  גרם,false,1,6.60,1.69,true,1,
7290112357076,false,קוביות עגבניות טעם הטבע קופסה 390גר,שטראוס גרופ בעמ,,,"י""ח",390,ל  גרם,false,1,6.60,1.69,true,1,
7290112357083,false,אפונה גינה 380גרם טעם הטבע קופסה,שטראוס גרופ בעמ,,,"י""ח",380,ל  גרם,false,1,6.90,1.82,true,1,
7290112357106,false,שעועית אדומה 380גרם טעם הטבע קופסה,שטראוס גרופ בעמ,,,"י""ח",380,ל  גרם,false,1,6.90,1.82,true,1,
7290112357113,false,גרגרי חומוס 380גרם טעם הטבע קופסה,שטראוס גרופ בעמ,,,"י""ח",380,ל  גרם,false,1,6.90,1.82,true,1,
7290112357175,false,"קפסולות אספרסו Boost עלית 14יח כשל""פ",שטראוס גרופ בעמ,,,"י""ח",50,ל  גרם,false,1,19,38,true,1,
7290112357892,false,שלישיית סוכריות Fresh מנטה,שטראוס גרופ בעמ,,,"י""ח",45,ל  גרם,false,1,8.90,19.78,true,1,
7290112358127,false,דנונה פרו 200גר עם מגנזיום,שטראוס גרופ ***בעמ,,,"י""ח",200,"ל  מ""ל",false,1,6.30,3.15,true,1,
7290112358219,false,"רוטב צ`ילי מתוק 280מ""ל יד מרדכי",שטראוס גרופ בעמ,,,"י""ח",280,"ל  מ""ל",false,1,12.90,4.61,true,1,
7290112358233,false,"רוטב צ`ילי חריף  280מ""ל יד מרדכי",שטראוס גרופ בעמ,,,"י""ח",280,"ל  מ""ל",false,1,12.90,4.61,true,1,
7290112358240,false,"רוטב גריל 300מ""ל יד מרדכי",שטראוס גרופ בעמ,,,"י""ח",300,"ל  מ""ל",false,1,12.90,4.30,true,1,
7290112358561,false,פלטיניום קלאסיק 47גר,שטראוס גרופ בעמ,,,"י""ח",47,ל  גרם,false,1,5.90,12.55,true,1,
7290112359353,false,אלדין קפה 200 ג`,שטראוס גרופ בעמ,,,"י""ח",200,ל  גרם,false,1,21.90,10.95,true,1,
7290112359384,false,אייס קפה נמס אלפחורס ריבת חלב 100גר.,שטראוס גרופ בעמ,,,"י""ח",200,ל  גרם,false,1,19.90,9.95,true,1,
7290112359902,false,פלטיניום ברזיל 47גר,שטראוס גרופ בעמ,,,"י""ח",47,ל  גרם,false,1,5.90,12.55,true,1,
7290112415400,false,עוגיות אלפחורס חלבי,קפולסקי אדל בעמ,,,"י""ח",300,ל  גרם,false,1,29.90,9.97,false,1,
7290112490032,false,נמס בכוס תירס,יוניליוור ישראל שיווק בעמ,,,"י""ח",64,ל  גרם,false,1,6.90,10.78,true,1,
7290112490117,false,טבלת קליק XL שוק. חלב עם ופל ואגוזים,יוניליוור ישראל שיווק בעמ,,,"י""ח",85,ל  גרם,false,1,4.90,5.76,true,1,
7290112490209,false,נמס בכוס עגבניות 56ג,יוניליוור ישראל שיווק בעמ,,,"י""ח",56,ל  גרם,false,1,6.90,12.32,true,1,
7290112490216,false,נמס בכוס טעם עוף  48ג,יוניליוור ישראל שיווק בעמ,,,"י""ח",48,ל  גרם,false,1,6.90,14.38,true,1,
7290112490230,false,נמס בכוס אפונה  50ג,יוניליוור ישראל שיווק בעמ,,,"י""ח",50,ל  גרם,false,1,6.90,13.80,true,1,
7290112490728,false,מרק עשיר ירקות בורגול ר. טבעי 95ג,יוניליוור ישראל שיווק בעמ,,,"י""ח",74,ל  גרם,false,1,11.90,16.08,false,1,
7290112490735,false,מרק עשיר עגבניות פסטהר. טבעי  105ג,יוניליוור ישראל שיווק בעמ,,,"י""ח",74,ל  גרם,false,1,11.90,16.08,false,1,
7290112490742,false,מרק עשיר פטריות גריסים ר.טבע י 104ג,יוניליוור ישראל שיווק בעמ,,,"י""ח",104,ל  גרם,false,1,11.90,11.44,false,1,
7290112490759,false,מרק עשיר עוף אטריות ר. טבעי 74ג,יוניליוור ישראל שיווק בעמ,,,"י""ח",74,ל  גרם,false,1,11.90,16.08,false,1,
7290112490827,false,"בדין תרסיס למייבש בייבי 500מ""ל",יוניליוור ישראל שיווק בעמ,,,"י""ח",500,"ל  מ""ל",false,1,15.90,3.18,false,1,
7290112490896,false,"רוטב צ ילי חריף  370 מ""ל קנור",יוניליוור ישראל שיווק בעמ,,,"י""ח",300,"ל  מ""ל",false,1,10.90,3.63,true,1,
7290112491701,false,"ברנפלקס חלבון בד""ץ 375ג",יוניליוור ישראל שיווק בעמ,,,"י""ח",375,ל  גרם,false,1,19.90,5.31,false,1,
7290112491787,false,בייגלה דקים דקים שומשום  300 גר`,יוניליוור ישראל שיווק בעמ,,,"י""ח",300,ל  גרם,false,1,9.90,3.30,true,1,
7290112492449,false,פינוק  שמפו(כחול)לשיער רגיל,יוניליוור ישראל שיווק בעמ,,,"י""ח",700,"ל  מ""ל",false,1,11.90,1.70,true,1,
7290112492456,false,פינוק  שמפו(כחול)לשיער יבש,יוניליוור ישראל שיווק בעמ,,,"י""ח",700,"ל  מ""ל",false,1,11.90,1.70,true,1,
7290112492463,false,פינוק שמפו+קונדישינר רגיל,יוניליוור ישראל שיווק בעמ,,,"י""ח",700,"ל  מ""ל",false,1,11.90,1.70,true,1,
7290112492470,false,פינוק שמפו+קונדישינר יבש,יוניליוור ישראל שיווק בעמ,,,"י""ח",700,"ל  מ""ל",false,1,11.90,1.70,true,1,
7290112492500,false,"פינוק שמפו שמן קוקוס 700מ""ל",יוניליוור ישראל שיווק בעמ,,,"י""ח",700,"ל  מ""ל",false,1,11.90,1.70,true,1,
7290112492531,false,"פינוק קונדישנר לשיער רגיל 700מ""ל",יוניליוור ישראל שיווק בעמ,,,"י""ח",700,"ל  מ""ל",false,1,11.90,1.70,true,1,
7290112492548,false,קונדשנר פינוק לשיער יבש,יוניליוור ישראל שיווק בעמ,,,"י""ח",700,"ל  מ""ל",false,1,11.90,1.70,true,1,
7290112492593,false,פינוק סבון נוזלי בניחוח קלאסי,יוניליוור ישראל שיווק בעמ,,,"י""ח",750,"ל  מ""ל",false,1,10.90,1.45,false,1,
7290112492609,false,"פינוק סבון נוזלי לבנדר ווניל 700 מ""ל",יוניליוור ישראל שיווק בעמ,,,"י""ח",700,"ל  מ""ל",false,1,10.90,1.56,false,1,
7290112492630,false,"פינוק לגבר 3ב1 700מ""ל.",יוניליוור ישראל שיווק בעמ,,,"י""ח",700,"ל  מ""ל",false,1,11.90,1.70,true,1,
7290112492746,false,פינוק מרכך לסירוק קל לילדים700מ,יוניליוור ישראל שיווק בעמ,,,"י""ח",700,"ל  מ""ל",false,1,13.90,1.99,true,1,
7290112492944,false,"מרק עוף אמיתי{קנור}400גר כשל""פ",יוניליוור ישראל שיווק בעמ,,,"י""ח",400,ל  גרם,false,1,18.90,4.73,true,1,
7290112492982,false,מרק פטריות רכיבים טבעיים 400ג קנור,יוניליוור ישראל שיווק בעמ,,,"י""ח",400,ל  גרם,false,1,19.90,4.98,true,1,
7290112492999,false,"מרק טעם עוף  400 גר`בד""צ",יוניליוור ישראל שיווק בעמ,,,"י""ח",400,ל  גרם,false,1,13.90,3.48,true,1,
7290112493064,false,"רוטב ל עוף שזיפים בד""צ 320גרם",יוניליוור ישראל שיווק בעמ,,,"י""ח",320,ל  גרם,false,1,10.90,3.41,true,1,
7290112493088,false,נמס בכוס עדשים חריף,יוניליוור ישראל שיווק בעמ,,,"י""ח",48,ל  גרם,false,1,6.90,14.38,true,1,
7290112493095,false,נמס בכוס עגבניות חריף,יוניליוור ישראל שיווק בעמ,,,"י""ח",48,ל  גרם,false,1,6.90,14.38,true,1,
7290112493293,false,נמס בכוס ירקות 100% רכיבים טבעיים,יוניליוור ישראל שיווק בעמ,,,"י""ח",48,ל  גרם,false,1,6.90,14.38,true,1,
7290112493316,false,מרק היום אפונה 100% ר.טבעיים,יוניליוור ישראל שיווק בעמ,,,"י""ח",117,ל  גרם,false,1,11.90,10.17,false,1,
7290112493927,false,קרמיסימו מעדן קפוא טעם ריבת חלב,גלידות שטראוס בעמ,,,"י""ח",776,"ל  מ""ל",false,1,18.90,2.44,false,1,
7290112493934,false,קרמיסימו מעדן קפוא טעם וניל צרפתי,גלידות שטראוס בעמ,,,"י""ח",776,"ל  מ""ל",false,1,18.90,2.44,false,1,
7290112493965,false,קרמיסימו מעדן קפוא טעם וניל מסטיק,גלידות שטראוס בעמ,,,"י""ח",814,"ל  מ""ל",false,1,18.90,2.32,false,1,
7290112494016,false,מיונז מופחת שומן 500 תלמה,יוניליוור ישראל שיווק בעמ,,,"י""ח",500,ל  גרם,false,1,9.90,1.98,false,1,
7290112494153,false,תיבוליות קנור  צלי 72גרם,יוניליוור ישראל שיווק בעמ,,,"י""ח",72,ל  גרם,false,1,7.90,10.97,true,1,
7290112494221,false,קליק ביסקוויט    65ג,יוניליוור ישראל שיווק בעמ,,,"י""ח",65,ל  גרם,false,1,5.90,9.08,true,1,
7290112494238,false,קליק כדורים חלב 65ג,יוניליוור ישראל שיווק בעמ,,,"י""ח",65,ל  גרם,false,1,5.90,9.08,true,1,
7290112494276,false,קליק כריות  65ג,יוניליוור ישראל שיווק בעמ,,,"י""ח",65,ל  גרם,false,1,5.90,9.08,true,1,
7290112494283,false,קליק מעורב חום לבן 65ג,יוניליוור ישראל שיווק בעמ,,,"י""ח",65,ל  גרם,false,1,5.90,9.08,true,1,
7290112494313,false,קליק קורנפלקס   65ג,יוניליוור ישראל שיווק בעמ,,,"י""ח",65,ל  גרם,false,1,5.90,9.08,true,1,
7290112494344,false,קורנפלקס אלופים 850ג בדץ.,יוניליוור ישראל שיווק בעמ,,,"י""ח",850,ל  גרם,false,1,16.90,1.99,false,1,
7290112494351,false,קורנפלקס אלופים 850ג בדץ,יוניליוור ישראל שיווק בעמ,,,"י""ח",850,ל  גרם,false,1,16.90,1.99,false,1,
7290112494382,false,פירה טעם ביתי  260גרם,יוניליוור ישראל שיווק בעמ,,,"י""ח",260,ל  גרם,false,1,9.90,3.81,false,1,
7290112494795,false,"בדין ג`ל כביסה לבנה וצבעונית 2.5ק""ג",יוניליוור ישראל שיווק בעמ,,,"י""ח",2.50,ליטר,false,1,27.90,11.16,false,1,
7290112494801,false,"בדין ג`ל כביסה לבנה וצבעונית 2.5ק""ג",יוניליוור ישראל שיווק בעמ,,,"י""ח",2.50,ליטר,false,1,27.90,11.16,false,1,
7290112495006,false,כריות נוגט  686ג  בדץ,יוניליוור ישראל שיווק בעמ,,,"י""ח",750,ל  גרם,false,1,24.90,3.32,false,1,
7290112495020,false,".כריות צ וקולדה 686 ג בד""ץ",יוניליוור ישראל שיווק בעמ,,,"י""ח",750,ל  גרם,false,1,24.90,3.32,true,1,
7290112495037,false,"קוקומן בד""ץ 375ג  כדורים",יוניליוור ישראל שיווק בעמ,,,"י""ח",375,ל  גרם,false,1,19.90,5.31,true,1,
7290112495044,false,"קוקומן כדורים בד""ץ 375ב",יוניליוור ישראל שיווק בעמ,,,"י""ח",375,ל  גרם,false,1,19.90,5.31,true,1,
7290112495143,false,נשנשים קרקר קוקטייל מלוח  300 גר.,יוניליוור ישראל שיווק בעמ,,,"י""ח",300,ל  גרם,false,1,11.90,3.97,true,1,
7290112495174,false,נשנשים קרקר קוקטייל שומשום 300ג,יוניליוור ישראל שיווק בעמ,,,"י""ח",300,ל  גרם,false,1,11.90,3.97,true,1,
7290112495228,false,קורנפלקס  448ג דבש,יוניליוור ישראל שיווק בעמ,,,"י""ח",448,ל  גרם,false,1,17.90,4,true,1,
7290112495242,false,קורנפלקס אלופים 448ג מייפל,יוניליוור ישראל שיווק בעמ,,,"י""ח",448,ל  גרם,false,1,17.90,4,true,1,
7290112495280,false,"ברנפלקס ריבועי קינמון 400מ""ל",יוניליוור ישראל שיווק בעמ,,,"י""ח",400,"ל  מ""ל",false,1,19.90,4.98,false,1,
7290112495433,false,דליפקאן 400ג אגוזי פקאן ושקדים,יוניליוור ישראל שיווק בעמ,,,"י""ח",400,ל  גרם,false,1,21.90,5.48,false,1,
7290112495747,false,"רוטב צילי מתוק 70% פחות סוכר  340מ""ל",יוניליוור ישראל שיווק בעמ,,,"י""ח",340,"ל  מ""ל",false,1,10.90,3.21,true,1,
7290112495754,false,הלמנס לסלט אלף האיים 305גרם,יוניליוור ישראל שיווק בעמ,,,"י""ח",305,ל  גרם,false,1,9.90,3.25,true,1,
7290112495761,false,"הלמנס לסלט אלף האיים לייט 305גרם בד""צ",יוניליוור ישראל שיווק בעמ,,,"י""ח",305,ל  גרם,false,1,9.90,3.25,true,1,
7290112495785,false,הלמנס רוטב שום 300גרם,יוניליוור ישראל שיווק בעמ,,,"י""ח",300,ל  גרם,false,1,9.90,3.30,true,1,
7290112496034,false,"סירופ מייפל לחיץ 580 מ""ל כשל""פ אפיכל",יוניליוור ישראל שיווק בעמ,,,"י""ח",580,"ל  מ""ל",false,1,10.90,1.88,false,1,
7290112496218,false,קנור רוטב טריאקי 340ג,יוניליוור ישראל שיווק בעמ,,,"י""ח",340,ל  גרם,false,1,10.90,3.21,true,1,
7290112496430,false,נמס בכוס עגבניות אקסטרה אטריות,יוניליוור ישראל שיווק בעמ,,,"י""ח",39,ל  גרם,false,1,3.90,10,false,1,
7290112496461,false,נמס בכוס טעם עוף עם אטריות וקרטונים,יוניליוור ישראל שיווק בעמ,,,"י""ח",35,ל  גרם,false,1,3.90,11.14,false,1,
7290112497864,false,מרק עוף רכיבים טבעיים 33% פחות נת 400ג,יוניליוור ישראל שיווק בעמ,,,"י""ח",400,ל  גרם,false,1,18.90,4.73,true,1,
7290112498069,false,"קוקומן כשל""פ ללא גלוטן",יוניליוור ישראל שיווק בעמ,,,"י""ח",375,ל  גרם,false,1,19.90,5.31,true,1,
7290112498083,false,"פינוק שמפו עם שמן חוחבה  700מ""ל",יוניליוור ישראל שיווק בעמ,,,"י""ח",700,"ל  מ""ל",false,1,11.90,1.70,true,1,
7290112498090,false,"פינוק מרכך עם שמן חוחבה  700מ""ל",יוניליוור ישראל שיווק בעמ,,,"י""ח",700,"ל  מ""ל",false,1,11.90,1.70,true,1,
7290112498175,false,"הלמנס גלון חרדל דבש 5ק""ג",יוניליוור ישראל שיווק בעמ,,,"י""ח",180,ל  גרם,false,1,139.90,77.72,false,1,
7290112498274,false,"פינוק סבון  ידיים נוזלי לבנדר 950מ""ל",יוניליוור ישראל שיווק בעמ,,,"י""ח",950,"ל  מ""ל",false,1,11.90,1.25,false,1,
7290112498298,false,"פינוק סבון  ידיים נוזלי מרוקאי 950מ""ל",יוניליוור ישראל שיווק בעמ,,,"י""ח",950,"ל  מ""ל",false,1,11.90,1.25,false,1,
7290112498441,false,"רוטב אסייתי למוקפץ 270 מ""ל",יוניליוור ישראל שיווק בעמ,,,"י""ח",370,"ל  מ""ל",false,1,10.90,2.95,true,1,
7290112498472,false,"אקס בודי ספריי 150מ""ל.",יוניליוור ישראל שיווק בעמ,,,"י""ח",150,"ל  מ""ל",false,1,11.90,7.93,false,1,
7290112498915,false,מאגדת  מגנום שקדים  מיני שטראוס,גלידות שטראוס בעמ,,,"י""ח",280,ל  גרם,false,1,25.90,9.25,false,1,
7290112498922,false,מאגדת  מגנום לבן מיני שטראוס,גלידות שטראוס בעמ,,,"י""ח",280,ל  גרם,false,1,25.90,9.25,false,1,
7290112498939,false,בומבה,גלידות שטראוס בעמ,,,"י""ח",1,,false,1,8,8,true,1,
7290112499097,false,מאגדת  מגנום מריר  מיני,גלידות שטראוס בעמ,,,"י""ח",280,ל  גרם,false,1,25.90,9.25,false,1,
7290112499127,false,מגנום שוקולד לבן תות אימפאלס,גלידות שטראוס בעמ,,,"י""ח",90,ל  גרם,false,1,10,11.11,true,1,
7290112499219,false,גודיז מאגדת 5יח בטעם פיסטוק שוקולד,גלידות שטראוס בעמ,,,"י""ח",297,ל  גרם,false,1,19.90,6.70,false,1,
7290112499455,false,"פינוק סבון נוזלי מרוקאי 700מ""ל",יוניליוור ישראל שיווק בעמ,,,"י""ח",750,"ל  מ""ל",false,1,10.90,1.45,false,1,
7290112499462,false,"פינוק סבון נוזלי שמן קוקוס 700מ""ל",יוניליוור ישראל שיווק בעמ,,,"י""ח",750,"ל  מ""ל",false,1,10.90,1.45,false,1,
7290112499493,false,"רקסונה ספריי בניחוח במבוק ואלוורה 150מ""ל",יוניליוור ישראל שיווק בעמ,,,"י""ח",150,"ל  מ""ל",false,1,14.90,9.93,true,1,
7290112499639,false,טילון סופר מגנום וניל שוקולד,גלידות שטראוס בעמ,,,"י""ח",110,ל  גרם,false,1,8,7.27,true,1,
7290112499646,false,"קורנטו טעם וניל עם וופל,פקאן",גלידות שטראוס בעמ,,,"י""ח",108,ל  גרם,false,1,8,7.41,true,1,
7290112499776,false,גודיז מאגדת 5יח בטעם 3 שוקולדים,גלידות שטראוס בעמ,,,"י""ח",297,ל  גרם,false,1,19.90,6.70,false,1,
7290112499837,false,מגנום דואט שוקולד עם נוגט,גלידות שטראוס בעמ,,,"י""ח",90,ל  גרם,false,1,8,8.89,true,1,
7290112499929,false,מגנום שוקולד,גלידות שטראוס בעמ,,,"י""ח",90,ל  גרם,false,1,8,8.89,true,1,
7290112499936,false,מגנום שקדים אימפאלס,גלידות שטראוס בעמ,,,"י""ח",90,ל  גרם,false,1,10,11.11,true,1,
7290112499943,false,מאגדת  מגנום קלאסיק שוקולד  מיני,גלידות שטראוס בעמ,,,"י""ח",280,ל  גרם,false,1,25.90,9.25,false,1,
7290112706362,false,שלישיית ביצי שוקולד מפרץ ההרפתקאות,שמחה זה אנחנו,,,"י""ח",1,,false,1,15,15,false,1,
7290112960856,false,אקסטרים מטבע שוק. חלב וריבת חלב,נגה גלידות,,,"י""ח",115,ל  גרם,false,1,12.90,11.22,true,1,
7290112961266,false,בייגלה כפיות פיזור איטלקי 300ג.,קבוצת אוסם סחר-שות.מוגבלת,,,"י""ח",300,ל  גרם,false,1,10.80,3.60,false,1,
7290112961327,false,בייגלה כפיות פיזור כפרי 300ג.,קבוצת אוסם סחר-שות.מוגבלת,,,"י""ח",300,ל  גרם,false,1,10.80,3.60,false,1,
7290112961372,false,פיטנס חטיפי פריכיות דקות 60גר,קבוצת אוסם סחר-שות.מוגבלת,,,"י""ח",60,ל  גרם,false,1,8.90,14.83,true,1,
7290112961464,false,פיטנס חטיפי פריכיות דקות 60גר,קבוצת אוסם סחר-שות.מוגבלת,,,"י""ח",60,ל  גרם,false,1,8.90,14.83,true,1,
7290112961754,false,עוגיות  שוקוציפס קרם אגוזים אוסם,קבוצת אוסם סחר-שות.מוגבלת,,,"י""ח",200,ל  גרם,false,1,11.90,5.95,true,1,
7290112962287,false,טבעול שווארמה טבעונית  450גר,קבוצת אוסם סחר-שות.מוגבלת,,,"י""ח",500,ל  גרם,false,1,37.90,7.58,true,1,
7290112963321,false,בייגלה שטוח ללא גלוטן 300גר,קבוצת אוסם סחר-שות.מוגבלת,,,"י""ח",300,ל  גרם,false,1,13.10,4.37,false,1,
7290112963529,false,מאגדת אקסטרים שוקו וניל,נגה גלידות,,,"י""ח",1,,false,1,35.90,35.90,false,1,
7290112963918,false,פיטנס חטיפי קרקר דק רוזמרין 140גר,קבוצת אוסם סחר-שות.מוגבלת,,,"י""ח",140,ל  גרם,false,1,12.90,9.21,true,1,
7290112964410,false,רוטב אלף האיים אסם 290 מייל.,קבוצת אוסם סחר-שות.מוגבלת,,,"י""ח",290,"ל  מ""ל",false,1,11.90,4.10,true,1,
7290112964434,false,"רוטב לסלט קיסר 290מ""ל",קבוצת אוסם סחר-שות.מוגבלת,,,"י""ח",290,"ל  מ""ל",false,1,11.90,4.10,true,1,
7290112964458,false,"רוטב וינגרט 290 מ""ל",קבוצת אוסם סחר-שות.מוגבלת,,,"י""ח",375,ל  גרם,false,1,11.90,3.17,true,1,
7290112964472,false,רוטב שום לסלט 290 מייל,קבוצת אוסם סחר-שות.מוגבלת,,,"י""ח",290,"ל  מ""ל",false,1,11.90,4.10,true,1,
7290112964502,false,רוטב אלף האיים 600 מייל,קבוצת אוסם סחר-שות.מוגבלת,,,"י""ח",600,"ל  מ""ל",false,1,17.50,2.92,false,1,
7290112964564,false,רוטב שום  לייט 290 מייל,קבוצת אוסם סחר-שות.מוגבלת,,,"י""ח",290,"ל  מ""ל",false,1,11.90,4.10,true,1,
7290112964601,false,"רוטב בנוסח סצואן  360מ""ל",קבוצת אוסם סחר-שות.מוגבלת,,,"י""ח",360,ל  גרם,false,1,14.90,4.14,false,1,
7290112964625,false,רוטב שום  לייט 290 מייל,קבוצת אוסם סחר-שות.מוגבלת,,,"י""ח",290,"ל  מ""ל",false,1,11.90,4.10,true,1,
7290112964724,false,טבעול המבורגר  טבעוני 580גר,קבוצת אוסם סחר-שות.מוגבלת,,,"י""ח",580,ל  גרם,false,1,37.90,6.53,true,1,
7290112965288,false,זוג מרק נמס סוף ירקות 30גרם,קבוצת אוסם סחר-שות.מוגבלת,,,"י""ח",30,ל  גרם,false,1,6.40,21.33,false,1,
7290112965660,false,פיטנס מולטיגרין מלח פלפל 25 גרם,קבוצת אוסם סחר-שות.מוגבלת,,,"י""ח",25,ל  גרם,false,1,5,20,true,1,
7290112965707,false,פיטנס מולטיגרין צ`ילי מעודן 25 גרם,קבוצת אוסם סחר-שות.מוגבלת,,,"י""ח",25,ל  גרם,false,1,5,20,true,1,
7290112965806,false,ביסלי פריסטייל חמוץ חריף 60גר,קבוצת אוסם סחר-שות.מוגבלת,,,"י""ח",600,ל  גרם,false,1,3.90,0.65,true,1,
7290112965905,false,בייגלה שמיניות במליחות 400גרם,קבוצת אוסם סחר-שות.מוגבלת,,,"י""ח",400,ל  גרם,false,1,10.90,2.73,false,1,
7290112966001,false,טבעול גורמה ארוחת ירוקים 450גר,קבוצת אוסם סחר-שות.מוגבלת,,,"י""ח",450,ל  גרם,false,1,34.90,7.76,true,1,
7290112966094,false,עוגת הבית תפוז מופחת סוכר 400גר,קבוצת אוסם סחר-שות.מוגבלת,,,"י""ח",400,ל  גרם,false,1,11.90,2.98,false,1,
7290112966728,false,צבר טחינה בלאדי פלפלים חריפים 350ג,קבוצת אוסם סחר-שות.מוגבלת,,,"י""ח",350,ל  גרם,false,1,16,4.57,true,1,
7290112966803,false,פודינג  שוקולד 88 ג אסם,קבוצת אוסם סחר-שות.מוגבלת,,,"י""ח",88,ל  גרם,false,1,5.90,6.70,true,1,
7290112967138,false,בייגל שמיניה  ללא גלוטן 250גרם,קבוצת אוסם סחר-שות.מוגבלת,,,"י""ח",250,ל  גרם,false,1,11.90,4.76,false,1,
7290112967381,false,פיטנס חטיפי פריכיות קטניות ומלח ים 60גר,קבוצת אוסם סחר-שות.מוגבלת,,,"י""ח",60,ל  גרם,false,1,8.90,14.83,true,1,
7290112967572,false,"רוטב ברביקיו 290מ""ל",קבוצת אוסם סחר-שות.מוגבלת,,,"י""ח",290,"ל  מ""ל",false,1,11.90,4.10,true,1,
7290112968708,false,"שניצל תירס טבעול  1.3ק""ג",קבוצת אוסם סחר-שות.מוגבלת,,,"י""ח",1.30,"ק""ג",false,1,46.10,35.46,true,1,
7290112968784,false,חטיפי כרובית  500 ג טבעול,קבוצת אוסם סחר-שות.מוגבלת,,,"י""ח",500,ל  גרם,false,1,37.90,7.58,true,1,
7290112968807,false,פיטנס חטיפי קרקר דק סלק 150גר,קבוצת אוסם סחר-שות.מוגבלת,,,"י""ח",150,ל  גרם,false,1,12.90,8.60,true,1,
7290112968821,false,פיטנס חטיפי קרקר דק בטטה 150גר,קבוצת אוסם סחר-שות.מוגבלת,,,"י""ח",150,ל  גרם,false,1,12.90,8.60,true,1,
7290113190450,false,ממרח תמרים ירדן (בדץ).,דין שיווק וקליה 2021 בעמ,,,"י""ח",450,ל  גרם,false,1,5.90,1.31,false,1,
7290113191006,false,פפריקה מתוקה 250גר אהרוני,****דין שיווק וקליה 2021 בעמ,,,"י""ח",250,ל  גרם,false,1,19.90,7.96,true,1,
7290113191013,false,פפריקה חריפה 250גר אהרוני,****דין שיווק וקליה 2021 בעמ,,,"י""ח",250,ל  גרם,false,1,19.90,7.96,true,1,
7290113191037,false,פלפל שחור גרוס 250גר אהרוני,****דין שיווק וקליה 2021 בעמ,,,"י""ח",250,ל  גרם,false,1,19.90,7.96,true,1,
7290113191044,false,כמון מזרחי 250גר אהרוני,****דין שיווק וקליה 2021 בעמ,,,"י""ח",250,ל  גרם,false,1,19.90,7.96,true,1,
7290113191068,false,גריל עוף 250גר אהרוני,****דין שיווק וקליה 2021 בעמ,,,"י""ח",250,ל  גרם,false,1,19.90,7.96,true,1,
7290113192102,false,דפי אורז עגול קטן 250ג.,דין שיווק וקליה 2021 בעמ,,,"י""ח",250,ל  גרם,false,1,9.90,3.96,false,1,
7290113192201,false,פינוק סלחב 500גר קרטון,דין שיווק וקליה 2021 בעמ,,,"י""ח",500,ל  גרם,false,1,13.90,2.78,false,1,
7290113192218,false,פינוק מלבי 500גר קרטון,דין שיווק וקליה 2021 בעמ,,,"י""ח",500,ל  גרם,false,1,13.90,2.78,false,1,
7290113192232,false,תערובת להכנה מהירה פנקייקס 400גר,דין שיווק וקליה 2021 בעמ,,,"י""ח",400,ל  גרם,false,1,13.90,3.48,false,1,
7290113192300,false,חרוזית מושחר].A2בית שיטה[,קבוצת אוסם סחר-שות.מוגבלת,,,"י""ח",275,ל  גרם,false,1,11.10,4.04,true,1,
7290113192331,false,בית השיטה זיתים ירוקים A2..,קבוצת אוסם סחר-שות.מוגבלת,,,"י""ח",340,ל  גרם,false,1,10.20,3,false,1,
7290113192348,false,זית ירוק שום בית השיטה 340גר,קבוצת אוסם סחר-שות.מוגבלת,,,"י""ח",340,ל  גרם,false,1,11.10,3.26,true,1,
7290113192355,false,חרוזית ירוק]בית השיטה[,קבוצת אוסם סחר-שות.מוגבלת,,,"י""ח",275,ל  גרם,false,1,10.90,3.96,true,1,
7290113192362,false,טבעות זיתים ירוקים A2.,קבוצת אוסם סחר-שות.מוגבלת,,,"י""ח",280,ל  גרם,false,1,11.20,4,false,1,
7290113192379,false,זיתים ירוקים מבוקעים]בית שיטה[,קבוצת אוסם סחר-שות.מוגבלת,,,"י""ח",340,ל  גרם,false,1,11.10,3.26,false,1,
7290113192386,false,זית סורי מבוקע]בית שיטה[,קבוצת אוסם סחר-שות.מוגבלת,,,"י""ח",340,ל  גרם,false,1,12.50,3.68,false,1,
7290113192478,false,מלפפון במלח .10-12בית  שיטה,קבוצת אוסם סחר-שות.מוגבלת,,,"י""ח",320,ל  גרם,false,1,8.10,2.53,false,1,
7290113192485,false,מלפפון בחומץ -10-12 בית השיטה,קבוצת אוסם סחר-שות.מוגבלת,,,"י""ח",290,ל  גרם,false,1,8.10,2.79,false,1,
7290113192492,false,מלפפון בחומץ 13-17 בית השיטה,קבוצת אוסם סחר-שות.מוגבלת,,,"י""ח",290,ל  גרם,false,1,10.90,3.76,false,1,
7290113192508,false,מלפפון-במלח ]13-17בית שיטה[,קבוצת אוסם סחר-שות.מוגבלת,,,"י""ח",320,ל  גרם,false,1,10.90,3.41,false,1,
7290113192515,false,מלפפון במלח .18-25בית שיטה[,קבוצת אוסם סחר-שות.מוגבלת,,,"י""ח",320,ל  גרם,false,1,12.90,4.03,false,1,
7290113192522,false,מלפפון בחומץ 18-25,קבוצת אוסם סחר-שות.מוגבלת,,,"י""ח",290,ל  גרם,false,1,12.90,4.45,false,1,
7290113192539,false,מלפפון  במלח ]7-9בית  שיטה[,קבוצת אוסם סחר-שות.מוגבלת,,,"י""ח",320,ל  גרם,false,1,7.10,2.22,false,1,
7290113192546,false,מלפפון בחומץ 7-9 בית השיטה,קבוצת אוסם סחר-שות.מוגבלת,,,"י""ח",290,ל  גרם,false,1,7.10,2.45,false,1,
7290113192553,false,מלפפון במלח באלדי13-17,קבוצת אוסם סחר-שות.מוגבלת,,,"י""ח",320,ל  גרם,false,1,10.90,3.41,false,1,
7290113192560,false,שיפקה A2,קבוצת אוסם סחר-שות.מוגבלת,,,"י""ח",230,ל  גרם,false,1,7.90,3.43,true,1,
7290113192577,false,כרוב כבוש]בית   השיטה[,קבוצת אוסם סחר-שות.מוגבלת,,,"י""ח",430,ל  גרם,false,1,7.90,1.84,false,1,
7290113192881,false,טורטיה חיטה מופחתת קלוריות,לפ דין שיווק וקליהבעמ,,,"י""ח",420,ל  גרם,false,1,8.90,2.12,false,1,
7290113192997,false,זית מרוקאי 340גר בית השיטה.,קבוצת אוסם סחר-שות.מוגבלת,,,"י""ח",720,ל  גרם,false,1,12.90,1.79,false,1,
7290113193000,false,פלפל שיפקונית 230גר בית השיטה.,קבוצת אוסם סחר-שות.מוגבלת,,,"י""ח",230,ל  גרם,false,1,10.90,4.74,false,1,
7290113193017,false,בית השיטה קוקטייל זיתים,קבוצת אוסם סחר-שות.מוגבלת,,,"י""ח",275,ל  גרם,false,1,12.90,4.69,false,1,
7290113193031,false,בית השיטה חרוזית קלמטה,קבוצת אוסם סחר-שות.מוגבלת,,,"י""ח",275,ל  גרם,false,1,12.90,4.69,false,1,
7290113193321,false,שמן זית כתית מעולה בית השיטה 750 מייל,קבוצת אוסם סחר-שות.מוגבלת,,,"י""ח",750,ל  גרם,false,1,29.90,3.99,false,1,
7290113193406,false,בית השיטה טבעות קוקטייל זיתים 280גר,קבוצת אוסם סחר-שות.מוגבלת,,,"י""ח",275,ל  גרם,false,1,12.90,4.69,false,1,
7290113193888,false,חצילים מוחמצים 320גר בית השיטה.,קבוצת אוסם סחר-שות.מוגבלת,,,"י""ח",320,ל  גרם,false,1,10.20,3.19,true,1,
7290113195042,false,מלפפונים במלח השיטה טעם ביתי 750גר`.,קבוצת אוסם סחר-שות.מוגבלת,,,"י""ח",750,ל  גרם,false,1,29.90,3.99,true,1,
7290113195196,false,רסק תפוחי עץ,דין שיווק וקליה 2021 בעמ,,,"י""ח",1,"י""ח",false,1,13.90,13.90,false,1,
7290113195271,false,ממרח פלפלים פיקנטיים  360גר,דין שיווק וקליה 2021 בעמ,,,"י""ח",360,ל  גרם,false,1,13.90,3.86,false,1,
7290113195356,false,שמן קנולה מזוכך 1ל בית השיטה,קבוצת אוסם סחר-שות.מוגבלת,,,"י""ח",1,ליטר,false,1,13.90,13.90,false,1,
7290113195363,false,שמן חמניות מזוכך 1ל בית השיטה,קבוצת אוסם סחר-שות.מוגבלת,,,"י""ח",1,ליטר,false,1,13.90,13.90,false,1,
7290113196001,false,פסטה ספגטי 500גר,דין שיווק וקליה 2021 בעמ,,,"י""ח",500,ל  גרם,false,1,4.90,0.98,true,1,
7290113196032,false,פסטה קונכיות 500גר,דין שיווק וקליה 2021 בעמ,,,"י""ח",500,ל  גרם,false,1,4.90,0.98,true,1,
7290113196414,false,"אורז בסמטי שקדיה 1ק""ג",דין שיווק וקליה 2021 בעמ,,,"י""ח",1,"ק""ג",false,1,9.80,9.80,false,1,
7290113196902,false,מנה חמה אטריות אורז בטעם בקר,דין שיווק וקליה 2021 בעמ,,,"י""ח",70,ל  גרם,false,1,7.90,11.29,false,1,
7290113196919,false,מנה חמה אטריות אורז בטעם עוף,דין שיווק וקליה 2021 בעמ,,,"י""ח",70,ל  גרם,false,1,7.90,11.29,false,1,
7290113196933,false,מנה חמה אטריות אורז בטעם טום יאס,דין שיווק וקליה 2021 בעמ,,,"י""ח",70,ל  גרם,false,1,7.90,11.29,false,1,
7290113197169,false,חמאת בוטנים עם שברי בוטנים 510גר`,דין שיווק וקליה 2021 בעמ,,,"י""ח",510,ל  גרם,false,1,15.90,3.12,false,1,
7290113197824,false,בית השיטה לבבות דקל 220גר,קבוצת אוסם סחר-שות.מוגבלת,,,"י""ח",220,ל  גרם,false,1,12.90,5.86,true,1,
7290113197855,false,בית השיטה תירס גמדי 230גר,קבוצת אוסם סחר-שות.מוגבלת,,,"י""ח",230,ל  גרם,false,1,12.90,5.61,true,1,
7290113197923,false,בית השיטה טונה בשמן קנולה 4*98גר,קבוצת אוסם סחר-שות.מוגבלת,,,"י""ח",392,ל  גרם,false,1,29.90,7.63,false,1,
7290113198395,false,קשיו ענק 250גר מחנה יהודה,דין שיווק וקליה 2021 בעמ****,,,"י""ח",250,ל  גרם,false,1,24.90,9.96,true,1,
7290113198401,false,בוטנים קלויים ג`מבו 300גר מחנה יהודה,דין שיווק וקליה 2021 בעמ****,,,"י""ח",300,ל  גרם,false,1,19.90,6.63,true,1,
7290113198418,false,שקד קלוי ענק  250גר מחנה יהודה,דין שיווק וקליה 2021 בעמ****,,,"י""ח",250,ל  גרם,false,1,24.90,9.96,true,1,
7290113198425,false,פקאן טבעי 200גר מחנה יהודה,דין שיווק וקליה 2021 בעמ****,,,"י""ח",200,ל  גרם,false,1,24.90,12.45,true,1,
7290113198432,false,תערובת פיצוחים מובחרת 250גר מחנה יהודה,דין שיווק וקליה 2021 בעמ****,,,"י""ח",250,ל  גרם,false,1,24.90,9.96,true,1,
7290113198449,false,שקד טבעי 300גר מחנה יהודה,דין שיווק וקליה 2021 בעמ****,,,"י""ח",300,ל  גרם,false,1,24.90,8.30,true,1,
7290113198456,false,חמוציות  250גר מחנה יהודה,דין שיווק וקליה 2021 בעמ****,,,"י""ח",250,ל  גרם,false,1,9.90,3.96,true,1,
7290113198470,false,אגוז מלך 200גר מחנה יהודה,דין שיווק וקליה 2021 בעמ****,,,"י""ח",200,ל  גרם,false,1,14.90,7.45,true,1,
7290113198494,false,פיסטוק קלוי גדול 200גר מחנה יהודה,דין שיווק וקליה 2021 בעמ****,,,"י""ח",200,ל  גרם,false,1,24.90,12.45,true,1,
7290113198609,false,סוכריות גומי נחשים פירות 200ג,דין שיווק וקליה 2021 בעמ,,,"י""ח",200,ל  גרם,false,1,9.90,4.95,false,1,
7290113199323,false,טורטיה קטנה.,דין שיווק וקליה 2021 בעמ,,,"י""ח",440,ל  גרם,false,1,5.90,1.34,false,1,
7290113199774,false,ממרח 100% בוטנים 300גר,דין שיווק וקליה 2021 בעמ,,,"י""ח",300,ל  גרם,false,1,14.90,4.97,false,1,
7290113199880,false,טורטיה בתוספת קמח כוסמין ושיבולת שועל,דין שיווק וקליה 2021 בעמ,,,"י""ח",360,ל  גרם,false,1,9.90,2.75,false,1,
7290113199927,false,סוכריות חמצוצים טעם פירות 180ג,דין שיווק וקליה 2021 בעמ,,,"י""ח",180,ל  גרם,false,1,9.90,5.50,false,1,
7290113199934,false,סוכריות חמצוצים טעם אוכמניות 180ג,דין שיווק וקליה 2021 בעמ,,,"י""ח",180,ל  גרם,false,1,9.90,5.50,false,1,
7290113285118,false,"כפפות  לטקס ללא אבקה  L פרפקט כשל""פ",ח.כהן סוכנות מזון ומשקאות בע,,,"י""ח",80,"י""ח",false,1,22.90,0.29,true,1,
7290113300125,false,בונזו מקלות בקר 50ג,דיפלומט מפיצים (1968) בעמ**,,,"י""ח",50,ל  גרם,false,1,8.90,17.80,false,1,
7290113300224,false,פאוץ מתחוני לה קט עם סלמון ברוטב 85ג,דיפלומט מפיצים (1968) בעמ**,,,"י""ח",85,ל  גרם,false,1,4.90,5.76,false,1,
7290113300231,false,פאוץ מתחוני לה קט עם בקר בגלי 85ג,דיפלומט מפיצים (1968) בעמ**,,,"י""ח",85,ל  גרם,false,1,4.90,5.76,false,1,
7290113300262,false,פאוץ מתחוני לה קט עם טונה בגלי 85ג,דיפלומט מפיצים (1968) בעמ**,,,"י""ח",85,ל  גרם,false,1,4.90,5.76,false,1,
7290113315686,false,"צלחות נייר 23ס""מ עגולות 10יח פורים זהב",שמחה זה אנחנו,,,"י""ח",1,,false,1,10.90,10.90,false,1,
7290113315716,false,כוסות ניר 10יח פורים זהב,שמחה זה אנחנו,,,"י""ח",1,,false,1,9.90,9.90,false,1,
7290113560055,false,מי פה פרדונטקס 500 מ``ל,גורי ע.ע.ע. בעמ,,,"י""ח",500,ל  גרם,false,1,29.90,5.98,true,1,
7290113560109,false,משחת פרודונטקס הרבל,גורי ע.ע.ע. בעמ,,,"י""ח",1,,false,1,30.90,30.90,true,1,
7290113594098,false,מארז קערה עם קש 3יח  מיני.,שמחה זה אנחנו,,,"י""ח",1,,false,1,12.90,12.90,false,1,
7290113860063,false,פירות קפואים מלון מחנה יהודה 350 גר.,אביב שלמה השקעות בעמ,,,"י""ח",1,,false,1,12.90,12.90,true,1,
7290113860247,false,עוגות אישיות שכבות עשריה פנטולה,ש.שסטוביץ בעמ,,,"י""ח",400,ל  גרם,false,1,12.90,3.23,true,1,
7290113860476,false,מלפפון 7-9 מחנה יהודה,קבוצת יבנה מוצרי מזון בעמ,,,"י""ח",600,ל  גרם,false,1,6.90,1.15,true,1,
7290113860483,false,מלפפון 18-25 מחנה יהודה,קבוצת יבנה מוצרי מזון בעמ,,,"י""ח",600,ל  גרם,false,1,10.90,1.82,true,1,
7290113860667,false,"קמח חיטה לבן 1ק""ג מחנה יהודה",טחנות ישראליות בעמ,,,"י""ח",1,"ק""ג",false,1,7.90,7.90,true,1,
7290113860674,false,"קמח חיטה לבן 405 1ק""ג מחנה יהודה",טחנות ישראליות בעמ,,,"י""ח",1,"ק""ג",false,1,8.90,8.90,true,1,
7290113860681,false,"קמח חלות 1ק""ג מחנה יהודה",טחנות ישראליות בעמ,,,"י""ח",1,"ק""ג",false,1,8.90,8.90,true,1,
7290113860698,false,"קמח כוסמין לבן 1ק""ג ישראליות",טחנות ישראליות בעמ,,,"י""ח",1,"ק""ג",false,1,15.90,15.90,true,1,
7290114310215,false,"שמנת מתוקה עמידה 38% 250  מ""ל*בד""צ",*החברה המרכזית להפצת משקאותבעמ,,,"י""ח",250,"ל  מ""ל",false,1,6.47,2.59,false,1,
7290114310222,false,חלב מועשר בסידן בויטמין D 1.5ליטר,*החברה המרכזית להפצת משקאותבעמ,,,"י""ח",1.50,ליטר,false,1,11.50,7.67,false,1,
7290114310338,false,גבינה צפתית 5% צוריאל,*החברה המרכזית להפצת משקאותבעמ,,,"י""ח",250,ל  גרם,false,1,16.90,6.76,false,1,
7290114310345,false,מעדן מוו תות 1.5% 125גר.,*החברה המרכזית להפצת משקאותבעמ,,,"י""ח",250,ל  גרם,false,1,2.80,1.12,true,1,
7290114310536,false,מולר אקטיב לייט 0% שומן טעם וניל,*החברה המרכזית להפצת משקאותבעמ,,,"י""ח",200,"ל  מ""ל",false,1,5.90,2.95,true,1,
7290114310550,false,פטה עיזים מעודנת  200גר 5%,*החברה המרכזית להפצת משקאותבעמ,,,"י""ח",200,ל  גרם,false,1,23.90,11.95,false,1,
7290114310567,false,לאבנה עיזים  200גר 5%,*החברה המרכזית להפצת משקאותבעמ,,,"י""ח",200,ל  גרם,false,1,14.90,7.45,true,1,
7290114310611,false,"משקה חלב בננה  250מ""ל בקבוק פקק ספורט",*החברה המרכזית להפצת משקאותבעמ,,,"י""ח",250,"ל  מ""ל",false,1,5.40,2.16,false,1,
7290114310628,false,משקה חלב וניל עוגיות 1ל בקבוק,*החברה המרכזית להפצת משקאותבעמ,,,"י""ח",1,ליטר,false,1,11.90,11.90,true,1,
7290114310673,false,לאבנה 250גר 9%,*החברה המרכזית להפצת משקאותבעמ,,,"י""ח",250,ל  גרם,false,1,11.90,4.76,false,1,
7290114310895,false,מאגדת שמינייה סימפלי 1.5% מנגו ותות.,*החברה המרכזית להפצת משקאותבעמ,,,"י""ח",150,"ל  מ""ל",false,1,29.90,19.93,false,1,
7290114310901,false,גבינה לבנה  ב250 גרם 5%*,*החברה המרכזית להפצת משקאותבעמ,,,"י""ח",250,ל  גרם,false,1,4.98,1.99,false,1,
7290114311021,false,"שוקו חלב וניל עוגיות  250מ""ל",*החברה המרכזית להפצת משקאותבעמ,,,"י""ח",250,"ל  מ""ל",false,1,5.40,2.16,false,1,
7290114311038,false,"שמנת מתוקה 32% שומן 250מ""ל.",*החברה המרכזית להפצת משקאותבעמ,,,"י""ח",250,"ל  מ""ל",false,1,6.90,2.76,false,1,
7290114311069,false,מולר אקטיב 0% יוגורט לבן 200ג,*החברה המרכזית להפצת משקאותבעמ,,,"י""ח",200,"ל  מ""ל",false,1,5.90,2.95,true,1,
7290114311076,false,חמאת מולר צהובה עם שום 200ג.,*החברה המרכזית להפצת משקאותבעמ,,,"י""ח",200,ל  גרם,false,1,10.90,5.45,false,1,
7290114311298,false,מולר תות בננה מלון FROOP MULLER,*החברה המרכזית להפצת משקאותבעמ,,,"י""ח",150,"ל  מ""ל",false,1,5,3.33,true,1,
7290114311304,false,מולר מנגו פסיפלורה בננה FROOP MULLER,*החברה המרכזית להפצת משקאותבעמ,,,"י""ח",150,"ל  מ""ל",false,1,5,3.33,true,1,
7290114311328,false,חלב נטול לקטוז  1ליטר,*החברה המרכזית להפצת משקאותבעמ,,,"י""ח",1,ליטר,false,1,7.90,7.90,false,1,
7290114311458,false,חלב מועשר 3% שומן 1ליטר קרטון,*החברה המרכזית להפצת משקאותבעמ,,,"י""ח",1,ליטר,false,1,7.50,7.50,false,1,
7290114600750,false,קו קווים חטיף אפוי עם פיקורינו 150ג,ש.שסטוביץ בעמ,,,"י""ח",150,ל  גרם,false,1,11.90,7.93,false,1,
7290114600927,false,עלי טורטיה חיטה מלאה 320ג מאסטר שף,ש.שסטוביץ בעמ,,,"י""ח",320,ל  גרם,false,1,9.90,3.09,false,1,
7290114600941,false,מיונז לחיץ 435ג מאסטר שף,ש.שסטוביץ בעמ,,,"י""ח",435,ל  גרם,false,1,13.90,3.20,false,1,
7290114600989,false,"רוטב אלף האיים 250מ""ל מאסטר שף",ש.שסטוביץ בעמ,,,"י""ח",250,ל  גרם,false,1,10.90,4.36,false,1,
7290114600996,false,"רוטב שום 250מ""ל מאסטר שף",ש.שסטוביץ בעמ,,,"י""ח",250,ל  גרם,false,1,10.90,4.36,false,1,
7290114603041,false,פרי גרנולה אגוזים בוטנים וקוקוס,ש.שסטוביץ בעמ,,,"י""ח",300,ל  גרם,false,1,15.90,5.30,false,1,
7290114603607,false,פוף משולש אפוי חמוץ חריף  40ג,ש.שסטוביץ בעמ,,,"י""ח",40,ל  גרם,false,1,3.90,9.75,true,1,
7290114604895,false,ממרח ספייסי לחיץ 446ג מאסטר שף,ש.שסטוביץ בעמ,,,"י""ח",446,ל  גרם,false,1,13.90,3.12,false,1,
7290114604901,false,ממרח שום לחיץ 446ג מאסטר שף,ש.שסטוביץ בעמ,,,"י""ח",446,ל  גרם,false,1,13.90,3.12,false,1,
7290114604925,false,"קרם קוקוס לייט  פחית  400מ""ל",ש.שסטוביץ בעמ,,,"י""ח",400,"ל  מ""ל",false,1,9.90,2.48,false,1,
7290114604963,false,פרורי לחם מתובלים 230ג מאסטר שף,ש.שסטוביץ בעמ,,,"י""ח",200,ל  גרם,false,1,6.90,3.45,false,1,
7290114606387,false,"קולגייט אופטיק וויט פחם מארז זוג 75גמ""",ש.שסטוביץ בעמ,,,"י""ח",150,"ל  מ""ל",false,1,49.90,33.27,false,1,
7290114606530,false,רוטב בטעם מיונז וקטשופ 515ג מאסטר שף,ש.שסטוביץ בעמ,,,"י""ח",515,ל  גרם,false,1,13.90,2.70,false,1,
7290114606554,false,מיונז לייט לחיץ 470ג מאסטר שף,ש.שסטוביץ בעמ,,,"י""ח",470,ל  גרם,false,1,13.90,2.96,false,1,
7290114606561,false,איטריות אורז דקות   400גר,ש.שסטוביץ בעמ,,,"י""ח",400,ל  גרם,false,1,8.90,2.23,false,1,
7290114606578,false,שקדי מרק 400 גר`מאסטר שף,ש.שסטוביץ בעמ,,,"י""ח",400,ל  גרם,false,1,9.90,2.48,true,1,
7290114606592,false,רוטב סויה 46% פולי סויה 620גרם,ש.שסטוביץ בעמ,,,"י""ח",620,"ל  מ""ל",false,1,16.90,2.73,false,1,
7290114606608,false,רוטב סויה דלת נתרן 40% פולי סויה 620גרם,ש.שסטוביץ בעמ,,,"י""ח",620,"ל  מ""ל",false,1,16.90,2.73,false,1,
7290114608640,false,קרוטונים לסלט כוסמין 260ג מ.שף,ש.שסטוביץ בעמ,,,"י""ח",260,ל  גרם,false,1,17.90,6.88,false,1,
7290114657297,false,מיני פופ סוכריה על מקל,שמחה זה אנחנו,,,"י""ח",50,ל  גרם,false,1,11.90,23.80,false,1,
7290114750813,false,דאודורנט קליר ג ל מארז זוג,דיפלומט מפיצים 1968 בעמ,,,"י""ח",100,ל  גרם,false,1,32.90,32.90,false,1,
7290114750820,false,דאודורנט קליר ג ל מארז זוג,דיפלומט מפיצים 1968 בעמ,,,"י""ח",100,ל  גרם,false,1,32.90,32.90,false,1,
7290114821469,false,כבד דגים 120 גרם.,דיפלומט מפיצים (1968) בעמ**,,,"י""ח",120,ל  גרם,false,1,13.90,11.58,false,1,
7290115073676,false,מסכות כירורגיות צבעוני מארז 50 יח(ש),שמחה זה אנחנו,,,"י""ח",50,"י""ח",false,1,9.90,0.20,false,1,
7290115073713,false,ביצי שוקולד שלישייה טום וגרי,שמחה זה אנחנו,,,"י""ח",1,,false,1,14.90,14.90,false,1,
7290115074734,false,סוכריה על מקל 85ג סמי כבאי,שמחה זה אנחנו,,,"י""ח",50,ל  גרם,false,1,5.90,11.80,false,1,
7290115120714,false,חטיף באדי סנאק עוף מיובשים 80גרם.,נאמן לאורך זמן בעמ,,,"י""ח",270,ל  גרם,false,1,13.90,5.15,false,1,
7290115190014,false,מרלבורו רד קצר בודד.,פיליפ מוריס בעמ,,,"י""ח",1,,false,1,34.90,34.90,false,1,
7290115190076,false,מלבורו גולד ארוך בודד,פיליפ מוריס בעמ,,,"י""ח",1,,false,1,34.90,34.90,false,1,
7290115190090,false,מרלבורו גולד קצר בודד,פיליפ מוריס בעמ,,,"י""ח",1,,false,1,34.90,34.90,false,1,
7290115190137,false,מלבורו פיין טאצ`7.1,פיליפ מוריס בעמ,,,"י""ח",1,,false,1,30.90,30.90,false,1,
7290115190151,false,מלבורו טאצ`7.1,פיליפ מוריס בעמ,,,"י""ח",1,,false,1,30.90,30.90,false,1,
7290115190175,false,פרלמנט סופר סלימס בודד,פיליפ מוריס בעמ,,,"י""ח",1,,false,1,39.50,39.50,false,1,
7290115190182,false,פרלמנט נייט ארוך,פיליפ מוריס בעמ,,,"י""ח",1,,false,1,392.90,392.90,false,1,
7290115190199,false,פרלמנט ארוך RCB בודד,פיליפ מוריס בעמ,,,"י""ח",1,,false,1,39.50,39.50,false,1,
7290115190236,false,פרלמנט קצר בלו בודד,פיליפ מוריס בעמ,,,"י""ח",1,,false,1,39.50,39.50,false,1,
7290115190250,false,פרלמנט קצר בודד,פיליפ מוריס בעמ,,,"י""ח",1,,false,1,39.50,39.50,false,1,
7290115190335,false,ל.מ.בלו ארוך בודד,פיליפ מוריס בעמ,,,"י""ח",1,,false,1,30.50,30.50,false,1,
7290115190342,false,אל אם בלו 10יח פקאט,פיליפ מוריס בעמ,,,"י""ח",1,,false,1,299.90,299.90,false,1,
7290115190359,false,אל אם  קצר,פיליפ מוריס בעמ,,,"י""ח",1,,false,1,30.50,30.50,false,1,
7290115190373,false,אל אם פורוורד בודד,פיליפ מוריס בעמ,,,"י""ח",1,,false,1,30.50,30.50,false,1,
7290115190434,false,אל אם וייב,פיליפ מוריס בעמ,,,"י""ח",1,,false,1,30.50,30.50,false,1,
7290115190458,false,נקסט אדג` בודד,פיליפ מוריס בעמ,,,"י""ח",1,,false,1,26.50,26.50,true,1,
7290115190472,false,נקסט פיין אדג` בודד,פיליפ מוריס בעמ,,,"י""ח",1,,false,1,26.50,26.50,true,1,
7290115190489,false,נקסט פיין  טייסט ארוך פקאט 10 יחידות,פיליפ מוריס בעמ,,,"י""ח",1,,false,1,289.90,289.90,true,1,
7290115190496,false,נקסט 100 בודד,פיליפ מוריס בעמ,,,"י""ח",1,,false,1,29.90,29.90,false,1,
7290115190519,false,נקסט לייט בודד,פיליפ מוריס בעמ,,,"י""ח",1,,false,1,29.90,29.90,false,1,
7290115190526,false,נקסט ריסס ארוך פקאט 10 יחידות,פיליפ מוריס בעמ,,,"י""ח",1,,false,1,268.90,268.90,false,1,
7290115190533,false,נקסט ריסס 100,פיליפ מוריס בעמ,,,"י""ח",1,,false,1,26.90,26.90,true,1,
7290115190557,false,נקסט ריסס,פיליפ מוריס בעמ,,,"י""ח",1,,false,1,26.90,26.90,true,1,
7290115190595,false,נקסט בודד,פיליפ מוריס בעמ,,,"י""ח",1,,false,1,29.90,29.90,false,1,
7290115190892,false,מרלבורו פיוז`ן קפסולה,פיליפ מוריס בעמ,,,"י""ח",1,,false,1,28,28,true,1,
7290115191035,false,מרלבורו סאמר ספלאש,פיליפ מוריס בעמ,,,"י""ח",1,,false,1,30.90,30.90,true,1,
7290115200003,false,פתי בר פינוקי וניל 220גר,קבוצת אוסם סחר-שות.מוגבלת,,,"י""ח",220,ל  גרם,false,1,10.90,4.95,true,1,
7290115200027,false,פתי בר פינוקי שוקו 220גר,קבוצת אוסם סחר-שות.מוגבלת,,,"י""ח",220,ל  גרם,false,1,10.90,4.95,true,1,
7290115200676,false,קרמוגיתקרמל מלוח 200גר אוסם,קבוצת אוסם סחר-שות.מוגבלת,,,"י""ח",200,ל  גרם,false,1,11.90,5.95,true,1,
7290115200713,false,במבה  מארז 50גרם *5יח,קבוצת אוסם סחר-שות.מוגבלת,,,"י""ח",250,ל  גרם,false,1,13.90,5.56,true,1,
7290115201031,false,פתי בר פינוקי דובי שוקולד 175גר.,קבוצת אוסם סחר-שות.מוגבלת,,,"י""ח",175,ל  גרם,false,1,10.90,6.23,true,1,
7290115201680,false,ביסלי  ברביקיו}קטן{,קבוצת אוסם סחר-שות.מוגבלת,,,"י""ח",70,ל  גרם,false,1,3.90,5.57,true,1,
7290115201727,false,ביסלי  גדול בצל 200גר,קבוצת אוסם סחר-שות.מוגבלת,,,"י""ח",200,ל  גרם,false,1,8.90,4.45,true,1,
7290115201741,false,ביסלי  בצל}קטן{,קבוצת אוסם סחר-שות.מוגבלת,,,"י""ח",70,ל  גרם,false,1,3.90,5.57,true,1,
7290115202236,false,טבעול טופו קראנצ`ים 470גר,קבוצת אוסם סחר-שות.מוגבלת,,,"י""ח",693,ל  גרם,false,1,37.90,5.47,true,1,
7290115202304,false,"נודלס אטריות אורז מרובעות כשל""פ 230ג",קבוצת אוסם סחר-שות.מוגבלת,,,"י""ח",300,ל  גרם,false,1,9.90,3.30,false,1,
7290115202434,false,חומוס עם זעתר 375גר,קבוצת אוסם סחר-שות.מוגבלת,,,"י""ח",375,ל  גרם,false,1,12.70,3.39,true,1,
7290115202847,false,מנה חמה נודלס ספייסי 70גר.,קבוצת אוסם סחר-שות.מוגבלת,,,"י""ח",70,ל  גרם,false,1,4.90,7,false,1,
7290115203134,false,פופקו פופקורן במבה 80גר,קבוצת אוסם סחר-שות.מוגבלת,,,"י""ח",80,ל  גרם,false,1,4.50,5.63,true,1,
7290115203486,false,פירורית  200גר,קבוצת אוסם סחר-שות.מוגבלת,,,"י""ח",200,ל  גרם,false,1,6.90,3.45,false,1,
7290115203806,false,"רוטב בסיס לבישול אסם 290מ""ל",קבוצת אוסם סחר-שות.מוגבלת,,,"י""ח",290,ל  גרם,false,1,11.90,4.10,false,1,
7290115204056,false,"קטשופ מופחת סוכר אסם 690 גרם כשל""פ",קבוצת אוסם סחר-שות.מוגבלת,,,"י""ח",690,ל  גרם,false,1,11.90,1.72,true,1,
7290115204261,false,צבר אריסה 190גר,קבוצת אוסם סחר-שות.מוגבלת,,,"י""ח",190,ל  גרם,false,1,11.90,6.26,true,1,
7290115204698,false,בייגלה שטוח שומשום בטעם ביסלי גריל 300,קבוצת אוסם סחר-שות.מוגבלת,,,"י""ח",300,ל  גרם,false,1,10.80,3.60,false,1,
7290115204995,false,לחמית ים תיכונית  160 ג`.,קבוצת אוסם סחר-שות.מוגבלת,,,"י""ח",190,ל  גרם,false,1,8.90,4.68,true,1,
7290115205176,false,פיטנס חטיפי קרקר כפרי 140גר.,קבוצת אוסם סחר-שות.מוגבלת,,,"י""ח",140,ל  גרם,false,1,12.90,9.21,true,1,
7290115205251,false,פיטנס בר פריכיות קרמל מלוח 84גר,קבוצת אוסם סחר-שות.מוגבלת,,,"י""ח",84,ל  גרם,false,1,14.90,17.74,true,1,
7290115205312,false,פיטנס חטיפי קרקר זיתים 140גר.,קבוצת אוסם סחר-שות.מוגבלת,,,"י""ח",140,ל  גרם,false,1,12.90,9.21,true,1,
7290115205527,false,פיטנס מולטיגרין עם עדשים 25 גרם,קבוצת אוסם סחר-שות.מוגבלת,,,"י""ח",25,ל  גרם,false,1,4.90,19.60,true,1,
7290115205541,false,פיטנס מולטיגרין עם חומוס 25 גרם,קבוצת אוסם סחר-שות.מוגבלת,,,"י""ח",25,ל  גרם,false,1,4.90,19.60,true,1,
7290115205718,false,בונג ור בצק מצונן עלים 230גר,קבוצת אוסם סחר-שות.מוגבלת,,,"י""ח",230,ל  גרם,false,1,14.90,6.48,true,1,
7290115205978,false,פתי בר אצבעות שוקולד 180גר,קבוצת אוסם סחר-שות.מוגבלת,,,"י""ח",180,ל  גרם,false,1,11.90,6.61,true,1,
7290115207118,false,"טבעול שניצל ברוקולי 7ק""ג",קבוצת אוסם סחר-שות.מוגבלת,,,"י""ח",900,ל  גרם,false,1,350,38.89,false,1,
7290115207361,false,פתיבר פיסטוק 500 אוסם.,קבוצת אוסם סחר-שות.מוגבלת,,,"י""ח",500,ל  גרם,false,1,11.90,2.38,true,1,
7290115207484,false,צבר חציל על האש היתר 400גר`,קבוצת אוסם סחר-שות.מוגבלת,,,"י""ח",400,ל  גרם,false,1,15.90,3.98,true,1,
7290115207620,false,"רוטב בסגנון סויה קלאסי 290מ""ל",קבוצת אוסם סחר-שות.מוגבלת,,,"י""ח",360,ל  גרם,false,1,11.90,3.31,false,1,
7290115207682,false,רוטב בסגנון סויה סיני 290מל בקבוק,קבוצת אוסם סחר-שות.מוגבלת,,,"י""ח",290,"ל  מ""ל",false,1,11.90,4.10,true,1,
7290115207811,false,טבעול נקניקיות טבעוניות  418ג.,קבוצת אוסם סחר-שות.מוגבלת,,,"י""ח",418,ל  גרם,false,1,37.90,9.07,true,1,
7290115207880,false,ויטמינצ ק פטל 2 ליטר,קבוצת אוסם סחר-שות.מוגבלת,,,"י""ח",2,ליטר,false,1,41.90,20.95,false,1,
7290115207941,false,סירופ אננס 1 ליטר,קבוצת אוסם סחר-שות.מוגבלת,,,"י""ח",1,ליטר,false,1,21.90,21.90,false,1,
7290115207965,false,סירופ מנגו אפרסק 1 ליטר,קבוצת אוסם סחר-שות.מוגבלת,,,"י""ח",1,ליטר,false,1,21.90,21.90,false,1,
7290115207989,false,סירופ לימון 1 ליטר,קבוצת אוסם סחר-שות.מוגבלת,,,"י""ח",1,ליטר,false,1,21.90,21.90,false,1,
7290115208009,false,סירופ ענבים 1 ליטר,קבוצת אוסם סחר-שות.מוגבלת,,,"י""ח",1,ליטר,false,1,21.90,21.90,false,1,
7290115208023,false,סירופ ענבים 2 ליטר,קבוצת אוסם סחר-שות.מוגבלת,,,"י""ח",1,ליטר,false,1,41.90,41.90,false,1,
7290115208047,false,סירופ פטל 1 ליטר,קבוצת אוסם סחר-שות.מוגבלת,,,"י""ח",1,ליטר,false,1,21.90,21.90,false,1,
7290115208061,false,סירופ תפוח 1 ליטר,קבוצת אוסם סחר-שות.מוגבלת,,,"י""ח",1,ליטר,false,1,21.90,21.90,false,1,
7290115208344,false,שטוחים בייגלה כפיות שמנת בצל 300גר,קבוצת אוסם סחר-שות.מוגבלת,,,"י""ח",300,ל  גרם,false,1,10.80,3.60,false,1,
7290115208597,false,קרמוגית מיניס קרמל מלוח 200גר,קבוצת אוסם סחר-שות.מוגבלת,,,"י""ח",200,ל  גרם,false,1,11.90,5.95,true,1,
7290115208801,false,לחמית כפרית עם דגנים מלאים 190 ג`,קבוצת אוסם סחר-שות.מוגבלת,,,"י""ח",190,ל  גרם,false,1,8.90,4.68,true,1,
7290115209198,false,במבה אורירית 80גר אסם{,קבוצת אוסם סחר-שות.מוגבלת,,,"י""ח",80,ל  גרם,false,1,3.90,4.88,true,1,
7290115209235,false,פתיבר קפה 500 אוסם,קבוצת אוסם סחר-שות.מוגבלת,,,"י""ח",500,ל  גרם,false,1,13.90,2.78,true,1,
7290115209358,false,במבה במילוי בראוניז 60גר אסם{,קבוצת אוסם סחר-שות.מוגבלת,,,"י""ח",600,ל  גרם,false,1,4.30,0.72,true,1,
7290115209372,false,במבה במילוי בראוניז  150 גרם אוסם,קבוצת אוסם סחר-שות.מוגבלת,,,"י""ח",200,ל  גרם,false,1,10.90,5.45,true,1,
7290115403299,false,עוגיות פרפריות  450ג דל,שיבולים ייצור ושיווק מאפה בעמ,,,"י""ח",450,ל  גרם,false,1,15.90,3.53,false,1,
7290115403312,false,עוגיות מלוחות קריספי עגול  450ג דל,שיבולים ייצור ושיווק מאפה בעמ,,,"י""ח",450,ל  גרם,false,1,15.90,3.53,false,1,
7290115403343,false,עוגיות פסים עלים מסוכרות  450ג דל,שיבולים ייצור ושיווק מאפה בעמ,,,"י""ח",450,ל  גרם,false,1,15.90,3.53,false,1,
7290115403350,false,עוגיות רשת שוקו מסוכרות  450ג דל,שיבולים ייצור ושיווק מאפה בעמ,,,"י""ח",450,ל  גרם,false,1,15.90,3.53,false,1,
7290115403381,false,עוגיות פיצפוצים לבן  500ג דלי,שיבולים ייצור ושיווק מאפה בעמ,,,"י""ח",500,ל  גרם,false,1,15.90,3.18,false,1,
7290115403435,false,עוגיות מעמול תמר  500ג דל,שיבולים ייצור ושיווק מאפה בעמ,,,"י""ח",500,ל  גרם,false,1,15.90,3.18,false,1,
7290115403459,false,עוגיות נסיכה טעם תות  500ג דל,שיבולים ייצור ושיווק מאפה בעמ,,,"י""ח",500,ל  גרם,false,1,15.90,3.18,false,1,
7290115403480,false,עוגיות בסגנון מרוקאי מיני  500ג דל,שיבולים ייצור ושיווק מאפה בעמ,,,"י""ח",500,ל  גרם,false,1,15.90,3.18,false,1,
7290115403503,false,עוגיות פרסה תמרים  500ג דל,שיבולים ייצור ושיווק מאפה בעמ,,,"י""ח",500,ל  גרם,false,1,15.90,3.18,false,1,
7290115403510,false,עוגיות מגולגלות תמרים  500ג דל,שיבולים ייצור ושיווק מאפה בעמ,,,"י""ח",500,ל  גרם,false,1,15.90,3.18,false,1,
7290115403541,false,עוגיות גרייבה  500ג דל,שיבולים ייצור ושיווק מאפה בעמ,,,"י""ח",500,ל  גרם,false,1,15.90,3.18,false,1,
7290115405057,false,פס מוס גבינה אוכמניות 300 גרם קפולסקי,קפולסקי אדל בעמ,,,"י""ח",300,ל  גרם,false,1,27.90,9.30,false,1,
7290115405774,false,פחזניות ממולאות טעם וניל 180ג,קפולסקי אדל בעמ,,,"י""ח",180,ל  גרם,false,1,13.90,7.72,false,1,
7290115670691,false,גרנולה פירות יער 400גר,שטראוס גרופ בעמ,,,"י""ח",400,ל  גרם,false,1,13.90,3.48,true,1,
7290115671223,false,מסטיק מאסט פאן אבטיח מנגו 58גר,שטראוס גרופ בעמ,,,"י""ח",58,ל  גרם,false,1,9.90,17.07,true,1,
7290115671308,false,מסטיק מאסט פאן תות דובדבן 58גר,שטראוס גרופ בעמ,,,"י""ח",58,ל  גרם,false,1,9.90,17.07,true,1,
7290115671339,false,מיני פינוקיות בראוניז בייגל בוטן 180גר,שטראוס גרופ בעמ,,,"י""ח",200,ל  גרם,false,1,10.90,5.45,true,1,
7290115671346,false,מיני פינוקיות טופי קרמל מלוח 180גר,שטראוס גרופ בעמ,,,"י""ח",200,ל  גרם,false,1,10.90,5.45,true,1,
7290115671353,false,מיני פינוקיות שחור לבן 180גר,שטראוס גרופ בעמ,,,"י""ח",200,ל  גרם,false,1,10.90,5.45,true,1,
7290115675559,false,מארז קפה טורקי לדרך 70גר`.,שטראוס גרופ בעמ,,,"י""ח",70,ל  גרם,false,1,8.90,12.71,true,1,
7290115675986,false,דנונה קראנצי עם אגוזים מקורמלים,שטראוס גרופ ***בעמ,,,"י""ח",173,"ל  מ""ל",false,1,4.40,2.54,true,1,
7290115676037,false,משקה דנונה ריפרש תות דומדמניות 250גר,שטראוס גרופ ***בעמ,,,"י""ח",250,"ל  מ""ל",false,1,5.50,2.20,true,1,
7290115676051,false,"משקה אקטיביה עם ש""ש מתיקות מעודנת 1.2%",שטראוס גרופ ***בעמ,,,"י""ח",265,"ל  מ""ל",false,1,4.90,1.85,true,1,
7290115676082,false,דנונה פרו 20 משקה תות 265גר,שטראוס גרופ ***בעמ,,,"י""ח",265,"ל  מ""ל",false,1,6.90,2.60,true,1,
7290115676099,false,דנונה פרו 20 משקה וניל 265גר,שטראוס גרופ ***בעמ,,,"י""ח",265,"ל  מ""ל",false,1,6.90,2.60,true,1,
7290115676273,false,שקית קקאו 500 גרם+10%  עלית,שטראוס גרופ בעמ,,,"י""ח",500,ל  גרם,false,1,23.90,4.78,true,1,
7290115677089,false,קונפיטורה תפוח וקינמון 340גר,שטראוס גרופ בעמ,,,"י""ח",340,ל  גרם,false,1,13.50,3.97,true,1,
7290115677140,false,תפוציפס פפריקהWAVY  200 ג,שטראוס פריטו ליי בעמ,,,"י""ח",200,ל  גרם,false,1,10.90,5.45,true,1,
7290115678222,false,מארז שמינייה יווני,שטראוס גרופ ***בעמ,,,"י""ח",1.04,ליטר,false,1,24.90,23.94,true,1,
7290115678376,false,מעדן הגולן בודד 125גר,שטראוס גרופ ***בעמ,,,"י""ח",125,ל  גרם,false,1,2.90,2.32,true,1,
7290115678383,false,מעדן הגולן שוקולד מריר בודד 125גר,שטראוס גרופ ***בעמ,,,"י""ח",125,ל  גרם,false,1,2.90,2.32,true,1,
7290115678598,false,חסה ערבית אייסברג חיתוך גס 300גר שטראוס,שטראוס גרופ ***בעמ,,,"י""ח",300,ל  גרם,false,1,9.90,3.30,true,1,
7290115678635,false,נשנושי גבינה 16% עם חטיף אפוי עם כעכים,שטראוס גרופ ***בעמ,,,"י""ח",67,ל  גרם,false,1,10.90,16.27,true,1,
7290115678642,false,נשנושי גבינה 16% עם חטיף אפוי עם זיתים,שטראוס גרופ ***בעמ,,,"י""ח",67,ל  גרם,false,1,10.90,16.27,true,1,
7290115678871,false,שוקולית נוגט  500 גר,שטראוס גרופ בעמ,,,"י""ח",500,ל  גרם,false,1,15.50,3.10,true,1,
7290115678888,false,שוקולית טופי קרמל  500 גר,שטראוס גרופ בעמ,,,"י""ח",500,ל  גרם,false,1,15.50,3.10,true,1,
7290115678970,false,שלישיית סוכריות Fresh בזוקה,שטראוס גרופ בעמ,,,"י""ח",45,ל  גרם,false,1,7.90,17.56,true,1,
7290116242378,false,מיני פופ סוכריה על מקל,שמחה זה אנחנו,,,"י""ח",50,ל  גרם,false,1,11.90,23.80,false,1,
7290116243993,false,אצבעות ש. ממולא קרם חלב 50ג חד קרן,שמחה זה אנחנו,,,"י""ח",50,ל  גרם,false,1,4.90,9.80,false,1,
7290116244006,false,אצבעות ש. ממולא קרם חלב 50ג מפרץ,שמחה זה אנחנו,,,"י""ח",50,ל  גרם,false,1,4.90,9.80,false,1,
7290116244075,false,אצבעות ש. חלב 84ג סמי הכבאי,שמחה זה אנחנו,,,"י""ח",84,ל  גרם,false,1,7.90,9.40,false,1,
7290116511177,false,מארז בוקסר לייקרה לגברים,ליאור יבוא ושיווק מוצרי הלבשה,,,"י""ח",1,,false,1,42.90,42.90,false,1,
7290116530109,false,קליק אוקי נוגט לבן OK 35גר.,יוניליוור ישראל שיווק בעמ,,,"י""ח",35,ל  גרם,false,1,3.90,11.14,true,1,
7290116530161,false,"פינוק סבון נוזלי אננס 700מ""ל",יוניליוור ישראל שיווק בעמ,,,"י""ח",750,"ל  מ""ל",false,1,10.90,1.45,false,1,
7290116530185,false,דלישקד 400ג קרמל מלוח.,יוניליוור ישראל שיווק בעמ,,,"י""ח",400,ל  גרם,false,1,21.90,5.48,false,1,
7290116530215,false,אקס סטיק שוקולד 77 גרם,יוניליוור ישראל שיווק בעמ,,,"י""ח",77,ל  גרם,false,1,14.90,19.35,false,1,
7290116530239,false,אקס סטיק בלאק 77 גרם,יוניליוור ישראל שיווק בעמ,,,"י""ח",77,ל  גרם,false,1,14.90,19.35,false,1,
7290116530482,false,מארז קורנפלקס של אלופים 150גר,יוניליוור ישראל שיווק בעמ,,,"י""ח",150,ל  גרם,false,1,10,6.67,false,1,
7290116530871,false,נשנשים מיקס 240 גרם,יוניליוור ישראל שיווק בעמ,,,"י""ח",240,ל  גרם,false,1,12.90,5.38,true,1,
7290116531045,false,"דליפקאן 400ג ללא גלוטן כשל""פ",יוניליוור ישראל שיווק בעמ,,,"י""ח",400,ל  גרם,false,1,21.90,5.48,false,1,
7290116531069,false,בויון בצל רכיבים טבעיים 225ג,יוניליוור ישראל שיווק בעמ,,,"י""ח",225,ל  גרם,false,1,16.90,7.51,false,1,
7290116531076,false,מרק פטריות קנור  225ג,יוניליוור ישראל שיווק בעמ,,,"י""ח",225,ל  גרם,false,1,14.90,6.62,false,1,
7290116531083,false,ברנפלקס שקדים ודבש  400גרם,יוניליוור ישראל שיווק בעמ,,,"י""ח",500,ל  גרם,false,1,19.90,3.98,true,1,
7290116531090,false,דגדג במליחות מעודנת 250גר,יוניליוור ישראל שיווק בעמ,,,"י""ח",250,ל  גרם,false,1,9.90,3.96,true,1,
7290116531243,false,"פינוק שמפו ומרכך נגד קשקשים 700מ""ל",יוניליוור ישראל שיווק בעמ,,,"י""ח",700,"ל  מ""ל",false,1,11.90,1.70,false,1,
7290116531250,false,"פינוק שמפו נגד קשקשים 700מ""ל",יוניליוור ישראל שיווק בעמ,,,"י""ח",700,"ל  מ""ל",false,1,11.90,1.70,false,1,
7290116531564,false,פתית פריכיות קינואה ובזיליקום מאגדת 15,יוניליוור ישראל שיווק בעמ,,,"י""ח",150,ל  גרם,false,1,10.90,7.27,false,1,
7290116531649,false,"פינוק שמפו תפוח 700מ""ל",יוניליוור ישראל שיווק בעמ,,,"י""ח",700,"ל  מ""ל",false,1,11.90,1.70,true,1,
7290116531656,false,"פינוק מרכך תפוח 700מ""ל",יוניליוור ישראל שיווק בעמ,,,"י""ח",700,"ל  מ""ל",false,1,11.90,1.70,true,1,
7290116531663,false,"פינוק תחליב רחצה תפוח 700מ""ל",יוניליוור ישראל שיווק בעמ,,,"י""ח",700,"ל  מ""ל",false,1,10.90,1.56,false,1,
7290116531779,false,בדין דפי מרכך כחול-40.,יוניליוור ישראל שיווק בעמ,,,"י""ח",40,"י""ח",false,1,15.90,0.40,false,1,
7290116531830,false,כריות תלמה קינמון 686ג בדץ,יוניליוור ישראל שיווק בעמ,,,"י""ח",750,ל  גרם,false,1,24.90,3.32,true,1,
7290116531892,false,רוטב ברביקיו מעושן  קנור  340גרם,יוניליוור ישראל שיווק בעמ,,,"י""ח",340,ל  גרם,false,1,10.90,3.21,true,1,
7290116531977,false,"אקס בודי ספריי 150מ""ל Fresh Skateboard",יוניליוור ישראל שיווק בעמ,,,"י""ח",150,"ל  מ""ל",false,1,11.90,7.93,false,1,
7290116532219,false,קורנפלקס  448ג תות,יוניליוור ישראל שיווק בעמ,,,"י""ח",448,ל  גרם,false,1,17.90,4,true,1,
7290116532240,false,טבלת קליק שוקולד חלב עוגיות ודגנים 85ג,יוניליוור ישראל שיווק בעמ,,,"י""ח",100,ל  גרם,false,1,4.90,4.90,true,1,
7290116532264,false,גודיז מאגדת 5יח בטעם פרי אפרסק,גלידות שטראוס בעמ,,,"י""ח",297,ל  גרם,false,1,19.90,6.70,false,1,
7290116532271,false,מאגדת 10יח גודיז סנדוויץ,גלידות שטראוס בעמ,,,"י""ח",297,ל  גרם,false,1,29.90,10.07,false,1,
7290116532585,false,ברנפלקס קראנצ`ים דבש וקימנון 375גרם.,יוניליוור ישראל שיווק בעמ,,,"י""ח",500,ל  גרם,false,1,19.90,3.98,false,1,
7290116532615,false,פינוק שמפו בתוספת תמצית גוג`י ברי 700מ,יוניליוור ישראל שיווק בעמ,,,"י""ח",700,"ל  מ""ל",false,1,11.90,1.70,true,1,
7290116532622,false,"פינוק קונדישנר בתוספת תמצית גוג`י 700מ""ל",יוניליוור ישראל שיווק בעמ,,,"י""ח",700,"ל  מ""ל",false,1,11.90,1.70,true,1,
7290116532721,false,הלמנס רוטב לסלט לימון וזעתר 295ג,יוניליוור ישראל שיווק בעמ,,,"י""ח",295,ל  גרם,false,1,9.90,3.36,true,1,
7290116532738,false,הלמנס רוטב איטלקי 295ג,יוניליוור ישראל שיווק בעמ,,,"י""ח",295,ל  גרם,false,1,9.90,3.36,true,1,
7290116532875,false,פינוק אל סבון בייבי 900מ,יוניליוור ישראל שיווק בעמ,,,"י""ח",900,"ל  מ""ל",false,1,19.90,2.21,false,1,
7290116532882,false,נשנושים איירביס 150ג טעם בצל,יוניליוור ישראל שיווק בעמ,,,"י""ח",150,ל  גרם,false,1,11.90,7.93,false,1,
7290116532899,false,נשנושים איירביס 150ג טעם פלאפל,יוניליוור ישראל שיווק בעמ,,,"י""ח",150,ל  גרם,false,1,11.90,7.93,false,1,
7290116532905,false,נשנושים איירביס 150ג טעם ברביקיו,יוניליוור ישראל שיווק בעמ,,,"י""ח",150,ל  גרם,false,1,11.90,7.93,false,1,
7290116533100,false,"פינוק מרכך בניחוח ורדים לבנים 700מ""ל",יוניליוור ישראל שיווק בעמ,,,"י""ח",700,"ל  מ""ל",false,1,11.90,1.70,true,1,
7290116533216,false,מרק ירקות קנור  235ג,יוניליוור ישראל שיווק בעמ,,,"י""ח",235,ל  גרם,false,1,14.90,6.34,false,1,
7290116533230,false,דליאגוז 400ג אגוזי לוז שלמים,יוניליוור ישראל שיווק בעמ,,,"י""ח",400,ל  גרם,false,1,21.90,5.48,false,1,
7290116930015,false,חטיף חלבון GO קרמל ח.בוטנים קריס 20 גרם.,שקד תבל בעמ,,,"י""ח",1,,false,1,11.90,11.90,false,1,
7290116930282,false,ארוחה בקטנה לאבנה עם קרקרים 150ג,תנובה בעמ ***,,,"י""ח",150,ל  גרם,false,1,7.90,5.27,false,1,
7290116930435,false,יוגורט גו סמיך 0% דובדבן,תנובה בעמ ***,,,"י""ח",200,"ל  מ""ל",false,1,5.90,2.95,true,1,
7290116930459,false,"יופלה שייק פירות 230מ""ל",תנובה בעמ ***,,,"י""ח",230,"ל  מ""ל",false,1,7.90,3.43,false,1,
7290116930480,false,"יופלה שייק פירות 230מ""ל",תנובה בעמ ***,,,"י""ח",230,"ל  מ""ל",false,1,7.90,3.43,false,1,
7290116930626,false,ארוחה בקטנה ציזיק עם קרקרים 150ג,תנובה בעמ ***,,,"י""ח",150,ל  גרם,false,1,7.90,5.27,false,1,
7290116930701,false,מעדן חלב גו טעם קרמל מלוח 120ג,תנובה בעמ ***,,,"י""ח",120,"ל  מ""ל",false,1,5.20,4.33,false,1,
7290116931074,false,טל עמק פרוס 32% 300ג,תנובה בעמ ***,,,"י""ח",300,ל  גרם,false,1,25.90,8.63,false,1,
7290116931081,false,מעדן סויה בטעם טופי קרמל 125ג,תנובה בעמ ***,,,"י""ח",125,"ל  מ""ל",false,1,3.70,2.96,false,1,
7290116931104,false,יופלה גו אננס 0% 200ג,תנובה בעמ ***,,,"י""ח",200,"ל  מ""ל",false,1,5.90,2.95,true,1,
7290117030363,false,כוסות מעוטרות אומן 40יח שווה,ח.כהן סוכנות מזון ומשקאות בע,,,,40,"י""ח",false,1,8.90,0.22,true,1,
7290117030547,false,כוסות חד פעמי שתיה קרה 80יח,ח.כהן סוכנות מזון ומשקאות בע,,,"י""ח",1,"י""ח",false,1,5.90,5.90,true,1,
7290117030752,false,תבניות ארוז *7 שווה,ח.כהן סוכנות מזון ומשקאות בע,,,"י""ח",7,"י""ח",false,1,7.90,1.13,true,1,
7290117030769,false,תבניות ארוז *7 שווה,ח.כהן סוכנות מזון ומשקאות בע,,,"י""ח",7,"י""ח",false,1,7.90,1.13,true,1,
7290117030776,false,תבניות ארוז מלבן עמוק *7 שווה,ח.כהן סוכנות מזון ומשקאות בע,,,"י""ח",7,"י""ח",false,1,7.90,1.13,true,1,
7290117030783,false,תבניות ארוז *4 שווה,ח.כהן סוכנות מזון ומשקאות בע,,,"י""ח",4,"י""ח",false,1,7.90,1.98,true,1,
7290117030790,false,תבניות ארוז *10 אינגליש  שווה,ח.כהן סוכנות מזון ומשקאות בע,,,"י""ח",10,"י""ח",false,1,7.90,0.79,true,1,
7290117030806,false,תבניות ארוז *10 טוסטר  שווה,ח.כהן סוכנות מזון ומשקאות בע,,,"י""ח",10,"י""ח",false,1,7.90,0.79,true,1,
7290117030813,false,תבניות ארוז *4 עגול עמוק שווה,ח.כהן סוכנות מזון ומשקאות בע,,,"י""ח",4,"י""ח",false,1,7.90,1.98,true,1,
7290117030820,false,תבניות ארוז *4 עגול גדול שווה,ח.כהן סוכנות מזון ומשקאות בע,,,"י""ח",4,"י""ח",false,1,7.90,1.98,true,1,
7290117030837,false,תבניות ארוז *10יח אינגליש קצר שווה,ח.כהן סוכנות מזון ומשקאות בע,,,"י""ח",4,"י""ח",false,1,8.90,2.23,false,1,
7290117031001,false,כפפות  ניטריל סינטטי S כחול 80יח שווה,ח.כהן סוכנות מזון ומשקאות בע,,,"י""ח",80,"י""ח",false,1,24.90,0.31,true,1,
7290117031032,false,כפפות  ניטריל סינטטי XL שחור 80יח שווה,ח.כהן סוכנות מזון ומשקאות בע,,,"י""ח",80,"י""ח",false,1,24.90,0.31,true,1,
7290117031056,false,צלחות דקל מרובעות גדולות 10יח שווה,ח.כהן סוכנות מזון ומשקאות בע,,,,10,"י""ח",false,1,14.90,1.49,true,1,
7290117031506,false,"כוסות נייר גודל 8 שווה"" 40יח",ח.כהן סוכנות מזון ומשקאות בע,,,"י""ח",40,"י""ח",false,1,8.90,0.22,true,1,
7290117031520,false,"כוסות נייר גודל 12 שווה"" 40יח.",ח.כהן סוכנות מזון ומשקאות בע,,,"י""ח",40,"י""ח",false,1,13.90,0.35,true,1,
7290117031537,false,"כוסות נייר גודל 16 שווה"" 40יח.",ח.כהן סוכנות מזון ומשקאות בע,,,"י""ח",40,"י""ח",false,1,18.90,0.47,true,1,
7290117031544,false,"כוסות נייר גודל 4 שווה"" 40יח.",ח.כהן סוכנות מזון ומשקאות בע,,,"י""ח",40,"י""ח",false,1,6.90,0.17,true,1,
7290117031551,false,"כוסות נייר גודל 2.5 שווה"" 40יח.",ח.כהן סוכנות מזון ומשקאות בע,,,"י""ח",40,"י""ח",false,1,4.90,0.12,true,1,
7290117031568,false,כוסות  נייר גודל 9 שווה *40יח,ח.כהן סוכנות מזון ומשקאות בע,,,,40,"י""ח",false,1,12.90,0.32,false,1,
7290117032008,false,מזלגונים איכותי  40יח קרם שווה,ח.כהן סוכנות מזון ומשקאות בע,,,"י""ח",40,"י""ח",false,1,6.90,0.17,true,1,
7290117032039,false,סכינים איכותי  40יח קרם שווה,ח.כהן סוכנות מזון ומשקאות בע,,,"י""ח",40,"י""ח",false,1,6.90,0.17,true,1,
7290117032046,false,סכינים איכותי  40יח שקוף שווה,ח.כהן סוכנות מזון ומשקאות בע,,,"י""ח",40,"י""ח",false,1,6.90,0.17,true,1,
7290117032060,false,כפות איכותי  40יח קרם שווה.,ח.כהן סוכנות מזון ומשקאות בע,,,"י""ח",40,"י""ח",false,1,6.90,0.17,true,1,
7290117032077,false,כפות איכותי  40יח שקוף שווה,ח.כהן סוכנות מזון ומשקאות בע,,,"י""ח",40,"י""ח",false,1,6.90,0.17,true,1,
7290117032084,false,כפות איכותי  40יח צבעוני שווה,ח.כהן סוכנות מזון ומשקאות בע,,,"י""ח",40,"י""ח",false,1,6.90,0.17,true,1,
7290117032091,false,כפיות איכותי 40יח קרם שווה,ח.כהן סוכנות מזון ומשקאות בע,,,"י""ח",40,"י""ח",false,1,6.90,0.17,true,1,
7290117032107,false,כפיות איכותי  40יח שקוף שווה,ח.כהן סוכנות מזון ומשקאות בע,,,"י""ח",40,"י""ח",false,1,6.90,0.17,true,1,
7290117260449,false,גבינה בולגרית מעודנת טבעי 200ג,ג.וילי פוד אינטרנשיונל בעמ,,,"י""ח",200,ל  גרם,false,1,9.90,4.95,false,1,
7290117260470,false,גבינה בולגרית מעודנת עם שום  200ג,ג.וילי פוד אינטרנשיונל בעמ,,,"י""ח",200,ל  גרם,false,1,9.90,4.95,false,1,
7290117260562,false,חמאה בגביע 225ג,ג.וילי פוד אינטרנשיונל בעמ,,,"י""ח",225,ל  גרם,false,1,16.90,7.51,false,1,
7290117260890,false,פופקורן טעם קוקוס  90גר,ג.וילי פוד אינטרנשיונל בעמ,,,"י""ח",90,ל  גרם,false,1,6.90,7.67,true,1,
7290117260951,false,ביסקוויטים פירות הדר ללא גלוטן 125ג,ג.וילי פוד אינטרנשיונל בעמ,,,"י""ח",125,ל  גרם,false,1,9.90,7.92,true,1,
7290117261378,false,גבינת קשקבל לייט 250ג 8%,ג.וילי פוד אינטרנשיונל בעמ,,,"י""ח",250,ל  גרם,false,1,15.90,6.36,false,1,
7290117261415,false,יוגורט פרוביוטי 2.7% שומן 125גר,ג.וילי פוד אינטרנשיונל בעמ,,,"י""ח",150,ל  גרם,false,1,2.90,1.93,false,1,
7290117261422,false,יוגורט פרוביוטי עם תות שדה  2% שומן,ג.וילי פוד אינטרנשיונל בעמ,,,"י""ח",150,ל  גרם,false,1,2.90,1.93,false,1,
7290117261439,false,יוגורט פרוביוטי עם פירות יער  2% שומן,ג.וילי פוד אינטרנשיונל בעמ,,,"י""ח",150,ל  גרם,false,1,2.90,1.93,false,1,
7290117261446,false,יוגורט פרוביוטי עם אפרסק ומשמש  2% שומ,ג.וילי פוד אינטרנשיונל בעמ,,,"י""ח",150,ל  גרם,false,1,2.90,1.93,false,1,
7290117261514,false,סלמון אטלנטי בשמן קנולה ולימון  120ג,ג.וילי פוד אינטרנשיונל בעמ,,,"י""ח",120,ל  גרם,false,1,11.90,9.92,true,1,
7290117261521,false,סלמון אטלנטי בשמן קנולה 120ג,ג.וילי פוד אינטרנשיונל בעמ,,,"י""ח",120,ל  גרם,false,1,11.90,9.92,true,1,
7290117261552,false,סלמון אטלנטי ברוטב עגבניות  120ג,ג.וילי פוד אינטרנשיונל בעמ,,,"י""ח",120,ל  גרם,false,1,11.90,9.92,true,1,
7290117261712,false,מלבין קינוח על בסיס חלב 154ג,ג.וילי פוד אינטרנשיונל בעמ,,,"י""ח",154,ל  גרם,false,1,5.90,3.83,false,1,
7290117261934,false,בסיס לחצפורי מוקפאים 460ג,ג.וילי פוד אינטרנשיונל בעמ,,,"י""ח",450,ל  גרם,false,1,15.90,3.53,false,1,
7290117262764,false,בצק להכנת עוגיות רד וולווט 300ג קפוא,ג.וילי פוד אינטרנשיונל בעמ,,,"י""ח",300,ל  גרם,false,1,16.90,5.63,false,1,
7290117262771,false,בצק להכנת עוגיות קרמל מלוח 300ג קפוא,ג.וילי פוד אינטרנשיונל בעמ,,,"י""ח",300,ל  גרם,false,1,16.90,5.63,false,1,
7290117262788,false,בצק להכנת עוגיות פטל שוק. ל.  300ג קפוא,ג.וילי פוד אינטרנשיונל בעמ,,,"י""ח",300,ל  גרם,false,1,16.90,5.63,false,1,
7290117262795,false,בצק להכנת עוגיות טעם שוקולד 300ג קפו,ג.וילי פוד אינטרנשיונל בעמ,,,"י""ח",300,ל  גרם,false,1,16.90,5.63,false,1,
7290117262801,false,בצק להכנת עוגיות שוק. ציפס 300ג קפוא,ג.וילי פוד אינטרנשיונל בעמ,,,"י""ח",300,ל  גרם,false,1,16.90,5.63,false,1,
7290117262931,false,קינוח בטעם מנגו 85ג,ג.וילי פוד אינטרנשיונל בעמ,,,"י""ח",85,ל  גרם,false,1,8.40,9.88,false,1,
7290117262948,false,קינוח בטעם טירמיסו 85ג,ג.וילי פוד אינטרנשיונל בעמ,,,"י""ח",85,ל  גרם,false,1,8.40,9.88,false,1,
7290117262955,false,קינוח בטעם שוקולד בלגי 85ג,ג.וילי פוד אינטרנשיונל בעמ,,,"י""ח",85,ל  גרם,false,1,8.40,9.88,false,1,
7290117262962,false,קינוח בטעם שוקולד קרמל 85ג,ג.וילי פוד אינטרנשיונל בעמ,,,"י""ח",85,ל  גרם,false,1,8.40,9.88,false,1,
7290117262979,false,קינוח בטעם שוקולד ופירות יער 85ג,ג.וילי פוד אינטרנשיונל בעמ,,,"י""ח",85,ל  גרם,false,1,8.40,9.88,false,1,
7290117263020,false,"משקה יוגורט פרוביוטי  200מ""ל 2.3%",ג.וילי פוד אינטרנשיונל בעמ,,,"י""ח",200,ל  גרם,false,1,4.90,2.45,true,1,
7290117380154,false,"רוטב אסיאתי עם סויה 264מ""ל מאסטר שף",ש.שסטוביץ בעמ,,,"י""ח",264,ל  גרם,false,1,10.90,4.13,false,1,
7290117380185,false,סוויט פוף שוקולד חלב ולבן 50ג,ש.שסטוביץ בעמ,,,"י""ח",40,ל  גרם,false,1,5.20,13,false,1,
7290117380215,false,פוף קראנץ בטעם טאקו 60גר,ש.שסטוביץ בעמ,,,"י""ח",40,ל  גרם,false,1,3.90,9.75,true,1,
7290117380857,false,מרבה סלים דלים עוגיות טעם לימון 120ג,ש.שסטוביץ בעמ,,,"י""ח",120,ל  גרם,false,1,12.90,10.75,true,1,
7290117382578,false,"מארז קולגייט טוטאל 75מ""ל+מברשת",ש.שסטוביץ בעמ,,,"י""ח",100,"ל  מ""ל",false,1,21.90,21.90,false,1,
7290117383711,false,"זוג פלמוליב חלב ודבש 750מ""ל",ש.שסטוביץ בעמ,,,"י""ח",1.50,ליטר,false,1,31.90,21.27,true,1,
7290117383728,false,"זוג פלמוליב לומינוס אבוקדו 750מ""ל",ש.שסטוביץ בעמ,,,"י""ח",1.50,ליטר,false,1,31.90,21.27,true,1,
7290117383735,false,"זוג פלמוליב חימר ורדים 750מ""ל",ש.שסטוביץ בעמ,,,"י""ח",1.50,ליטר,false,1,31.90,21.27,true,1,
7290117383742,false,"זוג פלמוליב גבר מרענן 750מ""ל",ש.שסטוביץ בעמ,,,"י""ח",1.50,ליטר,false,1,31.90,21.27,true,1,
7290117383780,false,"זוג פלמוליב  750מ""ל.",ש.שסטוביץ בעמ,,,"י""ח",1.50,ליטר,false,1,31.90,21.27,true,1,
7290117760918,false,כוס נייר טאצ  9 OZ שרוול 50כוסות,שניב תעשיות נייר בעמ,,,"י""ח",50,"י""ח",false,1,11.90,0.24,true,1,
7290117860038,false,"הוואי תחליב רחצה יוגורט  700מ""ל אוכמניות",הנקל סוד בעמ,,,"י""ח",700,"ל  מ""ל",false,1,14.90,2.13,true,1,
7290117860045,false,"הוואי שמפו לשיער רגיל 700מ""ל",הנקל סוד בעמ,,,"י""ח",700,"ל  מ""ל",false,1,14.90,2.13,true,1,
7290117860083,false,"הוואי קרם רחצה בניחוח איריס 700מ""ל",הנקל סוד בעמ,,,"י""ח",700,"ל  מ""ל",false,1,14.90,2.13,true,1,
7290117860090,false,"הוואי מרכך לשיער רגיל 700מ""ל",הנקל סוד בעמ,,,"י""ח",700,"ל  מ""ל",false,1,14.90,2.13,true,1,
7290117860137,false,"הוואי קרם רחצה בניחוח פרח הקמליה 700מ""ל",הנקל סוד בעמ,,,"י""ח",700,"ל  מ""ל",false,1,14.90,2.13,true,1,
7290117860182,false,"הוואי תחליב רחצה בניחוח מגנוליה  700מ""ל",הנקל סוד בעמ,,,"י""ח",700,"ל  מ""ל",false,1,14.90,2.13,true,1,
7290117860199,false,"הוואי שמפו מעניק לחות לשיער יבש 700מ""ל",הנקל סוד בעמ,,,"י""ח",700,"ל  מ""ל",false,1,14.90,2.13,true,1,
7290117860236,false,"הוואי קרם רחצה בניחוח ויולה ורודה  700מ""",הנקל סוד בעמ,,,"י""ח",700,"ל  מ""ל",false,1,14.90,2.13,true,1,
7290117860243,false,"הוואי מרכך מעניק לחות לשיער יבש 700מ""ל",הנקל סוד בעמ,,,"י""ח",700,"ל  מ""ל",false,1,14.90,2.13,true,1,
7290117860298,false,"הוואי שמפו קרטין מחזק 700מ""ל",הנקל סוד בעמ,,,"י""ח",700,"ל  מ""ל",false,1,14.90,2.13,true,1,
7290117860335,false,"הוואי ג`ל רחצה  לגבר 700 מ""ל",הנקל סוד בעמ,,,"י""ח",700,"ל  מ""ל",false,1,14.90,2.13,true,1,
7290117860397,false,"הוואי שמפו פריחת דובדבן 700מ""ל",הנקל סוד בעמ,,,"י""ח",700,"ל  מ""ל",false,1,14.90,2.13,true,1,
7290117860540,false,"הוואי שמפו עדין לילדים 700מ""ל",הנקל סוד בעמ,,,"י""ח",700,"ל  מ""ל",false,1,14.90,2.13,true,1,
7290117860595,false,"הוואי מרכך מתיר קשרים לילדים 700מ""ל",הנקל סוד בעמ,,,"י""ח",700,"ל  מ""ל",false,1,14.90,2.13,true,1,
7290117860649,false,"הוואי שמפו ללא סולפטים 700מ""ל",הנקל סוד בעמ,,,"י""ח",700,"ל  מ""ל",false,1,14.90,2.13,true,1,
7290117860748,false,"הוואי שמפו מעניק נפח 700מ""ל",הנקל סוד בעמ,,,"י""ח",700,"ל  מ""ל",false,1,14.90,2.13,true,1,
7290117860793,false,"הוואי מרכך מעניק נפח 700מ""ל",הנקל סוד בעמ,,,"י""ח",700,"ל  מ""ל",false,1,14.90,2.13,true,1,
7290117860847,false,הוואי שמפו 4ב1 לגבר רעננות קרירה  700מ,הנקל סוד בעמ,,,"י""ח",700,"ל  מ""ל",false,1,14.90,2.13,true,1,
7290117860892,false,"הוואי תחליב רחצה יוגורט  700 מ""ל דבש",הנקל סוד בעמ,,,"י""ח",700,"ל  מ""ל",false,1,14.90,2.13,true,1,
7290117860946,false,"הוואי תחליב רחצה יוגורט  700 מ""ל קוקוס",הנקל סוד בעמ,,,"י""ח",700,"ל  מ""ל",false,1,14.90,2.13,true,1,
7290117901168,false,מיקס אגוזים וחמוציות 250גר ששון הקולה,דין שיווק וקליה 2021 בעמ,,,"י""ח",250,ל  גרם,false,1,20,8,false,1,
7290117901205,false,טורטיה דגנים בתוספת שומשום ופשתן,דין שיווק וקליה 2021 בעמ,,,"י""ח",360,ל  גרם,false,1,9.90,2.75,false,1,
7290117901762,false,בוטן רביולי 200גר מחנה יהודה,דין שיווק וקליה 2021 בעמ****,,,"י""ח",200,ל  גרם,false,1,24.90,12.45,true,1,
7290117901786,false,גרעיני דלעת קלופים 250גר מחנה יהודה,דין שיווק וקליה 2021 בעמ****,,,"י""ח",250,ל  גרם,false,1,19.90,7.96,true,1,
7290117901793,false,גרעיני חמניה קלופים 250גר מחנה יהודה,דין שיווק וקליה 2021 בעמ****,,,"י""ח",250,ל  גרם,false,1,14.90,5.96,true,1,
7290117901816,false,אגוז קשיו טבעי 250גר מחנה יהודה,דין שיווק וקליה 2021 בעמ****,,,"י""ח",250,ל  גרם,false,1,29.90,11.96,true,1,
7291044045826,false,פלטת שבת 6 סירים.,סמיקום לקסיס בעמ,,,"י""ח",1,,false,1,159.90,159.90,false,1,
7291044066296,false,טוסטר לחיצה ל2 פרוסות גריל.,סמיקום לקסיס בעמ,,,"י""ח",1,,false,1,69.90,69.90,false,1,
7291044083309,false,קומקום חשמלי 1.7ליטר זכוכית לבן יונדא,סמיקום לקסיס בעמ,,,"י""ח",1,,false,1,99.90,99.90,false,1,
7291044091304,false,מיקסר יד חשמלי  250W יונדאי.,סמיקום לקסיס בעמ,,,"י""ח",1,,false,1,99.90,99.90,false,1,
7291044091328,false,בלנדר  חשמלי(מוט) 400W יונדאי.,סמיקום לקסיס בעמ,,,"י""ח",1,,false,1,69.90,69.90,false,1,
7291044097078,false,מצנם ל -2פרוסות יונדאי 750W אדום,סמיקום לקסיס בעמ,,,"י""ח",1,,false,1,69.90,69.90,false,1,
7291044101706,false,מפזר חום 2000W יונדאי,סמיקום לקסיס בעמ,,,"י""ח",1,,false,1,59.90,59.90,false,1,
7291044125085,false,"פנס קיר 6W סאן 60 לדים 393מ""מ.",סמיקום לקסיס בעמ,,,"י""ח",1,,false,1,59,59,false,1,
7291045000442,false,פחם אלשאם 2 ק``ג,מחמד זייד,,,"י""ח",1,,false,1,13.90,13.90,false,1,
7296015024312,false,בצקינו,צבע ומכחול (2014) בעמ,,,"י""ח",1,,false,1,19.90,19.90,false,1,
7296058000069,false,פריכיות אורז מארז 310גר,א.ג בחירה חכמה בעמ,,,"י""ח",310,ל  גרם,false,1,13.90,4.48,false,1,
7296058110010,false,פריכיות אורז מלא 110גר,א.ג בחירה חכמה בעמ,,,"י""ח",110,ל  גרם,false,1,5.50,5,false,1,
7296058110041,false,פריכיות אורז תירס 110גר,א.ג בחירה חכמה בעמ,,,"י""ח",110,ל  גרם,false,1,5.50,5,false,1,
7297028161575,false,עשיריית גרבי אקטיב גבר 40-46,ביג מול בעמ,,,"י""ח",1,,false,1,29.90,29.90,false,1,
7297070000358,false,קרנה-ברך 40לייקרה,אחים וייס ישי ייצור בעמ,,,"י""ח",1,,false,1,11.90,11.90,false,1,
7297070001065,false,גרבי מכנס,אחים וייס ישי ייצור בעמ,,,"י""ח",1,,false,1,12.90,12.90,false,1,
7297070001133,false,"גרביון נשים 100דנ""",אחים וייס ישי ייצור בעמ,,,"י""ח",1,,false,1,39.90,39.90,false,1,
7297070001140,false,גרביון ילדות 70 דינר,אחים וייס ישי ייצור בעמ,,,"י""ח",1,,false,1,15.90,15.90,false,1,
7297070001225,false,"גרביון נשים 15דנ""",אחים וייס ישי ייצור בעמ,,,"י""ח",1,,false,1,12.90,12.90,false,1,
7297070001232,false,גרבי מכנס לנשים,אחים וייס ישי ייצור בעמ,,,"י""ח",1,,false,1,13.90,13.90,false,1,
7297070001287,false,קרסוליות גבר,אחים וייס ישי ייצור בעמ,,,"י""ח",1,,false,1,12.90,12.90,false,1,
7297070001294,false,קרסוליות נשים כותנה,אחים וייס ישי ייצור בעמ,,,"י""ח",1,,false,1,12.90,12.90,false,1,
7297070001522,false,גרביון נשים תרמי 150דינר,אחים וייס ישי ייצור בעמ,,,"י""ח",1,,false,1,15.90,15.90,false,1,
7297070001546,false,גרביון נשים מיקרופייבר 80דינר,אחים וייס ישי ייצור בעמ,,,"י""ח",1,,false,1,15.90,15.90,false,1,
7297070001553,false,גרביון נשים מיקרופייבר 120דינר לגינג,אחים וייס ישי ייצור בעמ,,,"י""ח",1,,false,1,22.90,22.90,false,1,
7297070001669,false,לורה תחתון בנות *5,אחים וייס ישי ייצור בעמ,,,"י""ח",1,,false,1,26.90,26.90,false,1,
7297070001829,false,תחתון נשים *5 לייקרה,אחים וייס ישי ייצור בעמ,,,"י""ח",1,,false,1,35.90,35.90,false,1,
7297070001867,false,תחתון  לגבר רוקי זוג,אחים וייס ישי ייצור בעמ,,,"י""ח",1,,false,1,26.90,26.90,false,1,
7297070002130,false,אליזי נשים 120 דינר,אחים וייס ישי ייצור בעמ,,,"י""ח",2,"י""ח",false,1,22.90,11.45,false,1,
7297070002307,false,קרסוליות  לגבר,אחים וייס ישי ייצור בעמ,,,"י""ח",1,,false,1,14.90,14.90,false,1,
7297070002314,false,עקביות לגבר כותנה,אחים וייס ישי ייצור בעמ,,,"י""ח",1,,false,1,14.90,14.90,false,1,
7297070002321,false,עקביות נשים כותנה,אחים וייס ישי ייצור בעמ,,,"י""ח",1,,false,1,14.90,14.90,false,1,
7297070002338,false,קרסוליות לנשים,אחים וייס ישי ייצור בעמ,,,"י""ח",1,,false,1,14.90,14.90,false,1,
7297070003137,false,כותניון חורף,אחים וייס ישי ייצור בעמ,,,"י""ח",1,,false,1,12.90,12.90,false,1,
7297070003687,false,גרבי גברים *3 כותנה סרוקה ללא תפר,אחים וייס ישי ייצור בעמ,,,"י""ח",1,,false,1,19.90,19.90,false,1,
7297070003724,false,לונג 6*40 ירך ילדות,אחים וייס ישי ייצור בעמ,,,"י""ח",1,,false,1,32.90,32.90,false,1,
7297094017479,false,"שמיכת כבש ממולאת מודפסת זוגי 220/200ס""",רומנטקס בעמ,,,"י""ח",1,,false,1,109.90,109.90,true,1,
7297094102977,false,"מגבת פנים אנג`לינה 50/90ס""מ כחול",רומנטקס בעמ,,,"י""ח",1,,false,1,14.90,14.90,true,1,
7297094103042,false,מגבת גוף אנג`לינה לבן,רומנטקס בעמ,,,"י""ח",1,,false,1,29.90,29.90,true,1,
7297094103066,false,"מגבת גוף אנג`לינה 68/128ס""מ אפור",רומנטקס בעמ,,,"י""ח",1,,false,1,29.90,29.90,true,1,
7297094103103,false,"מגבת גוף אנג`לינה 68/128ס""מ טורקיז",רומנטקס בעמ,,,"י""ח",1,,false,1,29.90,29.90,true,1,
7297174000056,false,קרסוליות במבוק נשים *3,אחים וייס ישי ייצור בעמ,,,"י""ח",1,,false,1,29.90,29.90,false,1,
7297174000063,false,גרבי תינוקות *3,אחים וייס ישי ייצור בעמ,,,"י""ח",1,,false,1,13.90,13.90,false,1,
7297174000544,false,בוקסר לגבר,אחים וייס ישי ייצור בעמ,,,"י""ח",1,,false,1,13.90,13.90,false,1,
7297174000643,false,4 זוגות גרבי מכנס לילדות,אחים וייס ישי ייצור בעמ,,,"י""ח",1,,false,1,32.90,32.90,false,1,
7297174000735,false,3 זוגות גרבי מכנס,אחים וייס ישי ייצור בעמ,,,"י""ח",1,,false,1,32.90,32.90,false,1,
7297174000827,false,"גרביון נשים 20 דנ""מידות גדולות",אחים וייס ישי ייצור בעמ,,,"י""ח",1,,false,1,13.90,13.90,false,1,
7297174000896,false,גרביון אנבל נשים 10דנר,אחים וייס ישי ייצור בעמ,,,"י""ח",1,,false,1,12.90,12.90,false,1,
7297174000995,false,גרבי ילדים *3,אחים וייס ישי ייצור בעמ,,,"י""ח",1,,false,1,13.90,13.90,false,1,
7297174001015,false,"אליזי 2*60 גרביון ילדות 50דנ""",אחים וייס ישי ייצור בעמ,,,"י""ח",2,"י""ח",false,1,22.90,11.45,false,1,
7297174001053,false,טייץ מיקרופייבר נשים 80דינר,אחים וייס ישי ייצור בעמ,,,"י""ח",1,,false,1,15.90,15.90,false,1,
7297488098183,false,קמח אורז דגש 500 גרם,נטורפוד בעמ,,,"י""ח",500,"ל  מ""ל",false,1,10.90,2.18,false,1,
7297488098688,false,"פצפוצי אורז מלא 450גר לל""ס",נטורפוד בעמ,,,"י""ח",450,ל  גרם,false,1,19.90,4.42,false,1,
7297488099906,false,פרוסות בסיגנון קלאסי 18% 200גר,קפוא זן תעשיות מזון בעמ,,,"י""ח",200,ל  גרם,false,1,19.90,9.95,false,1,
7297488199620,false,פצפוצי אורז מלא  450ג,נטורפוד בעמ,,,"י""ח",450,ל  גרם,false,1,19.90,4.42,false,1,
7297579004765,false,כרית ויסקו חלומות,דהן פרוספר בעמ,,,"י""ח",1,,false,1,99.90,99.90,false,1,
7297579006851,false,מגן מזרן איכותי יחיד,דהן פרוספר בעמ,,,"י""ח",1,,false,1,29.90,29.90,false,1,
7297579006868,false,מגן מזרן איכותי מיטה וחצי,דהן פרוספר בעמ,,,"י""ח",1,,false,1,34.90,34.90,false,1,
7297579006875,false,מגן מזרן איכותי זוגי,דהן פרוספר בעמ,,,"י""ח",1,,false,1,44.90,44.90,false,1,
7297579006882,false,מגן מזרן איכותי 1.8,דהן פרוספר בעמ,,,"י""ח",1,,false,1,49.90,49.90,false,1,
7297579006899,false,זוג מגיני כרית איכותי,דהן פרוספר בעמ,,,"י""ח",1,,false,1,24.90,24.90,false,1,
7297579010537,false,שטיח מטבח מודפס רומא 50/80,דהן פרוספר בעמ,,,"י""ח",1,,false,1,45.90,45.90,false,1,
7297579011121,false,כרית ויסקו ג`ל,דהן פרוספר בעמ,,,"י""ח",1,,false,1,109.90,109.90,false,1,
7297579011329,false,מגבת מדאם גוף,דהן פרוספר בעמ,,,"י""ח",1,,false,1,29.90,29.90,true,1,
7297579011350,false,שמיכת כירבולית לונדון,דהן פרוספר בעמ,,,"י""ח",1,,false,1,14.90,14.90,true,1,
7297579011466,false,שמיכת חורף חרמון יחיד,דהן פרוספר בעמ,,,"י""ח",1,,false,1,34.90,34.90,false,1,
7297579011473,false,שמיכת חורף חרמון זוגי,דהן פרוספר בעמ,,,"י""ח",1,,false,1,49.90,49.90,false,1,
7297579011565,false,שלישיית מגבות מטבח גינגר,דניאלה ע.י בעמ,,,"י""ח",1,,false,1,11.90,11.90,false,1,
7297579011572,false,שלישיית מגבות מטבח זיג זג,דניאלה ע.י בעמ,,,"י""ח",1,,false,1,11.90,11.90,false,1,
7297579011596,false,מפת שולחן דגם דיאנה 150/300,דהן פרוספר בעמ,,,"י""ח",1,,false,1,59.90,59.90,false,1,
7297579011602,false,מפת שולחן דגם דיאנה 150/350,דהן פרוספר בעמ,,,"י""ח",1,,false,1,64.90,64.90,false,1,
7297579011619,false,מפת שולחן דגם דיאנה 150/400,דהן פרוספר בעמ,,,"י""ח",1,,false,1,75.90,75.90,false,1,
7297579011633,false,מפת שולחן דגם דובאי 150/300,דהן פרוספר בעמ,,,"י""ח",1,,false,1,54.90,54.90,false,1,
7297579011640,false,מפת שולחן דגם דובאי 150/350,דהן פרוספר בעמ,,,"י""ח",1,,false,1,69.90,69.90,false,1,
7297579011657,false,מפת שולחן דגם דובאי 150/400,דהן פרוספר בעמ,,,"י""ח",1,,false,1,79.90,79.90,false,1,
7297579011688,false,מפת שולחן דגם ויקטוריה 150/350,דהן פרוספר בעמ,,,"י""ח",1,,false,1,69.90,69.90,false,1,
7297579011695,false,מפת שולחן דגם ויקטוריה 150/400,דהן פרוספר בעמ,,,"י""ח",1,,false,1,79.90,79.90,false,1,
7297579011725,false,מפת שולחן דגם נאיה 150/350,דהן פרוספר בעמ,,,"י""ח",1,,false,1,69.90,69.90,false,1,
7297579011732,false,מפת שולחן דגם נאיה 150/400,דהן פרוספר בעמ,,,"י""ח",1,,false,1,79.90,79.90,false,1,
7297579011756,false,מפת שולחן דגם סהרה 150/300,דהן פרוספר בעמ,,,"י""ח",1,,false,1,59.90,59.90,false,1,
7297579011770,false,מפת שולחן דגם סהרה 150/400,דהן פרוספר בעמ,,,"י""ח",1,,false,1,79.90,79.90,false,1,
7297579011862,false,שטיח אמבטיה דגם פופי 50*80,דהן פרוספר בעמ,,,"י""ח",1,,false,1,25.90,25.90,false,1,
7297579011879,false,שטיח אמבטיה דגם פופי 90*60,דהן פרוספר בעמ,,,"י""ח",1,,false,1,34.90,34.90,false,1,
7297579011886,false,שטיח אמבטיה דגם פופי 120*60,דהן פרוספר בעמ,,,"י""ח",1,,false,1,44.90,44.90,false,1,
7297579012036,false,כיסוי סלון אליזבט,דהן פרוספר בעמ,,,"י""ח",1,,false,1,139.90,139.90,false,1,
7312040017683,false,מארז אבסולוט רגיל(וודקה {}{700 עם כוס,טמפו משקאות בעמ,,,"י""ח",750,"ל  מ""ל",false,1,69.90,9.28,true,1,
7394376620294,false,אוטלי משקה שיבולת שועל בטעם וניל,ש.שסטוביץ בעמ,,,"י""ח",1,ליטר,false,1,15.90,15.90,false,1,
7450026800499,false,נעלי בית חורף גברים SY013 שחור,ביג מול בעמ,,,"י""ח",1,,false,1,39.90,39.90,false,1,
7450026800505,false,נעלי בית חורף גברים SY013 ירוק,ביג מול בעמ,,,"י""ח",1,,false,1,39.90,39.90,false,1,
7450026800512,false,נעלי בית חורף גברים SY013 אפור,ביג מול בעמ,,,"י""ח",1,,false,1,39.90,39.90,false,1,
7501013122114,false,נקטר אננס 1ליטר JUMEX קרטונית,טמפו משקאות בעמ,,,"י""ח",1,ליטר,false,1,9.30,9.30,false,1,
7501064191398,false,"בירה קורונה שישייה *355מ""ל.",תימקו בירה בעמ,,,"י""ח",6,"י""ח",false,1,39.90,6.35,true,1,
7509546057545,false,ליידי ספיד סטיק דרמה פנינה סטיק,ש.שסטוביץ בעמ,,,"י""ח",45,"ל  מ""ל",false,1,24.90,55.33,true,1,
7509546061160,false,"קולגייט מ.ילדים מיניונים 75מ""ל",ש.שסטוביץ בעמ,,,"י""ח",100,"ל  מ""ל",false,1,14.90,14.90,false,1,
7610100034084,false,מיונז טומי 265ג,ליימן שליסל,,,"י""ח",265,ל  גרם,false,1,11.90,4.49,false,1,
7610113011652,false,"בקרדי בריזר תפוח 275מ""ל",טמפו משקאות בעמ,,,"י""ח",275,"ל  מ""ל",false,1,14.20,5.05,true,1,
7610211130903,false,הרמזית 800 טבליות,דיפלומט מפיצים (1968) בעמ**,,,"י""ח",800,ל  גרם,false,1,27.50,3.44,false,1,
7610243004463,false,"דורגול מרסס קצף 500מ""ל",יעקב יעקבי ובניו בעמ,,,"י""ח",500,"ל  מ""ל",false,1,19.90,3.98,true,1,
7610400068505,false,בונ`לינדור מילק 200גר`,מ.סידס ובנו בעמ,,,"י""ח",1,,false,1,24.90,24.90,false,1,
7610400091060,false,לינדט אקסלנס תפוז 100ג,מ.סידס ובנו בעמ,,,"י""ח",100,ל  גרם,false,1,16.90,16.90,true,1,
7610700009956,false,ריקולה 50ג דיאטטי סמבוקוס,שוקוטרייד בעמ,,,"י""ח",50,ל  גרם,false,1,13.90,27.80,false,1,
7610700010778,false,ריקולה 50ג ללא ת.סוכר פטל חמוציות 50ג,שוקוטרייד בעמ,,,"י""ח",50,ל  גרם,false,1,13.90,27.80,false,1,
7610700012642,false,ריקולה שקית 70ג לימון,שוקוטרייד בעמ,,,"י""ח",70,ל  גרם,false,1,11.90,17,false,1,
7610700607046,false,ריקולה 50ג דיאטטי לימון,שוקוטרייד בעמ,,,"י""ח",50,ל  גרם,false,1,13.90,27.80,false,1,
7610700607077,false,ריקולה 50ג דיאטטי תפוז,שוקוטרייד בעמ,,,"י""ח",50,ל  גרם,false,1,13.90,27.80,false,1,
7610700614914,false,ריקולה 50ג דיאטטי קרנברי,שוקוטרייד בעמ,,,"י""ח",50,ל  גרם,false,1,13.90,27.80,false,1,
7613030979647,false,טריקס פירות  480גר,קבוצת אוסם סחר-שות.מוגבלת,,,"י""ח",4.80,"י""ח",false,1,19.90,4.15,true,1,
7613032045753,false,פיטנס שוקולד 375גרם,קבוצת אוסם סחר-שות.מוגבלת,,,"י""ח",375,ל  גרם,false,1,22.90,6.11,true,1,
7613033548192,false,פיטנס שוקולד מריר 375 גרם,קבוצת אוסם סחר-שות.מוגבלת,,,"י""ח",375,ל  גרם,false,1,22.90,6.11,true,1,
7613035622623,false,פיטנס גרנולה שקדים ודבש 300גר,קבוצת אוסם סחר-שות.מוגבלת,,,"י""ח",300,ל  גרם,false,1,15.90,5.30,false,1,
7613035635845,false,פיטנס גרנולה שוקולד 300גר,קבוצת אוסם סחר-שות.מוגבלת,,,"י""ח",300,ל  גרם,false,1,15.90,5.30,false,1,
7613035758834,false,פיטנס גרנולה חמוציות  300גר,קבוצת אוסם סחר-שות.מוגבלת,,,"י""ח",300,ל  גרם,false,1,15.90,5.30,false,1,
7613035807778,false,רוטב עגבניות לבלונז 400ג אוסם,קבוצת אוסם סחר-שות.מוגבלת,,,"י""ח",400,ל  גרם,false,1,9.90,2.48,true,1,
7613035809109,false,פרפקטו רוטב עגבניות ובזיליקום 400ג,קבוצת אוסם סחר-שות.מוגבלת,,,"י""ח",400,ל  גרם,false,1,9.90,2.48,true,1,
7613035809123,false,רוטב עגבניות עם פלפלים  400ג,קבוצת אוסם סחר-שות.מוגבלת,,,"י""ח",400,ל  גרם,false,1,9.90,2.48,true,1,
7613036105576,false,"דוגלי בוגר עוף 3ק""ג",קבוצת אוסם סחר-שות.מוגבלת,,,"י""ח",3,"ק""ג",false,1,42.90,14.30,false,1,
7613036105651,false,"דוגלי בוגר בקר 12 ק""ג",קבוצת אוסם סחר-שות.מוגבלת,,,"י""ח",12,"ק""ג",false,1,122,10.17,false,1,
7613036387798,false,פיטנס יוגורט 350ג,קבוצת אוסם סחר-שות.מוגבלת,,,"י""ח",350,ל  גרם,false,1,22.90,6.54,true,1,
7613036520492,false,פרפקטו רוטב עגבניות לפיצה  400ג,קבוצת אוסם סחר-שות.מוגבלת,,,"י""ח",400,ל  גרם,false,1,9.90,2.48,true,1,
7613036725309,false,דנטלייף חתול עוף 40גר,קבוצת אוסם סחר-שות.מוגבלת,,,"י""ח",40,ל  גרם,false,1,10.90,27.25,false,1,
7613036737623,false,דגני בוקר קראנץ מיקס  410גר,קבוצת אוסם סחר-שות.מוגבלת,,,"י""ח",410,ל  גרם,false,1,19.90,4.85,true,1,
7613036976695,false,פריסקיז   פאוצ`בקר ברוטב  85גר,קבוצת אוסם סחר-שות.מוגבלת,,,"י""ח",80,ל  גרם,false,1,4.90,6.13,false,1,
7613037686906,false,פיטנס דבש ושקדים 355  גר`:,קבוצת אוסם סחר-שות.מוגבלת,,,"י""ח",355,ל  גרם,false,1,22.90,6.45,true,1,
7613037687132,false,פיטנס שקדים ודבש 585ג,קבוצת אוסם סחר-שות.מוגבלת,,,"י""ח",585,ל  גרם,false,1,22.90,3.91,true,1,
7613038268262,false,האני נאט צ`יריוס מופחת סוכר 410גר,קבוצת אוסם סחר-שות.מוגבלת,,,"י""ח",410,ל  גרם,false,1,20.90,5.10,true,1,
7613038451954,false,קראנץ שוקולד מופחת סוכר 410גר,קבוצת אוסם סחר-שות.מוגבלת,,,"י""ח",410,ל  גרם,false,1,19.90,4.85,true,1,
7613039547632,false,גרבר מחית תפוח בננה תות פאוץ 90גר,קבוצת אוסם סחר-שות.מוגבלת,,,"י""ח",90,ל  גרם,false,1,5.90,6.56,true,1,
7613039770450,false,טבעול סנסשיונל בורגר צמחוני 226ג.,קבוצת אוסם סחר-שות.מוגבלת,,,"י""ח",226,ל  גרם,false,1,29.90,13.23,false,1,
7613039880807,false,גרבר מחית תפוח וגזר 190גר,קבוצת אוסם סחר-שות.מוגבלת,,,"י""ח",190,ל  גרם,false,1,6.90,3.63,false,1,
7613039881521,false,גרבר מחית מנגו 190גר,קבוצת אוסם סחר-שות.מוגבלת,,,"י""ח",190,ל  גרם,false,1,6.90,3.63,false,1,
7613039881965,false,גרבר מחית תפוח מנגו 190גר,קבוצת אוסם סחר-שות.מוגבלת,,,"י""ח",190,ל  גרם,false,1,6.90,3.63,false,1,
7613287121783,false,סמארטיס מיני 187גר,קבוצת אוסם סחר-שות.מוגבלת,,,"י""ח",187,ל  גרם,false,1,14.40,7.70,false,1,
7613287186928,false,סטארבקס קפסולות ברקפסט רוסט 56גר.,קבוצת אוסם סחר-שות.מוגבלת,,,"י""ח",56,ל  גרם,false,1,21.90,39.11,true,1,
7613287325808,false,מטבל איולי שום 295גר,קבוצת אוסם סחר-שות.מוגבלת,,,"י""ח",295,"ל  מ""ל",false,1,15.90,5.39,true,1,
7613287325853,false,מטבל איולי ספייסי 295גר,קבוצת אוסם סחר-שות.מוגבלת,,,"י""ח",295,"ל  מ""ל",false,1,14.90,5.05,true,1,
7613287394323,false,מולטי ציריוס 600גר,קבוצת אוסם סחר-שות.מוגבלת,,,"י""ח",500,ל  גרם,false,1,19.90,3.98,true,1,
7613287476494,false,מיונז בסגנון צרפתי 280גר,קבוצת אוסם סחר-שות.מוגבלת,,,"י""ח",295,"ל  מ""ל",false,1,14.90,5.05,true,1,
7613287476678,false,סינימיניס צ`ורוס 360גר,קבוצת אוסם סחר-שות.מוגבלת,,,"י""ח",360,ל  גרם,false,1,19.90,5.53,true,1,
7613287821348,false,טבעול נתחוני עוף טבעוני סנסשיונל 350גר,קבוצת אוסם סחר-שות.מוגבלת,,,"י""ח",500,ל  גרם,false,1,37.90,7.58,true,1,
7622010001858,false,אוראו 176 גרם ממולא קרם  בטעם וניל,דיפלומט מפיצים (1968) בעמ**,,,"י""ח",176,ל  גרם,false,1,8.90,5.06,true,1,
7622201050757,false,שוקולד מילקה קרמל 100 ג,דיפלומט מפיצים (1968) בעמ**,,,"י""ח",100,ל  גרם,false,1,6.50,6.50,true,1,
7622201137052,false,מילקה מיני קוקיז 110גר,דיפלומט מפיצים (1968) בעמ**,,,"י""ח",110,ל  גרם,false,1,8.60,7.82,true,1,
7622201139278,false,פילדלפיה  27% שומן 150ג,נטו מלינדה סחר בעמ,,,"י""ח",150,ל  גרם,false,1,14.90,9.93,false,1,
7622201401900,false,עוגיות מילקה סנסיישן אוראו 156ג,דיפלומט מפיצים (1968) בעמ**,,,"י""ח",156,ל  גרם,false,1,10.90,6.99,true,1,
7622201502515,false,עוגיות מילקה קוקי לופ 132ג,דיפלומט מפיצים (1968) בעמ**,,,"י""ח",132,ל  גרם,false,1,10.90,8.26,true,1,
7622201521493,false,פילדלפיה  שום ועשבי תיבול 12% שומן 150,נטו מלינדה סחר בעמ,,,"י""ח",150,ל  גרם,false,1,14.90,9.93,true,1,
7622201798154,false,פילדלפיה  לייט 150ג,נטו מלינדה סחר בעמ,,,"י""ח",150,ל  גרם,false,1,14.90,9.93,false,1,
7622201801809,false,מילקה אגוזי 100 ג,דיפלומט מפיצים (1968) בעמ**,,,"י""ח",100,ל  גרם,false,1,6.50,6.50,true,1,
7622201802363,false,מילקה צימוקים 100ג,דיפלומט מפיצים (1968) בעמ**,,,"י""ח",100,ל  גרם,false,1,6.50,6.50,true,1,
7622201802394,false,מילקה מסרונים חלב 100 ג,דיפלומט מפיצים (1968) בעמ**,,,"י""ח",100,ל  גרם,false,1,6.50,6.50,true,1,
7622201808631,false,אוראו מיני כוסות  בטעם וניל 67 גר,דיפלומט מפיצים (1968) בעמ**,,,"י""ח",67,"ס""מ",false,1,6.90,10.30,true,1,
7622201813390,false,מילקה וואפל במילוי קרם  בטעם קקאו 150גר,דיפלומט מפיצים (1968) בעמ**,,,"י""ח",150,ל  גרם,false,1,10.90,7.27,true,1,
7622210163899,false,מילקה שוקולד חלב עם עדשים 100ג,דיפלומט מפיצים (1968) בעמ**,,,"י""ח",100,ל  גרם,false,1,6.50,6.50,true,1,
7622210453327,false,מילקה סנסיישן 156גר,דיפלומט מפיצים (1968) בעמ**,,,"י""ח",156,ל  גרם,false,1,12.90,8.27,true,1,
7622210464729,false,אוראו גולדן בד``צ 154גרם,דיפלומט מפיצים (1968) בעמ**,,,"י""ח",154,"ס""מ",false,1,6.90,4.48,true,1,
7622210637994,false,אוראו ביס קראנצי אורגניל 110ג,דיפלומט מפיצים (1968) בעמ**,,,"י""ח",110,ל  גרם,false,1,7.90,7.18,true,1,
7622210638021,false,אוראו ביס קראנצי ציפוי  בטעם שוק. 110ג,דיפלומט מפיצים (1968) בעמ**,,,"י""ח",110,ל  גרם,false,1,7.90,7.18,true,1,
7622210826053,false,שוקולד מילקה אוראו סנדויץ 92ג,דיפלומט מפיצים (1968) בעמ**,,,"י""ח",92,ל  גרם,false,1,6.50,7.07,true,1,
7622300270506,false,מילקה גריינס עוגיות,דיפלומט מפיצים (1968) בעמ**,,,"י""ח",168,ל  גרם,false,1,10.90,6.49,true,1,
7622300489427,false,אוראו פאדגי בטעם  שוק לבן 240,דיפלומט מפיצים (1968) בעמ**,,,"י""ח",264,ל  גרם,false,1,17.90,6.78,true,1,
7622300489434,false,אוראו פאדג  בטעם  שוק.חלב 246גרם,דיפלומט מפיצים (1968) בעמ**,,,"י""ח",264,ל  גרם,false,1,17.90,6.78,true,1,
7622300495046,false,מילקה אקסטרה קקאו  100 ג,דיפלומט מפיצים (1968) בעמ**,,,"י""ח",100,ל  גרם,false,1,6.50,6.50,true,1,
7622300503079,false,מילקה מוו ביסקויט,דיפלומט מפיצים (1968) בעמ**,,,"י""ח",200,ל  גרם,false,1,10.90,5.45,true,1,
7622300617820,false,מילקה אוראו  100 ג,דיפלומט מפיצים (1968) בעמ**,,,"י""ח",100,ל  גרם,false,1,6.50,6.50,true,1,
7622300761363,false,עוגיות מיני אוראו קרם  בטעם שקולד  67גר.,דיפלומט מפיצים (1968) בעמ**,,,"י""ח",67,ל  גרם,false,1,6.90,10.30,true,1,
7622400005190,false,שוקולד מילקה COW 100גר,דיפלומט מפיצים (1968) בעמ**,,,"י""ח",1,,false,1,6.50,6.50,true,1,
7630311507016,false,סטארבקס קפסולות סאני דיי 57גר,קבוצת אוסם סחר-שות.מוגבלת,,,"י""ח",57,ל  גרם,false,1,21.90,38.42,true,1,
7630477891592,false,סטארבקס קפסולות האוס בלנד 57גר,קבוצת אוסם סחר-שות.מוגבלת,,,"י""ח",57,ל  גרם,false,1,21.90,38.42,true,1,
7630477891615,false,סטארבקס קפסולות סומטרה 55גר,קבוצת אוסם סחר-שות.מוגבלת,,,"י""ח",55,ל  גרם,false,1,21.90,39.82,true,1,
7630477891639,false,סטארבקס קפסולות ורונה 55גר.,קבוצת אוסם סחר-שות.מוגבלת,,,"י""ח",55,ל  גרם,false,1,21.90,39.82,true,1,
7630477891653,false,סטארבקס קפסולות אספרסו נטול 57גר,קבוצת אוסם סחר-שות.מוגבלת,,,"י""ח",57,ל  גרם,false,1,21.90,38.42,true,1,
7630477891677,false,סטארבקס קפסולות פייק פלייס 53גר,קבוצת אוסם סחר-שות.מוגבלת,,,"י""ח",53,ל  גרם,false,1,21.90,41.32,true,1,
7630477891691,false,סטארבקס קפסולות קולומביה 57גר,קבוצת אוסם סחר-שות.מוגבלת,,,"י""ח",57,ל  גרם,false,1,21.90,38.42,true,1,
7630477891738,false,סטארבקס קפסולות אספרסו בלונד 53גר,קבוצת אוסם סחר-שות.מוגבלת,,,"י""ח",53,ל  גרם,false,1,21.90,41.32,true,1,
7640175743451,false,"פחית ג`ין בומביי &טוניק 250מ""ל",מ.אקרמן בעמ,,,"י""ח",250,"ל  מ""ל",false,1,13.90,5.44,true,1,
7702018462032,false,מאך 3 גילט סכיני גילוח רבעייה,דיפלומט מפיצים 1968 בעמ,,,"י""ח",1,,false,1,34.90,34.90,true,1,
7702018464753,false,"ג ל גילוח פיוזן לעור רגיש 200מ""ל",דיפלומט מפיצים 1968 בעמ,,,"י""ח",200,"ל  מ""ל",false,1,19.90,9.95,false,1,
7702018471423,false,גילט פיוזן סכיני גילוח  (רבעייה),דיפלומט מפיצים 1968 בעמ,,,"י""ח",1,,false,1,49.90,49.90,true,1,
7702024074625,false,פיטנס חטיפי קרקר חיטה מלאה 234גר,קבוצת אוסם סחר-שות.מוגבלת,,,"י""ח",234,ל  גרם,false,1,12.90,5.51,false,1,
7702024258322,false,פיטנס חטיפי קרקר צ`יה ופשתן 234גר,קבוצת אוסם סחר-שות.מוגבלת,,,"י""ח",234,ל  גרם,false,1,12.90,5.51,false,1,
7702174066631,false,לקקן פין פופ 10 יח`180גר`,ליימן שליסל,,,"י""ח",180,"ל  מ""ל",false,1,8.90,4.94,false,1,
7702174068833,false,לקקן יוגטה טעמי גלידה,ליימן שליסל,,,"י""ח",216,ל  גרם,false,1,9.90,4.58,false,1,
7702174070201,false,לקקן יוגטה מג`יק 216גר,ליימן שליסל,,,"י""ח",216,ל  גרם,false,1,9.90,4.58,false,1,
7702174073844,false,לקקן פין פופ פירות 48יח,ליימן שליסל,,,"י""ח",672,ל  גרם,false,1,19.90,2.96,false,1,
7798378440018,false,אוכמניות,ביכורי השדה צפון 1994 ג.ד. בעמ,,,"י""ח",1,,false,1,14.90,14.90,true,1,
7798382150019,false,אוכמניות,ביכורי השדה צפון 1994 ג.ד. בעמ,,,"י""ח",1,,false,1,14.90,14.90,false,1,
7804414000877,false,יין דון חוליו מרלו אדוארדס,הכרם משקאות חריפים בעמ,,,"י""ח",750,"ל  מ""ל",false,1,24.90,3.28,false,1,
7804414012344,false,יין דון חוליו סוניהיון בלאן,הכרם משקאות חריפים בעמ,,,"י""ח",750,"ל  מ""ל",false,1,24.90,3.28,false,1,
7891024030974,false,"קולגייט  טריפל אקשן 75מ""ל",ש.שסטוביץ בעמ,,,"י""ח",75,"ל  מ""ל",false,1,5.90,7.87,false,1,
7891024124826,false,"קולגייט  אופטיק וייט 75מ""ל",ש.שסטוביץ בעמ,,,"י""ח",75,"ל  מ""ל",false,1,19.90,26.53,true,1,
7891024179482,false,"קולגייט שטיפת פה 500מ""ל",ש.שסטוביץ בעמ,,,"י""ח",500,"ל  מ""ל",false,1,29.90,5.98,true,1,
8000070003842,false,קפסולות לוואצה 7.5גר רמת חוזק 7,ליימן שליסל,,,"י""ח",100,ל  גרם,false,1,29.90,29.90,true,1,
8000070038974,false,"קפה אספרסו לוואצה מס8 1ק""ג",ליימן שליסל,,,"י""ח",1,"ק""ג",false,1,119.90,119.90,false,1,
8000070081017,false,קפסולות לוואצה דיצ`ו NCC10,ליימן שליסל,,,"י""ח",100,ל  גרם,false,1,16.90,16.90,false,1,
8000070081109,false,קפסולות לוואצה ריקו נטול קפאין NCC6,ליימן שליסל,,,"י""ח",100,ל  גרם,false,1,16.90,16.90,false,1,
8000380003723,false,גרנד פטיסרי אגוז 100,ליימן שליסל,,,"י""ח",1,,false,1,12.90,12.90,true,1,
8000380003761,false,גרנד פטיסרי קוקוס 100,ליימן שליסל,,,"י""ח",100,ל  גרם,false,1,12.90,12.90,true,1,
8000380004669,false,וופל 200 גר`קקאו,ליימן שליסל,,,"י""ח",200,ל  גרם,false,1,12.90,6.45,true,1,
8000380004676,false,וופל לואקר  וניל סנדוויץ 200 ג`,ליימן שליסל,,,"י""ח",200,ל  גרם,false,1,12.90,6.45,true,1,
8000380004911,false,לואקר קוארדטיני אגוז 250גר`.,ליימן שליסל,,,"י""ח",250,ל  גרם,false,1,13.90,5.56,false,1,
8000380004966,false,קואדרטיטני  שוקולד 250ג,ליימן שליסל,,,"י""ח",250,ל  גרם,false,1,13.90,5.56,false,1,
8000380007257,false,וופל גרדנה 200 ג  מצופה,ליימן שליסל,,,"י""ח",200,ל  גרם,false,1,14.50,7.25,true,1,
8000380007264,false,וופל לואקר קקאו 175 גרם,ליימן שליסל,,,"י""ח",175,ל  גרם,false,1,11.80,6.74,false,1,
8000380106028,false,טורטינה 1/6,ליימן שליסל,,,"י""ח",125,ל  גרם,false,1,18.90,15.12,false,1,
8000380144044,false,וופל גרנדה שוקולד,ליימן שליסל,,,"י""ח",200,ל  גרם,false,1,14.50,7.25,true,1,
8000380148035,false,גרנד פטיסרי טעם מריר אגוזים,ליימן שליסל,,,"י""ח",100,ל  גרם,false,1,12.90,12.90,true,1,
8000380152728,false,מארז חטיפי אצבעות גרדנה שוקולד,ליימן שליסל,,,"י""ח",125,ל  גרם,false,1,15.30,12.24,true,1,
8000380153534,false,טורטינה 1/6 לבן,ליימן שליסל,,,"י""ח",125,ל  גרם,false,1,18.90,15.12,false,1,
8000380156573,false,ורד הדולמיטים 150ג.,ליימן שליסל,,,"י""ח",150,ל  גרם,false,1,23.90,15.93,false,1,
8000380181032,false,מארז חטיפי אצבעות גרדנה אגוזי לוז,ליימן שליסל,,,"י""ח",125,ל  גרם,false,1,15.50,12.40,true,1,
8000380187249,false,עוגיות לואקר שקדים 100ג,ליימן שליסל,,,"י""ח",100,ל  גרם,false,1,13.90,13.90,false,1,
8000380192151,false,טורטינה טריפל שוקולד מריר 1/6,ליימן שליסל,,,"י""ח",125,ל  גרם,false,1,19.90,15.92,false,1,
8000380192588,false,לואקר קוארדטיני דאבל שוקולד  250גר`.,ליימן שליסל,,,"י""ח",250,ל  גרם,false,1,13.90,5.56,false,1,
8000380205400,false,קוארדטיני קרם חמאת בוטנים 250גר`,ליימן שליסל,,,"י""ח",250,ל  גרם,false,1,13.90,5.56,false,1,
8000380206896,false,וופל גרדנה 200 ג  חמאת בוטנים,ליימן שליסל,,,"י""ח",200,ל  גרם,false,1,14.50,7.25,true,1,
8000500023624,false,הפי היפו 10 חמישיות,פרימיום - חברה לדברי מתיקה ולמ,,,"י""ח",90,ל  גרם,false,1,12.90,14.33,false,1,
8000500026731,false,ביצי שוקולד קינדר מארז 3 יח סופרייז,פרימיום - חברה לדברי מתיקה ולמ,,,"י""ח",60,ל  גרם,false,1,15.90,26.50,true,1,
8000500028124,false,קינדר ג וי שלשות,פרימיום - חברה לדברי מתיקה ולמ,,,"י""ח",3,"י""ח",false,1,16.90,5.63,false,1,
8000500029350,false,קינדר בואנו שלישייה,פרימיום - חברה לדברי מתיקה ולמ,,,"י""ח",120,ל  גרם,false,1,10,8.33,true,1,
8000500032237,false,בונבוניירת רושה 375 גרם,פרימיום - חברה לדברי מתיקה ולמ,,,"י""ח",375,ל  גרם,false,1,43.90,11.71,false,1,
8000500037874,false,רושר בונ  200 גר,פרימיום - חברה לדברי מתיקה ולמ,,,"י""ח",200,ל  גרם,false,1,25.50,12.75,false,1,
8000500075708,false,קינדר ג וי שלשות כחול,פרימיום - חברה לדברי מתיקה ולמ,,,"י""ח",3,"י""ח",false,1,16.90,5.63,false,1,
8000500121436,false,קינדר בואנו לבן שלשות,פרימיום - חברה לדברי מתיקה ולמ,,,"י""ח",3,"י""ח",false,1,10,3.33,true,1,
8000500126325,false,קינדר ג וי שלשות ורוד,פרימיום - חברה לדברי מתיקה ולמ,,,"י""ח",3,"י""ח",false,1,16.90,5.63,false,1,
8000500167656,false,קינדר שוקולד עם חלב ודגנים  96ג,פרימיום - חברה לדברי מתיקה ולמ,,,"י""ח",96,ל  גרם,false,1,7.70,8.02,false,1,
8000500227848,false,וופל נוטלה  בי רדי שישייה 132ג,פרימיום - חברה לדברי מתיקה ולמ,,,"י""ח",132,ל  גרם,false,1,12.90,9.77,false,1,
8000500249352,false,קינדר בואנו מיני מיקס,פרימיום - חברה לדברי מתיקה ולמ,,,"י""ח",3,"י""ח",false,1,19.90,6.63,false,1,
8000500267103,false,קינדר דליס  }עוגות{,פרימיום - חברה לדברי מתיקה ולמ,,,"י""ח",4.20,"י""ח",false,1,19.90,4.74,true,1,
8000500269169,false,קינדר קארדס 128ג,פרימיום - חברה לדברי מתיקה ולמ,,,"י""ח",1.28,"י""ח",false,1,13.90,10.86,false,1,
8000500328750,false,פררו רונדנואר 141ג,פרימיום - חברה לדברי מתיקה ולמ,,,"י""ח",140,ל  גרם,false,1,25.90,18.50,false,1,
8001090184375,false,"פיירי אוריגינל 900מ""ל",דיפלומט מפיצים 1968 בעמ,,,"י""ח",900,"ל  מ""ל",false,1,14.90,1.66,true,1,
8001090184412,false,"פיירי לימון  900מ""ל",דיפלומט מפיצים 1968 בעמ,,,"י""ח",900,"ל  מ""ל",false,1,14.90,1.66,true,1,
8001090222725,false,הרבל אסנסס שמפו שמן מורינגה 400מ``ל,דיפלומט מפיצים 1968 בעמ,,,"י""ח",400,"ל  מ""ל",false,1,19.90,4.98,true,1,
8001090222756,false,הרבל אסנסס מרכך שמן מורינגה 400מ``ל,דיפלומט מפיצים 1968 בעמ,,,"י""ח",400,"ל  מ""ל",false,1,19.90,4.98,true,1,
8001090222848,false,הרבל אסנסס שמפו שיקום שמן ארגן 400מ``ל,דיפלומט מפיצים 1968 בעמ,,,"י""ח",400,"ל  מ""ל",false,1,19.90,4.98,true,1,
8001090222879,false,הרבל אסנסס מרכך שיקום שמן ארגן 400מ``ל,דיפלומט מפיצים 1968 בעמ,,,"י""ח",400,"ל  מ""ל",false,1,19.90,4.98,true,1,
8001090336354,false,פמפרס ניו בייבי מידה 2 46יח,דיפלומט מפיצים 1968 בעמ,,,"י""ח",1,,false,1,39.90,39.90,true,1,
8001090336446,false,פמפרס אקטיב בייבי מידה 4 34יח,דיפלומט מפיצים 1968 בעמ,,,"י""ח",1,,false,1,39.90,39.90,true,1,
8001090336491,false,פמפרס אקטיב בייבי מידה 4+ 31יח,דיפלומט מפיצים 1968 בעמ,,,"י""ח",1,,false,1,39.90,39.90,true,1,
8001090336521,false,פמפרס אקטיב בייבי של5 30יח.,דיפלומט מפיצים 1968 בעמ,,,"י""ח",1,,false,1,39.90,39.90,true,1,
8001090336606,false,פמפרס אקטיב בייבי של6 26יח,דיפלומט מפיצים 1968 בעמ,,,"י""ח",1,,false,1,39.90,39.90,true,1,
8001090458322,false,פיירי ורדים ומשי 1.015ל,דיפלומט מפיצים 1968 בעמ,,,"י""ח",1.01,ליטר,false,1,15.90,15.74,true,1,
8001090540577,false,"אורל בי מי פה להלבנה 500מ""ל",דיפלומט מפיצים 1968 בעמ,,,"י""ח",500,"ל  מ""ל",false,1,22.90,4.58,true,1,
8001090721129,false,אריאל קפסולות לכביסה קולור 27 יח,דיפלומט מפיצים 1968 בעמ,,,"י""ח",28,"י""ח",false,1,32.90,1.18,true,1,
8001090737809,false,אולוייז טנגה סינגל 1/36,דיפלומט מפיצים 1968 בעמ,,,"י""ח",1,,false,1,17.90,17.90,true,1,
8001090740717,false,אולדייז מגה פק נורמל פרש 76 יח`,דיפלומט מפיצים 1968 בעמ,,,"י""ח",76,"י""ח",false,1,19.90,0.26,true,1,
8001090802385,false,טייד קפסולות 26יח ניחוח לנור.,דיפלומט מפיצים 1968 בעמ,,,"י""ח",26,"י""ח",false,1,29.90,1.15,false,1,
8001090832450,false,"פנטן שמפו נוסחה קלאסית 660מ""ל",דיפלומט מפיצים 1968 בעמ,,,"י""ח",660,"ל  מ""ל",false,1,22.90,3.47,false,1,
8001090832535,false,"פנטן שמפו שמן מרוקאי משקם 660מ""ל",דיפלומט מפיצים 1968 בעמ,,,"י""ח",660,"ל  מ""ל",false,1,22.90,3.47,false,1,
8001090832573,false,"פנטן שמפו לחות מוגברת  660מ""ל",דיפלומט מפיצים 1968 בעמ,,,"י""ח",660,"ל  מ""ל",false,1,22.90,3.47,false,1,
8001090832610,false,"פנטן שמפו למגע רך כמשי 660מ""ל",דיפלומט מפיצים 1968 בעמ,,,"י""ח",660,"ל  מ""ל",false,1,22.90,3.47,false,1,
8001090832696,false,"פנטן שמפו לתלתלים מושלמים  660מ""ל",דיפלומט מפיצים 1968 בעמ,,,"י""ח",660,"ל  מ""ל",false,1,22.90,3.47,false,1,
8001090832771,false,"פנטן שמפו הזנת קרטין  660מ""ל",דיפלומט מפיצים 1968 בעמ,,,"י""ח",660,"ל  מ""ל",false,1,22.90,3.47,false,1,
8001090832818,false,"פנטן קונדישנר נוסחה קלאסית  660מ""ל",דיפלומט מפיצים 1968 בעמ,,,"י""ח",660,"ל  מ""ל",false,1,22.90,3.47,false,1,
8001090832856,false,"פנטן קונדישנר מרוקאי משקם  660מ""ל",דיפלומט מפיצים 1968 בעמ,,,"י""ח",660,"ל  מ""ל",false,1,22.90,3.47,false,1,
8001090832931,false,"פנטן קונדישנר מגע רך  660מ""ל",דיפלומט מפיצים 1968 בעמ,,,"י""ח",660,"ל  מ""ל",false,1,22.90,3.47,false,1,
8001090832979,false,"פנטן קונדישנר לתלתלים 660מ""ל",דיפלומט מפיצים 1968 בעמ,,,"י""ח",660,"ל  מ""ל",false,1,22.90,3.47,false,1,
8001090833051,false,"פנטן קונדישנר הזנת קרטין  660מ""ל",דיפלומט מפיצים 1968 בעמ,,,"י""ח",660,"ל  מ""ל",false,1,22.90,3.47,false,1,
8001090833198,false,אריאל גל ניחוח מרענן  2.36ל.,דיפלומט מפיצים 1968 בעמ,,,"י""ח",2.36,ליטר,false,1,31.90,13.52,false,1,
8001090899255,false,תחבושות אולוויז פלטינום לילה,דיפלומט מפיצים 1968 בעמ,,,"י""ח",1,,false,1,19.90,19.90,true,1,
8001090943095,false,פיירי אנטי בקטריאלי 1.015ל,דיפלומט מפיצים 1968 בעמ,,,"י""ח",1.01,ליטר,false,1,15.90,15.74,true,1,
8001160000888,false,גטורייד ספורט תפוז,טמפו משקאות בעמ,,,"י""ח",500,"ל  מ""ל",false,1,9.60,1.86,false,1,
8001160001786,false,"גטורייד ספורט כחול 500מ""ל",טמפו משקאות בעמ,,,"י""ח",500,"ל  מ""ל",false,1,9.60,1.86,false,1,
8001160001892,false,"גטורייד ספורט תפוז אדום 500מ""ל",טמפו משקאות בעמ,,,"י""ח",500,"ל  מ""ל",false,1,9.60,1.86,false,1,
8001440118944,false,מארז עגבניות פולפה ציריו 400ג*3יח,דיפלומט מפיצים (1968) בעמ**,,,"י""ח",1.20,"ק""ג",false,1,15.90,13.25,false,1,
8001620011935,false,סן בנדטו שישיה 0.5 ל מוגז עדין,טמפו משקאות בעמ,,,"י""ח",3,ליטר,false,1,13.90,4.03,true,1,
8001620017456,false,סאן בנדטו פקק ספורט שישיה 0.5 ל,טמפו משקאות בעמ,,,"י""ח",9,ליטר,false,1,14.70,1.43,false,1,
8001620018248,false,"סן בנדטו פקק ספורט בקבוק 750מ""ל",טמפו משקאות בעמ,,,"י""ח",750,"ל  מ""ל",false,1,3.50,0.43,true,1,
8001620019160,false,"מים סן בנדטו טעם אפרסק 400מ""ל",טמפו משקאות בעמ,,,"י""ח",40,"ל  מ""ל",false,1,5.90,14,false,1,
8001620019177,false,"מים סן בנדטו טעם ענבים 400מ""ל",טמפו משקאות בעמ,,,"י""ח",40,"ל  מ""ל",false,1,5.90,14,false,1,
8001841019291,false,אריאל קפסולות 16יח ניחוח לנור.,דיפלומט מפיצים 1968 בעמ,,,"י""ח",16,"י""ח",false,1,21.90,1.37,false,1,
8001841077949,false,מגבוני פמפרס פרש 4*52יח,דיפלומט מפיצים 1968 בעמ,,,"י""ח",1,,false,1,17.90,17.90,false,1,
8001841104751,false,פמפרס פרמיום VP מידה 1 1/52,דיפלומט מפיצים 1968 בעמ,,,"י""ח",41,"י""ח",false,1,34.90,0.85,true,1,
8001841137216,false,"הד שולדרס מרכך משי  275מ""ל",דיפלומט מפיצים 1968 בעמ,,,"י""ח",275,"ל  מ""ל",false,1,19.90,7.24,false,1,
8001841427126,false,אולדייז מגה פק פרו פרש נורמל 64יח,דיפלומט מפיצים 1968 בעמ,,,"י""ח",80,"י""ח",false,1,23.90,0.30,true,1,
8001841500942,false,"הרבל אסנסס שמפו אלוורה במבוק 380מ""ל",דיפלומט מפיצים 1968 בעמ,,,"י""ח",380,"ל  מ""ל",false,1,19.90,5.24,true,1,
8001841625188,false,"פיירי פלטינום לימון 515מ""ל",דיפלומט מפיצים 1968 בעמ,,,"י""ח",500,"ל  מ""ל",false,1,9.90,1.98,false,1,
8001841625287,false,פיירי פלטינום לימון 1.015ל,דיפלומט מפיצים 1968 בעמ,,,"י""ח",1.01,ליטר,false,1,15.90,15.74,true,1,
8001841625508,false,פיירי  אורגינל 1.015ל,דיפלומט מפיצים 1968 בעמ,,,"י""ח",1.01,ליטר,false,1,15.90,15.74,true,1,
8001841660530,false,"פנטן קרם לחות 270מ""ל מיראקלס במבוק",דיפלומט מפיצים 1968 בעמ,,,"י""ח",270,"ל  מ""ל",false,1,17.90,6.63,false,1,
8001841669465,false,אריאל קפסולות 24יח ניחוח לינור,דיפלומט מפיצים 1968 בעמ,,,"י""ח",24,"י""ח",false,1,32.90,1.37,true,1,
8001841669519,false,אריאל קפסולות לכביסה 55 יח,דיפלומט מפיצים 1968 בעמ,,,"י""ח",55,"י""ח",false,1,59.90,1.09,true,1,
8001841680989,false,אולדייז מגה פק פרו פרש לארג  64יח,דיפלומט מפיצים 1968 בעמ,,,"י""ח",80,"י""ח",false,1,23.90,0.30,true,1,
8001841893990,false,פיירי טבלאות למדיח פלטינום 30יח,דיפלומט מפיצים 1968 בעמ,,,"י""ח",30,"י""ח",false,1,44.90,1.50,false,1,
8001841941929,false,אולוויז וליו פק  לילה אקסטרא 16יח,דיפלומט מפיצים 1968 בעמ,,,"י""ח",1,,false,1,25.90,25.90,true,1,
8001841960081,false,פיירי טבלאות למדיח 37יח פלטינום,דיפלומט מפיצים 1968 בעמ,,,"י""ח",37,"י""ח",false,1,39.90,1.08,false,1,
8001931120944,false,קן לציפור דק 500גר,נאמן לאורך זמן בעמ,,,"י""ח",500,ל  גרם,false,1,7.50,1.50,false,1,
8002270015656,false,מים מינרלים מוגזים,טמפו משקאות בעמ,,,"י""ח",750,"ל  מ""ל",false,1,8.90,1.15,false,1,
8002270236792,false,"סן פליגרינו אסנזה לימון 500מ""ל 1/6",טמפו משקאות בעמ,,,"י""ח",3,ליטר,false,1,29.90,9.37,true,1,
8002450201008,false,משקה כהלי וורדי רספברי,הכרם משקאות חריפים בעמ,,,"י""ח",750,"ל  מ""ל",false,1,22.20,2.92,true,1,
8002450203002,false,"משקה כהלי ורדי רימונים ספרקלטיני 750מ"".",הכרם משקאות חריפים בעמ,,,"י""ח",750,"ל  מ""ל",false,1,22.20,2.92,true,1,
8002450204009,false,משקה כהלי וורדי רספברי אפרסק,הכרם משקאות חריפים בעמ,,,"י""ח",1,,false,1,22.20,22.20,true,1,
8002450208007,false,משקה כהלי וורדי  תפוח,הכרם משקאות חריפים בעמ,,,"י""ח",1,,false,1,29,29,true,1,
8002910043476,false,ויט רצועות שעווה לקו ביקיני ובית השחי,רקיט בנקיזר (ניר איסט) בעמ,,,"י""ח",1,"י""ח",false,1,19.90,19.90,false,1,
8003753900438,false,אילי אספרסו טחון 250 גרם,ש.שסטוביץ בעמ,,,"י""ח",250,ל  גרם,false,1,39.90,15.96,false,1,
8004030022010,false,ריו ירקות גינה עם טונה,ש.שסטוביץ בעמ,,,"י""ח",160,ל  גרם,false,1,15.90,9.94,false,1,
8004030026018,false,ריו מקסיקני  עם טונה,ש.שסטוביץ בעמ,,,"י""ח",160,ל  גרם,false,1,15.90,9.94,false,1,
8004030044005,false,טונה ריו בשמן זית,ש.שסטוביץ בעמ,,,"י""ח",160,ל  גרם,false,1,17.90,11.19,false,1,
8004030081024,false,טונה ריו בשמן זית שום ופלפל,ש.שסטוביץ בעמ,,,"י""ח",160,ל  גרם,false,1,17.90,11.19,false,1,
8004030102033,false,טונה ריו 80 גרם שמן ז. עם לימון 1/3.,ש.שסטוביץ בעמ,,,"י""ח",240,ל  גרם,false,1,24.90,10.38,false,1,
8004030177000,false,טונה בשמן זית עם צילי 80ג 1/3,ש.שסטוביץ בעמ,,,"י""ח",240,ל  גרם,false,1,24.90,10.38,false,1,
8004030845046,false,ריו מקסיקני  אורז עם טונה,ש.שסטוביץ בעמ,,,"י""ח",160,ל  גרם,false,1,15.90,9.94,false,1,
8004800000064,false,גלילי ופל במילוי קרם קקאו  100ג,תה ויסוצקי (ישראל)בעמ,,,"י""ח",100,ל  גרם,false,1,11.90,11.90,true,1,
8004800000071,false,גלילי ופל במילוי קרם אגוזי לוז 100ג,תה ויסוצקי (ישראל)בעמ,,,"י""ח",100,ל  גרם,false,1,11.90,11.90,true,1,
8005110001413,false,מארז זוג רוטב עגבניות 140ג MUTTI,רסטרטו יבוא ושיווק בעמ,,,"י""ח",140,ל  גרם,false,1,9.90,7.07,false,1,
8005110170300,false,עגבניות מרוסקות1/3 400ג  MUTTI,רסטרטו יבוא ושיווק בעמ,,,"י""ח",400,ל  גרם,false,1,18.90,4.73,false,1,
8005110200014,false,רכז עגבניות 210ג MUTTI,רסטרטו יבוא ושיווק בעמ,,,"י""ח",200,ל  גרם,false,1,7.90,3.95,false,1,
8005200256587,false,נסטי בטעם אפרסק 1.5ל,טמפו משקאות בעמ,,,"י""ח",1.50,ליטר,false,1,8.50,5.47,true,1,
8005200286584,false,נסטי בטעם מנגו אננס 1.5ל,טמפו משקאות בעמ,,,"י""ח",1.50,ליטר,false,1,8.50,5.47,true,1,
8005200486526,false,נסטי בטעם אפרסק 0.5ל,טמפו משקאות בעמ,,,"י""ח",50,"ל  מ""ל",false,1,5.30,10,false,1,
8005803010371,false,גריסיני מקלות אפויים רוזמרין 125ג,ליימן שליסל,,,"י""ח",125,ל  גרם,false,1,7.90,6.32,false,1,
8005803010586,false,גריסיני מקלות אפויים פיצה 125ג,ליימן שליסל,,,"י""ח",125,ל  גרם,false,1,7.90,6.32,false,1,
8006540112823,false,"לנור מרכך מרוכז אוריינוס 900מ""ל",דיפלומט מפיצים 1968 בעמ,,,"י""ח",900,"ל  מ""ל",false,1,15.90,1.77,true,1,
8006540112854,false,"לנור מרכך מרוכז בייבי לבן 900מ""ל.",דיפלומט מפיצים 1968 בעמ,,,"י""ח",900,"ל  מ""ל",false,1,15.90,1.77,true,1,
8006540425930,false,אריאל קפסולות 24יח לכתמים קשים.,דיפלומט מפיצים 1968 בעמ,,,"י""ח",24,"י""ח",false,1,32.90,1.37,false,1,
8006540429327,false,"פיירי לימון 440מ""ל",דיפלומט מפיצים 1968 בעמ,,,"י""ח",1.24,ליטר,false,1,9.90,7.98,false,1,
8006540463550,false,פיירי טבלאות למדיח 63יח פלטינום,דיפלומט מפיצים 1968 בעמ,,,"י""ח",63,"י""ח",false,1,54.90,0.87,false,1,
8006540495186,false,"לנור מרכך מרוכז בייבי לבן 900מ""ל.",דיפלומט מפיצים 1968 בעמ,,,"י""ח",900,"ל  מ""ל",false,1,15.90,1.77,true,1,
8006540495247,false,"לנור מרכך מרוכז פרחי בר 900מ""ל.",דיפלומט מפיצים 1968 בעמ,,,"י""ח",900,"ל  מ""ל",false,1,15.90,1.77,true,1,
8007178120310,false,"חומץ בלסמי 500 מ""ל (דיפלומט)",דיפלומט מפיצים (1968) בעמ**,,,"י""ח",500,"ל  מ""ל",false,1,21.90,4.38,false,1,
8007178223547,false,ג`קובזי קרם בלסמי מצומצם ממודנה 250 מל,דיפלומט מפיצים (1968) בעמ**,,,"י""ח",250,"ל  מ""ל",false,1,24.90,9.96,false,1,
8007178223578,false,"חומץ בלסמי ג`קובזי 250 מ""ל",דיפלומט מפיצים (1968) בעמ**,,,"י""ח",250,"ל  מ""ל",false,1,14.90,5.96,false,1,
8008245004861,false,ממרח אגוזי לוז עם חלב  300ג,א. סיימן סחר בעמ,,,"י""ח",300,ל  גרם,false,1,15.90,5.30,true,1,
8008660210045,false,מעדן פירות יער   300ג,תה ויסוצקי (ישראל)בעמ,,,"י""ח",300,ל  גרם,false,1,14.90,4.97,true,1,
8008743002536,false,מטבעות שוקולד 50ג,שוקוטרייד בעמ,,,"י""ח",500,ל  גרם,false,1,4.90,0.98,false,1,
8008743015611,false,מכוניות פרצופים ברשת 85ג,שוקוטרייד בעמ,,,"י""ח",85,ל  גרם,false,1,8.90,10.47,false,1,
8008743026389,false,פרלי דובדבן בליקר 450ג,שוקוטרייד בעמ,,,"י""ח",400,ל  גרם,false,1,29.90,7.48,false,1,
8008743038993,false,פרלינים מעורב 450ג,שוקוטרייד בעמ,,,"י""ח",450,ל  גרם,false,1,25.90,5.76,false,1,
8008743048824,false,דובדבן בליקר שקית 90ג,שוקוטרייד בעמ,,,"י""ח",90,ל  גרם,false,1,9.90,11,false,1,
8008743055266,false,פרלי%72 קקאו שקית 90ג,שוקוטרייד בעמ,,,"י""ח",90,ל  גרם,false,1,9.90,11,false,1,
8008743055334,false,פרלי קקאו שקית 90ג,שוקוטרייד בעמ,,,"י""ח",90,ל  גרם,false,1,9.90,11,false,1,
8008743055341,false,פרלי אגוז שקית 90ג,שוקוטרייד בעמ,,,"י""ח",90,ל  גרם,false,1,9.90,11,false,1,
8008912010034,false,ספגטי מספר3  500ג,תה ויסוצקי (ישראל)בעמ,,,"י""ח",500,ל  גרם,false,1,7.90,1.58,true,1,
8008912010072,false,לינגוויני מספר7  500ג,תה ויסוצקי (ישראל)בעמ,,,"י""ח",500,ל  גרם,false,1,7.90,1.58,true,1,
8008912010270,false,פסטה קסרצה מספר 27  500ג,תה ויסוצקי (ישראל)בעמ,,,"י""ח",500,ל  גרם,false,1,7.90,1.58,true,1,
8008912010300,false,פסטה פרפלה מספר 30 500ג,תה ויסוצקי (ישראל)בעמ,,,"י""ח",500,ל  גרם,false,1,7.90,1.58,true,1,
8008912010317,false,פסטה פוזילי מספר31 500ג,תה ויסוצקי (ישראל)בעמ,,,"י""ח",500,ל  גרם,false,1,7.90,1.58,true,1,
8008912010423,false,פסטה פנה ריגטה מספר 42  500ג,תה ויסוצקי (ישראל)בעמ,,,"י""ח",500,ל  גרם,false,1,7.90,1.58,true,1,
8009470009010,false,סימבה יבש לכלבים 415ג בקר,נאמן לאורך זמן בעמ,,,"י""ח",415,ל  גרם,false,1,3.90,0.94,false,1,
8009470009027,false,סימבה כלב שימורים 415ג טעם עוף הודו,נאמן לאורך זמן בעמ,,,"י""ח",415,ל  גרם,false,1,3.90,0.94,false,1,
8009470009164,false,סימבה כלב שימורים 415ג טעם כבש,נאמן לאורך זמן בעמ,,,"י""ח",415,ל  גרם,false,1,3.90,0.94,false,1,
8009470009225,false,חתול סימבה  מעדן עוף 100גר,נאמן לאורך זמן בעמ,,,"י""ח",100,ל  גרם,false,1,4.90,4.90,false,1,
8011033011279,false,"קוסקוס 1ק""ג דין",דין שיווק וקליה 2021 בעמ,,,"י""ח",1,"ק""ג",false,1,11.90,11.90,false,1,
8012901009374,false,לימונצלו  100ג,א. סיימן סחר בעמ,,,"י""ח",100,ל  גרם,false,1,6.90,6.90,true,1,
8076800195019,false,ברילה פסטה קפליני,ש.שסטוביץ בעמ,,,"י""ח",500,ל  גרם,false,1,6.90,1.38,false,1,
8076800195033,false,ברילה ספגטי מס3.,ש.שסטוביץ בעמ,,,"י""ח",500,ל  גרם,false,1,6.90,1.38,false,1,
8076800195057,false,ברילה ספגטיני מס  5,ש.שסטוביץ בעמ,,,"י""ח",500,ל  גרם,false,1,6.90,1.38,false,1,
8076800195132,false,ברילה פסטה בבטה 13,ש.שסטוביץ בעמ,,,"י""ח",500,ל  גרם,false,1,6.90,1.38,false,1,
8076800315097,false,ברילה בוקטיני 9,ש.שסטוביץ בעמ,,,"י""ח",500,ל  גרם,false,1,6.90,1.38,false,1,
8076802085738,false,ברילה פנה רגטה 73,ש.שסטוביץ בעמ,,,"י""ח",500,ל  גרם,false,1,6.90,1.38,false,1,
8076802085936,false,ברילה קונציליאה מס3.,ש.שסטוביץ בעמ,,,"י""ח",500,ל  גרם,false,1,6.90,1.38,false,1,
8076802085981,false,ברילה פסטה פוזילי 98,ש.שסטוביץ בעמ,,,"י""ח",500,ל  גרם,false,1,6.90,1.38,false,1,
8076808050440,false,ברילה מקרוני-44,ש.שסטוביץ בעמ,,,"י""ח",500,ל  גרם,false,1,6.90,1.38,false,1,
8076808060654,false,ברילה פרפלה-65,ש.שסטוביץ בעמ,,,"י""ח",500,ל  גרם,false,1,6.90,1.38,false,1,
8076808150072,false,ברילה ספגטי-7,ש.שסטוביץ בעמ,,,"י""ח",500,ל  גרם,false,1,6.90,1.38,false,1,
8076809501415,false,ברילה טריקולור 78,ש.שסטוביץ בעמ,,,"י""ח",500,ל  גרם,false,1,13.90,2.78,false,1,
8076809512268,false,ברילה גירנדולה-בורג-34,ש.שסטוביץ בעמ,,,"י""ח",500,ל  גרם,false,1,6.90,1.38,false,1,
8076809513388,false,רוטב ברילה ארביאטה,ש.שסטוביץ בעמ,,,"י""ח",400,ל  גרם,false,1,14.90,3.73,true,1,
8076809513395,false,רוטב ברילה פומודורו,ש.שסטוביץ בעמ,,,"י""ח",400,ל  גרם,false,1,14.90,3.73,true,1,
8076809513654,false,רוטב ברילה בסיס בלונז,ש.שסטוביץ בעמ,,,"י""ח",400,ל  גרם,false,1,14.90,3.73,true,1,
8076809513692,false,רוטב ברילה  נפוליטנה,ש.שסטוביץ בעמ,,,"י""ח",400,ל  גרם,false,1,14.90,3.73,true,1,
8076809513739,false,רוטב ברילה בזיליקום,ש.שסטוביץ בעמ,,,"י""ח",400,ל  גרם,false,1,14.90,3.73,true,1,
8076809523561,false,רוטב ברילה טעם פיצה,ש.שסטוביץ בעמ,,,"י""ח",1,,false,1,14.90,14.90,true,1,
8076809523707,false,ברילה קסטלנה 500ג,ש.שסטוביץ בעמ,,,"י""ח",500,ל  גרם,false,1,13.90,2.78,false,1,
8076809523714,false,פסטה טליאטלה,ש.שסטוביץ בעמ,,,"י""ח",500,ל  גרם,false,1,24.90,4.98,false,1,
8076809523738,false,לזניה ברילה 500 גרם,ש.שסטוביץ בעמ,,,"י""ח",500,ל  גרם,false,1,24.90,4.98,false,1,
8076809545457,false,ברילה ללא גלוטן בצורת צינורות 400גר,ש.שסטוביץ בעמ,,,"י""ח",500,ל  גרם,false,1,14.90,2.98,false,1,
8076809545464,false,ברילה ללא גלוטן בצורת ספירלי 400גר,ש.שסטוביץ בעמ,,,"י""ח",500,ל  גרם,false,1,14.90,2.98,false,1,
8076809547956,false,ברילה צ`יפרי 500גר,ש.שסטוביץ בעמ,,,"י""ח",500,ל  גרם,false,1,6.90,1.38,false,1,
8076809578998,false,ברילה סטלינה 500ג,ש.שסטוביץ בעמ,,,"י""ח",500,ל  גרם,false,1,6.90,1.38,false,1,
8121300208780,false,טרוביה תחליף סוכר לכל מטרה 360ג,גורי ע.ע.ע. בעמ,,,"י""ח",360,"ל  מ""ל",false,1,34.90,9.69,true,1,
8410076600622,false,חטיפי ניצ`ר ואלי קראנצי שבבי שוקולד מריר,ליימן שליסל,,,"י""ח",210,ל  גרם,false,1,19.90,9.48,true,1,
8410076610379,false,נייטשר ואלי פרוטאין בוטנים וש. שוק.1/4,ליימן שליסל,,,"י""ח",4,"י""ח",false,1,22.90,5.73,false,1,
8410076610386,false,נייטשר ואלי פרוטאין בוטנים עם קרמל.1/4,ליימן שליסל,,,"י""ח",4,"י""ח",false,1,22.90,5.73,false,1,
8410076610492,false,נייטשר ואלי צ`ואי בוטנים בציפוי חמאת1/4,ליימן שליסל,,,"י""ח",4,"י""ח",false,1,19.90,4.98,true,1,
8410076610508,false,צ`ואי שוקולד ובוטנים בציפוי,ליימן שליסל,,,"י""ח",5,"י""ח",false,1,19.90,3.98,true,1,
8410076621009,false,חטיף פייבר 1 בטעם קרמל מלוח  1/5,ליימן שליסל,,,"י""ח",210,ל  גרם,false,1,12.90,6.14,false,1,
8410076621047,false,חטיף פייבר 1 בטעם שוקולד  1/5,ליימן שליסל,,,"י""ח",210,ל  גרם,false,1,12.90,6.14,false,1,
8410104045111,false,פיניש מלח למדיח.,רקיט בנקיזר (ניר איסט) בעמ,,,"י""ח",1,"י""ח",false,1,14.90,14.90,false,1,
8410104437268,false,פיניש דאוסטופ לריח המראה,רקיט בנקיזר (ניר איסט) בעמ,,,"י""ח",27,ל  גרם,false,1,14.90,55.19,true,1,
8410104511340,false,ויט רצועות שעווה יבש,רקיט בנקיזר (ניר איסט) בעמ,,,"י""ח",1,"י""ח",false,1,19.90,19.90,false,1,
8410644611203,false,"קאווה איבריקה לבן יבש 750מ""ל",טמפו משקאות בעמ,,,"י""ח",750,"ל  מ""ל",false,1,29.90,3.95,true,1,
8412497913992,false,"בקבוק פלסטיק גדול 600מ""ל פרוזן",שמחה זה אנחנו,,,"י""ח",1,,false,1,29.90,29.90,false,1,
8420708012822,false,קשקבל בשלה 200ג,א. סיימן סחר בעמ,,,"י""ח",200,ל  גרם,false,1,26.90,13.45,false,1,
8420822130600,false,"סופר מסיר שומנים 750מ""ל.",יעקב יעקבי ובניו בעמ,,,"י""ח",750,ל  גרם,false,1,14.90,1.99,false,1,
8422443005213,false,יין המרכבה גראנד סלקשיין ק.סוביניון,היכל היין שקד גולן בעמ,,,"י""ח",750,"ל  מ""ל",false,1,34.90,4.61,true,1,
8423207206495,false,חטיף דגנים מלאה צופה שוקולד מריר,ש.שסטוביץ בעמ,,,"י""ח",283,ל  גרם,false,1,12.90,4.56,true,1,
8423207206501,false,חטיף רב דגנים עם שוקולד חלב,ש.שסטוביץ בעמ,,,"י""ח",283,ל  גרם,false,1,12.90,4.56,true,1,
8423207208260,false,חטיף דגנים מלאה צופה שוקולד מריר,ש.שסטוביץ בעמ,,,"י""ח",283,ל  גרם,false,1,12.90,4.56,true,1,
8423207210942,false,סלים דליס טופינג פירות יער,ש.שסטוביץ בעמ,,,"י""ח",283,ל  גרם,false,1,12.90,4.56,true,1,
8423207210966,false,סלים דליס טופינג קוקוס ולימון,ש.שסטוביץ בעמ,,,"י""ח",283,ל  גרם,false,1,12.90,4.56,true,1,
8423207210980,false,סלים דליס טופינג קליפת תפוז,ש.שסטוביץ בעמ,,,"י""ח",283,ל  גרם,false,1,12.90,4.56,true,1,
8424842050016,false,צ`יפס בטעם כמהין 125גר,א. סיימן סחר בעמ,,,"י""ח",125,ל  גרם,false,1,12.90,10.32,true,1,
8424842050030,false,צ`יפס עם מלח הימלאי 125גר,א. סיימן סחר בעמ,,,"י""ח",125,ל  גרם,false,1,12.90,10.32,true,1,
8424842050085,false,צ`יפס בטעם חרדל ודבש 125גר,א. סיימן סחר בעמ,,,"י""ח",125,ל  גרם,false,1,12.90,10.32,true,1,
8424842201340,false,צ`יפס מסורתי פרימיום 130גר,א. סיימן סחר בעמ,,,"י""ח",130,ל  גרם,false,1,12.90,9.92,true,1,
8425206000081,false,ריבת חלב מרדל 450גר,גורי מוצרי צריכה בעמ,,,"י""ח",1,,false,1,16.90,16.90,false,1,
8435495805106,false,"ביומט 5 ק""ג",ליימן שליסל,,,"י""ח",5,"ק""ג",false,1,33.90,6.78,false,1,
8435495805168,false,"תינוקלין 1.250 ק""ג",ליימן שליסל,,,"י""ח",1.25,"ק""ג",false,1,24.90,19.92,false,1,
8435495807605,false,מרכך תינוקלין מרוכז 1ל לבן,ליימן שליסל,,,"י""ח",1,ליטר,false,1,19.90,19.90,true,1,
8445290427120,false,פיטנס שוקולד מריר ובננה 330  גר`:,קבוצת אוסם סחר-שות.מוגבלת,,,"י""ח",330,ל  גרם,false,1,22.90,6.94,true,1,
8485818700014,false,משקפי ראיה איכותיים,ביג מול בעמ,,,"י""ח",1,,false,1,19.90,19.90,false,1,
8606018615827,false,פיינט אוראו,נגה גלידות,,,"י""ח",480,ל  גרם,false,1,21.90,4.56,false,1,
8606018615841,false,פיינט מילקה וניל ליבת שוקולד,נגה גלידות,,,"י""ח",480,ל  גרם,false,1,21.90,4.56,false,1,
8606018615865,false,פיינט מילקה קרמל ליבת שוקולד,נגה גלידות,,,"י""ח",480,ל  גרם,false,1,21.90,4.56,false,1,
8680530572653,false,"מי סודה  200מ""ל RIVER  בודד",אלמוג ר.א.מ. מזון בעמ,,,"י""ח",20,"ל  מ""ל",false,1,2.90,13,false,1,
8681982060668,false,מארז קופסאות.,פיקס יבוא (ש.ע) בעמ,,,"י""ח",1,,false,1,19.90,19.90,true,1,
8683130008355,false,מיונז הלמנס שום לחיץ 400ג,יוניליוור ישראל שיווק בעמ,,,"י""ח",400,ל  גרם,false,1,12.90,3.23,false,1,
8683130008935,false,הלמנס קטשיונז 425ג,יוניליוור ישראל שיווק בעמ,,,"י""ח",425,ל  גרם,false,1,12.90,3.04,false,1,
8683130012666,false,מגנום דאבל לבן עוגיות,גלידות שטראוס בעמ,,,"י""ח",85,ל  גרם,false,1,10,11.76,true,1,
8683130025574,false,"בדין אקסטרא לבנדר 960 מ""ל",יוניליוור ישראל שיווק בעמ,,,"י""ח",960,"ל  מ""ל",false,1,15.90,1.66,true,1,
8683130025581,false,"בדין אקסטרא ענבר 960 מ""ל",יוניליוור ישראל שיווק בעמ,,,"י""ח",960,"ל  מ""ל",false,1,15.90,1.66,true,1,
8686868600037,false,אביזרי שיער,אל האופק שיווק וסחר,,,"י""ח",1,,false,1,5.90,5.90,false,1,
8686868600075,false,אביזרי שיער,אל האופק שיווק וסחר,,,"י""ח",1,,false,1,9.90,9.90,false,1,
8686868600099,false,אביזרי שיער,אל האופק שיווק וסחר,,,"י""ח",1,,false,1,11.90,11.90,false,1,
8686868600105,false,אביזרי שיער,אל האופק שיווק וסחר,,,"י""ח",1,,false,1,12.90,12.90,false,1,
8686868600112,false,אביזרי שיער,אל האופק שיווק וסחר,,,"י""ח",1,,false,1,13.90,13.90,false,1,
8686868600129,false,אביזרי שיער,אל האופק שיווק וסחר,,,"י""ח",1,,false,1,12.90,12.90,false,1,
8686868600150,false,אביזרי שיער,אל האופק שיווק וסחר,,,"י""ח",1,,false,1,17.90,17.90,false,1,
8686868600174,false,אביזרי שיער,אל האופק שיווק וסחר,,,"י""ח",1,,false,1,19.90,19.90,false,1,
8690526009278,false,חיף קרמל מצופה שוק. 126ג,גורי ע.ע.ע. בעמ,,,"י""ח",126,ל  גרם,false,1,8.90,7.06,false,1,
8690526009353,false,חיני חטיף בוטנים נוגט קרמל 140ג,גורי ע.ע.ע. בעמ,,,"י""ח",140,ל  גרם,false,1,7.90,5.64,false,1,
8690526019178,false,וופל קקאו קרם קוקוס  142ג,גורי ע.ע.ע. בעמ,,,"י""ח",142,ל  גרם,false,1,7.90,5.56,false,1,
8690526039206,false,מיני וופל במילוי קרם קקאו  140ג,גורי ע.ע.ע. בעמ,,,"י""ח",1.40,"י""ח",false,1,11.90,8.50,false,1,
8690531033374,false,פלפל חלפניו חריף חתוך 380גר,נאמן לאורך זמן בעמ,,,"י""ח",380,ל  גרם,false,1,7.90,2.08,false,1,
8690531401722,false,פלפל אדום קלוי 550ג צנצנת,דין שיווק וקליה 2021 בעמ,,,"י""ח",550,ל  גרם,false,1,12.90,2.35,false,1,
8690637007705,false,מעדן קפוא טעם וניל ומסטיק 80ג,גלידות שטראוס בעמ,,,"י""ח",80,"ל  מ""ל",false,1,7.90,9.88,false,1,
8690637503856,false,ממרח הלמנס לחיץ 40% אחוז פחות שומן,יוניליוור ישראל שיווק בעמ,,,"י""ח",789,ל  גרם,false,1,12.90,1.63,false,1,
8690637505607,false,"בדין אקסטרא פינוק קלאסי 960 מ""ל",יוניליוור ישראל שיווק בעמ,,,"י""ח",960,"ל  מ""ל",false,1,15.90,1.66,true,1,
8690637505614,false,"בדין אקסטרא פינוק קוקוס 960 מ""ל",יוניליוור ישראל שיווק בעמ,,,"י""ח",960,"ל  מ""ל",false,1,15.90,1.66,true,1,
8690637555084,false,"בדין אקסטרא לבן 960מ""ל",יוניליוור ישראל שיווק בעמ,,,"י""ח",960,"ל  מ""ל",false,1,15.90,1.66,true,1,
8690637704277,false,"דאב  600מ""ל שמפו  רגיל",יוניליוור ישראל שיווק בעמ,,,"י""ח",600,"ל  מ""ל",false,1,15.90,2.65,true,1,
8690637704291,false,"דאב שמפו 600מ""ל",יוניליוור ישראל שיווק בעמ,,,"י""ח",700,"ל  מ""ל",false,1,15.90,2.27,true,1,
8690637704376,false,"דאב  600מ""ל שמפו  רגיל",יוניליוור ישראל שיווק בעמ,,,"י""ח",600,"ל  מ""ל",false,1,15.90,2.65,true,1,
8690637704413,false,"דאב מרכך משקם 600מ""ל",יוניליוור ישראל שיווק בעמ,,,"י""ח",600,"ל  מ""ל",false,1,15.90,2.65,true,1,
8690637842399,false,מאגדת מגנום מיני דאבל פרי יער שוקולד,גלידות שטראוס בעמ,,,"י""ח",379,ל  גרם,false,1,25.90,6.83,false,1,
8690637858734,false,"סיף ג ל אקונומיקה 750 מ""ל לימון",יוניליוור ישראל שיווק בעמ,,,"י""ח",750,"ל  מ""ל",false,1,9.90,1.32,false,1,
8690637866654,false,תה ירוק קלאסי 1/50 75ג ליפטון,יוניליוור ישראל שיווק בעמ,,,"י""ח",375,ל  גרם,false,1,24.90,6.64,false,1,
8690637871047,false,"דאב שמפו קוקוס כורכום  600מ""ל",יוניליוור ישראל שיווק בעמ,,,"י""ח",600,"ל  מ""ל",false,1,15.90,2.65,true,1,
8690637871245,false,ממרח אמיתי הלמנס 395 גר`לחיץ,יוניליוור ישראל שיווק בעמ,,,"י""ח",789,ל  גרם,false,1,14.90,1.89,false,1,
8690637890666,false,מיני מגנום מריר 5יח שטראוס,גלידות שטראוס בעמ,,,"י""ח",270,ל  גרם,false,1,25.90,9.59,false,1,
8690637946301,false,"בדין אקסטרא בייבי  960 מ""ל",יוניליוור ישראל שיווק בעמ,,,"י""ח",960,"ל  מ""ל",false,1,15.90,1.66,false,1,
8690637946318,false,"בדין אקסטרא בייבי  טלק  960 מ""ל",יוניליוור ישראל שיווק בעמ,,,"י""ח",960,"ל  מ""ל",false,1,15.90,1.66,false,1,
8690637971310,false,"בדין אקסטרא יערת הדבש  960 מ""ל",יוניליוור ישראל שיווק בעמ,,,"י""ח",960,"ל  מ""ל",false,1,15.90,1.66,true,1,
8690637976995,false,"בדין אקסטרא ורוד סחלב 960 מ""ל",יוניליוור ישראל שיווק בעמ,,,"י""ח",960,"ל  מ""ל",false,1,15.90,1.66,true,1,
8690637987281,false,דומסטוס ספריי לניקוי כללי בתוספת אקונו,יוניליוור ישראל שיווק בעמ,,,"י""ח",840,ל  גרם,false,1,11.90,1.42,false,1,
8690637987441,false,"בדין אקסטרא פרח הכותנה ווניל 960 מ""ל",יוניליוור ישראל שיווק בעמ,,,"י""ח",960,"ל  מ""ל",false,1,15.90,1.66,true,1,
8690637989629,false,מגנום דאבל דולצ`ה גולד,גלידות שטראוס בעמ,,,"י""ח",85,ל  גרם,false,1,10,11.76,true,1,
8690637997921,false,מגנום וניל קלאסיק כוס אישית 63גר,גלידות שטראוס בעמ,,,"י""ח",63,ל  גרם,false,1,7.90,12.54,false,1,
8690758981021,false,אסותא צמר גפן מכותנה טבעית,עיסא ערטול בעמ-סוכן הנקל סוד,,,"י""ח",1,"י""ח",false,1,5.20,5.20,true,1,
8690766156367,false,שוקולד חלב מעולה 90גר Godiva,תה ויסוצקי (ישראל)בעמ,,,"י""ח",90,ל  גרם,false,1,14.90,16.56,true,1,
8690766156374,false,שוקולד מריר מעולה 72% קקאו 90גר Godi,תה ויסוצקי (ישראל)בעמ,,,"י""ח",90,ל  גרם,false,1,14.90,16.56,true,1,
8690766156381,false,שוקולד מריר מעולה 90% קקאו 90גר Godi,תה ויסוצקי (ישראל)בעמ,,,"י""ח",90,ל  גרם,false,1,14.90,16.56,true,1,
8690777203012,false,פלפל ירוק כבוש לא חריף SERA 600גר`,ג.וילי פוד אינטרנשיונל בעמ,,,"י""ח",600,ל  גרם,false,1,10.90,1.82,false,1,
8690777206051,false,חציל קלוי עלSERA האש 650גר,ג.וילי פוד אינטרנשיונל בעמ,,,"י""ח",650,ל  גרם,false,1,10.90,1.68,false,1,
8690784614771,false,דאק סבון ניקוי לאסלה בניחוח רענן,דנשר (1963) בעמ,,,"י""ח",30,"ל  מ""ל",false,1,8.90,29.67,true,1,
8690784616775,false,דאק סבון מוצק אקווה בלו 4ב1,דנשר (1963) בעמ,,,"י""ח",1,"י""ח",false,1,7.90,7.90,false,1,
8690784711777,false,דאק סבון אקטיבי ים עם אקונומיקה,דנשר (1963) בעמ,,,"י""ח",30,"ל  מ""ל",false,1,7.90,26.33,true,1,
8693323085100,false,יוגטה גומי טעם פירות 100גר,ליימן שליסל,,,"י""ח",100,ל  גרם,false,1,4.90,4.90,false,1,
8693323099107,false,מרשמלו לבבות יוגטה 150ג,ליימן שליסל,,,"י""ח",150,ל  גרם,false,1,8.90,5.93,false,1,
8693495037853,false,קולגייט מברשת סלים סופט זוג,ש.שסטוביץ בעמ,,,"י""ח",1,,false,1,29.90,29.90,false,1,
8693495050333,false,"פלמוליב סבון נוזלי 500מ""ל ירוק",ש.שסטוביץ בעמ,,,"י""ח",500,"ל  מ""ל",false,1,15.90,3.18,false,1,
8693495051002,false,קולגייט מברשת  ילדים מחניונים 6+,ש.שסטוביץ בעמ,,,"י""ח",1,,false,1,10.90,10.90,false,1,
8693495051255,false,מברשת שיניים קולגייט סלים סופט זהב זוג,ש.שסטוביץ בעמ,,,"י""ח",1,,false,1,24.90,24.90,false,1,
8693495052177,false,"פלמוליב סבון נוזלי זיתים 750 מ""ל",ש.שסטוביץ בעמ,,,"י""ח",750,"ל  מ""ל",false,1,19.90,2.65,true,1,
8697040109323,false,סבון מוצק אסותא בודד,עיסא ערטול בעמ-סוכן הנקל סוד,,,"י""ח",100,ל  גרם,false,1,4.90,4.90,true,1,
8697530910750,false,פאל מאל כחול ארוך,גלוברנדס בעמ,,,"י""ח",1,,false,1,29.50,29.50,false,1,
8697826469092,false,טורטיה קטנה 540 ג 12 יח`,דין שיווק וקליה 2021 בעמ,,,"י""ח",540,ל  גרם,false,1,9.90,1.83,true,1,
8699073290764,false,פלפל אדום קלוי 680גרם MELIS,ג.וילי פוד אינטרנשיונל בעמ,,,"י""ח",680,ל  גרם,false,1,10.90,1.60,false,1,
8699878420021,false,"מים מינרלים טבעי500מ""ל בודד",עיסא ערטול בעמ-סוכן הנקל סוד,,,"י""ח",500,"ל  מ""ל",false,1,3.20,0.58,false,1,
8699878420212,false,"מים מינרלים טבעי500מ""ל 12יח",עיסא ערטול בעמ-סוכן הנקל סוד,,,"י""ח",500,"ל  מ""ל",false,1,18.50,2.98,false,1,
8710428005762,false,סימילק יזומיל טף 400ג NG,שקד תבל בעמ ***,,,"י""ח",400,ל  גרם,false,1,46.90,11.73,false,1,
8710428016348,false,סימילאק פדיאשור קומפליט וניל 400 גרם,שקד תבל בעמ ***,,,"י""ח",400,ל  גרם,false,1,49.90,12.48,false,1,
8710447211052,false,"שמפו קרטין בוטניק 400 מ""ל    טרזמה",יוניליוור ישראל שיווק בעמ,,,"י""ח",400,"ל  מ""ל",false,1,14.90,3.73,true,1,
8710447224311,false,"מרכך  בוטניק  400 מ""ל    טרזמה",יוניליוור ישראל שיווק בעמ,,,"י""ח",400,"ל  מ""ל",false,1,14.90,3.73,true,1,
8710447320662,false,דאו דאב ספריי 0% אלומיניום אפרסק 150מ,יוניליוור ישראל שיווק בעמ,,,"י""ח",90,"ל  מ""ל",false,1,14.90,16.56,true,1,
8710502100864,false,מרבה פטיסרי עוגיות דאבל שוקולד 200ג,ש.שסטוביץ בעמ,,,"י""ח",200,ל  גרם,false,1,10.90,5.45,true,1,
8710502139017,false,עוגיות מרבה  מצופות שוקולד,ש.שסטוביץ בעמ,,,"י""ח",180,ל  גרם,false,1,8.90,4.94,false,1,
8710502194801,false,עוגיות מרבה שוקולד צ`יפס רכה פירות יער,ש.שסטוביץ בעמ,,,"י""ח",175,ל  גרם,false,1,8.90,5.09,false,1,
8710502194825,false,עוגיות מרבה שוקולד ציפס 150ג,ש.שסטוביץ בעמ,,,"י""ח",150,ל  גרם,false,1,6.90,4.60,true,1,
8710502231018,false,מרבה עוגיות שוקולד צ`יפס מיני  175גר`,ש.שסטוביץ בעמ,,,"י""ח",175,ל  גרם,false,1,9.90,5.66,false,1,
8710502470028,false,עוגיות נוגט לי 160גר`,ש.שסטוביץ בעמ,,,"י""ח",160,ל  גרם,false,1,8.90,5.56,false,1,
8710502470035,false,מרבה פטיסרי עוג. נוטגלי במילוי קרם 180,ש.שסטוביץ בעמ,,,"י""ח",180,ל  גרם,false,1,10.90,6.06,true,1,
8710552274614,false,"קליה ספריי שטיחים 600מ""ל.",רקיט בנקיזר (ניר איסט) בעמ,,,"י""ח",600,"ל  מ""ל",false,1,29.90,4.98,true,1,
8710800961310,false,מנטוס תות 1/4,ליימן שליסל,,,"י""ח",150,ל  גרם,false,1,11.90,7.93,false,1,
8710847942679,false,"שמפו 400מ""ל טרזמה",יוניליוור ישראל שיווק בעמ,,,"י""ח",400,"ל  מ""ל",false,1,14.90,3.73,true,1,
8710847942693,false,"מרכך  400 מ""ל טרזמה",יוניליוור ישראל שיווק בעמ,,,"י""ח",400,"ל  מ""ל",false,1,14.90,3.73,true,1,
8711000362556,false,קפסולות אספרסו L OR SONTUOSO,דיפלומט מפיצים (1968) בעמ**,,,"י""ח",52,ל  גרם,false,1,19.90,38.27,true,1,
8711000362617,false,קפסולות אספרסו L OR LUNGO,דיפלומט מפיצים (1968) בעמ**,,,"י""ח",52,ל  גרם,false,1,19.90,38.27,true,1,
8711000362655,false,קפסולות לור  אספרסו אבסולו,דיפלומט מפיצים (1968) בעמ**,,,"י""ח",52,ל  גרם,false,1,19.90,38.27,true,1,
8711000362679,false,LOR קפסולות אספרסו קולומביה.,דיפלומט מפיצים (1968) בעמ**,,,"י""ח",52,ל  גרם,false,1,19.90,38.27,true,1,
8711000362747,false,קפסולות אספרסו L OR RISTRETTO,דיפלומט מפיצים (1968) בעמ**,,,"י""ח",52,ל  גרם,false,1,19.90,38.27,true,1,
8711000371176,false,גייקובס קפסולות קפה קלאסיקו,דיפלומט מפיצים (1968) בעמ**,,,"י""ח",52,ל  גרם,false,1,16.90,32.50,true,1,
8711000371183,false,גייקובס קפסולות קפה אינטנסו,דיפלומט מפיצים (1968) בעמ**,,,"י""ח",52,ל  גרם,false,1,16.90,32.50,true,1,
8711000371206,false,גייקובס קפסולות קפה ריסטרטו,דיפלומט מפיצים (1968) בעמ**,,,"י""ח",52,ל  גרם,false,1,16.90,32.50,true,1,
8711000371244,false,גייקובס קפסולות קפה לונגו.,דיפלומט מפיצים (1968) בעמ**,,,"י""ח",52,ל  גרם,false,1,16.90,32.50,true,1,
8711000397466,false,קפסולות אספרסו L OR נטול קפאין,דיפלומט מפיצים (1968) בעמ**,,,"י""ח",52,ל  גרם,false,1,19.90,38.27,true,1,
8711000431108,false,LOR קפסולות אספרסו הודו,דיפלומט מפיצים (1968) בעמ**,,,"י""ח",52,ל  גרם,false,1,19.90,38.27,true,1,
8711000471296,false,קפסולות לור  אספרסו אולטימו,דיפלומט מפיצים (1968) בעמ**,,,"י""ח",52,ל  גרם,false,1,19.90,38.27,true,1,
8711000472040,false,גייקובס קפסולות קפה בית קפה סלקשיין,דיפלומט מפיצים (1968) בעמ**,,,"י""ח",52,ל  גרם,false,1,16.90,32.50,true,1,
8711327475663,false,מגנום פיינט וניל שוקולד לבן 260גר,גלידות שטראוס בעמ,,,"י""ח",260,ל  גרם,false,1,21.90,8.42,false,1,
8711327475717,false,מגנום פיינט וניל שקדים 260גר,גלידות שטראוס בעמ,,,"י""ח",260,ל  גרם,false,1,21.90,8.42,false,1,
8711327475762,false,מגנום פיינט שוקולד לבן עוגיות  260גר,גלידות שטראוס בעמ,,,"י""ח",260,ל  גרם,false,1,21.90,8.42,false,1,
8712000051099,false,"היינקן בקבוק  330מ""ל שישייה 0%.",טמפו משקאות בעמ,,,"י""ח",1.98,ליטר,false,1,31.90,15.20,true,1,
8712400802499,false,נוטרילון שלב 1 800 גרם,דיפלומט מפיצים (1968) בעמ**,,,"י""ח",800,ל  גרם,false,1,64.90,8.11,false,1,
8712400802512,false,נוטרילון שלב 2 800 גרם,דיפלומט מפיצים (1968) בעמ**,,,"י""ח",800,ל  גרם,false,1,64.90,8.11,false,1,
8712400802536,false,נוטרילון שלב 3 800 גרם,דיפלומט מפיצים (1968) בעמ**,,,"י""ח",800,ל  גרם,false,1,64.90,8.11,false,1,
8712561594240,false,"דאב סבון נוזלי הזנה עמוקה 500מ""ל",יוניליוור ישראל שיווק בעמ,,,"י""ח",500,"ל  מ""ל",false,1,12.90,2.58,true,1,
8712561594608,false,"דאב סבון נוזלי להזנה עמוקה 750 מ""ל",יוניליוור ישראל שיווק בעמ,,,"י""ח",750,"ל  מ""ל",false,1,19.90,2.65,true,1,
8712561611411,false,"דאב סבון נוזלי תה ירוק ומלפפון 750 מ""ל",יוניליוור ישראל שיווק בעמ,,,"י""ח",750,"ל  מ""ל",false,1,19.90,2.65,true,1,
8714599104316,false,ג`יקובס קפה שחור קלוי וטחון טורקי 200ג,דיפלומט מפיצים (1968) בעמ**,,,"י""ח",200,ל  גרם,false,1,14.90,7.45,false,1,
8714599410530,false,ג`ייקובס קורננג 200ג שקית,דיפלומט מפיצים (1968) בעמ**,,,"י""ח",200,ל  גרם,false,1,21.90,10.95,false,1,
8714599410806,false,גייקובס קרוננג 160ג שקית,דיפלומט מפיצים (1968) בעמ**,,,"י""ח",160,ל  גרם,false,1,19.90,12.44,true,1,
8714599412220,false,גייקובס וולווט נמס 95ג,דיפלומט מפיצים (1968) בעמ**,,,"י""ח",95,ל  גרם,false,1,16.90,17.79,false,1,
8714599412336,false,גייקובס בריסטה אמריקנו קפה נמס עם קלוי,דיפלומט מפיצים (1968) בעמ**,,,"י""ח",160,ל  גרם,false,1,27.90,17.44,false,1,
8714599513781,false,.ג`ייקובס גולד 200 ג,דיפלומט מפיצים (1968) בעמ**,,,"י""ח",200,ל  גרם,false,1,25.90,12.95,false,1,
8714599513835,false,ג`ייקובס נטול קופאין 200גר,דיפלומט מפיצים (1968) בעמ**,,,"י""ח",200,ל  גרם,false,1,36.90,18.45,false,1,
8714599513866,false,"ג""קובס קרוננג קפה נמס מיובש 200 גרם",דיפלומט מפיצים (1968) בעמ**,,,"י""ח",200,ל  גרם,false,1,23.90,11.95,true,1,
8714789177229,false,מברשת שיניים קולגייט X 4,ש.שסטוביץ בעמ,,,"י""ח",1,,false,1,9.90,9.90,false,1,
8714789303925,false,מברשת שיניים זוג 360,ש.שסטוביץ בעמ,,,"י""ח",1,,false,1,29.90,29.90,true,1,
8714789402918,false,אג קס חגיגת פרחים 1.5ליטר אדום,ש.שסטוביץ בעמ,,,"י""ח",1.50,ליטר,false,1,19.90,13.27,false,1,
8714789402932,false,אג`קס חגיגת הפרחים ורוד 1.5 ליטר,ש.שסטוביץ בעמ,,,"י""ח",1.50,ליטר,false,1,19.90,13.27,false,1,
8714789402970,false,אג קס חגיגת פרחים 1.5ליטר  ירוק,ש.שסטוביץ בעמ,,,"י""ח",1.50,ליטר,false,1,19.90,13.27,false,1,
8714789450315,false,פלמוליב כלים שקוף לימון 1.5 ל`,ש.שסטוביץ בעמ,,,"י""ח",1.50,ליטר,false,1,15.90,10.60,false,1,
8714789582764,false,"אג קס חלונות 750 מ""ל",ש.שסטוביץ בעמ,,,"י""ח",750,"ל  מ""ל",false,1,14.90,1.99,false,1,
8714789797786,false,"פלמוליב כלים GLEASE BLASTER 750מ""ל",ש.שסטוביץ בעמ,,,"י""ח",750,"ל  מ""ל",false,1,11.90,1.59,true,1,
8714789834467,false,פלמוליב כלים  1.5 ל`,ש.שסטוביץ בעמ,,,"י""ח",1.50,ליטר,false,1,15.90,10.60,false,1,
8714789966403,false,ליידי ספיד סטיק פיור גל,ש.שסטוביץ בעמ,,,"י""ח",1,"י""ח",false,1,24.90,24.90,true,1,
8715300238306,false,חמאה הולנדית ללא מלח 200גר,בני ג ורג שוקחה (חיפה) בעמ,,,"י""ח",200,ל  גרם,false,1,12.90,6.45,false,1,
8715700110141,false,מיונז היינץ 460 גרם צנצנת,דיפלומט מפיצים (1968) בעמ**,,,"י""ח",460,ל  גרם,false,1,11.90,2.59,false,1,
8715700110158,false,מיונז היינץ 490 גרם לייט צנצנת,דיפלומט מפיצים (1968) בעמ**,,,"י""ח",490,ל  גרם,false,1,11.90,2.43,false,1,
8715700115641,false,ממרח היינץ לייט ללא חומרים משמרים 395ג,דיפלומט מפיצים (1968) בעמ**,,,"י""ח",395,ל  גרם,false,1,15.90,4.03,false,1,
8715700117805,false,"מתבל עגבניות ללא סוכר ומלח 400מ""ל",דיפלומט מפיצים (1968) בעמ**,,,"י""ח",400,ל  גרם,false,1,10.90,2.73,false,1,
8715700419695,false,רוטב ברביקיו מתוק 500גר,דיפלומט מפיצים (1968) בעמ**,,,"י""ח",480,ל  גרם,false,1,16.90,3.52,false,1,
8715700419732,false,מתבל עגבניות היינץ 700ג,דיפלומט מפיצים (1968) בעמ**,,,"י""ח",700,ל  גרם,false,1,12.90,1.84,false,1,
8715700422473,false,ממרח היינץ ללא חומרים משמרים 395גר,דיפלומט מפיצים (1968) בעמ**,,,"י""ח",395,ל  גרם,false,1,14.90,3.77,false,1,
8715700423906,false,מתבל עגבניות  היינץ  555גר,דיפלומט מפיצים (1968) בעמ**,,,"י""ח",555,ל  גרם,false,1,11.90,2.14,false,1,
8717163607305,false,דאב סבון מוצק גרגרים 4,יוניליוור ישראל שיווק בעמ,,,"י""ח",400,ל  גרם,false,1,14.90,3.73,false,1,
8717163647202,false,#אקס בודי ספריי גברים.,יוניליוור ישראל שיווק בעמ,,,"י""ח",150,"ל  מ""ל",false,1,11.90,7.93,false,1,
8717163647226,false,"אקס בודי ספריי בלק 150מ""ל.",יוניליוור ישראל שיווק בעמ,,,"י""ח",150,"ל  מ""ל",false,1,11.90,7.93,false,1,
8717163647233,false,"אקס דאו בודי ספריי בלאק נייט  150מ""ל.",יוניליוור ישראל שיווק בעמ,,,"י""ח",150,"ל  מ""ל",false,1,11.90,7.93,false,1,
8717163647240,false,אקס  דאו`ספריי  שוקו  150 מ``ל.,יוניליוור ישראל שיווק בעמ,,,"י""ח",150,"ל  מ""ל",false,1,11.90,7.93,false,1,
8717163647264,false,"אקס בודי ספריי אייס צ`יל 150מ""ל.",יוניליוור ישראל שיווק בעמ,,,"י""ח",150,"ל  מ""ל",false,1,11.90,7.93,false,1,
8717163655764,false,"רקסונה ספריי פרש 150מ""ל",יוניליוור ישראל שיווק בעמ,,,"י""ח",150,"ל  מ""ל",false,1,14.90,9.93,true,1,
8717163711668,false,"רקסונה ספריי נשים טלק  150מ""ל",יוניליוור ישראל שיווק בעמ,,,"י""ח",150,"ל  מ""ל",false,1,14.90,9.93,true,1,
8717163714850,false,"דאב דאו  ספריי 150מ""ל",יוניליוור ישראל שיווק בעמ,,,"י""ח",90,"ל  מ""ל",false,1,14.90,16.56,true,1,
8717163891735,false,רקסונה ספריי גברים וורקאאוט,יוניליוור ישראל שיווק בעמ,,,"י""ח",1,"י""ח",false,1,14.90,14.90,true,1,
8717644390566,false,רביעיית סבון מוצק דאבירוק.,יוניליוור ישראל שיווק בעמ,,,"י""ח",400,ל  גרם,false,1,14.90,3.73,false,1,
8717677336654,false,שוקולד חלב עם שברי קרמל מלוח 180ג  טוניס,ליימן שליסל,,,"י""ח",180,ל  גרם,false,1,18.90,10.50,false,1,
8717677338436,false,שוקולד חלב עם אגוזי לוז 180ג  טוניס,ליימן שליסל,,,"י""ח",180,ל  גרם,false,1,18.90,10.50,false,1,
8718117607662,false,נוטרילון אנטי ריפלוקס AR900ג,דיפלומט מפיצים (1968) בעמ**,,,"י""ח",900,ל  גרם,false,1,94.90,10.54,false,1,
8718951144064,false,מרידול מברשת שיניים זוג פרדונט אקספרט.,ש.שסטוביץ בעמ,,,"י""ח",1,,false,1,33.90,33.90,false,1,
8718951159808,false,מברשת שיניים קולגייט 360 שלישייה,ש.שסטוביץ בעמ,,,"י""ח",1,,false,1,26.90,26.90,false,1,
8718951160897,false,"אגקס ספריי אקונומיקה   500מ""ל",ש.שסטוביץ בעמ,,,"י""ח",500,"ל  מ""ל",false,1,12.90,2.58,false,1,
8718951166288,false,"קולגייט מקס וייט 125מ""ל",ש.שסטוביץ בעמ,,,"י""ח",125,"ל  מ""ל",false,1,17.90,14.32,false,1,
8718951166561,false,"קולגייט מקס פרש כחול 125מ""ל",ש.שסטוביץ בעמ,,,"י""ח",125,"ל  מ""ל",false,1,17.90,14.32,false,1,
8718951236790,false,"קולגייט טוטל קלין מינט  100מ""ל",ש.שסטוביץ בעמ,,,"י""ח",100,"ל  מ""ל",false,1,16.90,16.90,true,1,
8718951236806,false,"קולגייט טוטל הלבנה  100מ""ל",ש.שסטוביץ בעמ,,,"י""ח",100,"ל  מ""ל",false,1,16.90,16.90,true,1,
8718951264618,false,קולגייט  אופטיק וייט פחם 75מייל.,ש.שסטוביץ בעמ,,,"י""ח",256,ל  גרם,false,1,26.90,10.51,true,1,
8718951265103,false,קולגייט מברשת אולטרה סופט זוג,ש.שסטוביץ בעמ,,,"י""ח",1,,false,1,36.90,36.90,false,1,
8718951288492,false,"מרידול משחת שיניים בי טיוב זוג*75מ""ל",ש.שסטוביץ בעמ,,,"י""ח",150,ל  גרם,false,1,29.90,19.93,false,1,
8718951314009,false,"פלמוליב סבון נוזלי פטל שחור  750 מ""ל",ש.שסטוביץ בעמ,,,"י""ח",750,"ל  מ""ל",false,1,19.90,2.65,true,1,
8718951315303,false,"קולגייט אדומה 100 מ""ל מארז זוג.",ש.שסטוביץ בעמ,,,"י""ח",200,"ל  מ""ל",false,1,19.80,9.90,false,1,
8718951319806,false,"פלמוליב מן גל רחצה  ושמפו 750מ""ל מרענן",ש.שסטוביץ בעמ,,,"י""ח",750,"ל  מ""ל",false,1,19.90,2.65,true,1,
8718951320093,false,קולגייט מברשת אדוונס וויט  זוג,ש.שסטוביץ בעמ,,,"י""ח",1,,false,1,34.90,34.90,false,1,
8718951334090,false,"סופלין מרכך כביסה מרוכז כחול650מ""ל",ש.שסטוביץ בעמ,,,"י""ח",0.65,ליטר,false,1,9.90,15.23,false,1,
8718951334465,false,סופלין מרכך כביסה מרוכז לבנדר 1.3ל,ש.שסטוביץ בעמ,,,"י""ח",1.30,ליטר,false,1,12.90,9.92,false,1,
8718951350137,false,"פלמוליב ת.רחצה 750מ""ל שיאה ללא משאבה.",ש.שסטוביץ בעמ,,,"י""ח",750,"ל  מ""ל",false,1,19.90,2.65,true,1,
8718951354807,false,אג קס פיור הום הפרחים יסמין 1.5ליטר,ש.שסטוביץ בעמ,,,"י""ח",1.50,ליטר,false,1,19.90,13.27,false,1,
8718951377998,false,קולגייט מברשת סופטנס  זוג,ש.שסטוביץ בעמ,,,"י""ח",1,,false,1,29.90,29.90,false,1,
8718951382640,false,פלמוליב גל רחצה חימר דיטוקס משאבה 750,ש.שסטוביץ בעמ,,,"י""ח",750,"ל  מ""ל",false,1,19.90,2.65,true,1,
8718951385290,false,אג`קס ניקוי כללי 2 ל כחול,ש.שסטוביץ בעמ,,,"י""ח",2,ליטר,false,1,22.90,11.45,false,1,
8718951391284,false,אג קס אנטי בקטריאלי 1.5ליטר אוקיינוס טור,ש.שסטוביץ בעמ,,,"י""ח",1.50,ליטר,false,1,19.90,13.27,false,1,
8718951409798,false,קולגייט מברשת וויט פחם זוג.,ש.שסטוביץ בעמ,,,"י""ח",1,,false,1,19.90,19.90,false,1,
8718951412378,false,"מרידול משחת שיניים נשימה רעננה  75מ""ל",ש.שסטוביץ בעמ,,,"י""ח",75,ל  גרם,false,1,19.90,26.53,false,1,
8718951428492,false,"פלמוליב לגבר 4ב1 750 מ""ל פחם",ש.שסטוביץ בעמ,,,"י""ח",750,"ל  מ""ל",false,1,19.90,2.65,true,1,
8718951428522,false,"פלמוליב סבון רחצה לגבר 4ב1 750 מ""ל",ש.שסטוביץ בעמ,,,"י""ח",750,"ל  מ""ל",false,1,19.90,2.65,true,1,
8718951477384,false,"קולגייט טוטאל משחת שיניים ג`ל 75 מ""ל",ש.שסטוביץ בעמ,,,"י""ח",75,"ל  מ""ל",false,1,19.90,26.53,false,1,
8718951498754,false,מברשות שיניים קולגייט סופר פלקסי שישיי,ש.שסטוביץ בעמ,,,"י""ח",1,,false,1,19.90,19.90,false,1,
8718951509627,false,קולגייט  אופטיק וייט לאוהבי קפה 75מייל.,ש.שסטוביץ בעמ,,,"י""ח",256,ל  גרם,false,1,26.90,10.51,true,1,
8719200997998,false,בלובנד לבישול וטיגון 200 גרם,דיפלומט מפיצים (1968) בעמ**,,,"י""ח",200,ל  גרם,false,1,4.50,2.25,false,1,
8719200998001,false,בלבנד בלי מלח 200 גרם,דיפלומט מפיצים (1968) בעמ**,,,"י""ח",200,ל  גרם,false,1,4.50,2.25,false,1,
8719200998018,false,מחמאה מרגרינה בטעם חמאה 200 גרם..,דיפלומט מפיצים (1968) בעמ**,,,"י""ח",200,ל  גרם,false,1,4.60,2.30,false,1,
8719200998032,false,מזולה בטעם חמאה 250 גרם.,דיפלומט מפיצים (1968) בעמ**,,,"י""ח",250,ל  גרם,false,1,9.90,3.96,false,1,
8719200998049,false,מזולה בטעם טבעי 250 גרם,דיפלומט מפיצים (1968) בעמ**,,,"י""ח",250,ל  גרם,false,1,9.90,3.96,false,1,
8719200998094,false,מזולה אפייה ללא מלח 200 גרם,דיפלומט מפיצים (1968) בעמ**,,,"י""ח",200,ל  גרם,false,1,6.50,3.25,false,1,
8719200998100,false,מזולה אפייה טעם חמאה 200 גרם,דיפלומט מפיצים (1968) בעמ**,,,"י""ח",200,ל  גרם,false,1,6.50,3.25,false,1,
8720181043093,false,"אקס בודי ספריי גוף אפלו 150מ""ל.",יוניליוור ישראל שיווק בעמ,,,"י""ח",150,"ל  מ""ל",false,1,11.90,7.93,false,1,
8720181045912,false,"אקס בודי ספריי גוף אפריקה 150מ""ל.",יוניליוור ישראל שיווק בעמ,,,"י""ח",150,"ל  מ""ל",false,1,11.90,7.93,false,1,
8720181046605,false,דאב דאו  ספריי 90ג,יוניליוור ישראל שיווק בעמ,,,"י""ח",90,"ל  מ""ל",false,1,14.90,16.56,true,1,
8720181046612,false,דאב דאו רול און.,יוניליוור ישראל שיווק בעמ,,,"י""ח",50,"ל  מ""ל",false,1,19.90,39.80,true,1,
8720181074745,false,דאו דאב ספריי אסאי 90ג,יוניליוור ישראל שיווק בעמ,,,"י""ח",90,"ל  מ""ל",false,1,14.90,16.56,true,1,
8720181090202,false,"דאב תחליב רחצה משי  750 מ""ל",יוניליוור ישראל שיווק בעמ,,,"י""ח",750,"ל  מ""ל",false,1,19.90,2.65,true,1,
8723400756552,false,מנטוס מנטה 1\4,ליימן שליסל,,,"י""ח",1,,false,1,11.90,11.90,false,1,
8723400793922,false,מנטוס מנטה 1\4 בטעם דובדבן,ליימן שליסל,,,"י""ח",1,,false,1,11.90,11.90,false,1,
8801055706440,false,טייסטר צ`ויס טו גו,קבוצת אוסם סחר-שות.מוגבלת,,,"י""ח",36,ל  גרם,false,1,9.90,27.50,false,1,
8801055707966,false,~קפה נמס בריסטה טסטר צוייס 180 ג`,קבוצת אוסם סחר-שות.מוגבלת,,,"י""ח",180,ל  גרם,false,1,32.90,18.28,false,1,
8801055709458,false,נס קפה קפוצ`ינו קרמל 17גר*10,קבוצת אוסם סחר-שות.מוגבלת,,,"י""ח",170,ל  גרם,false,1,18.90,11.12,false,1,
8801055709465,false,נס קפה קפוצ`ינו וניל 18.5גר*10,קבוצת אוסם סחר-שות.מוגבלת,,,"י""ח",180,ל  גרם,false,1,18.90,10.50,false,1,
8801055709472,false,נס קפה קפוצ`ינו קלאסי  18.5גר*10,קבוצת אוסם סחר-שות.מוגבלת,,,"י""ח",180,ל  גרם,false,1,18.90,10.50,false,1,
8801055709489,false,נס קפה קפוצ`ינו אגוזים  18.5גר*10,קבוצת אוסם סחר-שות.מוגבלת,,,"י""ח",180,ל  גרם,false,1,18.90,10.50,false,1,
8809168840471,false,חטיף אצות מיובשות 9יח 4.5גרם.,מזרח ומערב יבוא ושיווק,,,"י""ח",9,"י""ח",false,1,24.90,2.77,false,1,
8850206250592,false,רוטב צילי סיראצה 530ג,מזרח ומערב יבוא ושיווק,,,"י""ח",530,ל  גרם,false,1,19.90,3.75,false,1,
8850367992164,false,"קרם קוקוס 250מ""ל מזרח ומערב",מזרח ומערב יבוא ושיווק,,,"י""ח",250,"ל  מ""ל",false,1,7.90,3.16,true,1,
8850367994021,false,רוטב צילי מתוק 280 מ``ל ללא סכר וגולטן,מזרח ומערב יבוא ושיווק,,,"י""ח",280,"ל  מ""ל",false,1,10.90,3.89,false,1,
8850389103111,false,משקה אלוורה ענבים 300,טמפו משקאות בעמ,,,"י""ח",300,"ל  מ""ל",false,1,7.20,2.30,true,1,
8850389103159,false,משקה מוגו מוגו ליצ`י עם חתיכות ג`לי קו,טמפו משקאות בעמ,,,"י""ח",320,"ל  מ""ל",false,1,6.90,2.06,true,1,
8850389105825,false,סאפה ענבים 1 ליטר,טמפו משקאות בעמ,,,"י""ח",1,ליטר,false,1,13,13,false,1,
8850389105832,false,סאפה תפוחים 1 ליטר,טמפו משקאות בעמ,,,"י""ח",1,ליטר,false,1,13,13,false,1,
8850389111352,false,משקה מוגו מוגו מלון עם חתיכות ג`לי קו,טמפו משקאות בעמ,,,"י""ח",320,"ל  מ""ל",false,1,6.90,2.06,true,1,
8850389115312,false,"סאפה מלון בקבוק 300מ""ל",טמפו משקאות בעמ,,,"י""ח",300,"ל  מ""ל",false,1,7.20,2.30,true,1,
8850632604266,false,חיספוסים מקלות קולה,ליימן שליסל,,,"י""ח",50,ל  גרם,false,1,3.50,7,true,1,
8850632605201,false,חיספוסים שטיח מעורב תפוח,ליימן שליסל,,,"י""ח",50,ל  גרם,false,1,3.50,7,true,1,
8850632606390,false,חיספוסים מקלות אבטיח,ליימן שליסל,,,"י""ח",50,ל  גרם,false,1,3.50,7,true,1,
8852633020403,false,פניני טפיוקה 500גר,מזרח ומערב יבוא ושיווק,,,"י""ח",500,ל  גרם,false,1,11.90,2.38,false,1,
8857101301008,false,"רוטב צ ילי מתוק 700 מ""ל",ג.וילי פוד אינטרנשיונל בעמ,,,"י""ח",700,"ל  מ""ל",false,1,9.90,1.41,false,1,
8858271003068,false,"רוטב סויה מתוקה 250מ""ל",מזרח ומערב יבוא ושיווק,,,"י""ח",250,"ל  מ""ל",false,1,10.90,4.36,true,1,
8858271003075,false,"רוטב סויה מתוקה5 700מ""ל",מזרח ומערב יבוא ושיווק,,,"י""ח",700,"ל  מ""ל",false,1,16.90,2.41,false,1,
8858271003136,false,"רוטב פטריות צמחוני 250מ""ל",מזרח ומערב יבוא ושיווק,,,"י""ח",250,"ל  מ""ל",false,1,9.90,3.96,false,1,
8858271004034,false,"רוטב צ`ילי חריף 700מ""ל",מזרח ומערב יבוא ושיווק,,,"י""ח",700,"ל  מ""ל",false,1,15.90,2.27,false,1,
8858271004799,false,"רוטב צ`ילי מתוק  700מ""ל ALL PURPSES",מזרח ומערב יבוא ושיווק,,,"י""ח",700,"ל  מ""ל",false,1,12.90,1.84,false,1,
8888021200256,false,סוללות אנרגייזר שמינייה AA,דנשר (1963) בעמ,,,"י""ח",1,,false,1,27.90,27.90,false,1,
8888021200720,false,סוללות אנרגייזר שמינייה AAA,דנשר (1963) בעמ,,,"י""ח",1,,false,1,19.90,19.90,false,1,
8888111030053,false,"מיץ אננס ללס 100% טבעי רביעייה4*240מ""ל",בני פאוזי שמשום (2009) בעמ,,,"י""ח",960,"ל  מ""ל",false,1,12.10,1.14,false,1,
8901138500306,false,משחת שניים 100גר המלאיה,שקד תבל בעמ,,,"י""ח",100,"ל  מ""ל",false,1,19.90,19.90,true,1,
8901138825614,false,משחת שניים 75גר המלאיה,שקד תבל בעמ,,,"י""ח",75,ל  גרם,false,1,19.90,26.53,true,1,
8901537024014,false,"אורז  בסמטי 1ק""ג DAAWAT",ג.וילי פוד אינטרנשיונל בעמ,,,"י""ח",1,"ק""ג",false,1,12.90,12.90,true,1,
8934878081736,false,"אטריות אורז 3מ""מ 450גר",מזרח ומערב יבוא ושיווק,,,"י""ח",400,ל  גרם,false,1,10.90,2.73,false,1,
8934878081798,false,"דפי אורז 16ס""מ 400גר",מזרח ומערב יבוא ושיווק,,,"י""ח",400,ל  גרם,false,1,11.90,2.98,false,1,
8934878081811,false,"דפי אורז 22ס""מ 400גר מזרח ומערב",מזרח ומערב יבוא ושיווק,,,"י""ח",400,ל  גרם,false,1,14.90,3.73,true,1,
8935042000881,false,משקל מטבח,צבע ומכחול (2014) בעמ,,,"י""ח",1,,false,1,29.90,29.90,false,1,
8938535541366,false,"דפי אורז 22ס""מ צבעוני 400גר ללא גלוטן",מזרח ומערב יבוא ושיווק,,,"י""ח",400,ל  גרם,false,1,12.90,3.23,false,1,
9000100590693,false,"סאיוס מוס מקס הולד  250מ""ל",הנקל סוד בעמ,,,"י""ח",250,"ל  מ""ל",false,1,27.50,11,true,1,
9000100760591,false,פה רול פור מאן,הנקל סוד בעמ,,,"י""ח",50,"ל  מ""ל",false,1,10.90,21.80,true,1,
9000100798709,false,פה רול פור מאן,הנקל סוד בעמ,,,"י""ח",50,"ל  מ""ל",false,1,10.90,21.80,true,1,
9000100806657,false,פה רול פור מאן ספורט,הנקל סוד בעמ,,,"י""ח",50,"ל  מ""ל",false,1,10.90,21.80,true,1,
9000100843256,false,"קרם לשיער גליס  OIL ESSENCE 75מ""ל",הנקל סוד בעמ,,,"י""ח",150,"ל  מ""ל",false,1,35.70,23.80,true,1,
9000101380255,false,פרסיל דיסקס לכביסה 22יח,גורי שיווק בעמ,,,"י""ח",22,"י""ח",false,1,34.90,1.59,false,1,
9000101418163,false,ברף סבון אסלה בניחוח תפוח ירוק-נופר,גורי שיווק בעמ,,,"י""ח",50,"ל  מ""ל",false,1,17.90,35.80,false,1,
9000101520965,false,ברף סבון אסלה בניחוח לוטוס עדין,גורי שיווק בעמ,,,"י""ח",50,"ל  מ""ל",false,1,17.90,35.80,false,1,
9000101537550,false,פרסיל 52 קפסולות לכביסה פאוור קאפס,גורי שיווק בעמ,,,"י""ח",26,"י""ח",false,1,54.90,2.11,false,1,
9001616669903,false,"בקבוק 160מ""ל",אלפא קוסמטיקה,,,"י""ח",1,,false,1,38.90,38.90,false,1,
9001616682223,false,"בקבוק 160מ""ל",אלפא קוסמטיקה,,,"י""ח",1,,false,1,38.90,38.90,false,1,
9005835312756,false,נוזל לניקוי יסודי למדיח קלרו,יעקב יעקבי ובניו בעמ,,,"י""ח",1,"י""ח",false,1,13.90,13.90,true,1,
9044400841000,false,פז סוכריות טעמים שונים,ר.ב. מוצרי דגנים בעמ,,,"י""ח",25.50,ל  גרם,false,1,11.90,46.67,false,1,
9044400851672,false,פז סוכריות טעמים שונים,ר.ב. מוצרי דגנים בעמ,,,"י""ח",25.50,ל  גרם,false,1,11.90,46.67,false,1,
9044400885578,false,סוכריות פז מילוי 12 יח`,ר.ב. מוצרי דגנים בעמ,,,"י""ח",8,"י""ח",false,1,10.90,1.36,false,1,
9120025839896,false,חטיף מילקה מצונן 128ג,ג.וילי פוד אינטרנשיונל בעמ,,,"י""ח",128,ל  גרם,false,1,14.90,11.64,false,1,
9120097310545,false,חטיף מיני מיניונים מצונן 102.5ג,ג.וילי פוד אינטרנשיונל בעמ,,,"י""ח",102,ל  גרם,false,1,14.90,14.61,false,1,
9310072028743,false,טים טם אורגינל,מ.סידס ובנו בעמ,,,"י""ח",200,ל  גרם,false,1,20.90,10.45,false,1,
9310072028750,false,טים טם דאבל 200ג,מ.סידס ובנו בעמ,,,"י""ח",200,ל  גרם,false,1,20.90,10.45,false,1,
9720188050109,false,ממרח גבינה טופוט,*החברה המרכזית להפצת משקאותבעמ,,,"י""ח",227,ל  גרם,false,1,21.10,9.30,false,1,
9771565025005,false,מעריב עיתון שישי.,ג רוזלם פוסט בעמ,,,"י""ח",1,,false,1,6,6,true,1,
9771565051066,false,ידיעות אחרונות שבת ו,ידיעות אחרונות בעמ,,,"י""ח",1,,false,1,20,20,true,1,
72900101131059,true,צלעות בקר  מס `2מחפוד,ב ספק בשר קפוא,,,"ק""ג",1,"ק""ג",true,1,33.90,33.90,false,1,
72901008010259,true,אפרסמון,ביכורי השדה צפון 1994 ג.ד. בעמ,,,"ק""ג",1,"ק""ג",true,1,11.90,11.90,false,1,
