code,internal_code,name,manufacturer_name,manufacture_country,manufacturer_item_description,unit_qty,quantity,unit_of_measure,weighted,qty_in_package,price,unit_of_measure_price,allow_discount,status,item_id
3402809,false,ריסס Reese's שוקולד לבן במילוי חמאת בוטנים,ליימן שליסל,DE,ריזס שוקולד לבן במילוי חמאת בוטנים,,0.00,100.00,false,1.00,3.90,0.00,true,0,
3423909,false,הרשי- קוקיס אנד קרים- חטיף בטעם שוקולד לבן עם שברי עוגיות,ליימן שליסל,US,קוקיס אנד קרים,,0.00,100.00,false,1.00,5.90,0.00,true,0,
3444009,false,ריזס חטיף שוקולד במילוי חמאת בוטנים 42 גרם,ליימן שליסל,US,ריסז שוקולד חלב במילוי חמאת בוטנים,,0.00,100.00,false,1.00,4.90,0.00,true,0,
4014407,false,M&M אריזה קטנה's חמאת בוטנים אריזה קטנה 46 גרם,M&M אם אנד אם,US,ממתק חמאת בוטנים עם שוקולד חלב בציפוי דרג'ה,,0.00,100.00,false,1.00,4.90,0.00,true,0,
9603422,false,אין לבחור שורה זו לחץ בטול,General,,,,0.00,0.00,false,1.00,0.04,0.00,true,0,
30106659,false,סיקאפלסט שפתיים - קרם לשפתיים יבשות וסדוקות,לה רוש-פוזה La Roche-Posay,FR,סיקאפלסט שפתיים לילדים ומבוגרים,,0.00,100.00,false,1.00,45.00,0.06,true,0,
30148130,false,לנקום ביפסיל מסיר איפור עיניים 75 מל,General,FR,BI FACIL מסיר איפור לעיניים,,0.00,100.00,false,1.00,79.00,0.01,true,0,
40052403,false,קיט קט 4 אצבעות שוקולד חלב,נסטלה Nestle,DE,קיט קט 4 אצבעות שוקולד חלב,,0.00,100.00,false,1.00,4.90,0.00,true,0,
40058153,false,ניוואה קרם רב שימושי 30 מל,ביירסדורץ,,קרם רב שימושי,,0.00,100.00,false,1.00,9.90,0.00,true,0,
40084077,false,קינדר מקסי שוקולד בודד 21 גר,קדבורי,,שוקולד חלב ממולא קרם חלב,,0.00,0.00,false,1.00,2.90,0.00,true,0,
40084107,false,ביצת שוקולד הפתעה קינדר,פרדי קונדטוריה אס פי,IT,ביצת הפתעה,,0.00,0.00,false,1.00,6.90,0.00,true,0,
40111216,false,באונטי חטיף קוקוס ושוקולד 57ג',"נארז ע""י : א.ג. גילר",,באונטי חטיף בודד,,0.00,100.00,false,1.00,3.90,0.00,true,0,
40144016,false,סוכריות חמאה וורטר אורגינל גליל בודד 50,קריניציה ויטמינה אס,,סוכריות חמאה גליל בודד,,0.00,0.00,false,1.00,3.90,0.00,true,0,
40345123,false,סמרטיז גליל סוכריות כפתורים 38 ג',נסטלה Nestle,,גליל,,0.00,100.00,false,1.00,4.90,0.00,true,0,
42154662,false,אורביט באריזת מעטפה ספירמינט מסטיק,ריגלי צרפת,,מסטיק אורביט סטיקס בטעם מנטה עדינה ללא סוכר,,0.00,0.00,false,1.00,5.90,0.42,true,0,
42182115,false,אורביט פייב ספירמינט 12 סטיקס 29 גר,ריגלי צרפת,FR,מסטיק פייב סטיקס בטעם מנטה עדינה ללא סוכר,,0.00,0.00,false,1.00,6.90,0.00,true,0,
42188889,false,אורביט פייב אבטיח 12 סטיקס 29 גר,ריגלי צרפת,FR,מסטיק פייב סטיקס בטעם אבטיח ללא סוכר,,0.00,0.00,false,1.00,6.90,0.00,true,0,
42207443,false,"קרם ניוואה סופט, 50 מ""ל",ביירסדורץ,,קרם רב שימושי סופט,,0.00,100.00,false,1.00,9.90,0.00,true,0,
42246640,false,"ניוואה - דאודורנט רול און לאישה פאודר טאצ' נשים 50 מ""ל",ביירסדורץ,DE,ניוואה דאודורנט רול און פאוודר טאצ' לאישה,,0.00,100.00,false,1.00,19.90,0.00,true,0,
42269915,false,קרם לחות ניוואה לפנים/לגוף אינטנסיב 200,HELLAS BEIERSDORF,DE,CARE קרם אינטנסיבי לפנים ולגוף,,0.00,100.00,false,1.00,34.90,0.00,true,0,
42299363,false,"ניוואה - דאודורנט רול און לגבר פרש פאוור 50 מ""ל",ביירסדורץ,DE,דאודורנט רול און פרש אוושן לגבר,,0.00,100.00,false,1.00,19.90,0.00,true,0,
42306788,false,מסטיק בטעם אוכמניות ומנטה איירווייבס 35 גרם,ריגלי,GB,מסטיק איירוויבז בטעם מנטה אוכמניות ללא סוכר,,0.00,0.00,false,1.00,5.90,0.23,true,0,
42343301,false,קרם ידיים אי הקוקוס שלי,כמיפל,GB,קרם ידיים אי הקוקוס שלי,,0.00,100.00,false,1.00,19.90,0.00,true,0,
42343318,false,קרם ידיים נשיקה של פטל,כמיפל,GB,קרם ידיים נשיקה של פטל,,0.00,100.00,false,1.00,19.90,0.00,true,0,
50398904,false,"קרם חמצן 6% אינדולה 60 מ""ל",גדעון קוסמטיקס,,תחליב חמצן 6%,"מ""ל",60.00,100.00,false,1.00,4.90,0.00,true,0,
50398911,false,"קרם חמצן 9% בקבוק 60 מ""ל",שוורצקופ,,קרם חמצן אינדולה 9%,"מ""ל",60.00,100.00,false,1.00,4.90,0.00,true,0,
59013662,false,דאב דאו רולאון קקאו והיביסקוס 50 מל,"יוניליוור אנגליה, דרך קו",GB,דאודורנט רול און לאשה בניחוח קקאו ופרח ההיביסקוס,,0.00,100.00,false,1.00,12.90,0.00,true,0,
59016441,false,"רקסונה - דאודורנט רול און לאישה פרוט ספין 50 מ""ל","יוניליוור אנגליה, דרך קו",GB,דאודורנט רול און פרוט ספין לאשה,,0.00,100.00,false,1.00,17.90,0.00,true,0,
59079798,false,"רקסונה - דאודורנט רול און לאישה אנטי פרספירנט שאוור 50 מ""ל","יוניליוור אנגליה, דרך קו",GB,דאודורנט רול און שאוור פרש,,0.00,100.00,false,1.00,17.90,0.00,true,0,
59080039,false,סימפל קרם לחות קליל 50 מל-סקוויז,יוניליוור,PL,SENSITIVE SKIN EXPERTS קרם לחות קליל - סקוויז,,0.00,100.00,false,1.00,24.90,0.00,true,0,
59080060,false,סימפל מסיר איפור עיניים 50 מל-סקוויז,יוניליוור,PL,SENSITIVE SKIN EXPERTS מיני מסיר איפור עיניים,,0.00,100.00,false,1.00,19.90,0.00,true,0,
59080077,false,סימפל מים מיסלרים 50 מל-סקוויז,יוניליוור,IT,SENSITIVE SKIN EXPERTS מיני מים מיסלרים,,0.00,100.00,false,1.00,19.90,0.00,true,0,
59082637,false,"רקסונה - דאודורנט רולאון לגבר אקסטרא קול 50 מ""ל",יוניליוור פיליפינים,GB,דאודורנט רול און אקסטרה קול,,0.00,100.00,false,1.00,17.90,0.00,true,0,
59085645,false,דאב דאודורנט רול און בניחוח אסאי 50 מל,"יוניליוור אנגליה, דרך קו",GB,דאודורנט רול און בניחוח אסאי ושושנת מים,,0.00,100.00,false,1.00,12.90,0.00,true,0,
59092513,false,"רקסונה - דאודורנט רול און לאישה אלוורה 50 מ""ל",יוניליוור HPC,GB,דאודורנט רול און אלוורה לאישה,,0.00,100.00,false,1.00,17.90,0.00,true,0,
72909799,false,קליק אוקיי חטיף נוגט,תות תעשיות מזון (2014) ב,IL,חטיף קליק נוגט,,0.00,100.00,false,1.00,5.90,0.00,true,0,
72982389,false,מור פה תרסיס לרענון,שולמית קוסמטיקה,,תרסיס לרענון ומניעת ריח פה מנטה,,0.00,100.00,false,1.00,19.90,0.01,true,0,
72994061,false,חטיף פסק זמן GOOD גלילית לבן 40 גרם,שולן צ'\יקולטה גידה סאן.,IL,חטיפי שוקולד חלב במילוי ופל מגולגל,,0.00,100.00,false,1.00,5.90,0.00,true,0,
80001287,false,וופל חטיף לואקר אגוז 38 גר',ליימן מותגים,IT,גרדנה אגוז,,0.00,100.00,false,1.00,3.90,0.00,true,0,
80001461,false,חטיף גרנדה שוקולד 38 גרם,"א. לואקר קונפקט בע""מ",IT,גרדנה שוקולד,,0.00,100.00,false,1.00,3.90,0.00,true,0,
80001485,false,חטיף גרנדה קוקוס 38 גרם,קריניציה ויטמינה אס,IT,גרדנה קוקוס,,0.00,100.00,false,1.00,3.90,0.00,true,0,
80001737,false,לואקר וופל סנדוויץ שוקולד 25 גרם,ליימן שליסל,IT,וופל סנדוויץ שוקולד,,0.00,100.00,false,1.00,3.00,0.00,true,0,
80001751,false,לואקר וופל סנדוויץ וניל 25 גרם,ליימן שליסל,IT,וופל סנדוויץ וניל,,0.00,100.00,false,1.00,3.00,0.00,true,0,
80001911,false,וופל גרדנה במילוי קרם אגוזי לוז ובציפוי שוקולד לבן,ליימן מותגים,IT,גרדנה אגוז-שוקולד לבן,,0.00,100.00,false,1.00,3.90,0.00,true,0,
80050025,false,סוכריות טיק טק תפוז 16 גרם,פררו - אלבה,,סוכריות בטעם תפוז,,0.00,0.00,false,1.00,3.90,0.00,true,0,
80050124,false,סוכריות טיק טק מנטה 16 גרם,פררו - אלבה,,סוכריות בטעם מנטה,,0.00,0.00,false,1.00,3.90,0.00,true,0,
80050278,false,פררו רושר חטיף כדורים שלישיה 40ג',פררו - אלבה,IT,כדורי וופל פריך מצופים שוקולד חלב ושברי אגוזי לוז,,0.00,0.00,false,1.00,6.90,2.30,true,0,
80052487,false,חטיף+ציפוי קוקוס רפאלו30,פררו - אלבה,,חטיף שוקולד,,0.00,0.00,false,1.00,6.90,0.00,true,0,
80052760,false,קינדר בואנו Kinder Bueno עם חלב ואגוזי לוז,פררו - אלבה,,בואנו וואפל ממולא קרם חלב ואגוזי לוז מצופה בשוקולד חלב,,0.00,100.00,false,1.00,4.90,0.00,true,0,
80136194,false,חטיפי הפי היפו Happy Hippo במילוי קרם חלבי ואגוזי לוז,קינדר Kinder,DE,הפי היפו וופל במילוי שוקולד חלב,,0.00,0.00,false,1.00,14.90,0.00,true,0,
80176732,false,קינדר הפי היפו 28 יחידות,פררו - אלבה,,הפי היפו וופל במילוי שוקולד חלב,,0.00,0.00,false,1.00,3.90,0.00,true,0,
80177173,false,ממרח שוקולד נוטלה 350 גרם,פררו - אלבה,IT,ממרח אגוזי לוז עם קקאו,,0.00,100.00,false,1.00,16.90,0.00,true,0,
80177180,false,שוקולד קינדר קאונטרי 23.5 גרם,ליימן שליסל,,שוקולד חלב במילוי קרם חלב ודגנים,,0.00,0.00,false,1.00,2.50,0.00,true,0,
80177609,false,אצבעות שוקולד קינדר Kinder ארבע יחידות,פררו - אלבה,,אצבעות שוקולד חלב ממולא קרם חלב,,0.00,100.00,false,1.00,4.90,0.00,true,0,
80177616,false,אצבעות שוקולד קינדר Kinder שמונה יחידות,פררו - אלבה,,אצבעות שוקולד חלב ממולא קרם חלב,,0.00,0.00,false,1.00,9.90,0.09,true,0,
80761761,false,קינדר בואנו לבן בודד 39 גרם,ליימן שליסל,,"ופל ממולא בחלב ואגוזי לוז, מצופה בשוקולד לבן",,0.00,100.00,false,1.00,4.90,0.00,true,0,
80773429,false,מנטוס בקבוק מעוגל - מסטיק ללא סוכר בטעם תות 60 גרם,"פרפטי ואן מלה ג'\ידה,סאן",NL,מסטיק מנטוס ללא סוכר בטעם תות שדה,,0.00,100.00,false,1.00,11.90,0.00,true,0,
80773443,false,מנטוס בקבוק מעוגל - מסטיק ללא סוכר בטעם מנטה 60 גרם,"פרפטי ואן מלה ג'\ידה,סאן",NL,מסטיק מנטוס ללא סוכר בטעם ספירמינט,,0.00,100.00,false,1.00,11.90,0.00,true,0,
80790990,false,מסטיק מנטוס בבקבוק מעוגל בטעם פירות -מנטה 60 ג',"פרפטי ואן מלה ג'\ידה,סאן",NL,מסטיק מנטוס ללא סוכר בטעם פירות מנטה,,0.00,100.00,false,1.00,11.90,0.00,true,0,
80831402,false,סוכריות מנטוס מנטה עדינה 30 יח' ללא סוכר CLEAN BREATH,פרפטי ואן מלה,,Clean Breath סוכריות מנטה עדינה ללא סוכר,,0.00,100.00,false,1.00,7.90,0.00,true,0,
80832560,false,סוכריות מנטוס פירות יער 21 ג' ללא סוכר CLEAN BREATH,פרפטי ואן מלה,TR,Clean Breath סוכריות פירות יער ללא סוכר,,0.00,100.00,false,1.00,7.90,0.00,true,0,
80843184,false,מנטוס מסטיק פיור פרש בטעם ענבים 60גר,פרפטי ואן מלה הולנד,NL,מסטיק מנטוס ללא סוכר פיורפרש בטעם ענבים,,0.00,100.00,false,1.00,11.90,0.00,true,0,
80850885,false,גומי לעיסה מנטוס וויט בטעם מנטה עדינה ללא סוכר,פרפטי ואן מלה ברדה,TR,וויט גומי לעיסה ללא סוכר בטעם מנטה עדין,,0.00,100.00,false,1.00,9.90,0.00,true,0,
80854753,false,סוכריות מנטוס מנטה 30 יח' ללא סוכר CLEAN BREATH,פרפטי ואן מלה,,Clean Breath סוכריות מנטה ללא סוכר,,0.00,100.00,false,1.00,7.90,0.00,true,0,
80862130,false,"מנטוס מסטיק פיור פרש - אבטיח 28 גרם (14 יח') חת""ס",פרפטי ואן מלה ברדה,NL,מסטיק מנטוס ללא סוכר בקופסא בטעם אבטיח,,0.00,100.00,false,1.00,4.90,0.00,true,0,
80864295,false,סוכריות פיור וויט טעם מנטה עדינה 60 ג' מנטוס,"פרפטי ואן מלה ג'ידה,סאן",TR,מסטיק מנטוס ללא סוכר פיור וויט בטעם מנטה עדינה,,0.00,100.00,false,1.00,11.90,0.00,true,0,
80874652,false,קינדר קארדס 120 גרם - בודד,פררו,IT,"קינדר קארדס - העוגיה הקסומה של קינדר,  עוגיה דקה במיוחד ועשירה בקרם!",,0.00,0.00,false,1.00,3.90,0.00,true,0,
80887744,false,מנטוס מסטיק בקבוקון כיס בטעם מנטה,ליימן שליסל,NL,מסטיק ללא סוכר פיור פרש בקבוקון כיס בטעם מנטה,,0.00,100.00,false,1.00,5.90,0.00,true,0,
80896081,false,מנטוס בקבוק מעוגל - מסטיק ללא סוכר בטעם אבטיח 60 גרם,"פרפטי ואן מלה ג'\ידה,סאן",NL,מסטיק מנטוס ללא סוכר בטעם אבטיח,,0.00,100.00,false,1.00,11.90,0.00,true,0,
80913467,false,מנטוס בקבוק מעוגל - מסטיק ללא סוכר בטעם מנטה,פרפטי ואן מלה הולנד,NL,מסטיק מנטוס ללא סוכר בטעם מנטה,,0.00,100.00,false,1.00,11.90,0.00,true,0,
80936848,false,סוכריות טיק טק תות שדה 24 יח',ליימן-שליסל,,סוכריות בטעם תות שדה ותות שדה-מנטה,,0.00,0.00,false,1.00,3.90,0.00,true,0,
80945468,false,סוכריות פיור וויט טעם מנטה מתוקה 60 ג' מנטוס,"פרפטי ואן מלה ג'ידה,סאן",TR,מסטיק מנטוס ללא סוכר פיור וויט בטעם מנטה מתוקה,,0.00,100.00,false,1.00,11.90,0.00,true,0,
80974215,false,מסטיק מנטוס פיור פרש בבקבוק ביג בטעם תות 90ג',"פרפטי ואן מלה ג'ידה,סאן",NL,מסטיק מנטוס ללא סוכר ביג בטעם תות שדה,,0.00,100.00,false,1.00,17.90,0.00,true,0,
80977070,false,מנטוס מסטיק בקופסה בטעם פירות טרופיים,פרפטי ואן מלה ברדה,NL,מסטיק בקופסה בטעם פירות טרופיים,,0.00,100.00,false,1.00,4.90,0.00,true,0,
80977278,false,מנטוס מסטיק בקבוקון כיס בטעם פירות מנטה,ליימן שליסל,NL,מסטיק ללא סוכר פיור פרש בקבוקון כיס בטעם פירות מנטה,,0.00,100.00,false,1.00,5.90,0.00,true,0,
80979128,false,מנטוס מסטיק בקבוק מעוגל בטעם דובדבן,פרפטי ואן מלה הולנד,NL,מסטיק מנטוס ללא סוכר פיורפרש בטעם דובדבן,,0.00,100.00,false,1.00,11.90,0.00,true,0,
80982470,false,מסטיק מנטוס פיור פרוסט בטעם מנטה חזק 60 גר',פרפטי ואן מלה ברדה,NL,מסטיק מנטוס ללא סוכר פיורפרש בטעם פרוסט מנטה חזקה,,0.00,100.00,false,1.00,11.90,0.00,true,0,
80986348,false,סוכריות פיור וויט טעם מנטה 60 ג' מנטוס,"פרפטי ואן מלה ג'ידה,סאן",TR,מסטיק מנטוס ללא סוכר פיור וויט בטעם מנטה,,0.00,100.00,false,1.00,11.90,0.00,true,0,
80995128,false,מנטוס בקבוק עגול בטעם הדרים בתוספת ויטמינים 60 גרם,פרפטי ואן מלה הולנד,TR,מסטיק מנטוס ללא סוכר בטעם הדרים בתוספת ויטמינים,,0.00,100.00,false,1.00,11.90,0.00,true,0,
87108538,false,סוכריות בטעם תות מנטוס 37.5 גרם,הדקלאים אגודת שיתופי,,סוכריות בטעם תות,,0.00,100.00,false,1.00,3.90,0.00,true,0,
87311396,false,מנטוס ריינבאוו סוכריות לעיסה בטעמי פירות,פרפטי ואן מלה ברדה,,סוכריות קשת בענן,,0.00,100.00,false,1.00,3.90,0.00,true,0,
90162602,false,רד בול משקה אנרגיה פקדון 30 אג,רד בול ג'י.אם.בי. אץ,IL,משקה אנרגיה מוגז בתוספת קפאין וטאורין,,0.00,100.00,false,1.00,8.90,0.00,true,0,
90162800,false,רד בול משקה אנרגיה ללא סוכר פקדון 30 אג,רד בול ג'י.אם.בי. אץ,IL,משקה אנרגיה מוגז בתוספת קפאין וטאורין ללא סוכר,,0.00,100.00,false,1.00,8.90,0.00,true,0,
96033531,false,"דאו דאב רול און רימונים ולואיזה 50 מ""ל",יוניליוור פארם,GB,דאודורנט רול אול לאשה רימונים ולואיזה,,0.00,100.00,false,1.00,12.90,0.00,true,0,
96130339,false,"דאב - דאודורנט רול און לאישה 0% אלומיניום 50 מ""ל",יוניליוור,GB,דאודורנט רול אול לאשה עם 0% מלחי אלומיניום אוריגינל,,0.00,100.00,false,1.00,12.90,0.00,true,0,
96137130,false,"דאודורנט דאב רול און אגס ואלוורה 150 מ""ל",יוניליוור פיליפינים,GB,דאודורנט רול אול לאשה אגס ואלוורה,,0.00,100.00,false,1.00,12.90,0.00,true,0,
96161906,false,קרם ידיים לבבות מרשמלו,כמיפל,GB,קרם ידיים לבבות מרשמלו,,0.00,100.00,false,1.00,19.90,0.00,true,0,
96202272,false,קרם ידיים אהבה ברזילאית,כמיפל,GB,קרם ידיים אהבה ברזילאית,,0.00,100.00,false,1.00,19.90,0.00,true,0,
8421352241,false,בובת TY מחזיק מפתחות אנצאנטד ינשוף עם קרן,שמחה זה אנחנו,CN,בובת TY מחזיק מפתחות,,0.00,0.00,false,1.00,19.90,19.90,true,0,
8421360062,false,בובת TY עיניים גדולות (S) סלאש הכלב האפור(1X12),שמחה זה אנחנו,CN,בובת TY עיניים גדולות (S) סלאש הכלב האפור,,0.00,0.00,false,1.00,24.90,24.90,true,0,
8421361588,false,בובת TY עיניים גדולות (S) פנטסיה חד קרן (1X3X32),שמחה זה אנחנו,CN,בובת TY עיניים גדולות (S) פנטסיה חד קרן,,0.00,0.00,false,1.00,24.90,24.90,true,0,
8421362257,false,בובת TY עיניים גדולות (S) פניקס שועל לבן,שמחה זה אנחנו,CN,בובת TY עיניים גדולות (S) פניקס שועל לבן,,0.00,0.00,false,1.00,24.90,24.90,true,0,
8421362509,false,בובת TY עיניים גדולות (S) לילית חתול עם קרן,שמחה זה אנחנו,CN,בובת TY עיניים גדולות (S) לילית חתול עם קרן,,0.00,0.00,false,1.00,24.90,24.90,true,0,
8421363063,false,בובת TY עיניים גדולות(S)אשר החתול עם קרן,שמחה זה אנחנו,CN,בובת TY עיניים גדולות (S) אשר החתול עם קרן,,0.00,0.00,false,1.00,24.90,24.90,true,0,
8421363070,false,בובת TY עיניים גדולות (S) פריס דב הפנדה עם קרן,שמחה זה אנחנו,CN,בובת TY עיניים גדולות (S) פריס דב הפנדה עם קרן,,0.00,0.00,false,1.00,24.90,24.90,true,0,
8421363223,false,בובת TY עיניים גדולות (S) הלנה כלב האסקי,שמחה זה אנחנו,CN,בובת TY עיניים גדולות (S) הלנה כלב האסקי עם קרן,,0.00,0.00,false,1.00,24.90,24.90,true,0,
8421363803,false,בובת TY עיניים גדולות (S) בנדיקט אפרוח צ,שמחה זה אנחנו,CN,בובת TY עיניים גדולות (S) בנדיקט אפרוח צוואר ארוך,,0.00,0.00,false,1.00,24.90,24.90,true,0,
8421368488,false,בובת TY עיניים גדולות (S) גילדה פלמנגו ורוד,שמחה זה אנחנו,CN,בובת TY עיניים גדולות (S) גילדה פלמנגו ורוד,,0.00,0.00,false,1.00,24.90,24.90,true,0,
8421371907,false,בובת TY עיניים גדולות (S) קיקי החתולה,שמחה זה אנחנו,CN,בובת TY עיניים גדולות (S) קיקי החתולה,,0.00,0.00,false,1.00,24.90,24.90,true,0,
8421422104,false,בובת TY טיני טיי S,שמחה זה אנחנו,CN,בובת TY טיני טיי S,,0.00,0.00,false,1.00,19.90,0.00,true,0,
9800800056,false,חטיף שוקולד עם מקלות לחם אנד גו,פררו - אלבה,DE,&GO!,,0.00,0.00,false,1.00,6.90,0.00,true,0,
10181040313,false,פאלמרס תחליב עיסוי לסימני מתיחה 250 מל,EI.EM.PHARM,US,תחליב עיסוי לסימני מתיחה,,0.00,100.00,false,1.00,49.90,0.00,true,0,
10181040351,false,פאלמרס קרם עיסוי לסימני מתיחה 125 גרם,איתן,US,קרם עיסוי לסימני מתיחה,,0.00,100.00,false,1.00,49.90,0.00,true,0,
10181040764,false,פאלמרס חמאה לעיסוי הבטן 125 גרם,איתן,US,חמאה לעיסוי הבטן,,0.00,100.00,false,1.00,54.90,0.00,true,0,
10181140648,false,פאלמרס קרם מיצוק לעור 315 מל,EI.EM.PHARM,US,קרם מיצוק לעור,,0.00,100.00,false,1.00,49.90,0.00,true,0,
11922966572,false,דפני ספריי להגנה על השיער בעת העיצוב,נורוליס,IL,ספריי להגנה על השיער בעת העיצוב,,0.00,100.00,false,1.00,69.90,0.00,true,0,
11922966589,false,דפני סרום שיער לגמישות וברק,נורוליס,IL,סרום שיער לגמישות וברק,,0.00,100.00,false,1.00,69.90,0.00,true,0,
16000142220,false,נ.וואלי חטיף PROTEIN XL קרמל מלוח,ליימן שליסל,US,חטיף חלבון PROTEIN XL בטעם קרמל מלוח,,0.00,0.00,false,1.00,12.90,0.00,true,0,
16000423534,false,חטיפי גרנולה קראנצ'י עם שיבולת שועל ושוקולד מריר נייצ'ר ואלי 5*42 גרם,ג'נרל מילס סאן אדריאן,,חטיף גרנולה שיבולת שועל ושוקולד מריר,,0.00,0.00,false,1.00,19.90,3.98,true,0,
16000515420,false,נייטשר ואלי פרוטאין XL בוטנים ושבבי שוקולד,ליימן שליסל,US,חטיף חלבון PROTEIN XL בטעם בוטנים ושוקולד,,0.00,0.00,false,1.00,12.90,0.00,true,0,
16000548404,false,חטיפי גרנולה קראנצ'י עם שיבולת שועל ודבש נייצ'ר ואלי 5*42 גרם,ג'נרל מילס סאן אדריאן,,חטיף גרנולה שיבולת שועל ודבש,,0.00,0.00,false,1.00,19.90,3.98,true,0,
16000548503,false,חטיפי גרנולה קראנצ'י עם מייפל וסוכר חום נייצ'ר ואלי 5*42 גרם,ג'נרל מילס סאן אדריאן,,חטיף גרנולה מייפל וסוכר חום,,0.00,0.00,false,1.00,19.90,3.98,true,0,
16000548909,false,חטיפי גרנולה קראנצ'י במגוון טעמים נייצ'ר ואלי 5*42 גרם,ג'נרל מילס סאן אדריאן,ES,חטיף שיבולת שועל מלאה במגוון טעמים,,0.00,0.00,false,1.00,19.90,0.00,true,0,
17000178820,false,שוורצקופף מסקרה לשיער - מהגוני,הנקל סוד,DE,מסקרה לשיער - כיסוי זמני לקווצות השיער והשורש הלבן - מהגוני,,0.00,100.00,false,1.00,59.90,0.03,true,0,
17000179445,false,שוורצקופף מסקרה לשיער - שחור,הנקל סוד,DE,מסקרה לשיער - כיסוי זמני לקווצות השיער והשורש הלבן - שחור,,0.00,100.00,false,1.00,59.90,0.03,true,0,
22200956932,false,דאודורנט ספיד סטיק גל 24/7 כחול 85 גר,הנסיך- מפעל לייצור ט,,דאודורנט ג'ל פרש ראש 24/7,,0.00,100.00,false,1.00,31.90,0.00,true,0,
22200956949,false,דאודורנט ג'ל כתום לגבר ספיד סטיק 85 גרם,קולגייט-פלמוליב,,דאודורנט ג'ל קול פיוז'ן 24/7,,0.00,100.00,false,1.00,31.90,0.00,true,0,
25675301184,false,חמצוצים מקלות חמוצים קולה 50 גרם,פשקז Paskesz,NL,סוכריות חמוצות בטעם קולה,,0.00,0.00,false,1.00,5.90,0.00,true,0,
25700005650,false,שקיות הקפאה גדולות- 14 יח' זיפלוק,אס.סי.גונסון ובניו,US,שקיות הקפאה גדולות,,0.00,0.00,false,1.00,14.90,1.06,true,0,
25700005681,false,זיפלוק שקיות אחסון סליידר בינוניות 20 יחידות,אס.סי גונוסון,US,שקיות אחסון סליידר בינוניות,,0.00,0.00,false,1.00,16.90,0.00,true,0,
25700005698,false,זיפלוק שקיות אחסון בינוניות 24 יחידות,אס.סי.גונסון ובניו,US,שקיות אחסון בינוניות,,0.00,0.00,false,1.00,14.90,0.00,true,0,
35000458476,false,קולגייט מברשת שיניים ילדים מארז רביעייה,קולגייט פלמוליב,VN,מברשות שיניים לילדים אקסטרה סופט 2-8 שנים,,0.00,0.00,false,1.00,29.90,7.47,true,0,
35000687944,false,קולגייט מברשת360 אופטיק וויט רפיל סופט*2,שסטוביץ,CN,מברשת 360 אופטיק וייט ריפיל סופט,,0.00,0.00,false,1.00,45.90,22.95,true,0,
35000689535,false,קולגייט מברשת שיניים מקס וייט סופט זוג,קולגייט-פלמוליב,,מברשת שיניים סיבים רכים מקס ווייט לניקוי יסודי,,0.00,0.00,false,1.00,24.90,12.45,true,0,
35000975065,false,קולגייט מיניונים מברשת חשמלית,שסטוביץ,CN,ילדים מברשת שיניים מיניונים עם סוללות,,0.00,0.00,false,1.00,60.90,0.00,true,0,
36000183399,false,"ליטל סווימרס בגד-ים חד פעמי 7-15 ק""ג M האגיס",חוגלה קימברלי,,"בגד-ים חד פעמי 7-15 ק""ג מידה S/M",,0.00,0.00,false,1.00,43.90,3.65,true,0,
36000516876,false,ממחטות נייר קלינקס לושן 3 שכבות 75 דף,חוגלה קימברלי,US,"לושן-טישו ממחטות אף 3 שכבות, מסייע במניעת אף אדום ומגורה",,0.00,0.00,false,1.00,13.90,0.18,true,0,
36000516890,false,קלינקס לושן שלוש שכבות 120 יחידות,חוגלה קימברלי,US,"לושן-טישו ממחטות אף 3 שכבות, מסייע במניעת אף אדום ומגורה",,0.00,0.00,false,1.00,21.90,0.18,true,0,
37977005288,false,מאם מוצצים סיליקון 6+ תכלת לבן,מאם Mam,,מוצצי סיליקון 6+,,0.00,0.00,false,1.00,39.90,19.95,true,0,
37977005424,false,מאמ-נשכן רב תכליתי יחידה,General,,נשכן לתינוק כחול,,0.00,0.00,false,1.00,34.90,0.00,true,0,
37977005455,false,מאמ מחזיק מוצץ כחול,General,,מאם מחזיק מוצץ כחול,,0.00,0.00,false,1.00,29.90,29.90,true,0,
37977050059,false,מוצץ לתינוק ללא ביספנול 0-2 מאם 2 יחידות,General,,מוצץ סיליקון 0-2 חודשים תכלת,,0.00,0.00,false,1.00,39.90,19.95,true,0,
38000138430,false,פרינגלס שמנת בצל 158 גרם,פרינגלס מנופקצ'ורינג קונ,US,פרינגלס ביג בטעם שמנת ובצל,,0.00,100.00,false,1.00,14.90,0.00,true,0,
38000183690,false,חטיף צ'יפס פרינגלס מידי ברביקיו 71 גרם,פרינגלס מנופקצ'ורינג,US,פרינגלס מידי בטעם ברביקיו,,0.00,100.00,false,1.00,5.90,0.00,true,0,
38000232152,false,פרינגלס חטיפי תפוח אדמה בטעם ברביקיו 158 גרם,פרינגלס מנופקצ'ורינג קומ,US,חטיפי צ'יפס מתפוחי אדמה בטעם ברביקיו,,0.00,100.00,false,1.00,14.90,0.00,true,0,
38000232169,false,פרינגלס מידי אורגינל 67 גרם.,פרינגלס מנופקצ'ורינג קונ,US,חטיפי צ'יפס מתפוחי אדמה בטעם אורגינל,,0.00,100.00,false,1.00,5.90,0.00,true,0,
38000232176,false,פרינגלס ביג שמנת בצל 158 גרם,פרינגלס מנופקצ'ורינג קונ,US,חטיפי צ'יפס מתפוחי אדמה בטעם שמנת בצל,,0.00,100.00,false,1.00,14.90,0.00,true,0,
38000232183,false,פרינגלס ביג אורגינל 149 גרם,פרינגלס מנופקצ'ורינג קונ,US,חטיפי צ'יפס מתפוחי אדמה בטעם אורגינל,,0.00,100.00,false,1.00,14.90,0.00,true,0,
40000512943,false,סוכריות אם אנד אמס M&M שוקולד חלב,M&M אם אנד אם,US,ממתק שוקולד חלב בציפוי דרג'ה,,0.00,100.00,false,1.00,22.90,0.00,true,0,
40000513056,false,M&M's בוטנים אריזה 300 גרם,General,US,ממתק בוטנים עם שוקולד חלב בציפוי דרג'ה,,0.00,100.00,false,1.00,22.90,0.00,true,0,
40000513568,false,סוכריות אם אנד אמס M&M שוקולד חלב,M&M אם אנד אם,,ממתק שוקולד חלב בציפוי דרג'ה,,0.00,100.00,false,1.00,11.90,0.00,true,0,
40000514480,false,M&M אריזה קטנה's שוקולד אריזה קטנה 48 גרם,M&M אם אנד אם,,M&M's שוקולד אריזה אישית,,0.00,100.00,false,1.00,4.90,0.00,true,0,
40000514510,false,M&M אריזה קטנה's בוטנים אריזה קטנה 49 גרם,M&M אם אנד אם,,M&M's בוטנים אריזה אישית,,0.00,0.00,false,1.00,4.90,0.00,true,0,
44600300580,false,כלורוקס קלין אפ פרש נוזל לניקוי רב תכלית,כלורוקס אוקלנד,US,קלין אפ פרש - נוזל לניקוי רב תכליתי עם אקונומיקה,,0.00,100.00,false,1.00,21.90,0.00,true,0,
46214731552,false,עוגיות שוקולד צ'יפס 37% גודיס 225 גרם,קריניציה ויטמינה אס,,,גרם,225.00,100.00,false,1.00,12.90,0.00,true,0,
46688100250,false,ז`ולן קרם מבהיר רגיל 28 גרם,General,,קרם מבהיר שיער כהה מיותר,,0.00,100.00,false,1.00,78.90,0.02,true,0,
46688100502,false,ז`ולן קרם מבהיר אלוורה 28 גרם,General,,מבהיר שיער כהה מיותר אלוורה,,0.00,100.00,false,1.00,78.90,0.02,true,0,
46688400015,false,ג'ולן קרם הבהרה 112 גר',General,,קרם מבהיר שיער כהה מיותר,,0.00,100.00,false,1.00,139.90,0.01,true,0,
55500012046,false,כלורוקס קלין אפ מרסס נוזל לניקוי רב תכלי,כלורוקס אוקלנד,US,קלין אפ תרסיס ניקוי רב תכליתי עם אקונומיקה,,0.00,100.00,false,1.00,21.90,0.00,true,0,
56594009998,false,ניוואה סבון מוצק מטפח קרם קר רביעייה,ביירסדורף,DE,סבון מוצק מטפח קרם קר,,0.00,100.00,false,1.00,19.90,0.00,true,0,
70221011116,false,טובלרון - שוקולד חלב 100 גרם,טובלרון Toblerone,CH,שוקולד חלב שוויצרי,,0.00,0.00,false,1.00,14.90,0.14,true,0,
70942003117,false,בטלר מברשת שיניים 311,ל.ח בריאות ירושלים,,מברשת שיניים 311,,0.00,0.00,false,1.00,19.90,0.00,true,0,
70942006002,false,גאם סטימולטור 600,ל.ח בריאות ירושלים,,מברשת סטימולטור 600,,0.00,0.00,false,1.00,28.90,0.00,true,0,
70942123518,false,גאם מברשת שיניים 509,General,,מברשת שיניים 509,,0.00,0.00,false,1.00,21.90,0.00,true,0,
70942302821,false,גאם קיסמים רכים סיבי גומי ירוק,General,,קיסמי שיניים רכים עם סיבי גומי,,0.00,0.00,false,1.00,49.90,0.00,true,0,
70942506052,false,בטלר ידית פלסט 614+612+5,ל.ח בריאות ירושלים,,פרוקסברש קלאסיק,,0.00,0.00,false,1.00,21.90,0.00,true,0,
70942916141,false,גאם פרוקסברש נסיעות 1614,General,,מברשת אינטרדנטלית פרוקסברש נסיעות 1614,,0.00,0.00,false,1.00,28.90,0.00,true,0,
77245110610,false,סוכריות מאסט ללא סוכר בטעם מנטה 80 ג'עלית,MIESZKO S.A - MS. JO,,סוכריות ללא סוכר בטעם מנטה,,0.00,100.00,false,1.00,9.90,0.00,true,0,
78300081098,false,פלייטקס ספורט עם מוליך רגולר 18 יח,פלייטקס מניפאקטורינג בעמ,US,ספורט טמפונים עם מוליך רגולר,,0.00,0.00,false,1.00,27.90,1.55,true,0,
78300081111,false,פלייטקס ספורט עם מוליך סופר 18 יח,פלייטקס מניפאקטורינג בעמ,US,ספורט טמפונים עם מוליך סופר,,0.00,0.00,false,1.00,27.90,1.55,true,0,
78300081357,false,פלייטקס ספורט עם מוליך סופר פלוס 18 יח,פלייטקס,US,ספורט טמפונים עם מוליך סופר פלוס,,0.00,0.00,false,1.00,27.90,1.55,true,0,
78300098379,false,פלייטקס טמפונים רגולר סימפלי גנטל גלייד 20י,פלייטקס מניפאקטורינג בעמ,US,סימפלי ג'נטל גלייד טמפונים עם מוליך רגולר,,0.00,0.00,false,1.00,27.90,1.39,true,0,
78300098393,false,פלייטקס טמפונים סופר פלוס סימפלי גנטל גלייד,פלייטקס מניפאקטורינג בעמ,US,סימפלי ג'נטל גלייד טמפונים עם מוליך סופר פלוס,,0.00,0.00,false,1.00,27.90,1.55,true,0,
78522000150,false,ג'ייסון שמפו חוחובה לשיער חזק ובריא,ג'ייסון Jason,US,שמפו חוחובה+שמן קיק,,0.00,100.00,false,1.00,59.90,0.00,true,0,
78522000198,false,מרכך חוחובה + שמן קיק גייסון 411 גרם,ג'ייסון Jason,US,מרכך חוחובה+שמן קיק,,0.00,100.00,false,1.00,59.90,0.00,true,0,
78522000822,false,שמפו לילדים עדין במיוחד גייסון,K-CARE,US,שמפו לילדים,,0.00,100.00,false,1.00,69.90,0.00,true,0,
78522001959,false,"גל רחצה לגבר הכל באחד גייסון 887 מ""ל",K-CARE,US,ג'ל רחצה ושמפו לגבר - הכל באחד,,0.00,100.00,false,1.00,94.90,0.00,true,0,
78522001980,false,גייסון דאודורנט ספריי לגבר,K-CARE,US,דאודורנט ספריי לגבר,,0.00,100.00,false,1.00,69.90,0.00,true,0,
78522007289,false,גייסון משחת שיניים טבעית תות לילדים,K-CARE,US,משחת שיניים טבעית תות לילדים,,0.00,100.00,false,1.00,31.90,0.00,true,0,
78522014980,false,ג'ייסון משחת שיניים קוקוס מנטה,K-CARE,US,משחת שיניים קוקוס מנטה,,0.00,100.00,false,1.00,39.90,0.00,true,0,
78522015000,false,ג'ייסון משחת שיניים מנטה,ג'ייסון Jason,US,משחת שיניים מלבינה מרכיבים טבעיים,,0.00,100.00,false,1.00,39.90,0.00,true,0,
78522015109,false,ג'ייסון משחת שיניים ניחוח ים מרענן,ג'ייסון Jason,US,משחת שיניים בניחוח ים מרענן,,0.00,100.00,false,1.00,39.90,0.00,true,0,
78522015154,false,ג'ייסון משחת שיניים עץ התה,ג'ייסון Jason,US,משחת שיניים עץ התה,,0.00,100.00,false,1.00,39.90,0.00,true,0,
78522015680,false,ג'ייסון משחת שיניים מוקטנת מנטה 85 גר',K-CARE,US,משחת שיניים מלבינה מרכיבים טבעיים,,0.00,100.00,false,1.00,24.90,0.00,true,0,
78522015697,false,ג'ייסון משחת שיניים מוקטנת ניחוח ים,K-CARE,US,משחת שיניים ניחוח ים,,0.00,100.00,false,1.00,24.90,0.00,true,0,
78522020257,false,גייסון סבון ידיים נוזלי לבנדר,K-CARE,US,סבון ידיים נוזלי לבנדר,,0.00,100.00,false,1.00,49.90,0.00,true,0,
78522021056,false,"ג'ייסון - ג'ל רחצה אלוורה 887 מ""ל",K-CARE,US,ג'ל רחצה אלו וורה,,0.00,100.00,false,1.00,94.90,0.00,true,0,
78522021094,false,"ג'ייסון - ג'ל רחצה קמומיל 887 מ""ל",ג'ייסון Jason,US,ג'ל רחצה קמומיל,,0.00,100.00,false,1.00,94.90,0.00,true,0,
78522021131,false,גייסון גל רחצה לבנדר 887 מל,K-CARE,US,ג'ל רחצה לבנדר,,0.00,100.00,false,1.00,94.90,0.00,true,0,
78522021230,false,גייסון גל רחצה מי ורדים 887 מל,ג'ייסון Jason,US,ג'ל רחצה מי ורדים,,0.00,100.00,false,1.00,94.90,0.00,true,0,
78522021254,false,"שמן קוקוס אורגני גייסון 443 מ""ל",ג'ייסון Jason,US,שמן קוקוס אורגני,,0.00,100.00,false,1.00,99.00,0.00,true,0,
78522030270,false,גייסון גל רחצה עץ התה 887 מל,ג'ייסון Jason,US,ג'ל רחצה עץ התה,,0.00,100.00,false,1.00,94.90,0.00,true,0,
78522040118,false,"ג'ייסון שמן ויטמין e – 32,000 יחידות",ג'ייסון Jason,US,"שמן ויטמין אי 32,000IU",,0.00,100.00,false,1.00,99.90,0.03,true,0,
78522040163,false,גל אלוורה גייסון להקלה מיידית בעור 113 ג,ג'ייסון Jason,US,ג'ל 98% אלוורה,,0.00,100.00,false,1.00,54.90,0.00,true,0,
78522050018,false,"שמן ויטמין E הזנה לגוף גייסון 118 מ""ל",ג'ייסון Jason,US,שמן ויטמין E 5000,,0.00,100.00,false,1.00,69.90,0.00,true,0,
78522050056,false,שמפו אצות ים גייסון473מל,K-CARE,US,שמפו אצות ים לשיער מתולתל,,0.00,100.00,false,1.00,59.90,0.00,true,0,
78522050094,false,גייסון קונדישינר אצות ים,ג'ייסון Jason,US,מרכך אצות ים לשיער מתולתל,,0.00,100.00,false,1.00,59.90,0.00,true,0,
78522050124,false,"קרם ויטמין E להחייאת העור גייסון 113 מ""ל",K-CARE,US,קרם פנים ויטמין E,,0.00,100.00,false,1.00,79.90,0.00,true,0,
78522060055,false,קונדישנר לבנדר גייסון473,K-CARE,US,מרכך לבנדר,,0.00,100.00,false,1.00,59.90,0.00,true,0,
78522060307,false,גייסון תרחיץ פילינג לפנים 113 גרם,ג'ייסון Jason,US,תרחיץ פילינג לפנים,,0.00,100.00,false,1.00,59.90,0.00,true,0,
78522070054,false,גייסון שמפו ביוטין לשיער יבש ופגום 473מל,ג'ייסון Jason,US,שמפו ביוטין משקם,,0.00,100.00,false,1.00,59.90,0.00,true,0,
78522090250,false,גייסון דאורדורנט סטיק אלו וורה,ג'ייסון Jason,US,דאודורנט סטיק אלוורה,,0.00,100.00,false,1.00,54.90,0.00,true,0,
78522090458,false,גייסון דאודורנט סטיק עץ התה,ג'ייסון Jason,US,דאודורנט סטיק עץ התה,,0.00,100.00,false,1.00,54.90,0.00,true,0,
85805546649,false,ארדן קרם 8 שעות 30 מל,אלפא,US,EIGHT HOUR קרם לחות,,0.00,100.00,false,1.00,139.00,0.04,true,0,
91400000073,false,קליפורניה פחית מיכל ריח מוצק - דובדבן,דנשר,US,פחית מיכל ריח אורגני במוצק - דובדבן,,0.00,100.00,false,1.00,19.90,0.00,true,0,
91400000226,false,קליפורניה פחית מיכל ריח מוצק - מסטיק,דנשר,US,פחית מיכל ריח אורגני במוצק - מסטיק,,0.00,100.00,false,1.00,19.90,0.00,true,0,
91400000288,false,קליפורניה פחית מיכל ריח מוצק - וניל,דנשר,US,פחית מיכל ריח אורגני במוצק - וניל,,0.00,100.00,false,1.00,19.90,0.00,true,0,
91400032210,false,קליפורניה פחית מיכל ריח מוצק -מבשם כביסה,דנשר,US,פחית מיכל ריח אורגני במוצק - מבשם כביסה,,0.00,100.00,false,1.00,19.90,0.00,true,0,
91400032739,false,קליפורניה פחית מיכל ריח מוצק - אייס,דנשר,US,פחית מיכל ריח אורגני במוצק - אייס,,0.00,100.00,false,1.00,19.90,0.00,true,0,
125002741352,false,אורנה 19 מבהיר שיער,אלפא,ZA,מבהיר שיער כהה מיותר לפנים ולגוף,,0.00,0.00,false,1.00,39.90,0.00,true,0,
192333042793,false,קליניק ג'ל לחות עשיר לעור יבש מאוד 30 מל,אלקליל,GB,MOISTURIZER SURGE INTENSE ג'ל לחות עשיר לעור יבש מאוד עד יבש מעורב,,0.00,100.00,false,1.00,95.00,0.03,true,0,
305210043596,false,"וזלין - תחליב לחות עם תמצית לוונדר 600 מ""ל","יוניליוור, ג'\פרסון סיטי",US,תחליב גוף עם תמצצית לוונדר,,0.00,100.00,false,1.00,26.90,0.00,true,0,
305210134423,false,וזלין תחליב גוף עם חמאת קקאו 600 מל,יוניליוור,US,תחליב גוף עם חמאת קקאו,,0.00,100.00,false,1.00,26.90,0.00,true,0,
305210256712,false,וזלין לשפתיים אורגינל 0.25 אונקיה,"יוניליוור ג'ונסבורו,",US,מיני לשפתיים אורגינל,,0.00,100.00,false,1.00,14.90,0.02,true,0,
305210317079,false,וזלין מיני לשפתיים חמאת קקאו 9 גר,"יוניליוור ג'ונסבורו,",US,וזלין מיני לשפתיים חמאת קקאו,,0.00,100.00,false,1.00,14.90,0.02,true,0,
305210416383,false,"ואזלין קרם גוף לגבר נספג במהירות 600 מ""ל","יוניליוור, ג'פרסון סיטי,",US,מן קרם גוף לגבר,,0.00,100.00,false,1.00,26.90,0.00,true,0,
305210464728,false,וזלין מיני לשפתיים בטעם קרם ברולה,"יונילוור ארה""ב - HPC",US,מיני לשפתיים בטעם קרם ברולה,,0.00,100.00,false,1.00,14.90,0.02,true,0,
305213079004,false,"תחליב גוף להזנה עמוקה צהוב וזלין 600 מ""ל","יוניליוור, ג'פרסון סיטי,",US,תחליב גוף להזנה עמוקה,,0.00,100.00,false,1.00,26.90,0.00,true,0,
309970075583,false,רבלון רולר וולקני סופג שומנים,General,CN,רולר וולקני סופג שומנים,,0.00,0.00,false,1.00,79.90,0.00,true,0,
334362000171,false,סטימודנט קיסמי שיניים רגיל 100 יח,נורוליס,,קסמי שיניים,,0.00,0.00,false,1.00,29.90,0.00,true,0,
350007641028,false,משחת שיניים קולגייט משחה 2ב1 הלבנה 130 גרם,קולגייט Colgate,MX,2 ב1 משחת שיניים ושטיפת פה להלבנה,,0.00,100.00,false,1.00,21.90,0.00,true,0,
371687320744,false,סאן אין למון פרש-בניחוח לימון,מדיטרנד כללי,US,למון פרש-בניחוח לימון,,0.00,100.00,false,1.00,59.90,0.00,true,0,
371687320751,false,סאן אין טרופיקל בריז-בניחוח טרופי,מדיטרנד כללי,US,מבהיר שיער בניחוח טרופי,,0.00,100.00,false,1.00,59.90,0.00,true,0,
618059011153,false,פיטוציאן אמפולות לשיער דליל,פרמה גורי,,פיטוציאן אמפולות לשיער דליל,,0.00,0.00,false,1.00,249.90,20.82,true,0,
618059102219,false,פיטוגובה מסיכה 200 לשיער יבש,פרמה גורי,,פיטוגובה מסיכה לשיער יבש,,0.00,100.00,false,1.00,159.90,0.00,true,0,
618059102271,false,פיטוציטרוס מסכה לשיער צבוע,פרמה גורי,,פיטוציטרוס מסכה לשיער צבוע,,0.00,100.00,false,1.00,109.90,0.00,true,0,
618059105272,false,פיטובאום מרכך שיער 200 מל,פארמה גורי,,מרכך לשיער עם צמחים לשיער רגיל עד יבש,,0.00,100.00,false,1.00,74.90,0.00,true,0,
618059162299,false,פיטוקריטה מסכה לשיער יבש מאד,פרמה גורי,,פיטוקריטה מסכה לשיער יבש מאד,,0.00,100.00,false,1.00,159.90,0.00,true,0,
618059163388,false,פיטופרוגניום שמפו לבריאות השיער,פארמה גורי,,פיטופרוגניום שמפו לבריאות השיער,,0.00,100.00,false,1.00,74.90,0.00,true,0,
619828139405,false,OPI גרביים מתקדמות לריכוך העור זוג,רייס,CH,גרביים מתקדמות לריכוך העור,,0.00,0.00,false,1.00,39.90,0.00,true,0,
619828139436,false,OPI כפפות מתקדמות לריכוך העור זוג,רייס,CH,כפפות מתקדמות לריכוך העור,,0.00,0.00,false,1.00,39.90,0.00,true,0,
651080153515,false,פלקרס חוט דנטלי לילדים 30 יח,דנטלון,CN,חוט דנטלי עם ידית לשימוש רב פעמי לילדים,,0.00,0.00,false,1.00,13.90,0.46,true,0,
651080161510,false,פלקרס פולסר לשיניים צפופות-מנטה 35 יחידו,מיוצר עי קונדיטוריית,CN,חוט דנטלי עם ידית לשיניים צפופות מנטה,,0.00,0.00,false,1.00,13.90,0.39,true,0,
651080366519,false,פלקרס פלוסר כפול טווין ליין,דנטלון,CN,טווין ליין חוט דנטלי כפול עם ידית,,0.00,0.00,false,1.00,14.90,0.49,true,0,
651080647519,false,קיסמים עם חוט דנטלי פלאקרס מנטה 35 יחידות,"פלקרס רנור ארה""ב",,חוט דנטלי עם ידית לשימוש רב פעמי מנטה,,0.00,0.00,false,1.00,13.90,0.38,true,0,
654749350010,false,אבלון אורגניקס סדרת ויטמין C סרום פנים,אבלון אורגניקס Avalon Organics,US,ויטמין C סרום לפנים,,0.00,100.00,false,1.00,179.00,0.05,true,0,
654749350027,false,אבלון אורגניקס ויטמין C קרם פנים מחייה,K-CARE,US,ויטמין C קרם פנים מחייה,,0.00,100.00,false,1.00,149.90,0.03,true,0,
654749350041,false,אבלון אורגניקס ויטמין C גל פנים נטול שומ,אבלון אורגניקס Avalon Organics,US,קרם לחות במרקם ג'ל אורגני ויטמין C,,0.00,100.00,false,1.00,149.90,0.03,true,0,
654749350058,false,אבלון אורגניקס סדרת ויטמין C ג'ל ניקוי לפנים,אבלון אורגניקס Avalon Organics,US,ויטמין C ג'ל ניקוי לפנים,,0.00,100.00,false,1.00,69.90,0.00,true,0,
654749351000,false,אבלון אורגניקס שמפו לבנדר,K-CARE,US,שמפו לבנדר,,0.00,100.00,false,1.00,54.90,0.00,true,0,
654749351055,false,אבלון אורגניקס שמפו לימון,K-CARE,US,שמפו לימון,,0.00,100.00,false,1.00,54.90,0.00,true,0,
654749351178,false,אבלון אורגניקס שמפו עץ התה,K-CARE,US,שמפו עץ התה,,0.00,100.00,false,1.00,54.90,0.00,true,0,
654749351352,false,אבלון אורגניקס שמפו תפוח,K-CARE,US,שמפו חומץ תפוחים,,0.00,100.00,false,1.00,54.90,0.00,true,0,
654749351369,false,אבלון אורגניקס מרכך חומץ תפוחים,K-CARE,US,מרכך חומץ תפוחים,,0.00,100.00,false,1.00,54.90,0.00,true,0,
654749352007,false,אבלון אורגניקס קרם גוף לבנדר אורגני,אבלון אורגניקס Avalon Organics,US,קרם גוף וידיים לבנדר,,0.00,100.00,false,1.00,79.90,0.00,true,0,
654749358009,false,אבלון אורגניקס סרום פנים,K-CARE,US,סרום פנים לטיפול בקמטים,,0.00,100.00,false,1.00,189.90,0.11,true,0,
654749358047,false,אבלון אורגניקס קרם לילה לטיפול בקמטים,K-CARE,US,קרם לילה לטיפול בקמטים,,0.00,100.00,false,1.00,159.90,0.03,true,0,
654749358054,false,אבלון אורגניקס קרם טיפול בקמטים,K-CARE,US,קרם יום לטיפול בקמטים,,0.00,100.00,false,1.00,159.90,0.03,true,0,
654749361023,false,אבלון אורגניקס שמפו ביוטין -קומפלקס ויטמיני B,אבלון אורגניקס Avalon Organics,US,שמפו ביוטין לשיקום השיער,,0.00,100.00,false,1.00,64.90,0.00,true,0,
654749361061,false,שמפו לטיפול ומניעת קשקשים אבלון אורגניקס,אבלון אורגניקס Avalon Organics,US,שמפו קשקשים,,0.00,100.00,false,1.00,69.90,0.00,true,0,
654749361221,false,אבלון אורגניקס מרכך שיער ביוטין -קומפלקס,K-CARE,US,מרכך ביוטין לשיקום השיער,,0.00,100.00,false,1.00,64.90,0.00,true,0,
654749453957,false,אבלון אורגניקס שמן נוגד חמצון מועשר בויט,אבלון אורגניקס Avalon Organics,US,שמן נוגד חמצון מועשר בויטמין C,,0.00,100.00,false,1.00,199.90,0.06,true,0,
713708451011,false,סופרפודז שמפו טבעוני לשיער ניזוק 355,General,US,"סופרפודז שמפו טבעוני לשיער ניזוק מועשר בקייל, קרטין ואומגה 3",,0.00,100.00,false,1.00,24.90,0.00,true,0,
713708451035,false,סופרפודז שמפו טבעוני לשיער צבוע 355,General,US,"שמפו טבעוני לשיער צבוע מועשר באסאי, שמן מקדמיה וויטמין C",,0.00,100.00,false,1.00,24.90,0.00,true,0,
713708452025,false,סופרפודז מרכך טבעוני מעניק לחות עשיר 355,General,US,"מרכך טבעוני מעניק לחות עשיר בחלב קוקוס, שמן שקדים וויטמין E",,0.00,100.00,false,1.00,24.90,0.00,true,0,
713708452032,false,סופרפודז מרכך טבעוני לשיער צבוע 355,General,US,"מרכך טבעוני לשיער צבוע מועשר באסאי, שמן מקדמיה וויטמין C",,0.00,100.00,false,1.00,24.90,0.00,true,0,
713708452087,false,סופרפודז מרכך טבעוני לניקוי והזנת 355,General,US,"מרכך טבעוני לניקוי והזנת השיער מועשר בשורש ג'ינג'ר, פחם לבן ומאצ'ה",,0.00,100.00,false,1.00,24.90,0.00,true,0,
713708453015,false,סופרפודז סרום טבעוני לשיער ניזוק מועשר60,General,US,"סרום טבעוני לשיער ניזוק מועשר בקייל, קרטין ואומגה 3",,0.00,100.00,false,1.00,29.90,0.00,true,0,
713708453039,false,סופרפודז סרום טבעוני לשיער צבוע מועשר 60,General,US,"סרום טבעוני לשיער צבוע מועשר באסאי, שמן מקדמיה וויטמין C",,0.00,100.00,false,1.00,29.90,0.00,true,0,
713708454012,false,סופרפודז תחליב רחצה קאם קלין 475 מל,General,US,תחליב רחצה קאם קלין,,0.00,100.00,false,1.00,24.90,0.00,true,0,
713708454029,false,סופרפודז תחליב רחצה גט באזד 475 מל,General,US,תחליב רחצה גט באזד,,0.00,100.00,false,1.00,24.90,0.00,true,0,
713708454036,false,סופרפודז תחליב רחצה סו סמוד 475 מל,General,US,תחליב רחצה סו סמוד,,0.00,100.00,false,1.00,24.90,0.00,true,0,
713708455019,false,סופרפודז חמאה לסיוע בטיפול סימני מתיחה,General,US,חמאה לסיוע בטיפול סימני מתיחה,,0.00,100.00,false,1.00,24.90,0.00,true,0,
713708455033,false,סופרפודז חמאת גוף מעניקה לחות,General,US,חמאת גוף מעניקה לחות,,0.00,100.00,false,1.00,24.90,0.00,true,0,
713708456023,false,סופרפודז סקראב לכף הרגל מועשר בפחם,General,US,סקראב לכף הרגל מועשר בפחם,,0.00,100.00,false,1.00,24.90,0.00,true,0,
724742003128,false,EVEN & BRIGHT קרם לחות SPF15,K-CARE,US,EVEN & BRIGHT קרם לחות SPF15,,0.00,100.00,false,1.00,99.90,0.01,true,0,
724742003173,false,EVEN & BRIGHT קרם מחדש,K-CARE,US,EVEN & BRIGHT קרם מחדש,,0.00,100.00,false,1.00,99.90,0.01,true,0,
724742008123,false,הוואין - קרם לחות נטול שומן אלוורה ותה י,K-CARE,US,הוואין - קרם לחות נטול שומן אלוורה ותה ירוק,,0.00,100.00,false,1.00,109.90,0.01,true,0,
724742008246,false,הוואין - קרם גוף מועשר בשמן אגוזי קוקוי,K-CARE,US,הוואין - קרם גוף מועשר בשמן אגוזי קוקוי,,0.00,100.00,false,1.00,79.90,0.00,true,0,
724742009274,false,תרחיץ פנים מסדרת הוואין וולקניק דיטוקס,אלבה בוטניקה alba botanica,US,הוואין וולקניק דיטוקס - תרחיץ פנים,,0.00,100.00,false,1.00,99.90,0.00,true,0,
724742009281,false,הוואין וולקניק דיטוקס - פילינג לפנים ולצוואר,אלבה בוטניקה alba botanica,US,הוואין וולקניק דיטוקס - פילינג לפנים ולצוואר,,0.00,100.00,false,1.00,99.90,0.00,true,0,
724742009519,false,מסכת בוץ מתחממת מסדרת הוואין וולקניק,אלבה בוטניקה alba botanica,US,הוואין וולקניק - מסכת בוץ מתחממת,,0.00,100.00,false,1.00,129.90,0.01,true,0,
728229123590,false,טרה אורגינל חטיף על בסיס ירקות שורש בטעם טבעי 110 גרם,הונדורס צ'יפס יצור א,,חטיף על בסיס ירקות שורש בטעם טבעי,,0.00,100.00,false,1.00,16.90,0.00,true,0,
728229123811,false,טרה חטיף על בסיס ירקות שורש בתיבול ים תיכוני 110 גרם,הונדורס צ'יפס יצור א,,חטיף ציפס מירקות אקזוטיים מתובל,,0.00,100.00,false,1.00,16.90,0.00,true,0,
728229130154,false,טרה חטיף על בסיס בטטה וסלק בטעם טבעי 110 גרם,הונדורס צ'יפס יצור א,,,,0.00,100.00,false,1.00,16.90,0.00,true,0,
734896880483,false,שש בש,General,,,,0.00,0.00,false,1.00,24.90,24.90,true,0,
744163001008,false,גאם חוט דנטלי ספוגי רגיל,General,,חוט דנטלי ספוגי,,0.00,0.00,false,1.00,49.90,0.49,true,0,
769493100054,false,GU גל אנרגיה תותי יער,מדיטרנד,,ג'ל אנרגיה תותי יער,,0.00,100.00,false,1.00,7.90,0.00,true,0,
769493100078,false,גל אנרגיה טעם אספרסו,מדיטרנד,,ג'ל אנרגיה אספרסו,,0.00,100.00,false,1.00,7.90,0.00,true,0,
769493100184,false,GU גל אנרגיה קרמל מלח,מדיטרנד,,גל אנרגיה קרמל מלוח,,0.00,100.00,false,1.00,7.90,0.00,true,0,
788434106757,false,וואן חטיף דונטס מייפל 60 גרם,מדיטרנד,US,חטיף דונאטס מייפל,,0.00,100.00,false,1.00,17.90,0.00,true,0,
788434108379,false,חטיף חלבון וואן קרם עוגיות 60 גרם,בלמונט קונפקשנס,US,חטיף קרם עוגיות,,0.00,100.00,false,1.00,17.90,0.00,true,0,
788434108782,false,וואן חטיף חמאת בוטנים 60 גרם,בלמונט קונפקשנס,US,חטיף חמאת בוטנים,,0.00,100.00,false,1.00,17.90,0.00,true,0,
810400031586,false,אק.מסכת שיער מועשרת בקולגן,CONCEPT LABORATORIES,US,מסכת שיער מועשרת בקולגן,,0.00,100.00,false,1.00,49.90,0.00,true,0,
810400031593,false,אק.מסכת שיער אנטי פריז מועשרת בשמן ארגן,CONCEPT LABORATORIES,US,מסכת שיער אנטי פריז מועשרת בשמן ארגן,,0.00,100.00,false,1.00,49.90,0.00,true,0,
810400031616,false,אק.מסכת שיער מועשרת בביוטין,CONCEPT LABORATORIES,US,מסכת שיער מועשרת בביוטין,,0.00,100.00,false,1.00,49.90,0.00,true,0,
810400033061,false,אק.טונר ויטמין C מעניק זוהר,CONCEPT LABORATORIES,US,טונר ויטמין C מעניק זוהר,,0.00,100.00,false,1.00,49.90,0.00,true,0,
810400033085,false,אק.טונר הידרו בוסט,CONCEPT LABORATORIES,US,טונר הידרו בוסט,,0.00,100.00,false,1.00,49.90,0.00,true,0,
810400033146,false,אק.מסכת שיער מועשרת בקרטין למראה שיער חל,CONCEPT LABORATORIES,US,מסכת שיער מועשרת בקרטין למראה שיער חלק,,0.00,100.00,false,1.00,49.90,0.00,true,0,
819265006388,false,אק.קרם פנים ממצק מועשר ברטינול,CONCEPT LABORATORIES,US,קרם פנים ממצק מועשר ברטינול,,0.00,100.00,false,1.00,54.90,0.00,true,0,
819265006395,false,אק.קרם פנים וידיים מועשר בקולגן,CONCEPT LABORATORIES,US,קרם פנים וידיים מועשר בקולגן,,0.00,100.00,false,1.00,42.90,0.00,true,0,
819265008016,false,אק.סרום פנים אנטי אייגינג מועשר בויטמין,CONCEPT LABORATORIES,US,סרום פנים אנטי אייג'ינג מועשר בויטמין C,,0.00,100.00,false,1.00,54.90,0.01,true,0,
819265008788,false,אק.סרום פנים מועשר בחומצה היאלורונית,CONCEPT LABORATORIES,US,סרום פנים מועשר בחומצה היאלורונית,,0.00,100.00,false,1.00,54.90,0.01,true,0,
819265009600,false,אק.קרם פנים וגוף מועשר בחומצה היאלורונית,CONCEPT LABORATORIES,US,קרם פנים וגוף מועשר בחומצה היאלורונית,,0.00,100.00,false,1.00,42.90,0.00,true,0,
841058005285,false,אדג גל גילוח מועשר בשיבולת שועל 198 גרם,אדג' ג'ל,,ג`ל גילוח מועשר בשיבולת שועל מתאים לקרחת,,0.00,100.00,false,1.00,18.90,0.00,true,0,
850278004039,false,בונדי סנד כפפה רב פעמית למריחת מוצרי שיז,לילית,CN,כפפה רב פעמית למריחת מוצרי שיזוף עצמי,,0.00,0.00,false,1.00,25.00,0.00,true,0,
850278004046,false,בונדי סנד מוס לשיזוף עצמי בניחוח קוקוס ג,לילית,AU,מוס לשיזוף עצמי בניחוח קוקוס גוון כהה,,0.00,100.00,false,1.00,90.00,0.00,true,0,
850278004053,false,בונדי סנד מוס לשיזוף עצמי בניחוח קוקוס ג,לילית,AU,מוס לשיזוף עצמי בניחוח קוקוס גוון בהיר / בינוני,,0.00,100.00,false,1.00,90.00,0.00,true,0,
850278004084,false,תחליב גוף לשיזוף הדרגתי לשימוש יומיומי בניחוח חמאת קקאו,לילית,AU,תחליב גוף לשיזוף הדרגתי לשימוש יומיומי בניחוח חמאת קקאו,,0.00,100.00,false,1.00,75.00,0.00,true,0,
850278004381,false,בונדי סנד מוס להסרת שיזוף עצמי 200 מל,לילית,AU,מוס להסרת שיזוף עצמי,,0.00,100.00,false,1.00,85.00,0.00,true,0,
850278004718,false,בונדי סנד זהב נוזלי מוס לשיזוף עצמי בניח,לילית,AU,זהב נוזלי מוס לשיזוף עצמי בניחוח קוקוס,,0.00,100.00,false,1.00,90.00,0.00,true,0,
885190810017,false,פיקסי - מסיר איפור מילקי לפנים עיניים וש,General,GB,"HYDRATING MILKY מסיר איפור פנים, עיניים ושפתיים",,0.00,100.00,false,1.00,99.00,0.00,true,0,
885190812554,false,פיקסי  דאבל קלנז- תכשיר ניקוי כפול,General,GB,DOUBLE CLEANSE תכשיר ניקוי כפול,,0.00,0.00,false,1.00,89.00,0.00,true,0,
885190812561,false,פיקסי קרם ניקוי מועשר בפרחי ורדים וקמומי,General,GB,קרם ניקוי מועשר בפרחי ורדים וקמומיל,,0.00,100.00,false,1.00,89.00,0.00,true,0,
885190812639,false,פיקסי  תכשיר ניקוי ויטמין C,General,GB,VITAMIN-C JUICE תכשיר ניקוי ויטמין C,,0.00,100.00,false,1.00,89.00,0.00,true,0,
885190812646,false,פיקסי  תכשיר ניקוי מילקי,General,GB,HYDRATING MILKY תכשיר ניקוי קרמי,,0.00,100.00,false,1.00,89.00,0.00,true,0,
885190812677,false,פיקסי  תכשיר ניקוי רטינול ויסמין,General,GB,RETINOL JASMINE תכשיר ניקוי קרמי עשיר בויטמין A,,0.00,100.00,false,1.00,89.00,0.00,true,0,
885190820009,false,פיקסי גלואו מיסט תרסיס זוהר 80 מל,General,GB,גלואו מיסט - תרסיס זוהר מועשר בשמן ארגן ופרופוליס,,0.00,100.00,false,1.00,75.00,0.00,true,0,
885190820023,false,פיקסי רסיס לחות עם חומצה היאלורונית ושיב,General,GB,תרסיס לחות עם חומצה היאלורונית ושיבולת שועל שחורה,,0.00,100.00,false,1.00,75.00,0.00,true,0,
885190820030,false,פיקסי ויטמין וייקאפ מיסט 80 מל,General,GB,ויטמין וייקאפ מיסט,,0.00,100.00,false,1.00,75.00,0.00,true,0,
885190821006,false,פיקסי גלואו טוניק 250 מל,General,GB,גלואו טוניק,,0.00,100.00,false,1.00,89.00,0.00,true,0,
885190821020,false,פיקסי גלואו טוניק 100 מל,General,GB,גלואו טוניק,,0.00,0.00,false,1.00,49.00,0.49,true,0,
885190821082,false,פיקסי רוז טוניק 40 מל,General,GB,רוז טוניק,,0.00,100.00,false,1.00,25.00,0.00,true,0,
885190821099,false,פיקסי - רוז טוניק טונר מועשר בורדים וסמב,General,GB,רוז טוניק - טונר מועשר בורדים וסמבוק,,0.00,0.00,false,1.00,49.00,0.49,true,0,
885190821143,false,פיקסי  רטינול טוניק 100 מל,General,GB,RETINOL TONIC טונר מועשר המסייע בטשטוש קמטים וקמטוטים ובהענקת מראה עור אחיד,,0.00,0.00,false,1.00,49.00,0.49,true,0,
885190821150,false,פיקסי  רטינול טוניק 250 מל,General,GB,RETINOL TONIC טונר מועשר המסייע בטשטוש קמטים וקמטוטים ובהענקת מראה עור אחיד,,0.00,100.00,false,1.00,89.00,0.00,true,0,
885190821167,false,פיקסי  רטינול טוניק 500 מל,General,GB,RETINOL TONIC טונר מועשר המסייע בטשטוש קמטים וקמטוטים ובהענקת מראה עור אחיד,,0.00,100.00,false,1.00,109.90,0.00,true,0,
885190821228,false,פיקסי  טונר ויטמין סי 100 מל,General,GB,VITAMIN-C TONIC טונר המסייע בהענקת מראה עור אחיד ומלא חיות,,0.00,0.00,false,1.00,49.00,0.49,true,0,
885190821235,false,פיקסי - מילקי טוניק 100 מל,General,GB,MILKY TONIC טונר המסייע בהרגעת העור,,0.00,0.00,false,1.00,49.00,0.49,true,0,
885190821242,false,פיקסי און דה גלואו - סטיק רב שימושי,General,GB,"און דה גלואו - סטיק רב שימושי מועשר בג'ינסנג וחומצה גליקולית המעניק לחות לעור הפנים , הגוף, לשפתיים ולשיער",,0.00,0.00,false,1.00,89.00,0.00,true,0,
885190821273,false,פיקסי  טונר ויטמין סי 250 מל,General,GB,VITAMIN-C TONIC טונר המסייע בהענקת מראה עור אחיד,,0.00,100.00,false,1.00,89.00,0.00,true,0,
885190821310,false,פיקסי - מילקי טוניק 250 מל,General,GB,MILKY TONIC טונר המסייע בהרגעת העור,,0.00,100.00,false,1.00,89.00,0.00,true,0,
885190821488,false,פיקסי - קולגן טוניק 100 מל,General,GB,COLLAGEN TONIC טונר עשיר המסייע להלחם בסימני גיל ולהענקת מראה עור רענן וחיוני,,0.00,0.00,false,1.00,49.00,0.49,true,0,
885190821495,false,פיקסי - קולגן טוניק 250 מל,General,GB,COLLAGEN TONIC טונר עשיר המסייע להלחם בסימני גיל ולהענקת מראה עור רענן וחיוני,,0.00,100.00,false,1.00,89.00,0.00,true,0,
885190822089,false,פיקסי מארז 3 מסכות גלואו גליקוליק בוסט מ,General,GB,GLOW GLYCOLIC BOOST מארז מסכות גלואו גליקוליק בוסט מועשרות בחומצה גליקולית,,0.00,0.00,false,1.00,39.00,0.00,true,0,
885190822096,false,פיקסי  קוויאר באלם  גל לחות ויטמין C,General,GB,CAVIAR BALM ג'ל לחות ויטמין C לשימוש כמסכה,,0.00,100.00,false,1.00,99.00,0.02,true,0,
885190822126,false,פיקסי  רטיות עיניים מטשטשות נפיחות,General,GB,רטיות עיניים מטשטשות נפיחות,,0.00,0.00,false,1.00,89.00,0.00,true,0,
885190822195,false,פיקסי מארז 3 מסכות בד ממריצות מועשרות בו,General,GB,VITAMIN C SHEET מארז מסכות בד ממריצות מועשרות בויטמין סי,,0.00,0.00,false,1.00,39.00,13.00,true,0,
885190822270,false,פיקסי  רטיות עיניים מבהירות,General,GB,רטיות עיניים מבהירות,,0.00,0.00,false,1.00,89.00,0.00,true,0,
885190823017,false,פיקסי סרום לילה למראה זוהר 30 מל,General,GB,סרום לילה למראה זוהר,,0.00,100.00,false,1.00,99.00,0.03,true,0,
885190823031,false,פיקסי סרום קוויאר ורדים 45 מל,General,GB,סרום קוויאר ורדים מועשר בשמן זרעי ענבים,,0.00,100.00,false,1.00,99.00,0.02,true,0,
885190823529,false,פיקסי פדיות גלואו טוניק מועשרות בחומצה ג,General,GB,פדיות גלואו טוניק מועשרות בחומצה גליקולית ואלוורה,,0.00,0.00,false,1.00,99.00,0.00,true,0,
885190824007,false,פיקסי פילינג למראה עור אחיד וזוהר 80 מל,General,GB,פילינג למראה עור אחיד וזוהר מועשר בחומצה לקטית ופפאיה,,0.00,100.00,false,1.00,99.00,0.01,true,0,
885190830008,false,פיקסי שמן פנים מזין מועשר בתמציות ורדים,General,GB,שמן פנים מזין מועשר בתמציות ורדים ורימון,,0.00,100.00,false,1.00,99.00,0.03,true,0,
885190830053,false,פיקסי שמן פנים משקם מועשר ביסמין 30 מל,General,GB,שמן פנים משקם מועשר ביסמין,,0.00,100.00,false,1.00,99.00,0.03,true,0,
885190830121,false,פיקסי  קרם פנים ויטמין C,General,GB,קרם פנים ויטמין C,,0.00,100.00,false,1.00,99.00,0.01,true,0,
885190830183,false,פיקסי  קרם פנים רטינול ויסמין,General,GB,RETINOL JASMINE קרם לחות עשיר בתמצית אוכמניות,,0.00,100.00,false,1.00,99.00,0.01,true,0,
887961168075,false,לייף בייביז פישר פרייס קסילופון,לייף,IL,פישר פרייס קסילופון לגילאי 18+ חודשים,,0.00,0.00,false,1.00,99.90,0.00,true,0,
887961744545,false,ברבי מארז בובה עם מגוון בגדים ואביזרים,לייף,IL,ברבי מארז בובה עם מגוון בגדים ואביזרים,,0.00,0.00,false,1.00,129.90,0.00,true,0,
887961809473,false,פישר פרייס פסנתר מוזיקלי עם כרית תמיכה,לייף,IL,פישר פרייס פסנתר מוזיקלי עם כרית תמיכה,,0.00,0.00,false,1.00,159.90,0.00,true,0,
889809003791,false,גלאם גלואו סבון פנים במרקם קרם קצף 150 ג,גלאם גלואו,US,SUPERCLEANSE סבון פנים במרקם קרם קצף,,0.00,100.00,false,1.00,129.00,0.00,true,0,
889809011109,false,גלאם גלואו מסכת פילינג ניקוי וטיהור או מ,גלאם גלואו,US,SUPERSMOOTH מסכת פילינג ניקוי וטיהור או מסיכת פילינג ניקוי לגוף ולפנים,,0.00,100.00,false,1.00,129.00,0.01,true,0,
889809011727,false,גלאם גלואו מסכה לטיהור העור 30 מל,אלקליל,US,SUPERMUD מסכה לטיהור העור,,0.00,100.00,false,1.00,125.00,0.04,true,0,
3014260022730,false,מב.שיניים אדוונטג 40 מדיום אורל בי זוג,דיפלומט מפיצים 1968 בעמ,IE,מברשת שיניים אדוונטג' 40 מדיום,,0.00,0.00,false,1.00,24.90,12.45,true,0,
3014260022839,false,אורל בי דליקייט וויט זוג 40 MEDIUM,דיפלומט מפיצים 1968 בעמ,,מברשת שיניים נטורל פרש 40 מדיום,,0.00,0.00,false,1.00,22.90,11.45,true,0,
3014260023089,false,שלישייית מברשת שיניים אורל בי קלאסיק 40 מדיום,פרוקטר אנד גמבל,,מברשת שיניים קלאסיק 40 מדיום,,0.00,0.00,false,1.00,12.90,4.30,true,0,
3014260095727,false,אורל בי קרוס אקשן קומפליט 7 40 זוג,פרוקטר & גמבל,DE,PRO-EXPERT מברשת שיניים להגנה מקיפה M-40,,0.00,0.00,false,1.00,42.90,21.45,true,0,
3014260097103,false,מברשת שיניים אורל בי פולסר להלבנה סופט,פרוקטר אנד גמבל,IE,מברשת שיניים פולסר להלבנה סופט,,0.00,0.00,false,1.00,38.90,0.00,true,0,
3014260100636,false,מברשת שיניים לילדים 0-2 אורל בי,דיפלומט מפיצים (1968) בעמ,IE,BABY מברשת שיניים לגילאים 0-2 שנים,,0.00,0.00,false,1.00,16.90,0.00,true,0,
3014260100667,false,אורל בי מברשת שיניים ילדים 3-5 שנים,דיפלומט מפיצים (1968) בעמ,IE,KIDS מברשת שיניים לגילאים 3-5 שנים,,0.00,0.00,false,1.00,16.90,0.00,true,0,
3014260100698,false,אורל בי מברשת שיניים ילדים 6-12 שנים,פרוקטר אנד גמבל,IE,JUNIOR מברשת שיניים לגילאים 6-12 שנים,,0.00,0.00,false,1.00,16.90,0.00,true,0,
3014260106423,false,אורל בי מברשת שיניים במבוק סופט,דיפלומט,IN,מברשת שיניים במבוק סופט,,0.00,0.00,false,1.00,19.90,0.00,true,0,
3014260112233,false,אורל בי זוג מברשות פחם להלבנה 35 סופט,דיפלומט,IE,מברשות פחם להלבנה 35 סופט,,0.00,0.00,false,1.00,42.90,0.00,true,0,
3014260201753,false,סכיני גילוח ג'ילט בלו 2 להבים - מארז 5 יח',דיפלומט מפיצים (1968) בעמ,,בלו 2- סכיני גילוח חד פעמיים,,0.00,0.00,false,1.00,14.90,2.98,true,0,
3014260214692,false,"ג'ל גילוח ג'ילט סירייס לעור רגיש 200 מ""ל",דיפלומט מפיצים (1986) בע`מ,,ג'ל גילוח לעור רגיש,גרם,195.00,100.00,false,1.00,19.90,0.00,true,0,
3014260240226,false,"קצף גילוח ג'ילט לעור רגיש 200 מ""ל",דיפלומט מפיצים (1986) בע`מ,,קצף גילוח קלסיק לעור רגיש,"מ""ל",200.00,100.00,false,1.00,16.90,0.00,true,0,
3014260258313,false,גילט סירייס אפטר שייב ספלאש AI,General,,אפטר שייב ספלאש,,0.00,0.00,false,1.00,66.90,0.66,true,0,
3014260262693,false,ונוס מכשיר גילוח נשים+ 2 סכיני גילוח+מתק,דיפלומט מפיצים 1968 בעמ,,מכשיר גילוח קלאסי רב פעמי + 2 סכינים,,0.00,0.00,false,1.00,38.90,0.00,true,0,
3014260262709,false,סכיני גילוח לאישה 3 להבים,דיפלומט מפיצים (1968) בעמ,,מחסנית סכיני גילוח לנשים רב פעמי,,0.00,0.00,false,1.00,50.90,12.72,true,0,
3014260280772,false,אורל בי חוט דנטלי שעוה מנטה,דיפלומט מפיצים (1968) בעמ,,חוט דנטלי מנטה עם שעווה,,0.00,1.00,false,1.00,21.90,0.43,true,0,
3014260289287,false,סכין גילוח גילט בלו 2 לנשים-חמישייה,דיפלומט מפיצים (1968) בעמ,,בלו 2- סכיני גילוח חד פעמיים,,0.00,0.00,false,1.00,16.90,3.38,true,0,
3014260836665,false,אורל בי פרו אקספרט להגנה מקיפה 35 רך זוג,פרוקטר אנד גמבל,IE,PRO-EXPERT מברשת שיניים להגנה מקיפה 35 רך,,0.00,0.00,false,1.00,42.90,21.45,true,0,
3059943015104,false,"אירוויק מבשם אויר נטול גז בניחוח פריסיה ויסמין 345 מ""ל",רקיט בנקיזר (ניר איסט) בעמ,PL,ספריי נטול גז פריסיה ויסמין,,0.00,100.00,false,1.00,15.90,0.00,true,0,
3059943015128,false,מבשם אוויר נטול גז אקווה מיסט בניחוח לבנדר פראי ואוויר הרים,רקיט בנקיזר (ניר איסט) בעמ,,מבשם אוויר אקווה מיסט נטול גז לבנדר,,0.00,100.00,false,1.00,15.90,0.00,true,0,
3059944021197,false,"ויט קרם להסרת שיער לעור רגיש (אריזת חיסכון) 400 מ""ל",רקיט בנקיזר (ניר איסט) בעמ,,קרם להסרת שיער לעור רגיש,"מ""ל",400.00,100.00,false,1.00,59.90,0.00,true,0,
3141360054405,false,פיניש מפיץ ריח למדיח בניחוח לימון וליים,רקיט בנקיזר (ניר איסט) בעמ,HU,מפיץ ריח למדיח עד 60 הדחות בניחוח לימון,,0.00,100.00,false,1.00,20.90,0.04,true,0,
3147758014709,false,לנקום בוקאז דאו קרם,לנקום,,BOCAGE דאודורנט קרם,,0.00,100.00,false,1.00,100.00,0.02,true,0,
3147758030211,false,לנקום קונפורט גלטה ח.פנים 400 מל,לנקום,,GALATEE CONFORT חלב פנים,"מ""ל",400.00,100.00,false,1.00,239.00,0.00,true,0,
3147758030235,false,לנקום טוניק דוסר מ.פנים 400 מל,לנקום,,TONIQUE DOUCEUR מי פנים,"מ""ל",400.00,100.00,false,1.00,239.00,0.00,true,0,
3147758030242,false,לנקום טוניק אקלה מ.פנים 200 מל,General,FR,TONIQUE DOUCEUR מי פנים,"מ""ל",200.00,100.00,false,1.00,159.00,0.00,true,0,
3147758030297,false,לנקום קונפורט טוניק מ.פנים 400 מל,General,FR,CONFORT TONIQUE מי פנים,"מ""ל",400.00,100.00,false,1.00,239.00,0.00,true,0,
3147758030334,false,לנקום ביפסיל מסיר איפור עיניים,לנקום,,BI FACIL מסיר איפור לעיניים,"מ""ל",125.00,100.00,false,1.00,169.00,0.01,true,0,
3147758051216,false,לנקום בוקאז דאו ספריי,לנקום,,BOCAGE דאודורנט ספריי,"מ""ל",125.00,100.00,false,1.00,100.00,0.00,true,0,
3178041309776,false,דיאדרמין ליפט+ סופרפילר קרם לילה 50 מל,הנקל סוד,SI,LIFT+ SUPER FILLER קרם לילה,,0.00,100.00,false,1.00,69.90,0.01,true,0,
3178041309783,false,דיאדרמין ליפט+ סופרפילר קרם יום 50 מל,הנקל סוד,SI,LIFT+ SUPER FILLER קרם יום,,0.00,100.00,false,1.00,69.90,0.01,true,0,
3178041328814,false,דיאדרמין ליפט + קרם עיניים,הנקל סוד,SI,LIFT+ קרם עיניים,,0.00,100.00,false,1.00,59.90,0.03,true,0,
3178041328890,false,דיאדרמין הידרליסט מסכת לילה 100 מל,הנקל סוד,SI,HYDRALIST מסכת לילה,,0.00,0.00,false,1.00,49.90,0.49,true,0,
3178041328906,false,דיאדרמין הידרליסט קרם לחות קטיפתי 50 מל,הנקל סוד,SI,HYDRALIST קרם לחות קטיפתי,,0.00,100.00,false,1.00,49.90,0.00,true,0,
3178041328913,false,דיאדרמין הידרליסט תרסיס לחות עדין,הנקל סוד,SI,HYDRALIST תרסיס לחות עדין,,0.00,0.00,false,1.00,49.90,0.49,true,0,
3178041328920,false,דיאדרמין הידרליסט גל לחות 50 מל,הנקל סוד,SI,HYDRALIST ג'ל לחות,,0.00,100.00,false,1.00,49.90,0.00,true,0,
3178041332828,false,דיאדרמין הידרליסט מסכה מרעננת לעור,הנקל סוד,SI,HYDRALIST מסכה מרעננת לעור,,0.00,0.00,false,1.00,14.90,0.00,true,0,
3178041334013,false,דיאדרמין תרחיץ גל מסלרי לניקוי פנים 150,הנקל סוד,SI,תרחיץ ג'ל מסלרי לניקוי פנים,,0.00,100.00,false,1.00,29.90,0.00,true,0,
3178041334273,false,דיאדרמין ליפט+ סופרפילר סרום 40 מל,הנקל סוד,SI,LIFT+ SUPER FILLER סרום,,0.00,100.00,false,1.00,69.90,0.01,true,0,
3178041337724,false,דיאדרמין אקספרט קרם לילה לפעולת זוהר אינ,הנקל סוד,SI,EXPERT ACTIVE GLOW קרם לילה לפעולת זוהר אינטנסיבית,,0.00,100.00,false,1.00,79.90,0.01,true,0,
3178041337731,false,דיאדרמין אקספרט קרם יום לפעולת זוהר אינט,הנקל סוד,SI,EXPERT ACTIVE GLOW קרם יום לפעולת זוהר אינטנסיבית,,0.00,100.00,false,1.00,79.90,0.01,true,0,
3178041337748,false,דיאדרמין אקספרט סרום לפעולת זוהר אינטנסי,הנקל סוד,SI,EXPERT ECLAT INTENSE סרום לפעולת זוהר אינטנסיבית,,0.00,100.00,false,1.00,79.90,0.01,true,0,
3178041343121,false,דיאדרמין בטולוגי קרם יום נגד קמטים 50 מ,הנקל סוד,SI,BOTOLOGY קרם יום נגד קמטים,,0.00,100.00,false,1.00,59.90,0.01,true,0,
3178041343145,false,דיאדרמין בטולוגי קרם לילה נגד קמטים 50 מ,הנקל סוד,SI,BOTOLOGY קרם לילה נגד קמטים,,0.00,100.00,false,1.00,59.90,0.01,true,0,
3178041349062,false,דיאדרמין פיטו רטינול קרם לחות 50 מל,הנקל סוד,SI,PHYTO RETINOL קרם לחות,,0.00,100.00,false,1.00,59.90,0.01,true,0,
3178041349109,false,דיאדרמין פיטו רטינול קרם לילה 50 מל,הנקל סוד,SI,PHYTO RETINOL קרם לילה,,0.00,100.00,false,1.00,59.90,0.01,true,0,
3178041349123,false,דיאדרמין פיטו רטינול קרם עיניים 15 מל,הנקל סוד,SI,PHYTO RETINOL קרם עיניים,,0.00,100.00,false,1.00,59.90,0.03,true,0,
3178041354615,false,דיאדרמין בטולוגי סרום יופי ללילה 30 מל,הנקל סוד,SI,BOTOLOGY סרום יופי ללילה,,0.00,100.00,false,1.00,59.90,0.01,true,0,
3178044040652,false,דיאדרמין מסיר איפור לעיניים 125 מל,הנקל סוד,SI,מסיר איפור לעיניים,,0.00,100.00,false,1.00,24.90,0.00,true,0,
3264680004070,false,נוקס רייב דה מייל גל מנקה ומסיר איפור,לילית,FR,REVE DE MIEL ג'ל מנקה ומסיר איפור,,0.00,100.00,false,1.00,75.00,0.00,true,0,
3264680005848,false,נוקס קרם פנים להגנה מהשמש SPF 30,לילית,FR,קרם פנים להגנה מהשמש SPF30,,0.00,100.00,false,1.00,110.00,0.02,true,0,
3264680006999,false,נוקס קרם פנים להגנה מהשמש SPF 50,לילית,FR,קרם פנים להגנה מהשמש SPF50,,0.00,100.00,false,1.00,110.00,0.02,true,0,
3264680007019,false,נוקס ספריי שמן לפנים ולגוף להגנה מהשמש,לילית,FR,ספריי שמן לפנים ולגוף להגנה מהשמש SPF30,,0.00,100.00,false,1.00,135.00,0.00,true,0,
3264680009488,false,נוקס פרודיגוס תחליב לחות לגוף,לילית,FR,PRODIGIEUSE תחליב לחות לגוף,,0.00,100.00,false,1.00,90.00,0.00,true,0,
3264680009754,false,נוקס שמן הפלא שמן רב שימושי קלאסי 100 מל,לילית,FR,שמן הפלא - שמן רב שימושי קלאסי,,0.00,0.00,false,1.00,180.00,1.80,true,0,
3264680009761,false,נוקס שמן הפלא שמן רב שימושי קלאסי 50 מל,לילית,FR,שמן הפלא - שמן רב שימושי קלאסי,,0.00,100.00,false,1.00,115.00,0.02,true,0,
3264680009778,false,נוקס שמן הפלא שמן רב שימושי גליטר,לילית,FR,שמן הפלא - שמן רב שימושי גליטר,,0.00,0.00,false,1.00,220.00,2.20,true,0,
3264680010941,false,נוקס רייב דה מייל סקראב לגוף 175 מל,לילית,FR,REVE DE MIEL סקראב לגוף,,0.00,100.00,false,1.00,130.00,0.00,true,0,
3264680012525,false,נוקס ספריי לפנים ולגוף להגנה מהשמש SPF50,לילית,FR,ספריי לפנים ולגוף להגנה מהשמש SPF50,,0.00,100.00,false,1.00,155.00,0.01,true,0,
3264680015809,false,נוקס רייב דה מייל באלם מזין לשפתיים,לילית,FR,REVE DE MIEL באלם מזין לשפתיים,,0.00,100.00,false,1.00,75.00,0.05,true,0,
3264680015816,false,נוקס רייב דה מייל באלם לגוף 200 מל,לילית,FR,REVE DE MIEL באלם לגוף,,0.00,100.00,false,1.00,135.00,0.00,true,0,
3264680021770,false,נוקס רייב דה מייל קרם גוף 400 מל,לילית,FR,REVE DE MIEL קרם גוף,,0.00,100.00,false,1.00,150.00,0.00,true,0,
3264680024993,false,נוקס שמן פלא אורגני רב תכליתי נרולי,לילית,FR,שמן פלא אורגני רב תכליתי נרולי,,0.00,0.00,false,1.00,180.00,1.80,true,0,
3282770014129,false,דרמליבור ג'ל רחצה מקציף עם קופר זינק לעור מגורה,מדיליין פריגו,FR,דרמליבור ג'ל רחצה מקציף עם קופר זינק לעור מגורה,,0.00,100.00,false,1.00,109.90,0.00,true,0,
3282770072761,false,א-דרמה פרוטקט קרם הגנה מהשמש +SPF50,מדיליין פריגו,FR,פרוטקט קרם הגנה מהשמש +SPF50,,0.00,100.00,false,1.00,139.90,0.00,true,0,
3282770074628,false,"אקסאומגה קונטרול באלם לטיפול בעור מגורה, אדמומי ויבש",מדיליין פריגו,FR,"אקסאומגה קונטרול באלם במרקם עשיר לטיפול בעור מגורה, אדמומי ויבש",,0.00,100.00,false,1.00,149.90,0.00,true,0,
3282770100914,false,אוון B-Protect קרם הגנה מהשמש +SPF50 עם,מדיליין פריגו,FR,B-Protect קרם הגנה מהשמש +SPF50 עם גוון,,0.00,100.00,false,1.00,109.90,0.03,true,0,
3282770108668,false,אדרמה גל רחצה הידרה פרוטקטיב 200 מל,מדיליין פריגו,FR,ג'ל רחצה הידרה פרוטקטיב ללא סבון היפואלרגני,,0.00,100.00,false,1.00,79.90,0.00,true,0,
3282770111293,false,א-דרמה אקסאומגה ג'ל רחצה לגוף ולשיער,מדיליין פריגו,FR,אקסאומגה ג'ל רחצה לגוף ולשיער,,0.00,100.00,false,1.00,88.90,0.00,true,0,
3282770112634,false,אוון קליננס SPF50 תחליב הגנה לעור שמן 50,מדיליין פריגו,FR,תחליב הגנה קליננס לעור שומני +SPF50,,0.00,100.00,false,1.00,109.90,0.02,true,0,
3282770112689,false,אוון תחליב הגנה מהשמש +SPF50 עם גוון,מדיליין פריגו,FR,תחליב הגנה מהשמש +SPF50 עם גוון Tinted,,0.00,100.00,false,1.00,109.90,0.02,true,0,
3282770139181,false,א-דרמה אקסאומגה קונטרול ספריי 200 מל,מדיליין פריגו,FR,אקסאומגה קונטרול ספריי,,0.00,100.00,false,1.00,139.90,0.00,true,0,
3282770141214,false,אוון אינטנס פרוטקט הגנה מהשמש +SPF50,מדיליין פריגו,FR,אינטנס פרוטקט תחליב הגנה מהשמש +SPF50,,0.00,100.00,false,1.00,149.90,0.00,true,0,
3282770202854,false,אוון קליננס קומדומד לטיפול בפצעונים 30 מ,מדיליין פריגו,FR,קליננס קומדומד מסייע לטיפול בפצעונים,,0.00,100.00,false,1.00,129.90,0.04,true,0,
3282770204667,false,אוון סיקלפאט+ 40 מל,מדיליין פריגו,FR,סיקלפאט+ קרם משקם ומטפל בעור פגוע ומגורה,,0.00,100.00,false,1.00,59.90,0.01,true,0,
3282770204681,false,אוון סיקלפאט+ 100 מל,מדיליין פריגו,FR,סיקלפאט+ קרם משקם ומטפל בעור פגוע ומגורה,,0.00,0.00,false,1.00,89.90,0.89,true,0,
3282770205633,false,אוון סיקלפאט+ ספריי 100 מל,מדיליין פריגו,FR,סיקלפאט+ ספריי מייבש מסייע לשקם ולטפל בעור פגוע ומגורה,,0.00,0.00,false,1.00,89.90,0.89,true,0,
3282770207736,false,אוון קליננס גל ניקוי 200 מל,מדיליין פריגו,FR,קליננס ג'ל ניקוי פנים,,0.00,100.00,false,1.00,79.90,0.00,true,0,
3282770209648,false,א-דרמה קוטלגן תרסיס להרגעת העור 100 מל,מדיליין פריגו,FR,קוטלגן תרסיס להרגעת העור,,0.00,0.00,false,1.00,89.90,0.89,true,0,
3282771189987,false,אוון מים טרמליים 50 מל,מדיליין פריגו,,מים טרמליים,,0.00,100.00,false,1.00,29.90,0.00,true,0,
3282771197494,false,"אוון מים תרמליים 150 מ""ל",מדיליין פריגו,,מים טרמליים,"מ""ל",150.00,100.00,false,1.00,49.90,0.00,true,0,
3282779040884,false,אוון הידרנס אופטימל קל,מדיליין פריגו,,"קרם במרקם קל לשימוש יומיומי לעור רגיש, רגיל עד מעורב היפואלרגני",,0.00,100.00,false,1.00,119.90,0.02,true,0,
3282779040891,false,אוון הידרנס אופטימל עשיר,מדיליין פריגו,,"קרם לחות לעור רגיש ,יבש עד יבש במיוחד היפואלרגני",,0.00,100.00,false,1.00,119.90,0.02,true,0,
3282779051347,false,אוון מיסיולר נקוי משולב 200 מל,מדיליין פריגו,,מים מיסלריים,"מ""ל",200.00,100.00,false,1.00,64.90,0.00,true,0,
3282779206297,false,אוון הידרנס אופטימל עשיר SPF30,מדיליין פריגו,,הידרנס קרם לחות במרקם עשיר SPF 30,,0.00,100.00,false,1.00,129.90,0.03,true,0,
3282779206310,false,אוון הידרנס אופטימל קל UV20,מדיליין פריגו,,תחליב לחות במרקם קל לעור רגיל עד מעורב 30 SPF,,0.00,100.00,false,1.00,129.90,0.03,true,0,
3282779208550,false,א-דרמה אקסאומגה קונטרול קרם להרגעת העור,מדיליין פריגו,FR,אקסאומגה קרם לחות פנים וגוף להרגעת העור,,0.00,100.00,false,1.00,149.90,0.00,true,0,
3282779234832,false,אוון קרם הזנה 50 מל,מדיליין פריגו,,"קרם הזנה עור רגיש, יבש ויבש במיוחד",,0.00,100.00,false,1.00,199.90,0.03,true,0,
3282779246064,false,א-דרמה אקסאומגה קונטרול שמן ניקוי לגוף ולפנים,מדיליין פריגו,,אקסאומגה קונטרול שמן ניקוי לגוף ולפנים,,0.00,100.00,false,1.00,109.90,0.00,true,0,
3282779247825,false,א-דרמה אקסאומגה תחליב להרגעת העור,מדיליין פריגו,,אקסאומגה תחליב להרגעת העור,,0.00,100.00,false,1.00,179.90,0.00,true,0,
3282779275699,false,אוון הגנה גבוהה קרם מינרלי 50 מל +SPF50,מדיליין פריגו,,הגנה גבוהה מהשמש קרם מינרלי +SPF50 בגוון בהיר,,0.00,100.00,false,1.00,109.90,0.02,true,0,
3282779349185,false,אוון קרם טיפוח DEFI לעור עשיר,מדיליין פריגו,FR,קרם עשיר לטיפוח ושיקום לעור רגיש,,0.00,100.00,false,1.00,149.00,0.02,true,0,
3282779350655,false,אוון קצף ניקוי למראה מט 150 מל,מדיליין פריגו,FR,"קצף ניקוי לפנים לעור רגיש, רגיל עד מעורב",,0.00,100.00,false,1.00,129.90,0.00,true,0,
3282779369077,false,א-דרמה אקסאומגה DEFI קרם 200 מל,מדיליין פריגו,,אקסאומגה DEFI קרם לפנים ולגוף,,0.00,100.00,false,1.00,149.90,0.00,true,0,
3282779369084,false,א-דרמה אקסאומגה DEFI באלם 200 מל,מדיליין פריגו,,אקסאומגה DEFI באלם,,0.00,100.00,false,1.00,149.90,0.00,true,0,
3282779402705,false,אוון הגנה אמולסיה 50 מל +SPF50,מדיליין פריגו,,תחליב הגנה +SPF50 לעור רגיל עד מעורב,,0.00,100.00,false,1.00,109.90,0.02,true,0,
3282779402729,false,אוון אמולסיה הגנה ללא ריח 50 מל +SPF50,מדיליין פריגו,,תחליב הגנה +SPF50 ללא בישום לעור רגיל עד מעורב,,0.00,100.00,false,1.00,109.90,0.02,true,0,
3282779402781,false,אוון קרם הגנה 50 מל +SPF50,מדיליין פריגו,,קרם הגנה מהשמש +SPF50 לעור יבש,,0.00,100.00,false,1.00,109.90,0.02,true,0,
3282779402798,false,אוון קרם הגנה ללא בישום 50 מל +SPF50,מדיליין פריגו,,קרם הגנה ללא בישום +SPF50 לעור יבש,,0.00,100.00,false,1.00,109.90,0.02,true,0,
3282779402859,false,אוון ספריי הגנה 200 מל SPF50+,מדיליין פריגו,,ספריי הגנה מהשמש עם +SPF50,,0.00,100.00,false,1.00,139.90,0.00,true,0,
3282779402903,false,אוון תחליב הגנה לילדים 100 מל +SPF50,מדיליין פריגו,,תחליב הגנה לילדים +SPF50,,0.00,0.00,false,1.00,109.90,1.09,true,0,
3282779405447,false,אוון קסרה קאלם שמן ניקוי 400 מל,מדיליין פריגו,FR,קסרה קאלם שמן ניקוי,,0.00,100.00,false,1.00,119.90,0.00,true,0,
3282779405485,false,אוון קסרה קאלם A.D קרם עשיר במיוחד 200מל,מדיליין פריגו,FR,קסרה קאלם A.D קרם עשיר במיוחד,,0.00,100.00,false,1.00,129.90,0.00,true,0,
3282779405553,false,אוון קסרה קאלם A.D קרם 200 מל,מדיליין פריגו,FR,קסרה קאלם A.D קרם,,0.00,100.00,false,1.00,129.90,0.00,true,0,
3337871307738,false,וישי נוטרילוגי 1 קרם פנים לעור יבש,INTERBEAUTY VLC,FR,נוטרילוג'י 1 קרם פנים לעור יבש,,0.00,100.00,false,1.00,149.90,0.02,true,0,
3337871307745,false,וישי נוטרילוגי 2 קרם פנים לעור יבש מאוד,INTERBEAUTY VLC,FR,נוטרילוג'י 2 קרם פנים לעור יבש מאוד,,0.00,100.00,false,1.00,149.90,0.02,true,0,
3337871308612,false,וישי או טרמל מי מעיינות טרמליים 150 גרם,נורוליס,FR,או טרמל מי מעיינות טרמליים,,0.00,100.00,false,1.00,39.90,0.00,true,0,
3337871310592,false,וישי דאודורנט ספריי אנטי פרספירנט 48 ש,INTERBEAUTY VLC,FR,דאודורנט ספריי אנטי פרספירנט 48 שעות,,0.00,100.00,false,1.00,49.90,0.00,true,0,
3337871319144,false,וישי פיורטה טרמל 3ב1 תחליב לניקוי הפנים,INTERBEAUTY VLC,FR,פיורטה טרמל 3ב1 תחליב לניקוי הפנים והעיניים,,0.00,100.00,false,1.00,79.90,0.00,true,0,
3337871320300,false,דאודורנט רול און 48 שעות תכשיר אנטי פרספרנט,INTERBEAUTY VLC,FR,דאודורנט רול און אנטי פרספירנט 48 שעות,,0.00,100.00,false,1.00,49.90,0.00,true,0,
3337871320324,false,דאודורנט רול און לעור רגיש ולאחר הסרת שיער,נורוליס,FR,דאודורנט רול און לעור רגיש אנטי פרספירנט 48 שעות,,0.00,100.00,false,1.00,49.90,0.00,true,0,
3337871320362,false,דאודורנט רול און אנטי-פרספירנט לגבר 72 שעות,INTERBEAUTY VLC,FR,דאודורנט רול און אנטי פרספירנט לגבר 72 שעות,,0.00,100.00,false,1.00,49.90,0.00,true,0,
3337871320980,false,וישי פיורטה טרמל מוס מקציף לניקוי הפנים,נורוליס,FR,פיורטה טרמל מוס מקציף לניקוי הפנים,,0.00,100.00,false,1.00,89.90,0.00,true,0,
3337871321581,false,וישי ליפטאקטיב פלקסיטיינט מייק אפ גוון45,INTERBEAUTY VLC,FR,ליפטאקטיב פלקסיטיינט מייק אפ גוון 45,,0.00,100.00,false,1.00,149.90,0.04,true,0,
3337871322083,false,וישי נאובדיול קונטור שפתיים ועיניים,INTERBEAUTY VLC,FR,נאובדיול קונטור שפתיים ועיניים,,0.00,100.00,false,1.00,189.90,0.12,true,0,
3337871322243,false,וישי דרקוס שמפו אנרגטי,INTERBEAUTY VLC,FR,דרקוס שמפו אנרגטי,,0.00,100.00,false,1.00,69.90,0.00,true,0,
3337871322502,false,ליפטאקטיב - קרם לילה לטיפול בקמטים ומיצוק העור,INTERBEAUTY VLC,FR,ליפטאקטיב סופרים קרם פנים ללילה,,0.00,100.00,false,1.00,199.90,0.03,true,0,
3337871322595,false,וישי דאודורנט רול און ללא אלומיניום 24 ש,נורוליס,FR,דאודורנט רול און ללא אלומיניום 24 שעות,,0.00,100.00,false,1.00,49.90,0.00,true,0,
3337871322694,false,וישי תחליב הגנה לגוף SPF+50,INTERBEAUTY VLC,FR,תחליב הגנה לגוף +SPF50,,0.00,100.00,false,1.00,139.90,0.00,true,0,
3337871323332,false,ליפטאקטיב סופרים - קרם עיניים,INTERBEAUTY VLC,FR,ליפטאקטיב סופרים קרם עיניים,,0.00,100.00,false,1.00,169.90,0.11,true,0,
3337871323394,false,וישי דרקוס שמפו נגד קשקשים לקרקפת רגישה,INTERBEAUTY VLC,FR,דרקוס שמפו נגד קשקשים לקרקפת רגישה,,0.00,100.00,false,1.00,49.90,0.00,true,0,
3337871323622,false,וישי תחליב הגנה לפנים SPF50 לעור מעורב-,INTERBEAUTY VLC,FR,תחליב הגנה לפנים SPF50 לעור מעורב עד שמן,,0.00,100.00,false,1.00,89.90,0.01,true,0,
3337871323646,false,וישי נאובדיול מגיסטרל קרם יום לפנים,INTERBEAUTY VLC,FR,נאובדיול מג'יסטרל קרם יום לפנים,,0.00,100.00,false,1.00,219.90,0.04,true,0,
3337871324001,false,וישי דאודורנט רול און סטרס רזיסט 72 שעות,INTERBEAUTY VLC,FR,דאודורנט רול און סטרס רזיסט 72 שעות,,0.00,100.00,false,1.00,49.90,0.00,true,0,
3337871324445,false,וישי קרם הגנה לפנים SPF+50 לעור רגיל-יבש,נורוליס,FR,קרם הגנה לפנים +SPF50 לעור רגיל עד יבש,,0.00,100.00,false,1.00,89.90,0.01,true,0,
3337871324568,false,וישי אקוואליה טרמל ספא קרם פנים ללילה 75,INTERBEAUTY VLC,FR,אקוואליה טרמל ספא קרם פנים ללילה,,0.00,100.00,false,1.00,139.90,0.01,true,0,
3337871324599,false,וישי דאודורנט רול און ללא סימן לבן 48 שע,INTERBEAUTY VLC,FR,דאודורנט רול און אנטי פרספירנט אינו משאיר סימנים על הבגדים 48 שעות,,0.00,100.00,false,1.00,49.90,0.00,true,0,
3337871325770,false,וישי ספריי הגנה שקוף SPF+50,INTERBEAUTY VLC,FR,ספריי הגנה שקוף +SPF50,,0.00,100.00,false,1.00,109.90,0.00,true,0,
3337871325787,false,וישי קפיטל סוליי BB קרם הגנה SPF50,נורוליס,FR,קפיטל סוליי BB קרם הגנה עם גוון SPF50,,0.00,100.00,false,1.00,99.90,0.03,true,0,
3337871328795,false,ליפטאקטיב סופרים קרם פנים לעור רגיל-מעורב,INTERBEAUTY VLC,FR,ליפטאקטיב סופרים קרם פנים לעור רגיל-מעורב,,0.00,100.00,false,1.00,189.90,0.03,true,0,
3337871328801,false,ליפטאקטיב סופרים קרם פנים לעור יבש,INTERBEAUTY VLC,FR,ליפטאקטיב סופרים קרם פנים לעור יבש,,0.00,100.00,false,1.00,189.90,0.03,true,0,
3337871330019,false,דרקוס נאוג'ניק שמפו לטיפול בשיער דליל,INTERBEAUTY VLC,FR,דרקוס נאוג'ניק שמפו לטיפול שיער דליל,,0.00,100.00,false,1.00,69.90,0.00,true,0,
3337871330125,false,וישי פיורטה טרמל גל ניקוי מרענן לפנים,INTERBEAUTY VLC,FR,פיורטה טרמל ג'ל ניקוי מרענן לפנים,,0.00,100.00,false,1.00,79.90,0.00,true,0,
3337871330163,false,אקוואליה טרמל ג'ל עיניים מעורר ומרענן,INTERBEAUTY VLC,FR,אקוואליה טרמל ג'ל עיניים,,0.00,100.00,false,1.00,109.90,0.07,true,0,
3337871331948,false,נאובדיול קומפלקס - קרם לעור בוגר עור יבש,INTERBEAUTY VLC,FR,נאובדיול קומפלקס קרם פנים מתקדם לעור יבש,,0.00,100.00,false,1.00,209.90,0.04,true,0,
3337871332297,false,וישי דרמהבלנד מייק אפ מתקן 3D גוון 15,INTERBEAUTY VLC,FR,דרמהבלנד מייק אפ מתקן 3D גוון 15,,0.00,100.00,false,1.00,149.90,0.04,true,0,
3337871332327,false,וישי דרמהבלנד מייק אפ מתקן 3D גוון 45,INTERBEAUTY VLC,FR,דרמהבלנד מייק אפ מתקן 3D גוון 45,,0.00,100.00,false,1.00,149.90,0.04,true,0,
3337872410338,false,פיזיולוג'יקל מי מיסלייר - להסרת איפור,לה רוש-פוזה La Roche-Posay,FR,פיזיולוג'יקל מים מיסלריים אולטרה,,0.00,100.00,false,1.00,80.00,0.00,true,0,
3337872411083,false,לרפ אפקלאר ג'ל מקציף לניקוי הפנים 200 מל,לה רוש-פוזה La Roche-Posay,FR,אפקלאר ג'ל מקציף לניקוי הפנים,,0.00,100.00,false,1.00,79.00,0.00,true,0,
3337872413018,false,סיקאפלסט באום B5 - קרם לשיקום והרגעת העור,לה רוש-פוזה La Roche-Posay,FR,סיקאפלסט באום B5,,0.00,0.00,false,1.00,90.00,0.90,true,0,
3337872413025,false,אפקלאר מאט קרם יום לאיזון רמת השומן בעור,לה רוש-פוזה La Roche-Posay,FR,אפקלאר מאט קרם לחות לאיזון רמת השומן בעור,,0.00,100.00,false,1.00,98.90,0.02,true,0,
3337872413148,false,לרפ פיזיולוג'יקל מוס מקציף לניקוי 150 מל,לה רוש-פוזה La Roche-Posay,FR,פיזיולוג'יקל מוס מקציף לניקוי,,0.00,100.00,false,1.00,90.00,0.00,true,0,
3337872413575,false,נוטריטיק אינסטנס ריצ' - לעור יבש עד יבש במיוחד,לה רוש-פוזה La Roche-Posay,FR,נוטריטיק אינסטנס ריצ' צנצנת,,0.00,100.00,false,1.00,179.00,0.03,true,0,
3337872414107,false,לרפ פיגמנטקלר סרום לכתמי פיגמנטציה 30 מל,לה רוש-פוזה La Roche-Posay,FR,פיגמנטקלר סרום לכתמי פיגמנטציה,,0.00,100.00,false,1.00,219.00,0.07,true,0,
3337872414145,false,לרפ סיקאפלסט קרם ידיים משקם 50 מל,לה רוש-פוזה La Roche-Posay,FR,סיקאפלסט קרם ידיים משקם,,0.00,100.00,false,1.00,55.00,0.01,true,0,
3337872414152,false,לרפ פיגמנטקלר קרם עיניים 15 מל,לה רוש-פוזה La Roche-Posay,FR,פיגמנטקלר קרם עיניים,,0.00,100.00,false,1.00,169.00,0.11,true,0,
3337872414176,false,לרפ פיגמנטקלר SPF30 קרם יום 40 מל,לה רוש-פוזה La Roche-Posay,FR,פיגמנטקלר SPF30 קרם יום,,0.00,100.00,false,1.00,189.00,0.04,true,0,
3337872418785,false,"ליפיקאר ג'ל לבנט לרחצה 400 מ""ל",לה רוש-פוזה La Roche-Posay,FR,ליפיקאר ג'ל לבנט לרחצה,,0.00,100.00,false,1.00,79.00,0.00,true,0,
3337875414111,false,וישי נורמדרם קרם לחות לפנים 24 שעות,INTERBEAUTY VLC,FR,נורמדרם קרם לחות לפנים 24 שעות,,0.00,100.00,false,1.00,99.90,0.01,true,0,
3337875419802,false,וישי קרם הגנה לפנים עם גוון 3ב-1 SPF50,נורוליס,FR,קרם הגנה לפנים עם גוון 3ב-1 SPF50,,0.00,100.00,false,1.00,109.90,0.02,true,0,
3337875474344,false,לרפ טולריאן אולטרה קרם לחות ללילה 40 מל,לה רוש-פוזה La Roche-Posay,FR,טולריאן אולטרה קרם לחות ללילה,,0.00,100.00,false,1.00,149.90,0.03,true,0,
3337875483940,false,וישי נאובדיול קומפלקס קרם פנים ללילה,INTERBEAUTY VLC,FR,נאובדיול קומפלקס קרם פנים ללילה,,0.00,100.00,false,1.00,219.90,0.04,true,0,
3337875491525,false,וישי אידיאליה קרם יום לפנים לעור רגיל-מע,INTERBEAUTY VLC,FR,אידיאליה קרם יום לפנים לעור רגיל-מעורב,,0.00,100.00,false,1.00,164.90,0.03,true,0,
3337875491563,false,וישי אידיאליה קרם יום לפנים לעור יבש,INTERBEAUTY VLC,FR,אידיאליה קרם יום לפנים לעור יבש,,0.00,100.00,false,1.00,164.90,0.03,true,0,
3337875498234,false,סלואו אייג' - תחליב יום להפחתת מראה סימני הגיל,INTERBEAUTY VLC,FR,סלואו אייג' תחליב יום,,0.00,100.00,false,1.00,179.90,0.03,true,0,
3337875508896,false,וישי מסכת פילינג לעור זוהר לפנים,INTERBEAUTY VLC,FR,מסכת פילינג לעור זוהר לפנים,,0.00,100.00,false,1.00,119.90,0.01,true,0,
3337875508933,false,מסכת חימר מטהרת - לפתיחת נקבוביות,INTERBEAUTY VLC,FR,מסכת חימר מטהרת לפנים,,0.00,100.00,false,1.00,119.90,0.01,true,0,
3337875522748,false,אמינקסיל קליניקל אמפולות לחיזוק סיב השערה לגברים,INTERBEAUTY VLC,FR,DERCOS אמינקסיל קליניקל- אמפולות לגברים לחיזוק סיב השערה,,0.00,0.00,false,1.00,299.90,14.28,true,0,
3337875522786,false,אמינקסיל קליניקל אמפולות לחיזוק סיב השערה לנשים,INTERBEAUTY VLC,FR,DERCOS אמינקסיל קליניקל - אמפולות לנשים לחיזוק סיב השערה,,0.00,0.00,false,1.00,299.90,14.28,true,0,
3337875537308,false,לרפ ליפיקאר סינדט AP+ קרם ג'ל לרחצה 200,INTERBEAUTY VLC,FR,ליפיקאר סינדט AP+ קרם ג'ל לרחצה,,0.00,100.00,false,1.00,60.00,0.00,true,0,
3337875537315,false,לרפ ליפיקאר סינדט AP+ קרם ג'ל לרחצה 400,לה רוש-פוזה La Roche-Posay,FR,ליפיקאר סינדט AP+ קרם רחצה לעור יבש,,0.00,100.00,false,1.00,99.00,0.00,true,0,
3337875543095,false,וישי תחליב דוחה חול להגנה SPF+50,INTERBEAUTY VLC,FR,תחליב דוחה חול להגנה מהשמש +SPF50,,0.00,100.00,false,1.00,109.90,0.00,true,0,
3337875543248,false,מינרל 89 ג'ל - בוסטר יומי לחיזוק והזנת העור,INTERBEAUTY VLC,FR,מינרל 89 בוסטר במרקם ג'ל לפנים,,0.00,100.00,false,1.00,129.90,0.02,true,0,
3337875545891,false,לרפ אנתליוס XL דריי טאצ עם גוון להגנה מה,INTERBEAUTY VLC,FR,אנתליוס XL דריי טאצ עם גוון להגנה מהשמש +SPF50,,0.00,100.00,false,1.00,98.90,0.01,true,0,
3337875546430,false,לרפ אנתליוס XL דריי טאצ ללא גוון להגנה,נורוליס,FR,אנתליוס XL דריי טאצ ללא גוון להגנה מהשמש +SPF50,,0.00,100.00,false,1.00,99.90,0.01,true,0,
3337875546706,false,לרפ אנתליוס ווט סקין לילדים להגנה מהשמש,נורוליס,FR,אנתליוס ווט סקין לילדים להגנה מהשמש +SPF50,,0.00,100.00,false,1.00,128.90,0.00,true,0,
3337875548519,false,סיקאפלסט לבנט B5 ג'ל מקציף לניקוי פנים וגוף,לה רוש-פוזה La Roche-Posay,FR,סיקאפלסט לבנט גל מקציף לניקוי,,0.00,100.00,false,1.00,64.00,0.00,true,0,
3337875548533,false,לרפ אנתליוס XL ווט סקין מבוגרים להגנה מה,INTERBEAUTY VLC,FR,אנתליוס XL ווט סקין ג'ל מבוגרים להגנה מהשמש +SPF50,,0.00,100.00,false,1.00,128.90,0.00,true,0,
3337875549493,false,אפקלאר דואו פלוס עם הגנה SPF30 לעור מעורב-שמן,לה רוש-פוזה La Roche-Posay,FR,אפקלאר דואו פלוס עם הגנה SPF30 לעור מעורב-שמן,,0.00,100.00,false,1.00,109.90,0.02,true,0,
3337875549530,false,לרפ אנתליוס ספריי שקוף להגנה מהשמש SPF50,INTERBEAUTY VLC,FR,אנתליוס ספריי שקוף לפנים להגנה מהשמש +SPF50,,0.00,100.00,false,1.00,99.00,0.01,true,0,
3337875551922,false,וישי סלואו אייג קרם עיניים,INTERBEAUTY VLC,FR,סלואו אייג' קרם עיניים,,0.00,100.00,false,1.00,149.90,0.09,true,0,
3337875552066,false,סלואו אייג' - קרם יום SPF 30,INTERBEAUTY VLC,FR,סלואו אייג' קרם יום,,0.00,100.00,false,1.00,179.90,0.03,true,0,
3337875552127,false,ליפיקאר תחליב גוף לטיפול בעור רגיל,לה רוש-פוזה La Roche-Posay,FR,ליפיקאר לאיט תחליב גוף,,0.00,100.00,false,1.00,134.00,0.00,true,0,
3337875553278,false,וישי דאודורנט רול און מינרלי 48 שעות,INTERBEAUTY VLC,FR,דאודורנט רול און מינרלי 48 שעות,,0.00,100.00,false,1.00,49.90,0.00,true,0,
3337875560931,false,וישי ליפטאקטיב ויטמין C,נורוליס,FR,ליפטאקטיב ויטמין C,,0.00,100.00,false,1.00,189.90,0.18,true,0,
3337875579919,false,וישי נאובדיול רוז פלטיניום קרם פנים ליום,INTERBEAUTY VLC,FR,נאובדיול רוז פלטיניום קרם פנים ליום,,0.00,100.00,false,1.00,219.90,0.04,true,0,
3337875583589,false,לרפ היאלו B5 קרם לחות 40 מל,נורוליס,FR,"היאלו B5 קרם לחות - לשיקום מראה העור, השבת נפח ומוצקות העור",,0.00,100.00,false,1.00,189.90,0.04,true,0,
3337875583626,false,היאלו B5 סרום לטיפול בקמטים,לה רוש-פוזה La Roche-Posay,FR,"היאלו B5 סרום - לטיפול בקמטים, אובדן נפח וגמישות העור",,0.00,100.00,false,1.00,229.90,0.07,true,0,
3337875585200,false,וישי מים סולאריים להגנה SPF30 ורוד 200מל,INTERBEAUTY VLC,FR,ספריי מים סולאריים להגנה מהשמש SPF30 - ורוד,,0.00,100.00,false,1.00,109.90,0.00,true,0,
3337875585231,false,וישי קרם הגנה אנטי אייגינג 3ב-1 SPF50,נורוליס,FR,קפיטל סוליי קרם הגנה אנטי אייגינג 3ב-1 SPF50,,0.00,100.00,false,1.00,109.90,0.02,true,0,
3337875586269,false,סיקפלסט ג'ל B5 - קרם לשיקום עור פגום,לה רוש-פוזה La Roche-Posay,FR,סיקאפלסט ג'ל,,0.00,100.00,false,1.00,66.00,0.01,true,0,
3337875586283,false,סלואו אייג' קרם לילה ומסכה,INTERBEAUTY VLC,FR,סלואו אייג' קרם לילה,,0.00,100.00,false,1.00,189.90,0.03,true,0,
3337875588225,false,וישי אקוואליה טרמל קרם יום עשיר,INTERBEAUTY VLC,FR,אקוואליה טרמל קרם יום עשיר,,0.00,100.00,false,1.00,129.90,0.02,true,0,
3337875588348,false,לרפ טולריאן סנסיטיב ריץ קרם לחות 40 מל,לה רוש-פוזה La Roche-Posay,FR,טולריאן סנסיטיב ריץ' קרם לחות,,0.00,100.00,false,1.00,129.00,0.03,true,0,
3337875588713,false,וישי אקוואליה סרום לחות,INTERBEAUTY VLC,FR,אקוואליה טרמל סרום לחות,,0.00,100.00,false,1.00,139.90,0.04,true,0,
3337875588829,false,וישי אקוואליה טרמל קרם יום לייט,נורוליס,FR,אקוואליה טרמל קרם יום לייט,,0.00,100.00,false,1.00,129.90,0.02,true,0,
3337875596763,false,וישי מינרל 89 עיניים 15 מל,נורוליס,FR,מינרל 89 עיניים לחות - החלקת קמטוטים,,0.00,100.00,false,1.00,109.90,0.07,true,0,
3337875597180,false,סרווה תחליב גל לניקוי והזנה רגיל-יבש 236,נורוליס,FR,תחליב ג'ל לניקוי והזנת העור בלחות רגיל-יבש,,0.00,100.00,false,1.00,54.90,0.00,true,0,
3337875597197,false,סרווה גל מקציף לניקוי העור רגיל-שמן 236,INTERBEAUTY VLC,FR,ג'ל מקציף לניקוי העור רגיל-שמן,,0.00,100.00,false,1.00,54.90,0.00,true,0,
3337875597203,false,סרווה מי פנים מיסלריים 295 מל,INTERBEAUTY VLC,FR,מי פנים מיסלריים,,0.00,100.00,false,1.00,64.90,0.00,true,0,
3337875597210,false,סרווה תחליב לחות לעור יבש-יבש מאוד 236,INTERBEAUTY VLC,FR,תחליב לחות לעור יבש עד יבש מאוד,,0.00,100.00,false,1.00,69.90,0.00,true,0,
3337875597227,false,סרווה קרם לחות לעור יבש-יבש מאוד 340,INTERBEAUTY VLC,FR,קרם לחות לעור יבש עד יבש מאוד,,0.00,100.00,false,1.00,94.90,0.00,true,0,
3337875597272,false,סרווה קרם עיניים משקם 15 מל,INTERBEAUTY VLC,FR,קרם עיניים משקם,,0.00,100.00,false,1.00,74.90,0.04,true,0,
3337875597296,false,"קרם רגליים משקם לעור יבש במיוחד, מחוספס וגבשושי",INTERBEAUTY VLC,FR,קרם רגליים משקם לעור יבש במיוחד,,0.00,100.00,false,1.00,44.90,0.00,true,0,
3337875597319,false,סרווה קרם ידיים משקם לעור יבש במיוחד 50,INTERBEAUTY VLC,FR,קרם ידיים משקם לעור יבש במיוחד,,0.00,100.00,false,1.00,34.90,0.00,true,0,
3337875597333,false,תחליב ג'ל לניקוי והזנת העור בלחות- לעור רגיל עד יבש,INTERBEAUTY VLC,FR,תחליב ג'ל לניקוי והזנת העור בלחות רגיל-יבש,,0.00,100.00,false,1.00,79.90,0.00,true,0,
3337875597357,false,סרווה גל מקציף לניקוי העור רגיל-שמן 473,INTERBEAUTY VLC,FR,ג'ל מקציף לניקוי העור רגיל-שמן,,0.00,100.00,false,1.00,79.90,0.00,true,0,
3337875597388,false,סרווה קרם לחות לעור יבש-יבש מאוד 454,INTERBEAUTY VLC,FR,קרם לחות לעור יבש עד יבש מאוד,,0.00,100.00,false,1.00,114.90,0.00,true,0,
3337875597395,false,סרווה תחליב לחות לעור יבש-יבש מאוד 473,INTERBEAUTY VLC,FR,תחליב לחות לעור יבש עד יבש מאוד,,0.00,100.00,false,1.00,99.90,0.00,true,0,
3337875597449,false,תחליב לחות לפנים - לילה- לעור רגיל עד יבש,INTERBEAUTY VLC,FR,תחליב לחות לפנים- לילה - לעור רגיל עד יבש,,0.00,100.00,false,1.00,69.90,0.01,true,0,
3337875597487,false,תחליב לחות לפנים עם SPF 25 לעור רגיל עד יבש,INTERBEAUTY VLC,FR,תחליב לחות ליום SPF25 רגיל-יבש,,0.00,100.00,false,1.00,69.90,0.01,true,0,
3337875598071,false,לרפ אפקלאר דואו+ למניעה חוזרת של פצעונים,לה רוש-פוזה La Roche-Posay,FR,אפקלאר דואו+ קרם,,0.00,100.00,false,1.00,99.00,0.02,true,0,
3337875598996,false,סרווה קרם לחות לעור יבש-יבש מאוד 177,INTERBEAUTY VLC,FR,קרם לחות לעור יבש עד יבש מאוד,,0.00,100.00,false,1.00,54.90,0.00,true,0,
3337875604796,false,ליפטאקטיב סופרים סרום 10 לפנים,נורוליס,FR,ליפטאקטיב סופרים סרום 10 לפנים,,0.00,100.00,false,1.00,199.90,0.06,true,0,
3337875604802,false,וישי נאובדיול מגיסטרל אלקסיר שמן לפנים,INTERBEAUTY VLC,FR,נאובדיול מג'יסטרל אלקסיר שמן לפנים,,0.00,100.00,false,1.00,229.90,0.07,true,0,
3337875604833,false,וישי נאובדיול קומפלקס סרום לפנים,INTERBEAUTY VLC,FR,נאובדיול קומפלקס סרום לפנים,,0.00,100.00,false,1.00,219.90,0.07,true,0,
3337875607254,false,וישי ליפטאקטיב ספיישליסט קרם יום אנטי אי,INTERBEAUTY VLC,FR,ליפטאקטיב ספיישליסט קרם יום אנטי אייג'ינג מתקדם,,0.00,100.00,false,1.00,229.90,0.04,true,0,
3337875613668,false,היאלו B5 לטיפול בקמטים באזור קונטור העיניים,לה רוש-פוזה La Roche-Posay,FR,היאלו B5 עיניים - לטיפול בקמטים באזור קונטור העיניים,,0.00,100.00,false,1.00,169.90,0.11,true,0,
3337875646796,false,וישי נאובדיול רוז פלטיניום קרם לילה,נורוליס,FR,נאובדיול רוז פלטיניום קרם לילה,,0.00,100.00,false,1.00,219.90,0.04,true,0,
3337875647182,false,וישי נאובדיול קרם למיצוק הצוואר 50 מל,INTERBEAUTY VLC,FR,נאובדיול קרם למיצוק הצוואר,,0.00,100.00,false,1.00,209.90,0.04,true,0,
3337875654586,false,וישי ספריי הגנה לגוף ולפנים SPF+50 ילדים,נורוליס,FR,ספריי הגנה לגוף ולפנים +SPF50 לילדים,,0.00,100.00,false,1.00,109.90,0.00,true,0,
3337875656764,false,לרפ ליפיקאר שמן רחצה 400 מל משאבה,לה רוש-פוזה La Roche-Posay,FR,ליפיקאר שמן רחצה +AP,,0.00,100.00,false,1.00,114.00,0.00,true,0,
3337875660617,false,וישי נורמדרם אפקט תיקון כפול טיפול יומיו,נורוליס,FR,נורמדרם פיטוסולושן אפקט תיקון כפול טיפול יומיומי,,0.00,100.00,false,1.00,99.90,0.01,true,0,
3337875663083,false,נורמדרם פיטוסולושן ג'ל ניקוי אינטנסיבי לעור שמן,נורוליס,FR,נורמדרם פיטוסולושן ג'ל ניקוי אינטנסיבי לעור שמן,,0.00,100.00,false,1.00,109.90,0.00,true,0,
3337875673907,false,וישי דרקוס קארה סולושנס שמפו מחדש 250 מל,נורוליס,FR,דרקוס קארה סולושנס שמפו מחדש,,0.00,100.00,false,1.00,59.90,0.00,true,0,
3337875673914,false,וישי דרקוס קארה סולושנס מסכה משקמת 200 מ,נורוליס,FR,דרקוס קארה סולושנס מסכה משקמת ב-2 דקות,,0.00,100.00,false,1.00,69.90,0.00,true,0,
3337875673921,false,קארה-סולושנס סרום מזין לטיפול בקצוות פגומים,נורוליס,FR,דרקוס קארה סולושנס סרום מזין,,0.00,100.00,false,1.00,169.90,0.04,true,0,
3337875674928,false,וישי מינרל מים מיסלריים לפנים 400 מל,נורוליס,FR,מינרל מים מיסלריים לפנים ולעיניים מתאים לעור רגיש,,0.00,100.00,false,1.00,109.90,0.00,true,0,
3337875677967,false,וישי דנסי סולושנס מרכך מעבה ומשקם 200,נורוליס,FR,דנסי סולושנס מרכך באלם מעבה ומשקם לטיפול בשיער חלש ודליל,,0.00,100.00,false,1.00,69.90,0.00,true,0,
3337875684095,false,קרם לחות להחלקת העור חומצה סיליצילית 177,נורוליס,FR,קרם לחות להחלקת העור המכיל חומצה סיליצילית,,0.00,100.00,false,1.00,69.90,0.00,true,0,
3337875684101,false,קרם לחות להחלקת העור חומצה סיליצילית 340,נורוליס,FR,קרם לחות להחלקת העור המכיל חומצה סיליצילית,,0.00,100.00,false,1.00,119.90,0.00,true,0,
3337875684118,false,סרווה תחליב ניקוי להחלקת העור ח.סיליצילי,נורוליס,FR,תחליב ניקוי להחלקת העור המכיל חומצה סיליצילית,,0.00,100.00,false,1.00,69.90,0.00,true,0,
3337875686983,false,וישי אקוואליה טרמל UV קרם לחות SPF25,נורוליס,FR,אקוואליה טרמל UV קרם לחות והגנה לפנים SPF25 במרקם קליל,,0.00,100.00,false,1.00,129.90,0.02,true,0,
3337875687096,false,קרם אנטי אייג'ינג מתקדם לפנים Liftactiv Collagen Specialist,נורוליס,FR,ליפטאקטיב קרם אנטי אייג'ינג מתקדם SPF25,,0.00,100.00,false,1.00,229.90,0.04,true,0,
3337875695145,false,וישי מים סולאריים SPF50 חומצה היאלרונית,נורוליס,FR,ספריי מים סולאריים SPF50 עם חומצה היאלורגנית,,0.00,100.00,false,1.00,109.90,0.00,true,0,
3337875695152,false,וישי מים סולאריים SPF50 בטא קרוטן,נורוליס,FR,ספריי מים סולאריים SPF50 עם בטא קרוטן,,0.00,100.00,false,1.00,109.90,0.00,true,0,
3337875695176,false,וישי ק.סוליי קרם הגנה לפנים למראה מאט 3,נורוליס,FR,קפיטל סוליי קרם הגנה לפנים למראה מאט 3 ב1 +SPF50,,0.00,100.00,false,1.00,109.90,0.02,true,0,
3337875695800,false,ליפטאקטיב ספיישליסט אמפולות פילינג לילה גליקו C,נורוליס,FR,ליפטאקטיב אמפולות גליקו-C,,0.00,0.00,false,1.00,269.90,8.99,true,0,
3337875696548,false,ליפיקאר AP+M פלוס-קרם גוף מזין לעור יבש,לה רוש-פוזה La Roche-Posay,FR,ליפיקאר באום AP+M קרם גוף מזין,,0.00,100.00,false,1.00,139.00,0.00,true,0,
3337875696579,false,לרפ ליפיקאר באום איי פי פלוס אם 200 מל,לה רוש-פוזה La Roche-Posay,FR,ליפיקאר באום AP+M קרם גוף מזין,,0.00,100.00,false,1.00,104.00,0.00,true,0,
3337875696838,false,לרפ אנתליוס ספריי להגנה מהשמש +SPF50,נורוליס,FR,אנתליוס ספריי להגנה מהשמש +SPF50,,0.00,100.00,false,1.00,119.90,0.00,true,0,
3337875698696,false,לרפ אנתליוס ספריי ילדים הגנה מהשמש+SPF50,נורוליס,FR,אנתליוס ספריי ילדים הגנה מהשמש +SPF50,,0.00,100.00,false,1.00,119.90,0.00,true,0,
3337875703154,false,וישי דאודורנט ספריי לגבר 100 מל,נורוליס,FR,דאודורנט ספריי לגבר,,0.00,0.00,false,1.00,49.90,0.49,true,0,
3337875706667,false,לרפ אנתליוס מינרל וואן קרם יום גוון 01,נורוליס,FR,אנתליוס מינרל וואן קרם יום עם גוון 01 +SPF50,,0.00,100.00,false,1.00,89.90,0.02,true,0,
3337875706674,false,לרפ אנתליוס מינרל וואן קרם יום גוון 02,נורוליס,FR,אנתליוס מינרל וואן קרם יום עם גוון 02 +SPF50,,0.00,100.00,false,1.00,89.90,0.02,true,0,
3337875706681,false,לרפ אנתליוס מינרל וואן קרם יום גוון 03,נורוליס,FR,אנתליוס מינרל וואן קרם יום עם גוון 03 +SPF50,,0.00,100.00,false,1.00,89.90,0.02,true,0,
3337875706698,false,לרפ אנתליוס מינרל וואן קרם יום גוון 04,נורוליס,FR,אנתליוס מינרל וואן קרם יום עם גוון 04 +SPF50,,0.00,100.00,false,1.00,89.90,0.02,true,0,
3337875708289,false,לרפ אפקלאר גל ניקוי לעור שמן 400 מל,נורוליס,FR,אפקלאר ג'ל ניקוי לעור שמן,,0.00,100.00,false,1.00,119.00,0.00,true,0,
3337875708906,false,וישי נאובדיול מגיסטרל טיפול לילה,נורוליס,FR,נאובדיול מג'יסטרל טיפול לילה,,0.00,100.00,false,1.00,229.90,0.04,true,0,
3337875711098,false,וישי ליפטאקטיב אמפולות גליקו C 10 יח,נורוליס,FR,ליפטאקטיב אמפולות גליקו-C,,0.00,0.00,false,1.00,119.90,11.99,true,0,
3337875719124,false,וישי ליפטאקטיב קרם יום לטיפול אינטנסיבי,נורוליס,FR,ליפטאקטיב קרם יום לטיפול אינטנסיבי במראה הקמטים SPF 30,,0.00,100.00,false,1.00,189.90,0.03,true,0,
3337875719209,false,וישי ליפטאקטיב סופרים סרום 30 מל,נורוליס,FR,ליפטאקטיב סופרים סרום חומצה היאלורונית אפידרמיק פילר,,0.00,100.00,false,1.00,229.90,0.07,true,0,
3337875722520,false,וישי ליפטאקטיב קולגן לילה 50 מל,נורוליס,FR,ליפטאקטיב קולגן ספיישליסט לילה,,0.00,100.00,false,1.00,239.90,0.04,true,0,
3337875722827,false,לרפ אפקלאר דואו סרום 30 מל,נורוליס,FR,אפקלאר דואו סרום,,0.00,100.00,false,1.00,189.00,0.06,true,0,
3337875734387,false,וישי נאובדיול רוז פלטיניום עיניים 15 מל,נורוליס,FR,נאובדיול רוז פלטיניום עיניים,,0.00,100.00,false,1.00,199.90,0.13,true,0,
3337875743563,false,תחליב ניקוי מקציף לעור רגיל עד יבש 236 מ,נורוליס,FR,תחליב ניקוי מקציף לעור רגיל עד יבש,,0.00,100.00,false,1.00,74.90,0.00,true,0,
3337875757515,false,לרפ טולריאן דרמלרגו עיניים 20 מל,נורוליס,FR,טולריאן דרמלרגו עיניים,,0.00,100.00,false,1.00,149.90,0.07,true,0,
3337875757614,false,לרפ טולריאן דרמלרגו קרם 40 מל,נורוליס,FR,טולריאן דרמלרגו קרם,,0.00,100.00,false,1.00,149.90,0.03,true,0,
3337875757669,false,לרפ טולריאן דרמלרגו פלואיד 40 מל,נורוליס,FR,טולריאן דרמלרגו פלואיד,,0.00,100.00,false,1.00,149.90,0.03,true,0,
3337875760201,false,לרפ היאלו B5 אקווה גל SPF30,נורוליס,FR,היאלו B5 אקווה ג'ל SPF30,,0.00,100.00,false,1.00,189.90,0.03,true,0,
3337875761031,false,לרפ אנתליוס אייג קורקט ללא גוון 50 מל,נורוליס,FR,אנתליוס אייג' קורקט ללא גוון,,0.00,100.00,false,1.00,149.00,0.02,true,0,
3337875762298,false,וישי קפיטל סוליי אנטי אייג תחליב SPF50,נורוליס,FR,קפיטל סוליי אנטי אייג' תחליב SPF50,,0.00,100.00,false,1.00,129.90,0.03,true,0,
3337875763967,false,קרם ידיים משקם לידיים מחוספסות ויבשות במיוחד,נורוליס,FR,קרם ידיים משקם לעור יבש במיוחד,,0.00,0.00,false,1.00,44.90,0.44,true,0,
3337875764353,false,לרפ אנתליוס אייג קורקט עם גוון 50 מל,נורוליס,FR,אנתליוס אייג' קורקט עם גוון,,0.00,100.00,false,1.00,149.00,0.02,true,0,
3337875773430,false,סרווה שמן רחצה מקציף לניקוי והזנה 236,נורוליס,FR,סרווה שמן רחצה מקציף לניקוי והזנת העור,,0.00,100.00,false,1.00,69.90,0.00,true,0,
3337875773447,false,סרווה שמן רחצה מקציף לניקוי והזנה 473,נורוליס,FR,סרווה שמן רחצה מקציף לניקוי והזנת העור,,0.00,100.00,false,1.00,99.90,0.00,true,0,
3337875795456,false,סרווה תחליב ניקוי להחלקת העור ח.סיליצילי,נורוליס,FR,תחליב ניקוי להחלקת העור המכיל חומצה סיליצילית,,0.00,100.00,false,1.00,99.90,0.00,true,0,
3337875796583,false,וישי ליפטאקטיב סופרים ויטמין C מל20,נורוליס,FR,ליפטאקטיב סופרים ויטמין C,,0.00,100.00,false,1.00,219.90,0.10,true,0,
3337875797641,false,לרפ אנתליוס פלואיד עם גוון +SPF50,נורוליס,FR,אנתליוס פלואיד תחליב פנים עם גוון להגנה מהשמש +SPF50,,0.00,100.00,false,1.00,104.00,0.02,true,0,
3337875797719,false,לרפ אנתליוס אולטרה קרם הגנה לפנים חדש,נורוליס,FR,אנתליוס אולטרה קרם הגנה לפנים +SPF50,,0.00,100.00,false,1.00,99.00,0.01,true,0,
3338221000019,false,פיטוקרטין מסכה 200 לשיער פגום,פרמה גורי,,פיטוקרטין מסכה משקמת מצמחים לשיער פגום,,0.00,100.00,false,1.00,160.00,0.00,true,0,
3338221000385,false,פיטו שמן אויל סופרים 100 לעיצוב,פרמה גורי,,פיטו שמן אויל סופרים לעיצוב,,0.00,0.00,false,1.00,150.00,1.50,true,0,
3338221000392,false,פיטוסקוום אינטנסיב שמפו טיפולי לקשקשים,פרמה גורי,FR,פיטוסקוום אינטנסיב שמפו טיפולי לקשקשים,,0.00,0.00,false,1.00,89.90,0.89,true,0,
3346470430440,false,גרלן פרור גולד מיסט תרסיס לחות 30 מל,שסטוביץ,FR,PARURE GOLD מיסט תרסיס לחות,,0.00,100.00,false,1.00,185.00,0.06,true,0,
3346470609716,false,גרלן סופר אקווה סרום עיניים 15 מל,שסטוביץ,,SUPERAQUA סרום עיניים,,0.00,100.00,false,1.00,422.00,0.28,true,0,
3346470610583,false,גרלן אבי רויאל מסכת רטיות דבש להענקת לחו,שסטוביץ,FR,ABEILLE ROYALE מסכת רטיות דבש להענקת לחות מוגברת,,0.00,100.00,false,1.00,509.00,0.08,true,0,
3346470610941,false,גרלן אביי רויאל סרום המבוסס על מזון מלכו,שסטוביץ,FR,ABEILLE ROYAL סרום המבוסס על מזון מלכות טהור,,0.00,100.00,false,1.00,567.00,0.18,true,0,
3346470610958,false,גרלן אביי רויאל סרום כדוריות 50 מל,שסטוביץ,FR,ABEILLE ROYALE סרום כדוריות,,0.00,100.00,false,1.00,783.00,0.15,true,0,
3346470611191,false,גרלן מסיר איפור עינים 125 מל,שסטוביץ,FR,PURE RADIANCE מסיר איפור עיניים,,0.00,100.00,false,1.00,209.00,0.01,true,0,
3346470611207,false,גרלן חלב ניקוי 200 מל,שסטוביץ,FR,PURE RADIANCE חלב ניקוי,,0.00,100.00,false,1.00,230.00,0.01,true,0,
3346470611221,false,גרלן מוס ניקוי 150 מל,שסטוביץ,FR,PURE RADIANCE מוס ניקוי,,0.00,100.00,false,1.00,230.00,0.01,true,0,
3346470611245,false,גרלן מים מיסלריים 200 מל,שסטוביץ,FR,PURE RADIANCE מים מיסלריים,,0.00,100.00,false,1.00,230.00,0.01,true,0,
3346470612211,false,גרלן מידנייט סיקרט 15 מל,שסטוביץ,FR,MIDNIGHT SECRET,,0.00,100.00,false,1.00,134.30,0.08,true,0,
3346470612228,false,גרלן סופר ליפס 15 מל,שסטוביץ,FR,SUPER LIPS,,0.00,100.00,false,1.00,135.00,0.09,true,0,
3346470612846,false,גרלן אורכיד אימפריאל קרם יום 50 מל,שסטוביץ,FR,ORCHIDEE IMPERIALE קרם יום,,0.00,100.00,false,1.00,1899.00,0.37,true,0,
3346470612945,false,גרלן פיליניג לניקוי פנים 75 מל,שסטוביץ,FR,GOMMAGI פילינג לניקוי הפנים,,0.00,100.00,false,1.00,261.00,0.03,true,0,
3346470613058,false,גרלן אורכיד אימפריאל מסכת רטיות מבהירה,שסטוביץ,FR,ORCHIDEE IMPERIALE מסכת רטיות מבהירה,,0.00,0.00,false,1.00,1274.00,0.00,true,0,
3346470613348,false,גרלן אביי רויאל באלם 30 מל,שסטוביץ,FR,ABEILLE ROYALE באלם,,0.00,100.00,false,1.00,257.00,0.08,true,0,
3346470613478,false,גרלן אורכיד אימפריאל קרם עשיר 50 מל,שסטוביץ,FR,ORCHIDEE IMPERIALE קרם עשיר,,0.00,100.00,false,1.00,1899.00,0.37,true,0,
3346470613942,false,גרלן אביי רויאל בי גלואו 30 מל,שסטוביץ,FR,ABEILLE ROYALE בי גלואו,,0.00,100.00,false,1.00,422.00,0.14,true,0,
3346470614031,false,גרלן אורכיד אימפריאל שמן 30 מל,שסטוביץ,FR,ORCHIDEE IMPERIALE שמן,,0.00,100.00,false,1.00,1367.00,0.45,true,0,
3346470614055,false,גרלן אורכיד אימפריאל קצף ניקוי 125 מל,General,FR,ORCHIDEE IMPERIALE קצף ניקוי,,0.00,100.00,false,1.00,449.00,0.03,true,0,
3346470614079,false,גרלן אורכיד אימפריאל מי פנים טיפוליים,General,FR,ORCHIDEE IMPERIALE מי פנים טיפוליים,,0.00,100.00,false,1.00,569.00,0.04,true,0,
3346470614352,false,גרלן אורכיד אימפריאל קרם שחור 50 מל,שסטוביץ,FR,ORCHIDEE IMPERIALE קרם שחור,,0.00,100.00,false,1.00,4540.00,0.90,true,0,
3346470614413,false,גרלן אורכיד אימפריאל סרום 30 מל,שסטוביץ,FR,ORCHIDEE IMPERIALE סרום,,0.00,100.00,false,1.00,2131.00,0.71,true,0,
3346470614437,false,גרלן אורכיד אימפריאל תחליב לחות 30 מל,General,FR,ORCHIDEE IMPERIALE תחליב לחות,,0.00,100.00,false,1.00,1367.00,0.45,true,0,
3346470614536,false,גרלן אביי רויאל מקדם הגנה 30 מל,שסטוביץ,FR,ABEILLE ROYALE מקדם הגנה,,0.00,100.00,false,1.00,299.00,0.09,true,0,
3346470614543,false,גרלן אביי רויאל שמן ניקוי 150 מל,שסטוביץ,FR,ABEILLE ROYALE שמן ניקוי,,0.00,100.00,false,1.00,255.00,0.01,true,0,
3346470614574,false,גרלן אורכיד אימפריאל מסכת הזנה 75 מל,שסטוביץ,FR,ORCHIDEE IMPERIALE מסכת הזנה,,0.00,100.00,false,1.00,1538.00,0.20,true,0,
3346470614581,false,גרלן אורכיד אימפריאל קרם צוואר 75 מל,שסטוביץ,FR,ORCHIDEE IMPERIALE קרם צוואר,,0.00,100.00,false,1.00,1538.00,0.20,true,0,
3346470614949,false,גרלן סופר אקווה סרום 50 מל,שסטוביץ,FR,SUPER AQUA סרום,,0.00,100.00,false,1.00,718.00,0.14,true,0,
3346470614956,false,גרלן סופר אקווה מי פנים 15 מל,שסטוביץ,FR,SUPER AQUA מי פנים,,0.00,100.00,false,1.00,227.00,0.15,true,0,
3346470615007,false,גרלן אביי רויאל קרם יום 50 מל,שסטוביץ,FR,ABEILLE ROYALE קרם יום,,0.00,100.00,false,1.00,598.00,0.11,true,0,
3346470615014,false,גרלן אביי רויאל קרם לעור מעורב 50 מל,שסטוביץ,FR,ABEILLE ROYALE קרם לעור מעורב,,0.00,100.00,false,1.00,598.00,0.11,true,0,
3346470615021,false,גרלן אביי רויאל קרם עשיר 50 מל,שסטוביץ,FR,ABEILLE ROYALE קרם עשיר,,0.00,100.00,false,1.00,598.00,0.11,true,0,
3346470615038,false,גרלן אביי רויאל קרם לילה 50 מל,שסטוביץ,FR,ABEILLE ROYALE קרם לילה,,0.00,100.00,false,1.00,709.00,0.14,true,0,
3346470615113,false,גרלן אורכיד אימפריאל קרם עיניים ושפתיים,שסטוביץ,FR,ORCHID IMPERIALE שחור קרם עיניים ושפתיים,,0.00,100.00,false,1.00,2733.00,1.36,true,0,
3346470615175,false,גרלן אורכיד אימפריאל קרם לייט 50 מל,שסטוביץ,FR,ORCHIDEE IMPERIALE קרם לייט,,0.00,100.00,false,1.00,1699.00,0.33,true,0,
3346470615205,false,גרלן אורכיד אימפריאל סרום לילה 30 מל,שסטוביץ,FR,ORCHIDEE IMPERIALE סרום לילה,,0.00,100.00,false,1.00,2131.00,0.71,true,0,
3346470615335,false,גרלן אורכיד אימפריאל סרום מבהיר 30 מל,שסטוביץ,FR,ORCHIDEE IMPERIALE סרום מבהיר,,0.00,100.00,false,1.00,2131.00,0.71,true,0,
3346470615366,false,גרלן אביי רויאל קרם עיניים 15 מל,שסטוביץ,FR,ABEILLE ROYALE קרם עיניים,,0.00,100.00,false,1.00,463.00,0.30,true,0,
3346470615380,false,גרלן אביי רויאל סרום עיניים מתקן 20 גרם,אלפא,FR,ABEILLE ROYALE סרום עיניים מתקן,,0.00,100.00,false,1.00,458.00,0.22,true,0,
3346470615397,false,גרלן אורכיד אימפריאל סרום עיניים מרוכז מ,General,FR,ORCHIDEE IMPERIALE סרום עיניים מרוכז מבהיר,,0.00,100.00,false,1.00,909.00,0.60,true,0,
3346470615434,false,גרלן סופר אקווה קרם אוניברסלי 50 מל,שסטוביץ,FR,SUPER AQUA קרם לחות אוניברסלי,,0.00,100.00,false,1.00,558.00,0.11,true,0,
3346470615441,false,גרלן סופר אקווה קרם עשיר 50 מל,שסטוביץ,FR,SUPER AQUA קרם לחות עשיר,,0.00,100.00,false,1.00,558.00,0.11,true,0,
3346470615557,false,גרלן אביי רויאל מי הכנה להגנה על עור הפנ,שסטוביץ,FR,ABEILLE ROYALE מי הכנה להגנה על עור הפנים,,0.00,100.00,false,1.00,310.00,0.02,true,0,
3346470615977,false,גרלן אורכיד אימפריאל בלק סימביוזרום קרם,שסטוביץ,FR,ORCHIDEE IMPERIALE BLACK ULTRA סרום,,0.00,100.00,false,1.00,5859.00,1.95,true,0,
3346470616059,false,"גרלן אורכיד אימפריאל סרום למתיחה, מיצוק",General,FR,"ORCHIDEE IMPERIALE סרום למתיחה, מיצוק, מילוי והידוק העור",,0.00,100.00,false,1.00,1990.00,0.66,true,0,
3346470616165,false,גרלן אביי רויאל שמן נעורים מתקדם 30 מל,שסטוביץ,FR,ABEILLE ROYALE שמן נעורים מתקדם,,0.00,100.00,false,1.00,436.00,0.14,true,0,
3346470616172,false,גרלן אביי רויאל שמן נעורים מתקדם 50 מל,שסטוביץ,FR,ABEILLE ROYALE שמן נעורים מתקדם,,0.00,100.00,false,1.00,624.00,0.12,true,0,
3346470616653,false,גרלן אביי רויאל שמן-סרום לקרקפת ולשיער,שסטוביץ,FR,ABEILLE ROYAL שמן-סרום לקרקפת ולשיער,,0.00,100.00,false,1.00,629.00,0.12,true,0,
3346470616677,false,גרלן אורכיד אימפריאל קרם הגנה גלובלי נגד,General,FR,ORCHIDEE IMPERIALE קרם הגנה גלובלי נגד קרינת UV,,0.00,100.00,false,1.00,662.00,0.22,true,0,
3346470616684,false,גרלן אורכיד אימפריאל קרם פנים - טיפול ה,שסטוביץ,FR,ORCHIDEE IMPERIALE קרם פנים טיפול התחדשות יוצא דופן,,0.00,100.00,false,1.00,2065.00,0.41,true,0,
3346470616691,false,גרלן אורכיד אימפריאל קרם פנים במרקם לייט,שסטוביץ,FR,ORCHIDEE IMPERIALE קרם פנים במרקם לייט טיפול התחדשות יוצא דופן,,0.00,100.00,false,1.00,2065.00,0.41,true,0,
3346470616837,false,גרלן אביי רויאל דאבל R סרום,שסטוביץ,FR,ABEILLE ROYALE DOUBLE R סרום,,0.00,100.00,false,1.00,872.00,0.17,true,0,
3346470617179,false,גרלן אביי רויאל סט קרם שמן נעורים,שסטוביץ,FR,ABEILLE ROYALE סט שמן נעורים + מי פנים + קרם פנים + תיק איפור,,0.00,0.00,false,1.00,808.00,0.00,true,0,
3346470617186,false,גרלן אביי רויאל סט סרום + שמן נעורים,שסטוביץ,FR,ABEILLE ROYALE סט סרום + שמן נעורים + מי פנים + תיק איפור,,0.00,0.00,false,1.00,1110.00,0.00,true,0,
3346470617193,false,גרלן אביי רויאל סט קרם פנים ושמן נעורים,שסטוביץ,FR,ABEILLE ROYALE סט קרם פנים + שמן פנים + מי הכנה + תיק איפור,,0.00,0.00,false,1.00,854.00,0.00,true,0,
3346470617513,false,גרלן אביי רויאל סט סרום,שסטוביץ,FR,ABEILLE ROYALE סט סרום + שמן נעורים + קרם פנים + תיק איפור,,0.00,0.00,false,1.00,918.00,0.00,true,0,
3346470617520,false,גרלן אביי רויאל סט קרם פנים וקרם עיניים,שסטוביץ,FR,ABEILLE ROYALE סט קרם פנים + קרם עיניים + שמן נעורים + תיק איפור,,0.00,0.00,false,1.00,918.00,0.00,true,0,
3350900000011,false,אמבריוליס קרם לחות והזנה רב תכליתי 75 מל,שסטוביץ,FR,קרם לחות והזנה רב תכליתי,,0.00,100.00,false,1.00,92.00,0.01,true,0,
3350900000394,false,אמבריוליס קרם לחות והזנה רב תכליתי 30 מל,שסטוביץ,FR,קרם לחות והזנה רב תכליתי,,0.00,100.00,false,1.00,49.90,0.01,true,0,
3350900000615,false,אמבריוליס שמן טיפוח לגוף לפנים ולשיער,שסטוביץ,FR,שמן טיפוח לגוף לפנים ולשיער,,0.00,0.00,false,1.00,125.00,1.25,true,0,
3350900000745,false,אמבריוליס ארטיסט סיקרט תחליב גל להמרצת,שסטוביץ,FR,ARTIST SECRET תחליב ג'ל להמרצת עור הפנים,,0.00,100.00,false,1.00,119.90,0.02,true,0,
3350900000844,false,אמבריוליס בוסטר לריסים וגבות,שסטוביץ,FR,בוסטר לריסים וגבות,,0.00,0.00,false,1.00,89.90,0.00,true,0,
3350900000899,false,אמבריוליס לחויות לה קרם קונסנטרה 15 מל,שסטוביץ,FR,LAIT CREME CONCENTRE קרם לחות והזנה רב תכליתי,,0.00,100.00,false,1.00,24.90,0.01,true,0,
3350900001322,false,אמבריוליס לחויות הידרה סרום 30 מל,שסטוביץ,FR,HYDRA סרום מרוכז המעניק לחות עוצמתית,,0.00,0.00,false,1.00,99.00,0.00,true,0,
3350900001704,false,אמבריוליס קרם מולטי פרוטקשן SPF20,שסטוביץ,FR,MULTI PROTECTION קרם לחות והזנה רב תכליתי,,0.00,100.00,false,1.00,83.00,0.02,true,0,
3350900001834,false,אמבריוליס ארטיסט תכשיר להרגעה ורענון של,שסטוביץ,FR,ARTIST SECRET תכשיר להרגעה ורענון של אזור העיניים,,0.00,0.00,false,1.00,75.90,0.00,true,0,
3380810013252,false,קלרינס מולטי אינטנסיב סרום 30 מל,אלפא,FR,SUPER RESTORATIVE REMODELING סרום,,0.00,100.00,false,1.00,749.00,0.24,true,0,
3380810045215,false,קלרינס גל לחות מולטי אקטיב 50 מל,אלפא,FR,ג'ל לחות מולטי אקטיב,,0.00,100.00,false,1.00,399.00,0.07,true,0,
3380810045321,false,קלרינס מולטי אקטיב תחליב SPF15,אלפא,FR,מולטי אקטיב תחליב SPF15,,0.00,100.00,false,1.00,399.00,0.07,true,0,
3380810091816,false,קלרינס בוסטר ממריץ אנרגיה 15 מל,אלפא,FR,BOOSTER ממריץ אנרגיה,,0.00,100.00,false,1.00,229.00,0.15,true,0,
3380810091960,false,קלרינס בוסטר ממריץ לשיפור העור 15 מל,אלפא,FR,BOOSTER ממריץ לשיפור העור,,0.00,100.00,false,1.00,229.00,0.15,true,0,
3380810091977,false,קלרינס בוסטר ממריץ לטיהור העור 15 מל,אלפא,FR,BOOSTER ממריץ לטיהור העור,,0.00,100.00,false,1.00,229.00,0.15,true,0,
3380810108996,false,קלרינס הידרה אסנשיאל סרום 30 מל,אלפא,FR,HYDRA ESSENTIEL סרום,,0.00,100.00,false,1.00,489.00,0.16,true,0,
3380810109023,false,קלרינס הידרה אסנשיאל תחליב SPF15,אלפא,FR,HYDRA ESSENTIEL תחליב SPF15,,0.00,100.00,false,1.00,389.00,0.07,true,0,
3380810137866,false,קלרינס הידרה אסנשיאל בי-סרום 50 מל,אלפא,FR,HYDRA-ESSENTIEL בי-סרום,,0.00,100.00,false,1.00,659.00,0.13,true,0,
3380810147414,false,קלרינס ONE STEP לניקוי הפנים,אלפא,,ONE STEP מי פנים לניקוי הפנים,"מ""ל",200.00,100.00,false,1.00,189.00,0.00,true,0,
3380810149661,false,קלרינס דאבל סרום 30 מל,אלפא,FR,DOUBLE SERUM סרום,,0.00,100.00,false,1.00,510.00,0.17,true,0,
3380810149678,false,קלרינס דאבל סרום 50 מל,אלפא,FR,DOUBLE SERUM סרום,,0.00,100.00,false,1.00,620.00,0.12,true,0,
3380810157475,false,קלרנס גרגירי פילינג לגוף חלק,אלפא,,ONE STEP EXFOLIATING גרגירי פיליניג לגוף חלק,"מ""ל",200.00,100.00,false,1.00,219.00,0.01,true,0,
3380810171716,false,קלרינס מולטי אינטנסיב תמצית טיפוח פנים,אלפא,FR,MULTI INTENSIVE תמצית טיפוח פנים,,0.00,100.00,false,1.00,269.00,0.01,true,0,
3380810171723,false,קלרינס מולטי אינטנסיב מסכת בד 5 יחידות,אלפא,FR,MULTI INTENSIVE מסכת בד,,0.00,0.00,false,1.00,499.00,0.00,true,0,
3380810177558,false,קלרנס מסכה אס או אס פיור 75 מל,אלפא,FR,SOS PURE מסכה,,0.00,100.00,false,1.00,189.00,0.02,true,0,
3380810177565,false,קלרנס מסכה אס או אס קונפורט 75 מל,אלפא,FR,SOS CONFORT מסכה,,0.00,100.00,false,1.00,189.00,0.02,true,0,
3380810177572,false,קלרנס מסכה אס או אס הידרה 75 מל,אלפא,FR,SOS HYDRA מסכה,,0.00,100.00,false,1.00,189.00,0.02,true,0,
3380810194784,false,קלרינס א.פרמינג קרם יום 50 מל,אלפא,FR,EXTRA FIRMING קרם יום לכל סוגי העור,,0.00,100.00,false,1.00,499.00,0.09,true,0,
3380810194807,false,קלרינס אקסטרה פרמינג ק.יום SPF15,אלפא,FR,EXTRA FIRMING קרם יום SPF15,,0.00,100.00,false,1.00,499.00,0.09,true,0,
3380810194838,false,קלרינס אקסטרה פירמינג ק.לילה לעור יבש,אלפא,FR,EXTRA-FIRMING קרם לילה לעור יבש,,0.00,100.00,false,1.00,519.00,0.10,true,0,
3380810197396,false,קלרינס לחות לעיצוב מראה הפנים לגבר,אלפא,FR,HYDRA SCULPT לחות לעיצוב מראה הפנים לגבר,,0.00,100.00,false,1.00,499.00,0.09,true,0,
3380810205251,false,קלרינס מקציף עדין לעור מעורב שמן,אלפא,,GENTLE FOAMING מקציף עדין לעור מעורב עד שמן,,0.00,100.00,false,1.00,179.00,0.01,true,0,
3380810206012,false,קלרינס הידרה אסנשיאל באלם לשפתיים 15 מל,אלפא,FR,HYDRA-ESSENTIEL באלם לחות לשפתיים,,0.00,100.00,false,1.00,109.00,0.07,true,0,
3380810219623,false,קלרינס פיור קונטרול סרום לכיוון נקבוביות,אלפא,FR,PORE CONTROL סרום לכיוון נקבוביות,,0.00,100.00,false,1.00,365.00,0.12,true,0,
3380810223934,false,קלרינס או דינמיזנט קיט מי גוף 100 מל+10,אלפא,FR,EAU DYNAMISANTE קיט מי גוף + מי גוף מילי,,0.00,0.00,false,1.00,289.00,0.00,true,0,
3380810223958,false,קלרינס או דזרדן קיט מי גוף 100 מל+10,אלפא,FR,EAU JARDINS קיט מי גוף + מי גוף מילוי,,0.00,0.00,false,1.00,289.00,0.00,true,0,
3380810243314,false,"קלרנס מסיר איפור עיניים עדין 125 מ""ל",אלפא,,GENTLE מסיר איפור לעיניים,,0.00,100.00,false,1.00,135.00,0.01,true,0,
3380810270990,false,קלרינס סרום מחטב לפנים 50 מל,אלפא,FR,V SHAPING FACIAL LIFT סרום לפנים,,0.00,100.00,false,1.00,469.00,0.09,true,0,
3380810272284,false,קלרינס אקסטרה פירמינג סרום 50 מל,אלפא,FR,EXTRA FIRMING סרום לפנים,,0.00,100.00,false,1.00,489.00,0.09,true,0,
3380810277807,false,קלרינס בודי פרטנר קרם טיפוח לגוף 175 מל,אלפא,FR,BODY PARTNER קרם לטיפוח הגוף,,0.00,100.00,false,1.00,249.00,0.01,true,0,
3380810303018,false,קלרינס קרם יום סופר רסטורייטיב 50 מל,אלפא,FR,SUPER-RESTORATIVE קרם יום מולטי אינטנסיב לכל סוגי העור,,0.00,100.00,false,1.00,639.00,0.12,true,0,
3380810304541,false,קלרינס קרם הנספג במהירות המסייע להגנה מפ,אלפא,FR,קרם הנספג במהירות המסייע להגנה מפני השמש SPF30,,0.00,100.00,false,1.00,149.00,0.02,true,0,
3380810304749,false,קלרינס גל שמן שקוף המסייע להגנה מפני השמ,אלפא,FR,ג'ל-שמן שקוף לפנים המסייע להגנה מפני השמש SPF30,,0.00,100.00,false,1.00,139.00,0.02,true,0,
3380810304817,false,קלרינס תחליב לפנים המסייע להגנה מפני השמ,אלפא,FR,תחליב לפנים המסייע להגנה מפני השמש SPF30,,0.00,100.00,false,1.00,139.00,0.04,true,0,
3380810304848,false,קלרינס קרם הגנה לפנים SPF50 להגנה מהשמש,אלפא,FR,קרם הגנה לפנים SPF50 להגנה מהשמש,,0.00,100.00,false,1.00,139.00,0.02,true,0,
3380810304916,false,קלרינס קרם המסייע להגנה על הגוף מפני השמ,אלפא,FR,קרם המסייע להגנה על הגוף מפני השמש SPF30,,0.00,100.00,false,1.00,249.00,0.01,true,0,
3380810305005,false,קלרינס שמן יבש המסייע להגנה מפני השמש לג,אלפא,FR,SUN CARE שמן יבש המסייע להגנה מפני השמש לגוף ולשיער,,0.00,100.00,false,1.00,249.00,0.01,true,0,
3380810305050,false,קלרינס תחליב ספריי לפנים SPF50 להגנה מהש,אלפא,FR,תחליב ספריי לפנים SPF50 להגנה מהשמש,,0.00,100.00,false,1.00,249.00,0.01,true,0,
3380810305197,false,קלרינס גל מרענן לאחר שיזוף 150 מל,אלפא,FR,ג'ל מרענן לאחר שיזוף,,0.00,100.00,false,1.00,199.00,0.01,true,0,
3380810316100,false,קלרנס ק.יום רגיש,אלפא,,GENTLE DAY קרם יום לעור רגיש,,0.00,100.00,false,1.00,339.00,0.06,true,0,
3380810329841,false,קלרינס שמן פנים ארומתרפי סנטל 30 מל,אלפא,FR,SANTAL שמן פנים ארומתרפי,,0.00,100.00,false,1.00,289.00,0.09,true,0,
3380810332285,false,קלרינס פרש סקראב ניקוי גרגירים 50 מל,אלפא,FR,FRESH SCRUB RETAIL פילינג מרענן במרקם קרם עם גרגירים,,0.00,100.00,false,1.00,155.00,0.03,true,0,
3380810332292,false,קלרינס פרש סקראב פילינג גל מטהר,אלפא,FR,FRESH SCRUB RETAIL פילינג ג'ל מטהר עם גרגירי לבה,,0.00,100.00,false,1.00,155.00,0.03,true,0,
3380810332315,false,קלרינס קומפורט ניקוי גרגירים 50 מל,אלפא,FR,COMFORT ניקוי גרגירים,,0.00,100.00,false,1.00,155.00,0.03,true,0,
3380810334357,false,קלרינס צמח הזהב 35 מל,אלפא,FR,NATURE FACE OIL צמח הזהב,,0.00,100.00,false,1.00,469.00,0.13,true,0,
3380810343281,false,קלרינס אקסטרה פירמינג קרם צוואר ודקולטה,אלפא,FR,EXTRA FIRMING קרם צוואר ודקולטה,,0.00,100.00,false,1.00,459.00,0.06,true,0,
3380810354294,false,קלרינס קרם יום נוטרי לומייר 50 מל,אלפא,FR,NUTRI LUMIERE קרם יום לכל סוגי העור,,0.00,100.00,false,1.00,750.00,0.15,true,0,
3380810354331,false,קלרינס קרם לילה נוטרי לומייר 50 מל,אלפא,FR,NUTRI LUMIERE קרם לילה לכל סוגי העור,,0.00,100.00,false,1.00,787.00,0.15,true,0,
3380810354348,false,קלרינס תחליב יום נוטרי לומייר 50 מל,אלפא,FR,NUTRI LUMIERE תחליב יום לכל סוגי העור,,0.00,100.00,false,1.00,750.00,0.15,true,0,
3380810354355,false,קלרינס תמצית נוטרי לומייר 200 מל,אלפא,FR,NUTRI LUMIERE תמצית המסייעת לחידוש עור הפנים,,0.00,100.00,false,1.00,339.00,0.01,true,0,
3380810378641,false,קלרינס שמן פנים ארומתרפי לוטוס 30 מל,אלפא,FR,LOTUS שמן פנים ארומתרפי,,0.00,100.00,false,1.00,289.00,0.09,true,0,
3380810378771,false,קלרינס מים מיסלרים לכל סוגי העור 200 מל,אלפא,FR,מים מיסלרים לכל סוגי העור,,0.00,100.00,false,1.00,139.00,0.00,true,0,
3380810378788,false,קלרינס שמן הידרופילי המסייע להסרת איפור,אלפא,FR,שמן הידרופילי המסייע להסרת איפור עמיד,,0.00,100.00,false,1.00,165.00,0.01,true,0,
3380810405217,false,קלרינס קרם עיניים אנטי אייגינג 15 מל,אלפא,FR,TOTAL EYE LIFT קרם עיניים אנטי אייג'ינג,,0.00,100.00,false,1.00,469.00,0.31,true,0,
3380810421590,false,קלרינס אקסטרה פירמינג אנרגיה קרם יום,אלפא,FR,EXTRA FIRMING ENERGY קרם יום,,0.00,100.00,false,1.00,459.00,0.09,true,0,
3380810426922,false,קלרינס דאבל סרום 75 מל,אלפא,FR,DOUBLE SERUM סרום,,0.00,100.00,false,1.00,769.00,0.10,true,0,
3380810427318,false,קלרינס מקציף ניקוי עדין לעור מעורב ושמן,אלפא,FR,PURIFYING GENTLE FOAMING מקציף ניקוי עדין - לעור מעורב ושמן,,0.00,100.00,false,1.00,159.00,0.01,true,0,
3380810427325,false,קלרינס מקציף ניקוי עדין לעור נורמלי עד י,אלפא,FR,HYDRATING GENTLE FOAMING מקציף ניקוי עדין - לעור נורמלי עד יבש,,0.00,100.00,false,1.00,159.00,0.01,true,0,
3380810427332,false,קלרינס מקציף ניקוי עדין לעור יבש ורגיל,אלפא,FR,SOOTHING GENTLE FOAMING מקציף ניקוי עדין - לעור יבש ורגיל,,0.00,100.00,false,1.00,159.00,0.01,true,0,
3380810427349,false,קלרינס מוס עדין לניקוי פנים - לכל סוגי ה,אלפא,FR,GENTLE RENEWING מוס עדין לניקוי פנים - לכל סוגי העור,,0.00,100.00,false,1.00,179.00,0.01,true,0,
3380810427776,false,קלרינס גל לחות אנרגיה לפנים וצוואר לגבר,אלפא,FR,ג'ל לחות אנרגיה לפנים וצוואר לגבר,,0.00,100.00,false,1.00,269.00,0.05,true,0,
3380810427783,false,קלרינס גל עיניים אנרגיה לגבר 15 מל,אלפא,FR,ג'ל עיניים אנרגיה לגבר,,0.00,100.00,false,1.00,229.00,0.15,true,0,
3380810446968,false,קלרינס הידרה אסנשיאל קרם יום עשיר,אלפא,FR,HYDRA ESSENTIEL קרם יום עשיר לעור יבש,,0.00,100.00,false,1.00,389.00,0.07,true,0,
3380810448368,false,קלרינס מקרם עיניים מחטב 15 מל,אלפא,FR,GRANDS YEUX קרם עיניים מחטב,,0.00,100.00,false,1.00,439.00,0.29,true,0,
3380810449037,false,קלרנס גל לשיזוף עצמי לפנים ולגוף 125 מל,אלפא,FR,SELF-TANNING ג'ל לשיזוף עצמי לפנים ולגוף,,0.00,100.00,false,1.00,149.00,0.01,true,0,
3380810453102,false,קלרנס ביוטי פלש,אלפא,,BEAUTY FLASH BALM מסכה,,0.00,100.00,false,1.00,259.00,0.05,true,0,
3380810458152,false,קלרינס קרם גוף עשיר בלחות 200 מל,אלפא,FR,MOISTURE RICH קרם גוף עשיר בלחות,,0.00,100.00,false,1.00,225.00,0.01,true,0,
3380810458930,false,קלרינס אקסטרה פירמינג ק.לילה לכל סוגי הע,אלפא,FR,EXTRA-FIRMING קרם לילה לכל סוגי העור,,0.00,100.00,false,1.00,519.00,0.10,true,0,
3380810463170,false,קלרינס דאבל סרום לעיניים 20 מל,אלפא,,דאבל סרום לעיניים,,0.00,100.00,false,1.00,399.00,0.19,true,0,
3380810469585,false,קלרנס קרם ידיים,אלפא,,JEUNESSE DES MAINS קרם ידיים,,0.00,0.00,false,1.00,145.00,1.45,true,0,
3380810480818,false,קלרינס אקסטרה פרמינג ק.יום לעור יבש,אלפא,FR,EXTRA FIRMING קרם יום לעור יבש,,0.00,100.00,false,1.00,499.00,0.09,true,0,
3380810508109,false,קלרנס לגבר שמן לגילוח קל,אלפא,,שמן לגילוח לגבר,,0.00,100.00,false,1.00,199.00,0.06,true,0,
3380810511154,false,קלרנס שמן אנטי,אלפא,,TREATMENT שמן,,0.00,0.00,false,1.00,279.00,2.79,true,0,
3380810648454,false,קלרינס או דינמיזנט מי גוף 50 מל,אלפא,FR,EAU DYNAMISANTE מי גוף,,0.00,100.00,false,1.00,155.00,0.03,true,0,
3380811072203,false,קלרינס מולטי אינטנסיב צוואר 75 מל,אלפא,,DECOLIETE MULTI INTENSUF קרם צוואר,,0.00,100.00,false,1.00,499.00,0.06,true,0,
3380811094106,false,קלרינס מולטי אינטנסיב קרם יום-מעורב,אלפא,,MULTI INTENSIVE קרם יום מעורב,,0.00,100.00,false,1.00,639.00,0.12,true,0,
3380811095103,false,קלרינס מולטי אינטנסיב קרם יום-יבש,אלפא,,MULTI INTENSIVE קרם יום/יבש,,0.00,100.00,false,1.00,639.00,0.12,true,0,
3380811096100,false,קלרינס מולטי אינטנסיב קרם יום-SPF20,אלפא,,MULTI INTENSIVE קרם יום SPF20,,0.00,100.00,false,1.00,639.00,0.12,true,0,
3380811097107,false,קלרינס מולטי אינטנסיב קרם לילה-רגיל 50 מ,אלפא,FR,MULTI-INTENSIVE קרם לילה-רגיל,,0.00,100.00,false,1.00,679.00,0.13,true,0,
3380811098104,false,קלרינס מולטי אינטנסיב קרם לילה-יבש 50 מ,אלפא,FR,MULTI-INTENSIVE קרם לילה-יבש,,0.00,100.00,false,1.00,679.00,0.13,true,0,
3380811183107,false,קלרנס אינסטנט מסיר איפור עיניים 125,אלפא,,INSTANT מסיר איפור עיניים,,0.00,100.00,false,1.00,155.00,0.01,true,0,
3380811243108,false,קלרינס פילינג עדין 50 מל,אלפא,,GENTLE PEELING פילינג עדין,,0.00,100.00,false,1.00,219.00,0.04,true,0,
3380811245102,false,קלרינס תחליב פילינג עם הבהרה,אלפא,,GENTLE EXFOLIATOR תחליב פילינג עם הבהרה,,0.00,100.00,false,1.00,219.00,0.01,true,0,
3380811591100,false,קלרינס קרם גוף מעוצב 200 מל,אלפא,FR,קרם גוף מעוצב,,0.00,100.00,false,1.00,379.00,0.01,true,0,
3380812537107,false,קלרינס או דינמיזנט,אלפא,,EAU DYNAMISANTE מבשם בעל לחות להמרצת העור,,0.00,0.00,false,1.00,279.00,0.00,true,0,
3380812554104,false,קלרינס או רסורסנט קרם גוף,אלפא,,EAU RESSOURCANTE קרם גוף,,0.00,100.00,false,1.00,339.00,0.01,true,0,
3380812800546,false,קלרינס או דה זרדן מי גוף 50 מל,אלפא,FR,EAU DES JARDINS מי גוף,,0.00,100.00,false,1.00,155.00,0.03,true,0,
3380812804100,false,קלרינס או דה זרדן 100 מל,אלפא,FR,EAU DES JARDINS,,0.00,0.00,false,1.00,279.00,2.79,true,0,
3390150552441,false,פאיו אפטר סאן 125 מל,לילית,,LES SOLARIES קרם לאחר שיזוף,,0.00,100.00,false,1.00,75.00,0.00,true,0,
3390150553172,false,פאיו קרם הזנה עשיר לעור יבש 50 מל,לילית,FR,NUTRICIA קרם הזנה עשיר לעור יבש,,0.00,100.00,false,1.00,139.00,0.02,true,0,
3390150555121,false,פאיו סופרים גנס קרם לילה עשיר לטיפול בהז,לילית,FR,SUPRIME JEUNESSE קרם לילה עשיר לטיפול בהזדקנות העור,,0.00,100.00,false,1.00,289.00,0.05,true,0,
3390150555138,false,פאיו סופרים גנס קרם עיניים טיפולי למניעת,לילית,FR,SUPRIME JEUNESSE קרם עיניים טיפולי למניעת הזדקנות העור,,0.00,100.00,false,1.00,259.00,0.17,true,0,
3390150556869,false,פאיו אקספרס מי ניקוי מרעננים לעור הפנים,לילית,FR,EXPRESS מי ניקוי מרעננים לעור הפנים ומסביב לעיניים ולשפתיים,,0.00,100.00,false,1.00,65.00,0.00,true,0,
3390150556913,false,פאיו חלב פנים לכל סוגי העור 400 מל,לילית,FR,LES DEMAQUILLANTES חלב פנים לכל סוגי העור,,0.00,100.00,false,1.00,89.00,0.00,true,0,
3390150559280,false,פאיו הידרה 24 קרם לחות 50 מל,לילית,FR,HYDRA 24 קרם לחות,,0.00,100.00,false,1.00,139.00,0.02,true,0,
3390150559297,false,פאיו הידרה 24 גל לחות 50 מל,לילית,FR,HYDRA 24 ג'ל לחות,,0.00,100.00,false,1.00,139.00,0.02,true,0,
3390150561597,false,פאיו גל מטהר ומייבש נקודתי ספיישל 5,לילית,,SPECIAL DRYING PURIFYING ג'ל מטהר ומייבש נקודתי,,0.00,100.00,false,1.00,89.00,0.05,true,0,
3390150561603,false,קוניסלר ליבוש פצעים,לילית,,SOLUTION COUVRANT PURIFYING CONCEALER סטיק טיפולי,,0.00,0.00,false,1.00,79.00,0.00,true,0,
3390150561641,false,פאיו מסכת חימר שחור 50 מל,לילית,FR,מסיכת חימר,,0.00,100.00,false,1.00,79.00,0.01,true,0,
3390150561658,false,פאיו מי פנים לטיהור וניקוי העור 200 מל,לילית,FR,מי פנים לטיהור וניקוי העור,,0.00,100.00,false,1.00,59.00,0.00,true,0,
3390150562860,false,פאיו שמן מזין לעור הגוף הפנים והשיער,לילית,FR,שמן מזין לעור הגוף הפנים והשיער,,0.00,0.00,false,1.00,149.00,1.49,true,0,
3390150562945,false,פאיו גל ניקוי מקציף 400 מל,לילית,FR,LES DEMAQUILLANTES ג'ל ניקוי מקציף,,0.00,100.00,false,1.00,89.00,0.00,true,0,
3390150563324,false,פאיו אקספרס ניקוי לפנים עיניים ושפתיים,לילית,FR,"LES DEMAQUILLANTES אקספרס ניקוי לפנים, עיניים ושפתיים",,0.00,100.00,false,1.00,89.00,0.00,true,0,
3390150564482,false,פאיו גל פילינג גרגירים עם תמצית אוכמניות,לילית,FR,GOMMAGE FRAMBOISE ג'ל פילינג גרגירים עם תמצית אוכמניות,,0.00,100.00,false,1.00,79.00,0.01,true,0,
3390150566769,false,פאיו מי פנים לעור רגיל/יבש 400 מל,לילית,FR,LES DEMAQUILLANTES מי פנים לעור רגיל/יבש,,0.00,100.00,false,1.00,89.00,0.00,true,0,
3390150567162,false,פאיו פילינג עדין במרקם גל 50 מל,לילית,FR,GELLE GOMMANTE DOUCEUR פילינג עדין במרקם ג'ל,,0.00,100.00,false,1.00,79.00,0.01,true,0,
3390150568688,false,פאיו סרום הידרה 24+ לחות ליום ולילה,לילית,FR,HYDRA ESSENCE סרום 24+ לחות ליום ולילה,,0.00,100.00,false,1.00,109.00,0.00,true,0,
3390150568886,false,פאיו גל ניקוי גרגירים מקציף 200 מל,לילית,FR,PATE GRISE GELEE NETTOYANTE ג'ל ניקוי גרגירים מקציף,,0.00,100.00,false,1.00,79.00,0.00,true,0,
3390150569456,false,פאיו בלו טכני ליס קרם יום 50 מל,לילית,FR,BLUE TECHNI LISS קרם יום,,0.00,100.00,false,1.00,165.00,0.03,true,0,
3390150569463,false,פאיו בלו טכני ליס סרום 30 מל,לילית,FR,BLUE TECHNI LISS סרום,,0.00,100.00,false,1.00,165.00,0.05,true,0,
3390150569470,false,פאיו בלו טכני ליס קרם עיניים 15 מל,לילית,FR,BLUE TECHNI LISS קרם עיניים,,0.00,100.00,false,1.00,149.00,0.09,true,0,
3390150569494,false,פאיו בלו טכני ליס קרם לילה 50 מל,לילית,FR,BLUE TECHNI LISS קרם לילה,,0.00,100.00,false,1.00,165.00,0.03,true,0,
3390150570681,false,פאיו מסיר איפור עיניים 125 מל,לילית,FR,LES DEMAQUILLANTES מסיר איפור עיניים,,0.00,100.00,false,1.00,69.00,0.00,true,0,
3390150572166,false,פאיו סופרים גנס קרם צוואר ומחשוף 50 מל,לילית,FR,SUPRIME JEUNESSE קרם צוואר ומחשוף,,0.00,100.00,false,1.00,199.00,0.03,true,0,
3390150572821,false,פאיו רוז ליפט סרום מרוכז משמש כבוסטר לש,לילית,FR,ROSE LIFT סרום מרוכז  משמש כבוסטר לשיפור מוצקות העור,,0.00,100.00,false,1.00,199.00,0.06,true,0,
3390150572838,false,פאיו רוז ליפט קרם לחות מרוכז לשיפור מוצ,לילית,FR,ROSE LIFT קרם לחות מרוכז לשיפור מוצקות העור,,0.00,100.00,false,1.00,199.00,0.03,true,0,
3390150572845,false,פאיו רוז ליפט קרם לילה עשיר לשיפור מוצ,לילית,FR,ROSE LIFT קרם לילה עשיר לשיפור מוצקות העור,,0.00,100.00,false,1.00,199.00,0.03,true,0,
3390150573170,false,פאיו קרם אנטי אייגינג להגנה נגד שמש,לילית,FR,SUNNY קרם אנטי אייג'ינג להגנה נגד שמש 50 SPF,,0.00,100.00,false,1.00,69.00,0.01,true,0,
3390150573187,false,פאיו קרם אנטי אייגינג לפנים ולגוף להגנה,לילית,FR,SUNNY קרם אנטי אייג'ינג לפנים ולגוף להגנה נגד שמש 50 SPF,,0.00,100.00,false,1.00,79.00,0.00,true,0,
3390150573194,false,פאיו קרם אנטי אייגינג לפנים ולגוף להגנה,לילית,FR,SUNNY קרם אנטי אייג'ינג לפנים ולגוף להגנה נגד שמש SPF 30,,0.00,100.00,false,1.00,79.00,0.00,true,0,
3390150573217,false,פאיו שמן שיזוף חלומיSPF15,לילית,FR,SUNNY שמן שיזוף חלומי SPF15,,0.00,0.00,false,1.00,79.00,0.79,true,0,
3390150573224,false,פאיו גל מרענן להרגעה והזנה לאחר חשיפה,לילית,FR,SUNNY ג'ל מרענן להרגעה והזנה לאחר חשיפה לשמש,,0.00,100.00,false,1.00,69.00,0.00,true,0,
3390150574283,false,פאיו רוז ליפט קרם עיניים עשיר לחיזוק ול,לילית,FR,ROSE LIFT קרם עיניים עשיר לחיזוק ולשיפור מוצקות העור,,0.00,100.00,false,1.00,169.00,0.11,true,0,
3390150574719,false,פאיו מסכת בד על בסיס צמחים מטהרת-חלום בנ,לילית,FR,MORNING MASK מסכת בד על בסיס צמחים מטהרת - TEENS DREAM,,0.00,0.00,false,1.00,16.90,0.00,true,0,
3390150574757,false,פאיו מסכת בד על בסיס צמחים - כוח המים,לילית,FR,MORNING MASK מסכת בד על בסיס צמחים - WATER POWER,,0.00,0.00,false,1.00,16.90,0.00,true,0,
3390150575457,false,פאיו N2 מסכה מתקלפת להחייאת העור,לילית,FR,N2 מסכה מתקלפת להחייאת העור,,0.00,0.00,false,1.00,25.00,0.00,true,0,
3390150575969,false,פאיו תמצית מיקרו פילינג לאפקט עור חדש בכ,לילית,FR,תמצית מיקרו פילינג לאפקט עור חדש בכל יום,,0.00,100.00,false,1.00,99.00,0.00,true,0,
3390150576195,false,פאיו קרם לילה מטהר לאיזון ותיקון פגמי עו,לילית,FR,קרם לילה מטהר לאיזון ותיקון פגמי עור,,0.00,100.00,false,1.00,139.00,0.02,true,0,
3390150576201,false,פאיו קרם יום SPF30 עם פיגמנטים לגוון עור,לילית,FR,קרם יום SPF 30 עם פיגמנטים לגוון עור אחיד,,0.00,100.00,false,1.00,109.00,0.02,true,0,
3390150576706,false,פאיו גל רחצה מיסילרי לפנים לגוף ולשיער,לילית,FR,"SUNNY ג'ל רחצה מיסילרי לפנים, לגוף ולשיער לאחר החשיפה לשמש",,0.00,100.00,false,1.00,69.00,0.00,true,0,
3390150577406,false,פאיו פילינג שקדים לגוף 200 מל,לילית,FR,פילינג שקדים לגוף,,0.00,100.00,false,1.00,69.00,0.00,true,0,
3390150577413,false,פאיו דאודורנט אולטרה דוסר 75 מל,לילית,,ULTRA-DOUCEUR דאודורנט,,0.00,100.00,false,1.00,59.00,0.00,true,0,
3390150577437,false,פאיו קרם ידיים טיפולי 50 מל,לילית,FR,קרם ידיים טיפולי,,0.00,100.00,false,1.00,39.90,0.00,true,0,
3390150577734,false,פאיו פילינג חמצן מטהר את העור,לילית,FR,פילינג חמצן מטהר את העור,,0.00,0.00,false,1.00,79.00,0.00,true,0,
3390150578038,false,פאיו אופטימל גל ניקוי מקציף לגבר 3 ב 1,לילית,FR,OPTIMALE ג'ל ניקוי מקציף לגבר 3 ב 1,,0.00,100.00,false,1.00,79.00,0.00,true,0,
3390150578397,false,פאיו סופרים גנס קרם לחות לטיפול בהזדקנו,לילית,FR,SUPRIME JEUNESSE קרם לחות לטיפול בהזדקנות העור,,0.00,100.00,false,1.00,289.00,0.05,true,0,
3390150578649,false,פאיו מסכה לעוצמת הזוהר ולטיהור העור,לילית,FR,D TOX מסכה לעוצמת הזוהר ולטיהור העור,,0.00,100.00,false,1.00,79.00,0.01,true,0,
3390150579295,false,פאיו שפתון מטפח לשפתיים,לילית,FR,SOOTHING MOSTURIZING שפתון לחות,,0.00,0.00,false,1.00,25.00,0.00,true,0,
3390150579325,false,פאיו קרם לחות לזוהר 50 מל,לילית,FR,קרם לחות לזוהר,,0.00,100.00,false,1.00,129.00,0.02,true,0,
3390150579332,false,פאיו קרם גל לחות 50 מל,לילית,FR,קרם ג'ל לחות,,0.00,100.00,false,1.00,129.00,0.02,true,0,
3390150579349,false,פאיו קרם עיניים סטיק עם גוון לכיסוי והאר,לילית,FR,קרם עיניים סטיק עם גוון לכיסוי והארה,,0.00,100.00,false,1.00,99.00,0.01,true,0,
3390150579356,false,פאיו מסכת לילה להגברת הזוהר 50 מל,לילית,FR,מסכת לילה להגברת הזוהר,,0.00,100.00,false,1.00,79.00,0.01,true,0,
3390150579363,false,פאיו CC קרם לגוון עור אחיד SPF 15,לילית,FR,CC קרם לגוון עור אחיד SPF 15,,0.00,100.00,false,1.00,109.00,0.02,true,0,
3390150579738,false,פאיו קרם מטפח לשפתיים עם גוון עדין שרי,לילית,FR,NUTRICIA קרם מטפח לשפתיים עם גוון עדין שרי,,0.00,0.00,false,1.00,45.00,0.00,true,0,
3390150579745,false,פאיו קרם מטפח לשפתיים עם גוון עדין קנדי,לילית,FR,NUTRICIA קרם מטפח לשפתיים עם גוון עדין קנדי,,0.00,0.00,false,1.00,45.00,0.00,true,0,
3390150580185,false,פאיו דאודורנט רול און להגנה של עד 24 שעו,לילית,FR,RITUEL CORPS דאודורנט רול און להגנה של עד 24 שעות,,0.00,100.00,false,1.00,59.00,0.00,true,0,
3390150580192,false,פאיו קרם גוף להזנה עמוקה ומראה עור קורן,לילית,FR,RITUEL CORPS קרם גוף להזנה עמוקה ומראה עור קורן,,0.00,100.00,false,1.00,65.00,0.00,true,0,
3390150580345,false,פאיו הירביאר שמן לניקוי פנים ועיניים 95,לילית,FR,HERBIER שמן לניקוי פנים ועיניים,,0.00,100.00,false,1.00,119.00,0.01,true,0,
3390150580352,false,פאיו הירביאר שמן הזנה לפנים 30 מל,לילית,FR,HERBIER שמן הזנה לפנים,,0.00,100.00,false,1.00,149.00,0.04,true,0,
3390150580369,false,פאיו הירביאר קרם פנים אוניברסלי 50 מל,לילית,FR,HERBIER קרם פנים אוניברסלי,,0.00,100.00,false,1.00,139.00,0.02,true,0,
3390150580376,false,פאיו הירביאר שמן גוף מזין 95 מל,לילית,FR,HERBIER שמן גוף מזין,,0.00,100.00,false,1.00,139.00,0.01,true,0,
3390150581175,false,פאיו ריטואל שמן ניקוי מקציף לגוף 400 מל,לילית,FR,RITUEL שמן ניקוי מקציף לגוף,,0.00,100.00,false,1.00,59.00,0.00,true,0,
3390150581656,false,פאיו מוס ניקוי לכל סוגי העור 150 מל,לילית,FR,LES DEMAQUILLANTES מוס ניקוי לכל סוגי העור,,0.00,100.00,false,1.00,79.00,0.00,true,0,
3390150581861,false,פאיו קיט קרם יום + סרום לחות + מסכה,לילית,FR,HYDRA 24 קיט קרם יום + סרום לחות + מסכה,,0.00,0.00,false,1.00,250.00,0.00,true,0,
3390150582967,false,פאיו דאודורנט רול און לגבר 75 מל,לילית,FR,דאודורנט רול און לגבר,,0.00,100.00,false,1.00,59.00,0.00,true,0,
3401329447977,false,ביודרמה הידרביו פרפקטצר 40 מל,כמיפל שיווק,FR,הידרביו פרפקטצ'ר,,0.00,100.00,false,1.00,129.90,0.03,true,0,
3401343696245,false,ביודרמה סנסיביו AR קרם 40 מל,כמיפל שיווק,FR,סנסיביו AR,,0.00,100.00,false,1.00,124.90,0.03,true,0,
3401344957253,false,ביודרמה נודה DS+ שמפו אינטנס 125 מל,כמיפל שיווק,FR,נודה DS+ שמפו איטנס,,0.00,100.00,false,1.00,79.90,0.00,true,0,
3401346673335,false,ביודרמה סנסיביו קרם עיניים 15 מל שפופרת,כמיפל שיווק,FR,סנסיביו קרם עיניים שפופרת,,0.00,100.00,false,1.00,124.90,0.08,true,0,
3401347869775,false,ביודרמה הידרביו סרום 40 מל,כמיפל שיווק,FR,הידרביו סרום,,0.00,100.00,false,1.00,129.90,0.03,true,0,
3401351366789,false,ביודרמה סנסיביו AR מים מיסלריים,כמיפל שיווק,FR,סנסיביו AR מים מיסלריים,,0.00,100.00,false,1.00,64.90,0.00,true,0,
3401353806399,false,ביודרמה סנסיביו גל מוס שפופרת 200 מל,כמיפל שיווק,FR,סביום ג'ל מוס שפופרת,,0.00,100.00,false,1.00,84.90,0.00,true,0,
3401360147508,false,ביודרמה סביום גלובל 30 מל,כמיפל שיווק,FR,סביום גלובל,,0.00,100.00,false,1.00,124.90,0.04,true,0,
3401360188525,false,ביודרמה פוטודרם ילדים 100 מל +SPF50,כמיפל שיווק,FR,פוטודרם ילדים +SPF50,,0.00,0.00,false,1.00,89.90,0.89,true,0,
3401361353625,false,ביודרמה סביום פור ריפיינר 30 מל,כמיפל שיווק,FR,סביום פור ריפיינר,,0.00,100.00,false,1.00,124.90,0.04,true,0,
3401381463359,false,ביודרמה אטודרם אינטנסיב באום 200 מל,כמיפל שיווק,FR,אטודרם אינטנסיב באום,,0.00,100.00,false,1.00,84.90,0.00,true,0,
3401381507565,false,ביודרמה סנסיביו גל מוס 200 מל,כמיפל שיווק,FR,סנסיביו ג'ל מוס,,0.00,100.00,false,1.00,84.90,0.00,true,0,
3401395376935,false,ביודרמה סביום 100 מל H2O,כמיפל שיווק,FR,סביום H2O,,0.00,0.00,false,1.00,29.90,0.29,true,0,
3401399372575,false,ביודרמה אטודרם קרם ידיים 50 מל,כמיפל שיווק,FR,אטודרם קרם ידיים וציפורניים,,0.00,100.00,false,1.00,39.90,0.00,true,0,
3401399373237,false,ביודרמה אטודרם גל רחצה 200 מל,כמיפל שיווק,FR,אטודרם ג'ל רחצה,,0.00,100.00,false,1.00,74.90,0.00,true,0,
3401399373466,false,ביודרמה אטודרם קרם 500 מל,כמיפל שיווק,FR,אטודרם קרם,,0.00,100.00,false,1.00,139.90,0.00,true,0,
3401399458835,false,ביודרמה אטודרם קרם 200 מל,כמיפל שיווק,FR,אטודרם קרם,,0.00,100.00,false,1.00,79.90,0.00,true,0,
3401399694127,false,"מים מיסלרים ביודרמה 250 מ""ל כחול",כמיפל שיווק,FR,הידרביו H2O,,0.00,100.00,false,1.00,64.90,0.00,true,0,
3401528519895,false,ביודרמה אטודרם שמן רחצה 200 מל,כמיפל שיווק,FR,אטודרם שמן רחצה,,0.00,100.00,false,1.00,74.90,0.00,true,0,
3401528546402,false,ביודרמה אטודרם ספריי SOS,כמיפל שיווק,FR,אטודרם ספריי SOS,,0.00,100.00,false,1.00,69.90,0.01,true,0,
3401561197425,false,ביודרמה פוטודרם מקס אקווה +צבע +SPF50,כמיפל שיווק,FR,פוטודרם מקס אקווה עם צבע +SPF50,,0.00,100.00,false,1.00,79.90,0.01,true,0,
3401561197715,false,ביודרמה פוטודרם מקס אקווה 40 מל +SPF50,כמיפל שיווק,FR,פוטודרם מקס אקווה +SPF50,,0.00,100.00,false,1.00,79.90,0.01,true,0,
3401565359201,false,ביודרמה אטודרם אינטנסיב באום 500 מל משאב,כמיפל שיווק,FR,אטודרם אינטנסיב באום משאבה,,0.00,100.00,false,1.00,149.90,0.00,true,0,
3401572288297,false,ביודרמה סביום 250 מל H2O,כמיפל שיווק,FR,סביום H2O,,0.00,100.00,false,1.00,64.90,0.00,true,0,
3401575390447,false,ביודרמה סנסיביו 250 מל H2O,כמיפל שיווק,FR,סנסיביו H2O,,0.00,100.00,false,1.00,64.90,0.00,true,0,
3401578653709,false,ביודרמה סביום גל מוס 200 מל משאבה,כמיפל שיווק,FR,סביום ג'ל מוס משאבה,,0.00,100.00,false,1.00,84.90,0.00,true,0,
3433422404397,false,מים טרמליים לעור רגיש150,לה רוש-פוזה La Roche-Posay,FR,מים טרמליים,,0.00,100.00,false,1.00,49.90,0.00,true,0,
3433422408159,false,לרפ אפקלאר תמיסה לכיווץ נקבוביות 200 מל,לה רוש-פוזה La Roche-Posay,FR,אפקלאר תמיסה לכיווץ נקבוביות,,0.00,100.00,false,1.00,89.00,0.00,true,0,
3433422408586,false,ליפיקאר סורגרה קרם רחצה - לעור יבש,לה רוש-פוזה La Roche-Posay,FR,ליפיקאר סורגרה קרם רחצה,,0.00,100.00,false,1.00,119.00,0.00,true,0,
3461020008082,false,אסטדרם אוסמקלין מסכה מבהירה,כמיפל שיווק,FR,אסטדרם אוסמקלין מסכה מבהירה,,0.00,100.00,false,1.00,159.90,0.02,true,0,
3461020012164,false,אסטדרם אבסולוט קרם פנים,כמיפל שיווק,FR,אסטדרם אבסולוט קרם פנים,,0.00,100.00,false,1.00,319.90,0.06,true,0,
3461020013550,false,אסטדרם אוסמקלין תכשיר ניקוי וטיהור,כמיפל שיווק,FR,אסטדרם אוסמקלין תכשיר ניקוי וטיהור,,0.00,100.00,false,1.00,159.90,0.02,true,0,
3461020014014,false,אסטדרם אינטנסיב היאלרונית סרום,כמיפל שיווק,FR,אסטדרם אינטנסיב היאלרונית סרום,,0.00,100.00,false,1.00,299.90,0.09,true,0,
3461020014021,false,אסטדרם אינטנסיב היאלרונית קרם פנים,כמיפל שיווק,FR,אסטדרם אינטנסיב היאלרונית קרם פנים,,0.00,100.00,false,1.00,299.90,0.05,true,0,
3461022002118,false,אסטדרם אינטנסיב היאלרונית קרם עיניים,כמיפל שיווק,FR,אסטדרם אינטנסיב היאלרונית קרם עיניים,,0.00,100.00,false,1.00,249.90,0.16,true,0,
3461022003047,false,אסטדרם מים סלולריים 100 מל,כמיפל שיווק,FR,אסטדרם מים סלולריים,,0.00,0.00,false,1.00,129.90,1.29,true,0,
3461022003054,false,אסטדרם מים סלולריים 200 מל,כמיפל שיווק,FR,אסטדרם מים סלולריים,,0.00,100.00,false,1.00,179.90,0.00,true,0,
3473311032003,false,סיסלי מ.פנים יבש פלורס,General,,FLORAL TONIC מי פנים יבש,,0.00,100.00,false,1.00,360.00,0.01,true,0,
3473311042002,false,סיסלי מ.פנים שמן,General,,PAMPLEMOUSSE מי פנים שמן,,0.00,100.00,false,1.00,360.00,0.01,true,0,
3473311082008,false,סיסלי או אפיקס 300 מל,שסטוביץ,,EAU EFFIACE מסיר איפור,,0.00,100.00,false,1.00,422.00,0.01,true,0,
3473311083005,false,סיסלי גל להסרת איפור עיניים ושפתיים 120,General,FR,ג'ל להסרת איפור עיניים ושפתיים,,0.00,100.00,false,1.00,299.00,0.02,true,0,
3473311083111,false,סיסלי באלם מסיר איפור עיניים 125 גרם,General,FR,באלם מסיר איפור,,0.00,100.00,false,1.00,399.00,0.03,true,0,
3473311130006,false,סיסלי חלב פנים,General,,LYSLAIT חלב פנים,,0.00,100.00,false,1.00,408.00,0.01,true,0,
3473311141002,false,"סיסלי אמולסיון אקולוגיק 125 מ""ל",סיסלי,,EMULSION ECOLOGIQUE,,0.00,100.00,false,1.00,866.00,0.06,true,0,
3473311218001,false,סיסלי ק.רפרטריס,General,,RESTORATIVE קרם,,0.00,100.00,false,1.00,638.00,0.12,true,0,
3473311228000,false,סיסלי ק. קולגן,General,,COLLAGEN קרם לילה,,0.00,100.00,false,1.00,696.00,0.13,true,0,
3473311238009,false,סיסלי קרם פילינג גומנט 45 מל,General,,GOMMANTE קרם פילינג,,0.00,100.00,false,1.00,330.00,0.07,true,0,
3473311266002,false,סיסלי הידרה גלובל אנטי איגינג 40 מל,General,,HYDRA-GLOBAL ANTI-AGING קרם,,0.00,100.00,false,1.00,867.00,0.21,true,0,
3473311266507,false,סיסלי סרום הידרה גלובל 30 מל,שסטוביץ,FR,HYDRA GLOBAL סרום,,0.00,100.00,false,1.00,1052.00,0.35,true,0,
3473311268006,false,סיסלי ק.לחות הידרטנט,General,,HYDRATANTE קרם לחות,,0.00,100.00,false,1.00,624.00,0.12,true,0,
3473311269003,false,סיסלי קרם הזנה קטיפה 50 מל,שסטוביץ,FR,SOIN VELOURS קרם לילה,,0.00,100.00,false,1.00,837.00,0.16,true,0,
3473311269102,false,סיסלי מסכת קטיפה 60 מל,General,FR,מסכת קטיפה,,0.00,100.00,false,1.00,349.00,0.05,true,0,
3473311269201,false,סיסלי קרם הזנה קטיפתי לגוף 200 מל,General,FR,VELVET NOURISHING קרם הזנה קטיפתי לגוף,,0.00,100.00,false,1.00,499.00,0.02,true,0,
3473311298102,false,סיסלי קרם צוואר 50 מל,General,FR,קרם צוואר,,0.00,100.00,false,1.00,691.00,0.13,true,0,
3473311320001,false,סיסלי שמן בלק רוז,שסטוביץ,FR,BLACK ROSE שמן,,0.00,100.00,false,1.00,775.00,0.31,true,0,
3473311320506,false,סיסלי קרם לחות בלק רוז 50 מל,General,FR,BLACK ROSE קרם לחות,,0.00,100.00,false,1.00,831.00,0.16,true,0,
3473311320605,false,סיסלי בלאק רוז תחליב לחות לעיניים 14 מל,שסטוביץ,FR,BLACK ROSE תחליב לחות לעיניים,,0.00,100.00,false,1.00,479.00,0.34,true,0,
3473311320704,false,סיסלי תחליב גוף הורד השחור 200 מל,שסטוביץ,FR,BLACK ROSE תחליב גוף,,0.00,100.00,false,1.00,499.00,0.02,true,0,
3473311400000,false,סיסלי מסכה קרמית בלק רוז,שסטוביץ,,BLACK ROSE מסכה קרמית,,0.00,100.00,false,1.00,557.00,0.09,true,0,
3473311405609,false,סיסלי מסכת גיבר 60 מל,General,,GIVRE מסכה,,0.00,100.00,false,1.00,443.00,0.07,true,0,
3473311415707,false,סיסלי גל ניקוי טרופיקל רזין 120 מל,שסטוביץ,FR,TROPICAL RESINS ג'ל ניקוי,,0.00,100.00,false,1.00,320.00,0.02,true,0,
3473311415806,false,סיסלי קרם לחות טרופיקל רזין 50 מל,General,FR,TROPICAL RESINS קרם לחות,,0.00,100.00,false,1.00,457.00,0.09,true,0,
3473311420008,false,סיסלי מסכת גל לליחוח וניקוי,General,,EXPRESS FLOWER מסכת גל,,0.00,100.00,false,1.00,472.00,0.07,true,0,
3473311421005,false,סיסלי מסכה לאזור העיניים 30 מל,General,,מסכה לאזור עיניים,,0.00,100.00,false,1.00,480.00,0.16,true,0,
3473311426017,false,סיסלי מסכת חימר 60 מל,General,,EXPRESS RED מסכה,,0.00,100.00,false,1.00,413.00,0.06,true,0,
3473311460011,false,סיסלי קרם לחות יוט אנטי פולושין 40 מל,General,FR,YOUTH ANTI-POLLUTION קרם לחות,,0.00,100.00,false,1.00,549.00,0.13,true,0,
3473311500502,false,סיסלי סיסליה לאינטגרל קרם 50 מל,General,,SISLEYA לאינטגרל קרם,,0.00,100.00,false,1.00,1736.00,0.34,true,0,
3473311502506,false,סיסלי סיסליה לאינטגרל קרם עשיר 50 מל,סיסלי,,SISLEYA לאינטגרל קרם עשיר,,0.00,100.00,false,1.00,1736.00,0.34,true,0,
3473311503107,false,סיסלי לאינטגרל סרום אנטי רינקל 30 מל,שסטוביץ,FR,L'INTEGRAL ANTI WRINKLE סרום,,0.00,100.00,false,1.00,1727.00,0.57,true,0,
3473311504500,false,סיסליה לאינטגרל סרום ממצק 30 מל,שסטוביץ,FR,L'INTEGRAL סרום ממוצק,,0.00,100.00,false,1.00,2024.00,0.67,true,0,
3473311505101,false,סיסלי לאינטגרל סרום אנטי אייגינג 30 מל,שסטוביץ,FR,L'INTEGRAL ANTI-AGE RADIANCE ANTI-DARK SPOT סרום,,0.00,100.00,false,1.00,1727.00,0.57,true,0,
3473311506009,false,סיסלי סיסליה תחליב 150 מל,שסטוביץ,FR,SISLEYA ESSENTIAL תחליב,,0.00,100.00,false,1.00,590.00,0.03,true,0,
3473311508102,false,סיסליה לאינטגרל קרם גוף 150 מל,שסטוביץ,FR,L'INTEGRAL קרם גוף,,0.00,100.00,false,1.00,1151.00,0.07,true,0,
3473311510112,false,סיסלי לאינטגרל קרם עיניים ושפתיים 15 מל,שסטוביץ,FR,L'INTEGRAL קרם עיניים ושפתיים,,0.00,100.00,false,1.00,797.00,0.53,true,0,
3473311514103,false,סיסלי סיסליה קרם ידיים 75 מל,שסטוביץ,FR,SISLEYA קרם ידיים,,0.00,100.00,false,1.00,479.00,0.06,true,0,
3473311515209,false,סיסלי לאינטגרל לה קיור לחידוש ושיקום העו,שסטוביץ,FR,L'INTEGRAL LA CURE סט חידוש ושיקום של העור,,0.00,0.00,false,1.00,3600.00,0.00,true,0,
3473311516008,false,סיסלי בום אפיקס,General,,BAUME EFFICACE קרם עיניים ושפתיים,,0.00,100.00,false,1.00,480.00,0.16,true,0,
3473311521033,false,סיסלי סבון עדין לניקוי פת מוסאן 85 גרם,שסטוביץ,,PATE MOUSSANTE סבון עדין לניקוי,,0.00,0.00,false,1.00,324.60,0.00,true,0,
3473311524003,false,סיסלי גל ניקוי נוטוינג 100 מל,General,,BOTANICAL BUFF ג'ל ניקוי,,0.00,0.00,false,1.00,417.00,4.17,true,0,
3473311524256,false,סיסלי הבהרה גל ניקוי 100 מל,General,,PHYTO BLANC הבהרה ג'ל ניקוי,,0.00,0.00,false,1.00,487.00,4.87,true,0,
3473311525109,false,סיסלי רדיאנס מוס ניקוי פנים 125 מל,שסטוביץ,FR,RADIANCE מוס ניקוי לפנים,,0.00,100.00,false,1.00,379.00,0.03,true,0,
3473311540003,false,סיסלי סופרמיה קרם אנטי אגינג לילה 50 מל,שסטוביץ,,SUPREMYA ANTI-AGING קרם לילה,,0.00,100.00,false,1.00,2539.00,0.50,true,0,
3473311540508,false,סיסלי סופרמייה עיניים,שסטוביץ,,SUPREMYA קרם עיניים,,0.00,100.00,false,1.00,1021.00,0.68,true,0,
3473311540607,false,סיסלי סופרמייה בום ק.לילה לעור יבש 50 מל,שסטוביץ,FR,SUPREMYA קרם לילה לעור יבש,,0.00,100.00,false,1.00,2539.00,0.50,true,0,
3473311540706,false,סיסלי תחליב אנטי אייגינג לטיפוח העור כנ,General,FR,SUPREMYA תחליב אנטי אייג'ינג לטיפוח העור כנגד הזדקנות,,0.00,100.00,false,1.00,849.00,0.06,true,0,
3473311550002,false,סיסלי קרם סיסליום לגבר לעור יבש 50מל,שסטוביץ,FR,SISLEYUM קרם אנטי אייג'ינג ואפטרשייב במוצר אחד,,0.00,100.00,false,1.00,850.00,0.17,true,0,
3473311550101,false,סיסלי קרם סיסליום לגבר לעור רגיל 50מל,שסטוביץ,FR,SISLEYUM קרם אנטי אייג'ינג ואפטרשייב במוצר אחד,,0.00,100.00,false,1.00,850.00,0.17,true,0,
3473311590206,false,סיסלי פיטו בלאנק סרום מרוכז להבהרת העור,שסטוביץ,FR,PHYTO-BLANC סרום מרוכז להבהרת העור,,0.00,100.00,false,1.00,1400.00,0.70,true,0,
3473311593009,false,סיסלי מסכת הבהרה והארה 60 מל,General,,מסכת הבהרה והארה,,0.00,100.00,false,1.00,515.00,0.08,true,0,
3473311594105,false,סיסלי פיטו בלנק תחליב לחות 50 מל,General,FR,PHYTO BLANC קרם לחות,,0.00,100.00,false,1.00,1050.00,0.21,true,0,
3473311601100,false,סיסלי גל לחות דאבל טנסור 30 מל,שסטוביץ,FR,DOUBLE TENSEUR ג'ל לחות,,0.00,100.00,false,1.00,742.00,0.24,true,0,
3473311623003,false,סיסלי קרם יום מזין אול דיי אול איר,General,,ALL DAY ALL YEAR קרם יום מזין,,0.00,100.00,false,1.00,1364.00,0.27,true,0,
3473311623508,false,סיסלי הגנה חיונית כנגד סימני הזדקנות 50,General,FR,ALL DAY ALL YEAR הגנה חיונית כנגד סימני הזדקנות,,0.00,100.00,false,1.00,1364.00,0.27,true,0,
3473311626004,false,סיסלי ק.ביתא היד,General,,HYDRA FLASH INTENSIVE FORMULA,,0.00,100.00,false,1.00,715.00,0.11,true,0,
3473311650023,false,סיסלי פיטו בוסט 50 מל,שסטוביץ,FR,PHYTOBUSTE קרם למיצוק,,0.00,100.00,false,1.00,942.00,0.18,true,0,
3473311692405,false,סיסלי קונדישנר מחליק 200 מל,שסטוביץ,FR,קונדישנר מחליק,,0.00,100.00,false,1.00,269.00,0.01,true,0,
3473311692603,false,סיסלי שמן מטפח לשיער 100 מל,שסטוביץ,FR,שמן מטפח לשיער,,0.00,0.00,false,1.00,369.00,3.69,true,0,
3473311692801,false,סיסלי תחליב ספריי להגנת השיער 150 מל,שסטוביץ,FR,תחליב ספריי להגנת השיער,,0.00,100.00,false,1.00,329.00,0.02,true,0,
3473311692900,false,סיסלי ספריי לשיער מעניק נפח 150 מל,שסטוביץ,FR,ספריי לשיער מעניק נפח,,0.00,100.00,false,1.00,329.00,0.02,true,0,
3473311693709,false,סיסלי תכשיר לטיפול נגד קשקשים 60 מל,שסטוביץ,FR,תכשיר לטיפול נגד קשקשים,,0.00,100.00,false,1.00,419.00,0.06,true,0,
3473311845009,false,סיסלי אינסטנט פרפקט 20 מל,שסטוביץ,,INSTANT PERFECT סרום,,0.00,100.00,false,1.00,243.00,0.12,true,0,
3504105024802,false,מוסטלה משחת החתלה 50 מל,ניאופארם,FR,משחת החתלה,,0.00,100.00,false,1.00,30.90,0.00,true,0,
3504105024932,false,מוסטלה - משחת החתלה למניעה וטיפול בתפרחת חיתולים,מוסטלה Mustela,FR,משחת החתלה,,0.00,0.00,false,1.00,49.90,0.49,true,0,
3504105030629,false,"מוסטלה - סטלטופיה שמפו קצף טיפולי לעור יבש במיוחד 150 מ""ל",מוסטלה Mustela,FR,סטלטופיה שמפו קצף טיפולי לעור יבש במיוחד,,0.00,100.00,false,1.00,75.90,0.00,true,0,
3504105031565,false,"מוסטלה - סטלטופיה קרם פנים טיפולי לעור יבש במיוחד 40 מ""ל",מוסטלה Mustela,FR,סטלטופיה קרם פנים טיפולי לעור יבש במיוחד,,0.00,100.00,false,1.00,69.90,0.01,true,0,
3504105033217,false,מוסטלה ספריי הגנה SPF50 200 מל לתינוקות,ניאופארם,FR,ספריי להגנה גבוהה מאוד מהשמש לתינוקות וילדים SPF50,,0.00,100.00,false,1.00,169.90,0.00,true,0,
3504105033347,false,"סיקסטלה קרם להרגעה ושיקום העור 40 מ""ל MUSTELA",מוסטלה Mustela,FR,סיקסטלה קרם להרגעה ושיקום העור,,0.00,100.00,false,1.00,54.90,0.01,true,0,
3504105033392,false,מוסטלה סטלטופיה פורטה קרם לחות טיפולי לגוף ולפנים,מוסטלה Mustela,FR,סטלטופיה פורטה קרם לחות טיפולי,,0.00,100.00,false,1.00,136.90,0.00,true,0,
3504105033514,false,סטלטופיה קרם לחות טיפולי לגוף ולפנים לעור יבש במיוחד,מוסטלה Mustela,FR,סטלטופיה קרם לחות טיפולי לגוף ולפנים,,0.00,100.00,false,1.00,134.90,0.00,true,0,
3504105033620,false,מוסטלה סטלטופיה גל רחצה טיפולי 200 מל,מוסטלה Mustela,FR,סטלטופיה ג'ל רחצה טיפולי,,0.00,100.00,false,1.00,99.90,0.00,true,0,
3504105033828,false,מוסטלה קרם למניעת סימני מתיחה 150 מל טבע,מוסטלה Mustela,FR,קרם למניעת סימני מתיחה 3 ב-1,,0.00,100.00,false,1.00,129.90,0.00,true,0,
3504105034290,false,מוסטלה שמן רחצה לגוף ולשיער לעור יבש 500,מוסטלה Mustela,FR,שמן רחצה לגוף ולשיער לעור יבש,,0.00,100.00,false,1.00,119.90,0.00,true,0,
3504105034405,false,מוסטלה שמפו קצף לתינוקות רכים 150 מל,מוסטלה Mustela,FR,שמפו קצף לתינוקות רכים,,0.00,100.00,false,1.00,49.90,0.00,true,0,
3504105034535,false,מוסטלה שמן למניעת סימני מתיחה 105 מל,מוסטלה Mustela,FR,שמן למניעת סימני מתיחה,,0.00,100.00,false,1.00,94.90,0.00,true,0,
3504105035464,false,מוסטלה בייבי גל רחצה לגוף ולשיער 200 מל,ניאופארם,FR,ג'ל רחצה לגוף ולשיער לתינוקות וילדים,,0.00,100.00,false,1.00,39.90,0.00,true,0,
3504105035778,false,מוסטלה בייבי גל רחצה לגוף ולשיער 500 מל,ניאופארם,FR,ג'ל רחצה לגוף ולשיער לתינוקות וילדים,,0.00,100.00,false,1.00,67.90,0.00,true,0,
3504105035815,false,"מוסטלה - מים מיסלריים לניקוי עור התינוק ללא שטיפה 300 מ""ל",ניאופארם,FR,מים מיסלריים לניקוי עור התינוק,,0.00,100.00,false,1.00,69.90,0.00,true,0,
3504105035860,false,מוסטלה שמן עיסוי תינוקות 100 מל טבעי,מוסטלה Mustela,FR,שמן עיסוי לתינוקות וילדים,,0.00,0.00,false,1.00,59.90,0.59,true,0,
3504105035914,false,מוסטלה קרם גוף לתינוקות וילדים 300 מל,מוסטלה Mustela,,קרם גוף לתינוקות וילדים,,0.00,100.00,false,1.00,64.90,0.00,true,0,
3504105035969,false,"מוסטלה - קרם לחות טבעי לפנים לעור רגיל 40 מ""ל",ניאופארם,FR,קרם לחות מועשר לפנים לעור רגיל,,0.00,100.00,false,1.00,54.90,0.01,true,0,
3504105035990,false,מוסטלה קרם פנים מועשר לעור יבש 40 מל טבע,ניאופארם,FR,קרם פנים מועשר לעור יבש,,0.00,100.00,false,1.00,55.90,0.01,true,0,
3504105036126,false,מוסטלה שמפו עדין לתינוקות מכיל אבוקדו אורגני,מוסטלה Mustela,,שמפו עדין לתינוקות,,0.00,100.00,false,1.00,39.90,0.00,true,0,
3574660026788,false,גונסונס בייבי טלק 200 גרם חדש,ג'ונסונס Johnson's,IT,ג'ונסון בייבי טלק,,0.00,100.00,false,1.00,23.90,0.00,true,0,
3574660089547,false,טמפונים נורמל קלאסי אובה 32 יחידות,ג'\ונסון אנד ג'\ונסון,,טמפונים ללא מוליך נורמל,,0.00,0.00,false,1.00,30.90,1.03,true,0,
3574660115154,false,או-בה טמפונים קלאסי סופר 32יח',ג'\ונסון אנד ג'\ונסון,,טמפונים ללא מוליך סופר,,0.00,0.00,false,1.00,30.90,1.03,true,0,
3574660149807,false,"ניוטרוג'ינה - קלין & קליר תרחיץ גרגירים שחורים 150 מ""ל",קלין אנד קליר Clean & clear,,תרחיץ גרגרים יומי לניקוי ראשים שחורים נטול שומן,"מ""ל",150.00,100.00,false,1.00,55.90,0.00,true,0,
3574660239829,false,קרם ידיים קל סדרה נורבגית נוטרוגינה 50 מ,ניוטרוג'ינה Neutrogena,,קרם ידיים קל,,0.00,100.00,false,1.00,29.90,0.00,true,0,
3574660245844,false,תרחיץ פנים לניקוי עמוק Deep Clean,ניוטרוג'ינה Neutrogena,,DEEP CLEAN תרחיץ לניקוי פנים,,0.00,100.00,false,1.00,59.90,0.00,true,0,
3574660269635,false,ניוטרוגינה דיפ קלין תרחיץ גרגירים 150מל,שסטוביץ,,DEEP CLEAN INVIGORATING תרחיץ גרגירים,"מ""ל",150.00,100.00,false,1.00,59.90,0.00,true,0,
3574660333466,false,טמפונים מיני פרו קומפורט אובה 32 יחידות,הנסיך- מפעל לייצור ט,,טמפונים ללא מוליך מיני פרוקומפורט,,0.00,0.00,false,1.00,19.90,0.62,true,0,
3574660342291,false,נטרוגינה ס.נורבגית קרם ידיים&ציפורניים75,ניוטרוג'ינה Neutrogena,FR,קרם ידיים וציפורניים,,0.00,100.00,false,1.00,29.90,0.00,true,0,
3574660422580,false,"ניוטרוג'ינה - ויזיבלי קליר תרחיץ גרגירים יומי לעור הסובל ממצבי מתח ולחץ 150מ""ל",שסטוביץ,,VISIBLY CLEAR SPOT STRESS קרם גרגירים,,0.00,100.00,false,1.00,59.90,0.00,true,0,
3574660502510,false,סיקה ביאפין קרם לחות יומי לגוף 400 מל,מדיטרנד,GR,קרם לחות יומי לגוף,,0.00,100.00,false,1.00,79.90,0.00,true,0,
3574660504279,false,סיקה ביאפין קרם לחות מזין למניעת גירוי,מדיטרנד,FR,קרם לחות מזין למניעת גירוי,,0.00,100.00,false,1.00,64.90,0.00,true,0,
3574660514643,false,קרם לחות רב שימושי עשיר נוטרוגינה 300 מל,ניוטרוג'ינה Neutrogena,IT,הנוסחה הנורבגית - קרם לחות מרגיע לגוף ולפנים,,0.00,100.00,false,1.00,36.90,0.00,true,0,
3574660533361,false,ניוטרוגינה ק.לחות לגוף לשיקום אינטנסיבי,שסטוביץ,IT,הנוסחה הנוברגית - קרם לחות לגוף לשיקום אינטנסיבי,,0.00,100.00,false,1.00,39.90,0.00,true,0,
3574660558913,false,ניוטרוגינה תחליב גוף מועשר לעור יבש 750,שסטוביץ,GR,תחליב גוף מועשר לעור יבש מסדרת Deep Moisture - הנוסחה הנורבגית,,0.00,100.00,false,1.00,62.90,0.00,true,0,
3574660569759,false,"נוטרוגינה ויזבלי קליר סטרס/קונ אשכולית ורודה משאבה 200 מ""ל",CILAG GMBH INTERNATI,,REFRESHINGLY CLEAR אשכולית ורודה תרחיץ משאבה,,0.00,100.00,false,1.00,59.90,0.00,true,0,
<<<<<<< HEAD
3574660571769,false,ניוטרוגינה שפתון לחות SPF20,שסטוביץ,,שפתון לחות SPF20,,0.00,100.00,false,1.00,25.90,0.05,true,0,
=======
3574660571769,false,ניוטרוגינה שפתון לחות SPF20,ש.שסטוביץ בעמ,,שפתון לחות SPF20,,0.00,100.00,false,1.00,25.90,0.05,true,0,
>>>>>>> d048ac2f4f281c9d788043ab4e81b61b0dbe3743
3574660572254,false,סיקה ביאפין תחליב לחות יומי לגוף 400 מל,מדיטרנד,GR,תחליב לחות יומי לגוף,,0.00,100.00,false,1.00,69.90,0.00,true,0,
3574660649987,false,"ליסטרין קול מינט מילדר טייסט זירו 500 מ""ל",בית הצעצוע בעמ,,קול מינט שטיפת פה בטעם מעודן,,0.00,100.00,false,1.00,35.90,0.00,true,0,
3574660676136,false,נטרוגינה קרם לחות קליל סדרה נורווגית 300,ג'ונסונס בייבי,GR,קרם לחות מרגיע וקליל נספג במהירות סדרה נורבגית,,0.00,100.00,false,1.00,36.90,0.00,true,0,
3574661039725,false,"ניוטרוג'ינה - תרחיץ פנים הדרים ואלוורה במשאבה 200מ""ל",שסטוביץ,,OIL BALANCING ניקוי משאבה,,0.00,100.00,false,1.00,59.90,0.00,true,0,
3574661098531,false,ניוטרוגינה תחליב גוף מועשר לעור יבש/רגיש,ניוטרוג'ינה Neutrogena,,תחליב גוף לעור רגיש ויבש לחות ל- 48 שעות,,0.00,100.00,false,1.00,39.90,0.00,true,0,
3574661098937,false,נטרוגינה תחליב גוף-יבש סדרה נורווגית,ניוטרוג'ינה Neutrogena,,תחליב גוף לעור יבש לחות ל- 48 שעות,,0.00,100.00,false,1.00,39.90,0.00,true,0,
3574661114620,false,"ליסטרין שטיפת פה זירו ללא אלכוהול 250 מ""",ג'\ונסון אנד ג'\ונסון,IT,ZERO שטיפת פה בטעם מעודן ללא אלכוהול,,0.00,100.00,false,1.00,19.90,0.00,true,0,
3574661114637,false,ליסטרין שטיפת פה קול מינט טעם מעודן 500,ג'\ונסון אנד ג'\ונסון,,קול מינט שטיפת פה בטעם מעודן,,0.00,100.00,false,1.00,35.90,0.00,true,0,
3574661141022,false,וניה תחבושות הגייניות מקסי לילה 12 יח,ש.שסטוביץ בעמ,BE,תחבושות מקסי מותאמות במיוחד לשעות הלילה,,0.00,0.00,false,1.00,25.90,2.15,true,0,
3574661177137,false,ליסטרין שטיפת פה קול מינט כחול 500,גונסון אנד גונסון,,קול מינט שטיפת פה,,0.00,100.00,false,1.00,35.90,0.00,true,0,
3574661199894,false,"נוטרוגינה קרם ידיים ויזבלי ריניו 75 מ""ל",ניוטרוג'ינה Neutrogena,GR,קרם ידיים ויזיבלי ריניו SPF20,,0.00,100.00,false,1.00,29.90,0.00,true,0,
3574661255903,false,נטרוגינה ס.נורווגית ק.רגליים מתקן 50 מל,שסטוביץ,FR,NORWEGIAN FORMULA קרם רגליים מתקן,,0.00,100.00,false,1.00,49.90,0.00,true,0,
3574661255927,false,סיקה ביאפין קרם משקם 50 מל,מדיטרנד,FR,קרם משקם,,0.00,100.00,false,1.00,49.90,0.00,true,0,
3574661287201,false,"ניוטרוג'ינה - הידרו בוסט ק.לחות אקווה ג'ל 50מ""ל",שסטוביץ,PL,HYDRO BOOST ג'ל מים,,0.00,100.00,false,1.00,81.90,0.01,true,0,
3574661287232,false,נטרוגינה היידרובוסט גל קרם 50 מל,שסטוביץ,PL,HYDRO BOOST ג'ל קרם,,0.00,100.00,false,1.00,81.90,0.01,true,0,
3574661288345,false,ניוטרוגינה הידרובוסט תרחיץ גל לניקוי 200,שסטוביץ,PL,HYDRO BOOST ג'ל ניקוי לפנים,,0.00,100.00,false,1.00,59.90,0.00,true,0,
3574661293509,false,נטרוגינה היידרו תרחיץ גל לפנים 150 מל,שסטוביץ,PL,HYDRO BOOST תרחיץ ג'ל לפנים,,0.00,100.00,false,1.00,59.90,0.00,true,0,
3574661308272,false,ניוטרוגינה תחליב גוף ויזיבלי ריניו 750,שסטוביץ,GR,תחליב גוף מסדרת Visibly Renew supple touch המעניק גמישות לעור - הנוסחה הנורבגית,,0.00,100.00,false,1.00,62.90,0.00,true,0,
3574661317021,false,נטרוגינה היידרובוסט מגבוני ניקוי 25 יח,שסטוביץ,PL,HYDRO BOOST מגבוני ניקוי,,0.00,0.00,false,1.00,29.90,0.00,true,0,
3574661332505,false,נטרוגינה קליר&דיפנד תרחיץ גרגירים 150 מל,ניוטרג'ינה,,CLEAR & DEFEND תרחיץ גרגירים,"מ""ל",150.00,100.00,false,1.00,59.90,0.00,true,0,
3574661332581,false,נטרוגינה קליר& דיפנד קרם לחות 50 מל,שסטוביץ,,CLEAR & DEFEND קרם לחות,,0.00,100.00,false,1.00,69.90,0.01,true,0,
3574661333564,false,נטרוגינה קליר& דיפנד תרחיץ יומי 200 מל,שסטוביץ,FR,CLEAR & DEFEND תרחיץ יומי,,0.00,100.00,false,1.00,59.90,0.00,true,0,
3574661351711,false,נטרוגינה היידרובוסט קרם לחות מסנן25 50 מ,שסטוביץ,FR,HYDRO BOOST קרם לחות מסנן 25,,0.00,100.00,false,1.00,81.90,0.01,true,0,
3574661352275,false,"מי פה ליסטרין קידס 250 מ""ל פירות יער",ג'\ונסון אנד ג'\ונסון,IT,שטיפת פה לילדים בטעם פירות יער,,0.00,100.00,false,1.00,19.90,0.00,true,0,
3574661352527,false,ניוטרוגינה היידרובוסט קרם עיניים 15 מל,שסטוביץ,FR,HYDRO BOOST קרם עיניים,,0.00,100.00,false,1.00,81.90,0.05,true,0,
3574661391090,false,ניוטרוגינה תחליב גוף היידרו בוסט 750,שסטוביץ,GR,תחליב קרם ג'ל גוף ללחות מיידית Hydro Boost,,0.00,100.00,false,1.00,69.90,0.00,true,0,
3574661391373,false,הידרו בוסט תחליב קרם ג'ל גוף לעור רגיל עד יבש,ניוטרוג'ינה Neutrogena,GR,הידרו בוסט תחליב קרם ג'ל גוף לעור רגיל עד יבש,,0.00,100.00,false,1.00,44.90,0.00,true,0,
3574661392486,false,"קרם ידיים ניוטרוגינה הידרו בוסט 75 מ""ל",ניוטרוג'ינה Neutrogena,GR,הידרו בוסט קרם ידיים,,0.00,100.00,false,1.00,32.90,0.00,true,0,
3574661393667,false,נטרוגינה הידרובוסט סרום לחות 30 מל,שסטוביץ,FR,HYDRO BOOST סרום לחות,,0.00,100.00,false,1.00,89.90,0.02,true,0,
3574661401089,false,ניוטרוגינה הידרובוסט קר מסכה לילה 50מל,שסטוביץ,FR,HYDRO BOOST מסכת לילה,,0.00,100.00,false,1.00,81.90,0.01,true,0,
3574661401140,false,"שטיפת פה ליסטרין נייטלי ריסיט 400 מ""ל",שקד תבל בעמ,IT,שטיפת פה נייטלי ריסט פועל בלילה בטעם מעודן,,0.00,100.00,false,1.00,35.90,0.00,true,0,
3574661419435,false,וניה תחבושות הגייניות מקסי לילה 12 יח,ש.שסטוביץ בעמ,,MAXI - תחבושות מותאמות לשעות הלילה,,0.00,0.00,false,1.00,25.90,2.15,true,0,
3574661425696,false,גונסונס בייבי תחליב לתינוק 500 מל,ג'ונסונס Johnson's,IT,ג'ונסון בייבי תחליב לתינוק,,0.00,100.00,false,1.00,32.90,0.00,true,0,
3574661427935,false,גונסונס בייבי תרחיץ ושמפו מגע כותנה 500,שסטוביץ,IT,ג'ונסון בייבי תרחיץ ושמפו מגע כותנה,,0.00,100.00,false,1.00,24.90,0.00,true,0,
3574661428031,false,גונסונס מנקה ומגן - סבון ידיים לילדים,גונסון אנד גונסון,IT,ג'ונסון מנקה ומגן - סבון ידיים לילדים,,0.00,100.00,false,1.00,13.90,0.00,true,0,
3574661428048,false,"ג’ונסון מנקה ומגן – סבון ידיים וגוף לילד 500 מ""ל",ג'ונסונס Johnson's,IT,ג'ונסון מנקה ומגן - סבון ידיים וגוף לילד,,0.00,100.00,false,1.00,17.90,0.00,true,0,
3574661428055,false,גונסונס בייבי תחליב לחות מגע כותנה 500 מ,שסטוביץ,IT,ג'ונסון בייבי תחליב לחות מגע כותנה,,0.00,100.00,false,1.00,34.90,0.00,true,0,
3574661456713,false,ניוטרוגינה תחליב לחות למגע חלק כמשי 400,שסטוביץ,IT,הנוסחה הנוברגית - תחליב לחות למגע חלק כמשי,,0.00,100.00,false,1.00,39.90,0.00,true,0,
3574661471181,false,ניוטרוגינה הידרובוסט מים מיסלריים 400 מל,שסטוביץ,GR,HYDRO BOOST מים מיסלריים,,0.00,100.00,false,1.00,49.90,0.00,true,0,
3574661475783,false,נטרוגינה סלולר בוסט קרם לחות אנטי אייגינ,שסטוביץ,FR,CELLULAR BOOST קרם לחות אנטי אייג'ינג,,0.00,100.00,false,1.00,125.00,0.02,true,0,
3574661476254,false,נטרוגינה סלולר בוסט קרם לילה אנטי אייגינ,שסטוביץ,FR,CELLULAR BOOST קרם לילה אנטי אייג'ינג,,0.00,100.00,false,1.00,125.00,0.02,true,0,
3574661476285,false,נטרוגינה סלולר בוסט קרם עיניים אנטי אייג,שסטוביץ,FR,CELLULAR BOOST קרם עיניים אנטי אייג'ינג,,0.00,100.00,false,1.00,125.00,0.08,true,0,
3574661485201,false,טמפונים אובה סופר 32 יח' פרוקומפורט,ש.שסטוביץ בעמ,,טמפונים ללא מוליך סופר פרוקומפורט,,0.00,0.00,false,1.00,19.90,0.62,true,0,
3574661485218,false,טמפונים נורמל אובה 32 יח' פרוקומפורט,"ש. שסטוביץ בע""\מ",FR,טמפונים ללא מוליך נורמל פרוקומפורט,,0.00,0.00,false,1.00,19.90,0.62,true,0,
3574661487328,false,קרפרי מגני תחתון אורגינל פלוס 56 יח',הדקלאים אגודת שיתופי,IT,מגני תחתון פלוס אורגינל ניחוח עדין,,0.00,0.00,false,1.00,14.90,0.26,true,0,
3574661487335,false,מגן תחתון קרפרי מקסי לונג ריחני 40 יחידות,ש. שסטוביץ בע`מ,IT,מגני תחתון לונג פלוס ניחוח רענן,,0.00,0.00,false,1.00,14.90,0.37,true,0,
3574661487618,false,קרפרי מגן תחתון מקסי לארג'' מבושם 48 יח'',ג'ויה מעבדות לקוסמטי,IT,מגני תחתון פלוס לארג' מבושם,,0.00,0.00,false,1.00,14.90,0.31,true,0,
3574661487625,false,מגני תחתון פלוס לארג' בניחוח עדין L,הדקלאים אגודת שיתופי,IT,מגני תחתון פלוס לארג' ניחוח עדין,,0.00,0.00,false,1.00,14.90,0.31,true,0,
3574661491806,false,מי פה אדבנס וויט מנטה מסירה כתמים קשים,ג'\ונסון אנד ג'\ונסון,IT,ADVANCED WHITE שטיפת פה עם פעולה כפולה,,0.00,100.00,false,1.00,39.90,0.00,true,0,
3574661497785,false,נטרוגינה אשכולית ורודה קרם לחות ללא שומן,שסטוביץ,FR,REFRESHINGLY CLEAR אשכולית ורודה קרם לחות ללא שומן מרענן במיוחד,,0.00,100.00,false,1.00,69.90,0.01,true,0,
3574661498430,false,"ניוטרוג'ינה - תרחיץ גרגירים אשכולית ורודה 150מ""ל",שסטוביץ,,REFRESHINGLY CLEAR תרחיץ גרגרים,,0.00,100.00,false,1.00,59.90,0.00,true,0,
3574661498478,false,נטרוגינה בלאקהד תרחיץ גרגירים 150 מל,שסטוביץ,,BLACKHEAD ELIMINATING תרחיץ גרגירים,"מ""ל",150.00,100.00,false,1.00,59.90,0.00,true,0,
3574661498492,false,"ניוטרוג'ינה - תרחיץ גרגירים הדרים ואלוורה 150מ""ל",שסטוביץ,,OIL BALANCING ניקוי גרגירים,,0.00,100.00,false,1.00,59.90,0.00,true,0,
3574661499666,false,"ניוטרוג'ינה - קליר אנג דיפנד תרחיץ ומסכה 150מ""ל",שסטוביץ,,VISIBLY CLEAR תרחיץ ומסכה,"מ""ל",150.00,100.00,false,1.00,69.90,0.00,true,0,
3574661500355,false,קרפרי מגן תחתון מקסי לונג רגיל 40 יח',ג'ויה מעבדות לקוסמטי,IT,מגני תחתון לונג פלוס,,0.00,0.00,false,1.00,14.90,0.37,true,0,
3574661500478,false,נטרוגינה בלאקהד מי פנים 200 מל,שסטוביץ,,BLACKHEAD ELIMINATING מי פנים,"מ""ל",200.00,100.00,false,1.00,59.90,0.00,true,0,
3574661520353,false,נטרוגינה קליר& דיפנד גל לטיפול מהיר 15 מ,שסטוביץ,,CLEAR & DEFEND ג'ל לטיפול מהיר,,0.00,100.00,false,1.00,54.90,0.03,true,0,
3574661525563,false,נטרוגינה כורכום קרם לחות 75 מל,שסטוביץ,GR,CLEAR & SOOTHE כורכום קרם לחות,,0.00,100.00,false,1.00,66.00,0.00,true,0,
3574661527086,false,נטרוגינה כורכום מוס ניקוי 150 מל,שסטוביץ,GR,CLEAR & SOOTHE כורכום מוס ניקוי,,0.00,100.00,false,1.00,59.90,0.00,true,0,
3574661529240,false,ניוטרוג'ינה כורכום מסיר איפור ג'ל 200מל,שסטוביץ,GR,CLEAR & SOOTHE כורכום מסיר איפור ג'ל,,0.00,100.00,false,1.00,39.90,0.00,true,0,
3574661530604,false,נטרוגינה כורכום מסכת חימר 50 מל,שסטוביץ,FR,CLEAR & SOOTHE כורכום מסכת חימר,,0.00,100.00,false,1.00,65.90,0.01,true,0,
3574661530697,false,גונסונס בייבי תרחיץ ושמפו לתינוק 500 מל,ג'ונסונס Johnson's,IT,ג'ונסון בייבי תרחיץ ושמפו לתינוק,,0.00,100.00,false,1.00,21.90,0.00,true,0,
3574661533568,false,נטרוגינה היידרובוסט רסקיו באלם 50 מל,שסטוביץ,GR,HYDRO BOOST רסקיו באלם,,0.00,100.00,false,1.00,81.90,0.01,true,0,
3574661543666,false,נטרוגינה אשכולית ורודה קרם לחות 50 מל,שסטוביץ,,REFRESHINGLY CLEAR אשכולית ורודה קרם לחות,,0.00,100.00,false,1.00,69.90,0.01,true,0,
3574661552576,false,קרפרי מגן תחתון רגיל טנגה לבן 56 יח חדש,הדקלאים אגודת שיתופי,,מגיני תחתון מתאימים לתחתונים רגילים ולטנגה,,0.00,0.00,false,1.00,14.90,0.26,true,0,
3574661552804,false,מגן תחתון קרפרי אלוורה 56 יחידות,הדקלאים אגודת שיתופי,IT,מגני תחתון אווריריים מכיל אלו-ורה טבעי,,0.00,0.00,false,1.00,14.90,0.26,true,0,
3574661552811,false,מגן תחתון קרפרי כותון אוורירי 56 יחידות,הדקלאים אגודת שיתופי,,מגיני תחתון כותנה נטול ריח,,0.00,0.00,false,1.00,14.90,0.26,true,0,
3574661554877,false,מגן תחתון קרפרי כותון מבושם 56 יחידות,הנסיך- מפעל לייצור ט,,מגיני תחתון כותנה בניחוח מרענן,,0.00,0.00,false,1.00,14.90,0.26,true,0,
3574661554884,false,קרפרי מגן תחתון רגיל טנגה מבושם 56 יח,הדקלאים אגודת שיתופי,IT,מגני תחתון פרש לתחתונים רגילים ולטנגה,,0.00,0.00,false,1.00,14.90,0.26,true,0,
3574661560489,false,נטרוגינה דיפ קלין מגבונים להסרת איפור 25,שסטוביץ,,DEEP CLEAN מגבונים להסרת איפור,,0.00,0.00,false,1.00,29.90,0.00,true,0,
3574661565941,false,נטרוגינה סלולר בוסט פילינג ויטמין סי,שסטוביץ,FR,CELLULAR BOOST פילינג ויטמין C,,0.00,100.00,false,1.00,69.90,0.00,true,0,
3574661581019,false,ניוטרוגינה ק.לחות משקם לעור יבש 100 מל,שסטוביץ,GR,הנוסחה הנורבגית - קרם לחות משקם לעור יבש,,0.00,0.00,false,1.00,39.90,0.39,true,0,
3574661591568,false,נטרוגינה בוסט ברייט גל קרם 50 מל,שסטוביץ,FR,BOOST BRIGHT ג'ל קרם לכל סוגי העור,,0.00,100.00,false,1.00,99.90,0.01,true,0,
3574661592923,false,נטרוגינה בוסט ברייט פילינג מחדש 75 מל,שסטוביץ,FR,BOOST BRIGHT פילינג מחדש לכל סוגי העור,,0.00,100.00,false,1.00,55.00,0.01,true,0,
3574661593067,false,נטרוגינה בוסט ברייט סרום מאיר למראה עור,שסטוביץ,FR,BOOST BRIGHT סרום מאיר למראה עור זוהר,,0.00,100.00,false,1.00,99.90,0.03,true,0,
3574661593838,false,נטרוגינה בוסט ברייט גל לחות נוזלי SPF 30,שסטוביץ,FR,BOOST BRIGHT ג'ל לחות נוזלי SPF 30,,0.00,100.00,false,1.00,79.90,0.01,true,0,
3574661610344,false,נטרוגינה קרם לחות עשיר ומרוכז לעור יבש ע,גונסון אנד גונסון סנטה ב,IT,הנוסחה הנורבגית - קרם לחות עשיר ומרוכז לעור יבש עד יבש מאד,,0.00,100.00,false,1.00,36.90,0.00,true,0,
3574661618852,false,סיקה ביאפין תחליב רחצה מזין ומועשר 500 מ,מדיטרנד,GR,תחליב רחצה מזין ומועשר במיוחד,,0.00,100.00,false,1.00,59.90,0.00,true,0,
3574661618876,false,סיקה ביאפין קרם רחצה להרגעת עור מגורה,מדיטרנד,GR,קרם רחצה להרגעת עור מגורה,,0.00,100.00,false,1.00,69.90,0.00,true,0,
3574661637860,false,נטרוגינה קרם להיגיינת הידיים 50 מל הנורב,שסטוביץ,PL,קרם לחות להיגיינת הידיים הסדרה הנורבגית,,0.00,100.00,false,1.00,29.90,0.00,true,0,
3574661643359,false,ליסטרין נטורלס שטיפת פה אנאמל פרוטקט,ג'\ונסון אנד ג'\ונסון,IT,נטורלס שטיפת פה אנאמל פרוטקט להגנה על זגוגית השן,,0.00,100.00,false,1.00,39.90,0.00,true,0,
3574661646510,false,נטרוגינה קליר דפנד+ סרום יומי 200 מל,שסטוביץ,GR,CLEAR & DEFEND סרום יומי,,0.00,100.00,false,1.00,59.90,0.01,true,0,
3574661650029,false,ליסטרין שטיפת פה להגנה על החניכיים בטעם מעודן,ג'\ונסון אנד ג'\ונסון,IT,נטורלס שטיפת פה אנאמל גאם להגנה על החניכיים,,0.00,100.00,false,1.00,39.90,0.00,true,0,
3574661650760,false,נטרוגינה קליר דפנד+ ניקוי אקנה 200 מל,שסטוביץ,GR,CLEAR & DEFEND תרחיץ פנים,,0.00,100.00,false,1.00,59.90,0.00,true,0,
3574669907682,false,גונסונס בייבי טלק 500 גרם חדש,גונסון אנד גונסון,IT,ג'ונסון בייבי טלק,,0.00,100.00,false,1.00,37.90,0.00,true,0,
3574669907729,false,גונסונס בייבי שמפו לתינוק 750 מל,גונסון אנד גונסון,IT,ג'ונסון בייבי שמפו לתינוק,,0.00,100.00,false,1.00,29.90,0.00,true,0,
3574669907767,false,גונסונס בייבי שמפו קמומיל 750 מל חדש,ג'ונסונס בייבי,IT,ג'ונסון בייבי שמפו קמומיל,,0.00,100.00,false,1.00,29.90,0.00,true,0,
3574669907781,false,גונסונס בייבי שמפו לתינוק 750 מל,ש. שסטוביץ בע`מ,IT,ג'ונסון בייבי שמפו לתינוק,,0.00,100.00,false,1.00,29.90,0.00,true,0,
3574669907972,false,"גונסון בייבי שמפו טיפות של ברק 750 מ""ל",ג'ונסונס Johnson's,IT,ג'ונסון שמפו טיפות של ברק,,0.00,100.00,false,1.00,29.90,0.00,true,0,
3574669908245,false,"ג'ונסונס מרכך טיפות של ברק 500 מ""ל חדש",ג'ונסונס Johnson's,IT,מרכך שיער טיפות של ברק,,0.00,100.00,false,1.00,23.90,0.00,true,0,
3574669908443,false,ג'ונסון בייבי אל סבון וקצף אמבט 750 חדש,ש.שסטוביץ בעמ,IT,ג'ונסון אל סבון וקצף אמבט,,0.00,100.00,false,1.00,24.90,0.00,true,0,
3574669908481,false,גונסונס בייבי אל סבון אמבט 750 מל חדש,ג'ונסונס Johnson's,IT,ג'ונסון בייבי אל סבון לתינוק,,0.00,100.00,false,1.00,24.90,0.00,true,0,
3574669908665,false,גונסונס בייבי אל סבון לפני השינה 750 מל,גונסון אנד גונסון,IT,ג'ונסון בייבי אל סבון לפני השינה,,0.00,100.00,false,1.00,24.90,0.00,true,0,
3574669908948,false,"גונסונס בייבי אל סבון לרחצה עדינה 750 מ""ל",גונסון אנד גונסון,IT,ג'ונסון בייבי אל סבון לרחצה עדינה,,0.00,100.00,false,1.00,24.90,0.00,true,0,
3574669909075,false,גונסון בייבי שמן מגע כותנה 300 מל חדש,שסטוביץ,IT,מגע כותנה שמן תינוקות לעור,,0.00,100.00,false,1.00,29.90,0.00,true,0,
3574669909204,false,גונסונס בייבי שמן לתינוק 300 מל,ג'ונסונס Johnson's,IT,ג'ונסון בייבי שמן לתינוק,,0.00,100.00,false,1.00,24.90,0.00,true,0,
3574669909822,false,"גונסון טיפות של ברק תרסיס מרכך שיער לילדים, 200 מ""ל",ג'ונסונס Johnson's,IT,ספריי מרכך שיער טיפות של ברק,,0.00,100.00,false,1.00,20.90,0.00,true,0,
3592610001364,false,דקסריל 250 גרם,מדיליין פריגו,BE,"קרם המגן על העור, המסייע בטיפול בסימנים והסמפטומים של יובש בעור",,0.00,100.00,false,1.00,49.90,0.00,true,0,
3600520297262,false,מן אקספרט הידרה אנרגטיק קרם לחות יומי נג,לוריאל,GB,קרם לחות לגבר היידרה אנרג'טיק הנלחם בסימני עייפות,,0.00,100.00,false,1.00,49.90,0.00,true,0,
3600520298870,false,מן אקספרט פיור&מאט גל לחות נגד ברק שומני,לוריאל,GB,ג'ל לחות לגבר פיור מאט נגד ברק שומני,,0.00,100.00,false,1.00,49.90,0.00,true,0,
3600520986456,false,קסטינג קרם גלוס מס515' *,לוריאל פריז,BE,צבע שיער ללא אמוניה למראה מבריק ועשיר בגוון 515 חום שוקולד קרח,,0.00,0.00,false,1.00,42.90,0.00,true,0,
3600521094341,false,קסטינג קרם גלוס מס200',לוריאל פריז,,צבע שיער ללא אמוניה למראה מבריק ועשיר בגוון 200 שחור,,0.00,0.00,false,1.00,42.90,0.00,true,0,
3600521094358,false,קסטינג קרם גלוס מס210',לוריאל פריז,,צבע שיער ללא אמוניה למראה מבריק ועשיר בגוון 210 שחור כחול,,0.00,0.00,false,1.00,42.90,0.00,true,0,
3600521094365,false,קסטינג 300 חום כהה מאוד,לוריאל פריז,,צבע שיער ללא אמוניה למראה מבריק ועשיר בגוון 300 חום כהה מאוד,,0.00,0.00,false,1.00,42.90,0.00,true,0,
3600521094372,false,קסטינג קרם גלוס מס316',לוריאל פריז,,צבע שיער ללא אמוניה למראה מבריק ועשיר בגוון 316 שזיף,,0.00,0.00,false,1.00,42.90,0.00,true,0,
3600521094389,false,קסטינג קרם גלוס מס400',לוריאל פריז,,צבע שיער ללא אמוניה למראה מבריק ועשיר בגוון 400 חום כהה,,0.00,0.00,false,1.00,42.90,0.00,true,0,
3600521094396,false,קסטינג קרם גלוס מס 415,לוריאל פריז,,צבע שיער ללא אמוניה למראה מבריק ועשיר בגוון 415 שוקלד קרח,,0.00,0.00,false,1.00,42.90,0.00,true,0,
3600521094419,false,קסטינג קרם גלוס מס500',לוריאל פריז,,צבע שיער ללא אמוניה למראה מבריק ועשיר בגוון 500 חום טבעי,,0.00,0.00,false,1.00,42.90,0.00,true,0,
3600521094457,false,קסטינג קרם גלוס מס550',לוריאל פריז,,צבע שיער ללא אמוניה למראה מבריק ועשיר בגוון 550 מהגוני,,0.00,0.00,false,1.00,42.90,0.00,true,0,
3600521094471,false,קסטינג קרס גלוס מס600',לוריאל פריז,,צבע שיער ללא אמוניה למראה מבריק ועשיר בגוון 600 חום בהיר,,0.00,0.00,false,1.00,42.90,0.00,true,0,
3600521189863,false,קסטינג 535 חום זהוב מהגוני,לוריאל,,צבע שיער ללא אמוניה למראה מבריק ועשיר בגוון 535 חום זהוב מהגוני,,0.00,0.00,false,1.00,42.90,0.00,true,0,
3600521250051,false,קסטינג קרם גלוס מס810',לוריאל פריז,BE,צבע שיער ללא אמוניה למראה מבריק ועשיר בגוון 810 בלונד בהיר פנינה,,0.00,0.00,false,1.00,42.90,0.00,true,0,
3600521366639,false,קסטינג קרם גלוס מס 323,לוריאל פריז,BE,צבע שיער ללא אמוניה למראה מבריק ועשיר בגוון 323 שוקולד כהה,,0.00,0.00,false,1.00,42.90,0.00,true,0,
3600521720219,false,קרם פנים לילה עם פעולה משולשת לכל סוגי העור,לוריאל ישראל קוסמטיקס בעמ,,TRIPLE ACTIVE קרם לילה עם הפעולה המשולשת לכל סוגי העור,,0.00,100.00,false,1.00,49.90,0.00,true,0,
3600521831083,false,קסטינג קרם גלוס מס1010,לוריאל פריז,BE,צבע שיער ללא אמוניה למראה מבריק ועשיר בגוון 1010 בלונד סופר בהיר,,0.00,0.00,false,1.00,42.90,0.00,true,0,
3600521832059,false,קאסטינג קרם גלוס 1021,לוריאל פריז,,צבע שיער ללא אמוניה למראה מבריק ועשיר בגוון 1021 בלונד בהיר במיוחד,,0.00,0.00,false,1.00,42.90,0.00,true,0,
3600521987704,false,צבע לשיער קסטינג קרם,General,,צבע שיער ללא אמוניה למראה מבריק ועשיר בגוון 412 חום קקאו קר,,0.00,0.00,false,1.00,42.90,0.00,true,0,
3600521992111,false,לוריאל אייג פרפקט נוטרישן לילה,"קרלסרו, גרמניה",,AGE PERFECT NUTRITION קרם לילה,,0.00,100.00,false,1.00,125.00,0.02,true,0,
3600522021605,false,מן אקספרט ויטליפט קרם לחות אנטי אייגינ,לוריאל,DE,קרם לחות אנטי אייג'ינג ויטליפט לגבר,,0.00,100.00,false,1.00,54.90,0.01,true,0,
3600522022893,false,לוריאל - אקסלנס קרם 9.3 בלונד מאוד בהיר זהוב,ליברמו,,צבע שיער קבוע לטיפוח עשיר בגוון 9.3 בלונד מאוד בהיר זהוב,,0.00,0.00,false,1.00,42.90,0.00,true,0,
3600522029946,false,לוריאל נוטרישן קרם יום 50 מל,לוריאל פרודקשן דויטשלנד,,RE-PERFEC קרם יום,,0.00,100.00,false,1.00,125.00,0.02,true,0,
3600522150497,false,קסטינג קרם גלוס מס100',לוריאל פריז,,צבע שיער למראה מבריק ועשיר בגוון 100 שחור עמוק,,0.00,0.00,false,1.00,42.90,0.00,true,0,
3600522236450,false,לוריאל - אקסלנס קרם 6.46 אדום בהיר נחושתי,לוריאל פריז,BE,צבע שיער קבוע לטיפוח עשיר בגוון 6.46 אדום בהיר נחושתי,,0.00,0.00,false,1.00,42.90,0.00,true,0,
3600522251750,false,לוריאל - דרמו רויטליפט לייזר עיניים,לוריאל,,REVITALIFT LASER קרם עיניים להפחתת מראה קמטים,,0.00,100.00,false,1.00,110.00,0.07,true,0,
3600522334200,false,מן אקספרט הידרה אנרגטיק גל לחות נגד ברק,לוריאל,GB,הידרה אנרגטיק ג'ל לחות נגד ברק שומני,,0.00,100.00,false,1.00,49.90,0.00,true,0,
<<<<<<< HEAD
3600522344032,false,לוריאל - אלביב מסכה טוטאל ריפר 300,kozmetik canan,,מסכה לשיער לשיקום שיער פגום וחסר חיוניות,,0.00,100.00,false,1.00,34.90,0.00,true,0,
3600522344070,false,לוריאל - אלביב מסכה קולור פרוטקט 300,"לוריאל ישראל בע""מ",,מסכה לשיער קולור פרוטקט להזנת שיער צבוע,"מ""ל",250.00,100.00,false,1.00,34.90,0.00,true,0,
3600522368250,false,לוריאל - אקסלנס קרם 6.7 חום בהיר שוקולד,ליברמו,BE,צבע שיער קבוע לטיפוח עשיר בגוון 6.7 חום כתום מוזהב,,0.00,0.00,false,1.00,42.90,0.00,true,0,
3600522378051,false,לוריאל - אקסלנס קרם 6.32 חום בהיר זהוב מעודן,ליברמו,BE,צבע שיער קבוע לטיפוח עשיר בגוון 6.32 חום בהיר זהוב מעודן,,0.00,0.00,false,1.00,42.90,0.00,true,0,
3600522550129,false,קרם אנטי-אייג'ינג יום אייג' ספשיאליסט +45,"קרלסרו, גרמניה",DE,AGE SPECIALIST קרם יום 45+,,0.00,100.00,false,1.00,69.90,0.01,true,0,
=======
3600522344032,false,"אלביב מסכה לשיער פגום טואל ריפר 300מ""ל",לוריאל ישראל קוסמטיקס בעמ,,מסכה לשיער לשיקום שיער פגום וחסר חיוניות,,0.00,100.00,false,1.00,34.90,0.00,true,0,
3600522344070,false,אלביב מסכת קולור פרוטקט לוריאל (300 מל),לוריאל ישראל קוסמטיקס בעמ,,מסכה לשיער קולור פרוטקט להזנת שיער צבוע,"מ""ל",250.00,100.00,false,1.00,34.90,0.00,true,0,
3600522368250,false,לוריאל - אקסלנס קרם 6.7 חום בהיר שוקולד,ליברמו,BE,צבע שיער קבוע לטיפוח עשיר בגוון 6.7 חום כתום מוזהב,,0.00,0.00,false,1.00,42.90,0.00,true,0,
3600522378051,false,לוריאל - אקסלנס קרם 6.32 חום בהיר זהוב מעודן,לוריאל ישראל קוסמטיקס בעמ,BE,צבע שיער קבוע לטיפוח עשיר בגוון 6.32 חום בהיר זהוב מעודן,,0.00,0.00,false,1.00,42.90,0.00,true,0,
3600522550129,false,קרם אנטי-אייג'ינג יום אייג' ספשיאליסט +45,לוריאל ישראל קוסמטיקס בעמ,DE,AGE SPECIALIST קרם יום 45+,,0.00,100.00,false,1.00,69.90,0.01,true,0,
>>>>>>> d048ac2f4f281c9d788043ab4e81b61b0dbe3743
3600522825432,false,לוריאל - אקסלנס אינטנס 6.13 חום בהיר קר,ליברמו,BE,INTENSE צבע שיער קבוע לטיפוח עשיר בגוון 6.13 חום בהיר קר,,0.00,0.00,false,1.00,42.90,0.00,true,0,
3600522825463,false,לוריאל - אקסלנס אינטנס 6.66 אדום אינטנסבי לו,ליברמו,BE,INTENSE צבע שיער קבוע לטיפוח עשיר בגוון 6.66 אדום אינטנסיבי לוהט,,0.00,0.00,false,1.00,42.90,0.00,true,0,
3600522832089,false,אקסלנס קרם 7.7 בלונד דבש מהגוני,לוריאל פריז,BE,צבע שיער קבוע לטיפוח עשיר בגוון 7.77 חום דבש,,0.00,0.00,false,1.00,42.90,0.00,true,0,
3600522838586,false,לוריאל רויטליפט לייזר X3 קרם-מסכה לילה,KARLSRUHE GERMANY,DE,REVITALIFT LASER קרם פנים ללילה להפחתת מראה קמטים,,0.00,100.00,false,1.00,110.00,0.02,true,0,
3600522884736,false,קסטינג קרם גלוס מס 503,לוריאל פריז,BE,צבע שיער ללא אמוניה למראה מבריק ועשיר בגוון 503 חום קקאו קר,,0.00,0.00,false,1.00,42.90,0.00,true,0,
3600523029709,false,קסטטינג קרם גלוס מס 635,לוריאל פריז,BE,צבע שיער ללא אמוניה למראה מבריק ועשיר בגוון 635 חום שוקולד,,0.00,0.00,false,1.00,42.90,0.00,true,0,
3600523192717,false,לוריאל - מג'יק ריטאצ' גוון 4 בלונד בז',לוריאל ליברמו,BE,תרסיס לכיסוי מיידי של שורשי השיער בגוון 4 בלונד בז',,0.00,0.00,false,1.00,39.90,0.00,true,0,
3600523192724,false,לוריאל - מג'יק ריטאצ' גוון 5 בלונד,לוריאל ליברמו,BE,תרסיס לכיסוי מיידי של שורשי השיער בגוון 5 בלונד,,0.00,0.00,false,1.00,39.90,0.00,true,0,
3600523193141,false,תרסיס לכיסוי שורשי השיער Magic Retouch שחור,לוריאל ליברמו,BE,תרסיס לכיסוי מיידי של שורשי השיער בגוון 1 שחור,,0.00,0.00,false,1.00,39.90,0.00,true,0,
3600523193158,false,תרסיס לכיסוי שורשי השיער Magic Retouch חום,לוריאל ליברמו,BE,תרסיס לכיסוי מיידי של שורשי השיער בגוון 2 חום,,0.00,0.00,false,1.00,39.90,0.00,true,0,
3600523193165,false,תרסיס לכיסוי שורשי השיער Magic Retouch חום בהיר,לוריאל ליברמו,BE,תרסיס לכיסוי מיידי של שורשי השיער בגוון 3 חום בהיר,,0.00,0.00,false,1.00,39.90,0.00,true,0,
3600523201303,false,לוריאל - דרמו רויטליפט פילר לילה,קרלסרו,DE,REVITALIFT FILLER קרם פנים ללילה להשבת נפח,,0.00,100.00,false,1.00,110.00,0.02,true,0,
3600523201310,false,לוריאל - דרמו רויטליפט פילר עיניים,לוריאל,FR,REVITALIFT FILLER קרם עיניים להפחתת מראה עייפות,,0.00,100.00,false,1.00,110.00,0.07,true,0,
3600523206834,false,רויטליפט פילר קרם יום אנטי אייג'ינג להשבת נפח,"קרלסרו, גרמניה",IT,REVITALIFT FILLER קרם פנים ליום להשבת נפח,,0.00,100.00,false,1.00,110.00,0.02,true,0,
3600523206841,false,לוריאל - דרמו רויטליפט פילר סרום,קוסמינט,IT,REVITALIFT סרום,,0.00,100.00,false,1.00,110.00,0.06,true,0,
3600523216086,false,לוריאל - דרמו אייג' פרפקט גולדן אייג' יום,"קרלסרו, גרמניה",DE,GOLDEN AGE קרם יום,,0.00,100.00,false,1.00,125.00,0.02,true,0,
3600523242641,false,לוריאל - דרמו אייג' פרפקט גולדן לילה,"קרלסרו, גרמניה",DE,GOLDEN AGE קרם לילה,,0.00,100.00,false,1.00,125.00,0.02,true,0,
3600523305957,false,לוריאל מסיכה שחורה לניקוי עמוק חימר,"קרלסרו, גרמניה",DE,PURE CLAY מסכה שחורה לניקוי עמוק,,0.00,100.00,false,1.00,61.90,0.01,true,0,
3600523337712,false,לוריאל - מג'יק ריטאצ' 6 חום מהגוני,לוריאל,BE,תרסיס לכיסוי מיידי של שורשי השיער בגוון 3 חום מהגוני,,0.00,0.00,false,1.00,39.90,0.00,true,0,
3600523351350,false,קסטינג קרם גלוס מס*910,לוריאל פריז,BE,צבע שיער ללא אמוניה למראה מבריק ועשיר בגוון 910 בלונד קר בהיר מאוד,,0.00,0.00,false,1.00,42.90,0.00,true,0,
3600523363193,false,לוריאל הידרה גינייס גל לחות לעור יבש,"לוריאל פרודקשן דויטשלנד,",DE,HYDRA GENIUS ג'ל לחות קליל עד 72 שעות לעור רגיל עד יבש,,0.00,100.00,false,1.00,62.00,0.00,true,0,
3600523428663,false,לוריאל - דרמו רויטליפט לייזר יום,"קרלסרו, גרמניה",,REVITALIFT LASER קרם פנים ליום להפחתת מראה קמטים,,0.00,100.00,false,1.00,110.00,0.02,true,0,
3600523430932,false,גל חימר לוראל לניקוי אינטנסיבי לפנים 150,סופרויאל,PL,DERMO PURE CLAY תרחיץ פנים - שחור,,0.00,100.00,false,1.00,36.90,0.00,true,0,
3600523439836,false,לוריאל סדרת פרחים מי פנים לעור רגיש 400,"קרלסרו, גרמניה",DE,RARE FLOWERS מי פנים לעור רגיש,,0.00,100.00,false,1.00,41.90,0.00,true,0,
3600523448760,false,לוריאל סדרת פרחים חלב פנים לעור רגיש 400,"קרלסרו, גרמניה",DE,RARE FLOWERS חלב פנים לעור רגיש,,0.00,100.00,false,1.00,41.90,0.00,true,0,
3600523450435,false,לוריאל סדרת פרחים גל רחצה לעור רגיש 150,קרלסרו,DE,RARE FLOWERS ג'ל רחצה לעור רגיש,,0.00,100.00,false,1.00,35.90,0.00,true,0,
3600523464548,false,לוריאל הידרה גינייס גל לחות לעור עדין,"לוריאל פרודקשן דויטשלנד,",DE,HYDRA GENIUS ג'ל לחות קליל עד 72 שעות לעור יבש ועדין,,0.00,100.00,false,1.00,62.00,0.00,true,0,
3600523476619,false,לוריאל - דרמו פרחים ג'ל ניקוי כחול (החלפת ברקוד),סופרוריאל אולניי,FR,RARE FLOWERS קרם ניקוי לפנים,,0.00,100.00,false,1.00,35.90,0.00,true,0,
3600523526062,false,מן אקספרט ברבר קלאב שמן לזקן ולפנים,לוריאל,DE,שמן לפנים ולזקן לגבר,,0.00,100.00,false,1.00,54.90,0.01,true,0,
3600523526130,false,לוריאל - מן אקספרט ברבר ג'ל ניקוי 3ב1,SP.Z.O.O KOSMEPOL,DE,ג'ל ניקוי 3ב1 לגבר,,0.00,100.00,false,1.00,34.90,0.00,true,0,
3600523526208,false,לוריאל - מן אקספרט ברבר ג'ל לחות לזקן הקצר,לוריאל,DE,קרם לחות לפנים ולזקן לגבר,,0.00,100.00,false,1.00,54.90,0.01,true,0,
3600523528691,false,מן אקספרט ברבר קלאב קרם לעיצוב הזקן והשי,לוריאל פרודקשן דויטשלנד,DE,קרם לעיצוב השיער והזקן לגבר,,0.00,100.00,false,1.00,34.90,0.00,true,0,
3600523576968,false,מן אקספרט ויטליפט קרם עיניים 15 מל,לוריאל,DE,קרם עיניים ויטליפט לגבר,,0.00,100.00,false,1.00,54.90,0.03,true,0,
3600523581306,false,מן אקספרט ויטליפט טורבו גל לחות אנטי איי,לוריאל,DE,ג'ל לחות אנטי אייג'ינג ויטליפט לגבר,,0.00,100.00,false,1.00,54.90,0.01,true,0,
3600523587865,false,לוריאל - אלביב קרם לשיער דרים לונג 200,לוריאל - אלביב Elvive,DE,קרם לשיער ארוך ופגום להצלת הקצוות,,0.00,100.00,false,1.00,29.90,0.00,true,0,
<<<<<<< HEAD
3600523605972,false,מסכת הזנה רב שימושית מכילה שמן קוקוס,לוריאל - אלביב Elvive,DE,קרם לחות מועשר בשמן קוקוס לשימוש כמסכה או כקרם לחות,,0.00,100.00,false,1.00,34.90,0.00,true,0,
=======
3600523605972,false,מסכת הזנה רב שימושית מכילה שמן קוקוס,לוריאל ישראל קוסמטיקס בעמ,DE,קרם לחות מועשר בשמן קוקוס לשימוש כמסכה או כקרם לחות,,0.00,100.00,false,1.00,34.90,0.00,true,0,
>>>>>>> d048ac2f4f281c9d788043ab4e81b61b0dbe3743
3600523639403,false,לוריאל נוטרישן קרם לילה 50 מל,לוריאל פרודקשן דויטשלנד,DE,AGE PERFECT INTENSIVE RE-NOURISH קרם לילה,,0.00,100.00,false,1.00,125.00,0.02,true,0,
3600523642489,false,מסכת הזנה אינטנסיבית 6 שמנים לשיער יבש,לוריאל ישראל קוסמטיקס בעמ,DE,מסכה לשיער הזנה אינטנסיבית 6 שמנים מפרחים לשיער יבש,,0.00,100.00,false,1.00,34.90,0.00,true,0,
3600523651870,false,שמפו לחיזוק סיב השערה לכל סוגי השיער,לוריאל ישראל קוסמטיקס בעמ,TR,שמפו פול רזיסט לחיזוק סיב השערה,,0.00,100.00,false,1.00,17.90,0.00,true,0,
3600523651887,false,"לוריאל - אלביב שמפו טוטאל ריפר 550 מ""ל",לוריאל ישראל קוסמטיקס בעמ,TR,שמפו טוטאל ריפייר 5 משקם לשיער פגום,,0.00,100.00,false,1.00,17.90,0.00,true,0,
3600523651900,false,מרכך לחיזוק סיב השערה לכל סוגי השיער,לוריאל ישראל קוסמטיקס בעמ,TR,מרכך פול רזיסט לחיזוק סיב השערה,,0.00,100.00,false,1.00,17.90,0.00,true,0,
3600523652228,false,"לוריאל - אלביב מרכך טוטאל ריפר 550 מ""ל",לוריאל ישראל קוסמטיקס בעמ,TR,מרכך טוטאל ריפייר 5 משקם לשיער פגום,,0.00,100.00,false,1.00,17.90,0.00,true,0,
3600523652242,false,"לוריאל - אלביב שמפו קולור פרוטקט 550 מ""ל",לוריאל ישראל קוסמטיקס בעמ,TR,שמפו לשיער צבוע או גוונים קולור פרוטקט,,0.00,100.00,false,1.00,17.90,0.00,true,0,
3600523652259,false,"לוריאל - אלביב מרכך קולור פרוטקט 550 מ""ל",לוריאל ישראל קוסמטיקס בעמ,TR,מרכך קולור פרוטקט מטפח לשיער צבוע או גוונים,,0.00,100.00,false,1.00,17.90,0.00,true,0,
3600523652273,false,אלביב שמפו 550 מל חימר מרענן לניקוי יסוד,לוריאל ישראל קוסמטיקס בעמ,TR,שמפו לשיער שומני וקצוות יבשים,,0.00,100.00,false,1.00,17.90,0.00,true,0,
3600523652280,false,"לוריאל אלביב שמפו מועשר ב 6 שמנים, 550 מ""ל",לוריאל ישראל קוסמטיקס בעמ,TR,שמפו לשיער יבש עד יבש מאוד בעל 6 שמנים מופלאים,,0.00,100.00,false,1.00,17.90,0.00,true,0,
3600523652297,false,"מרכך לשיער אלביב זהב 6 שמנים , 550 מ""ל",לוריאל ישראל קוסמטיקס בעמ,TR,מרכך 6 שמנים מופלאים להזנת שיער יבש עד יבש מאוד,,0.00,100.00,false,1.00,17.90,0.00,true,0,
3600523682836,false,אלביב מרכך סגול 150 מל,לוריאל,BE,מרכך סגול מנטרל פיגמנטים צהובים וכתומים בשיער לקבלת גוון בלונד קר,,0.00,100.00,false,1.00,21.90,0.00,true,0,
3600523708000,false,לוריאל - מן אקספרט פיור פאוור פילינג,AULNAYS SOPROREAL-,DE,פילינג לגבר פיור פאוור להפחתת ראשים שחורים,,0.00,0.00,false,1.00,29.90,0.29,true,0,
3600523716524,false,לוריאל - דרמו רויטליפט קלאסי קרם אדום עברית,"קרלסרו, גרמניה",DE,REVITALIFT קרם יום אדום בעל אפקט מעורר,,0.00,100.00,false,1.00,95.00,0.01,true,0,
3600523718214,false,לוריאל - מן אקספרט היידרה ג'ל ניקוי מעורר,AULNAYS SOPROREAL-,GB,ג'ל ניקוי לגבר HYDRA ENERGETIC,,0.00,0.00,false,1.00,29.90,0.29,true,0,
3600523718597,false,לוריאל גולדן אייג קרם עיניים,לוריאל,DE,GOLDEN AGE קרם עיניים,,0.00,100.00,false,1.00,125.00,0.08,true,0,
3600523755660,false,לוריאל - אקסלנס קרם 2 חום שחור,לוריאל פריז,BE,צבע שיער קבוע לטיפוח עשיר בגוון 2 חום שחור,,0.00,0.00,false,1.00,42.90,0.00,true,0,
3600523755806,false,"לוריאל - אלביב שמפו קוקוס 550 מ""ל",לוריאל ישראל קוסמטיקס בעמ,TR,שמפו שמן קוקוס משובח לשיער רגיל עד יבש,,0.00,100.00,false,1.00,17.90,0.00,true,0,
3600523756322,false,"לוריאל - אלביב מרכך קוקוס 550 מ""ל",לוריאל ישראל קוסמטיקס בעמ,TR,מרכך שמן קוקוס משובח לשיער רגיל עד יבש,,0.00,100.00,false,1.00,17.90,0.00,true,0,
3600523782567,false,"לוריאל - אלביב שמפו דרים לונג 500 מ""ל",לוריאל ישראל קוסמטיקס בעמ,FR,שמפו משקם לשיער ארוך ופגום,,0.00,100.00,false,1.00,15.90,0.00,true,0,
3600523782574,false,מסכה לשיער לוריאל אלביב דרים לונג 300 מל,לוריאל ישראל קוסמטיקס בעמ,DE,מסכה לשיער ארוך ופגום להצלת אורכי השיער,,0.00,100.00,false,1.00,34.90,0.00,true,0,
3600523782581,false,מרכך מתיר קשרים לשיער ארוך ופגום Dream Long,לוריאל ישראל קוסמטיקס בעמ,FR,קונדישינר לשיער ארוך ופגום המתיר קשרים,,0.00,100.00,false,1.00,15.90,0.00,true,0,
3600523802456,false,אלביב דרים לונג סרום לשיער לטיפול בפריז,לוריאל,FR,דרים לונג סרום לשיער לטיפול בפריז,,0.00,0.00,false,1.00,34.90,0.34,true,0,
3600523807031,false,קאסטינג קרם גלוס 4102,לוריאל פריז,BE,צבע שיער ללא אמוניה למראה מבריק ועשיר בגוון 4102 חום ערמונים,,0.00,0.00,false,1.00,42.90,0.00,true,0,
3600523807048,false,קסטינג קרם גלוס 3102 *,לוריאל פריז,BE,צבע שיער ללא אמוניה למראה מבריק ועשיר בגוון 3102 חום כהה קר,,0.00,0.00,false,1.00,42.90,0.00,true,0,
3600523807055,false,קאסטינג קרם גלוס 5102,לוריאל פריז,BE,צבע שיער ללא אמוניה למראה מבריק ועשיר בגוון 5102 חום מוקה קר,,0.00,0.00,false,1.00,42.90,0.00,true,0,
3600523815845,false,אלביב שמפו 360 6 שמנים מופלאים,לוריאל,TR,שמפו 6 שמנים מופלאים להזנה אינטנסיבית,,0.00,100.00,false,1.00,13.90,0.00,true,0,
3600523816699,false,לוריאל - דרמו פעולה משולשת פרש ג'ל עברית,"קרלסרו, גרמניה",,TRIPLE ACTIVE קרם לחות לפנים במרקם ג'ל לעור רגיל עד מעורב,,0.00,100.00,false,1.00,49.90,0.00,true,0,
3600523873920,false,לוריאל - דרמו רויטליפט פילר טפטפת סרום עברית,לוריאל,DE,REVITALIFT FILLER סרום לפנים חומצה היאלורנית,,0.00,100.00,false,1.00,110.00,0.03,true,0,
3600523898770,false,לוריאל רויטליפט לייזר אמפוות לאפקט פילינ,לוריאל,DE,REVITALIFT LASER אמפולות לאפקט פילינג,,0.00,0.00,false,1.00,110.00,0.00,true,0,
3600523905065,false,אלביב שמפו סגול 200 מל,לוריאל,FR,שמפו סגול מנטרל פיגמנטים צהובים וכתומים בשיער לקבלת גוון בלונד קר,,0.00,100.00,false,1.00,21.90,0.00,true,0,
3600523936625,false,לוריאל - דרמו רויטליפט לייזר סרום עברית,לוריאל,,REVITALIFT LASER סרום לפנים להפחתת מראה קמטים,,0.00,100.00,false,1.00,110.00,0.03,true,0,
3600523936663,false,לוריאל אייג פרפקט רנסנס קרם יום,לוריאל,,AGE PERFECT RENAISSANCE CELL RENEW קרם יום עם SPF15,,0.00,100.00,false,1.00,125.00,0.02,true,0,
3600523936700,false,לוריאל - דרמו משולשת נוטרישן לעור יבש עברית,"קרלסרו, גרמניה",,TRIPLE ACTIVE NOURISH קרם יום,,0.00,100.00,false,1.00,49.90,0.00,true,0,
3600523936786,false,"לוריאל - אלביב שמן לשיער רגיל 100 מ""ל","אינטרביוטי קוסמטיקס, ישר",IL,שמן לטיפוח השיער לשיער יבש,,0.00,0.00,false,1.00,39.90,0.39,true,0,
3600523936823,false,אלביב שמן לטיפוח השיער לשיער צבוע ויבש,"אינטרביוטי קוסמטיקס, ישר",IL,אלביב שמן לטיפוח השיער לשיער יבש וצבוע,,0.00,0.00,false,1.00,39.90,0.39,true,0,
3600523936946,false,"לוריאל - אלביב מסכת פול רזיסט 300 מ""ל",לוריאל ישראל קוסמטיקס בעמ,,מסכה לשיער פול רזיסט לחיזוק סיב השערה,,0.00,100.00,false,1.00,34.90,0.00,true,0,
3600523944156,false,צבע לשיער אקסלנס קול קרם 5.11 קרם חום אפרפר קר,לוריאל פריז,BE,COOL צבע שיער קבוע לטיפוח עשיר בגוון 5.11 חום אפרפר קר,,0.00,0.00,false,1.00,42.90,0.00,true,0,
3600523944194,false,לוריאל - אקסלנס קול קרם 6.11 חום בהיר קר,לוריאל פריז,BE,COOL צבע שיער קבוע לטיפוח עשיר בגוון 6.11 חום בהיר אפרפר קר,,0.00,0.00,false,1.00,42.90,0.00,true,0,
3600523944231,false,לוריאל - אקסלנס קול קרם 7.11 בלונד אפרפר קר,לוריאל פריז,BE,COOL צבע שיער קבוע לטיפוח עשיר בגוון 7.11 בלונד אפרפר קר,,0.00,0.00,false,1.00,42.90,0.00,true,0,
3600523953554,false,לוריאל - דרמו פרחים מגבונים ורוד עברית,לוריאל,DE,FLEURS RARES מגבונים להסרת איפור לעור רגיש,,0.00,0.00,false,1.00,16.90,0.00,true,0,
3600523953677,false,לוריאל - דרמו רויטליפט קלאסי יום SPF30 עברית,"קרלסרו, גרמניה",,REVITALIFT קרם יום SPF30,,0.00,100.00,false,1.00,95.00,0.01,true,0,
3600523956876,false,אלביב מסכה טוטאל ריפר 680 מל,לוריאל,ES,מסכה לשיער - שיקום עוצמתי לשיער פגום,,0.00,100.00,false,1.00,49.90,0.00,true,0,
3600523965663,false,לוריאל רויטליפט פילר טונר מי פנים 200 מל,לוריאל,DE,REVITALIFT FILLER טונר- מי פנים,,0.00,100.00,false,1.00,41.90,0.00,true,0,
3600523967131,false,לוריאל - דרמו רויטליפט פילר מים מיסלריים 200,לוריאל,DE,REVITALIFT FILLER מים מיסלרים,,0.00,100.00,false,1.00,41.90,0.00,true,0,
3600523970698,false,"לוריאל - אלביב דרים לונג וונדר ווטר 200 מ""ל",לוריאל,BE,דרים לונג וונדר ווטר טיפול הפלא לשיער ב-8 שניות,,0.00,0.00,false,1.00,34.90,0.17,true,0,
3600523971756,false,אלביב מור דן שמפו דרים לונג 200 מל,לוריאל,FR,MORE THAN SHAMPOO דרים לונג,,0.00,100.00,false,1.00,19.90,0.00,true,0,
3600523971763,false,אלביב מור דן שמפו קולור פרוטקט 200 מל,לוריאל,FR,MORE THAN SHAMPOO קולור פרוטקט,,0.00,100.00,false,1.00,19.90,0.00,true,0,
3600523971770,false,אלביב מור דן שמפו שמנים 200 מל,לוריאל,FR,MORE THAN SHAMPOO שמנים,,0.00,100.00,false,1.00,19.90,0.00,true,0,
3600523971954,false,לוריאל - דרמו רויטליפט לייזר סרום רטינול,לוריאל,DE,REVITALIFT LASER סרום רטינול ערב,,0.00,100.00,false,1.00,110.00,0.03,true,0,
3600523972159,false,לוריאל - דרמו רויטליפט קלאסי קרם יום ללא בישום,לוריאל פרודקשן דויטשלנד,DE,DERMO REVITALIFT CLASSIC  קרם יום ללא בישום,,0.00,100.00,false,1.00,95.00,0.01,true,0,
3600523972524,false,לוריאל - אקסלנס קרם 7.43 בלונד נחושתי זהב,לוריאל פריז,,צבע שיער קבוע לטיפוח עשיר בגוון 7.43 בלונד נחושתי זהוב,,0.00,0.00,false,1.00,42.90,0.00,true,0,
3600523985326,false,לוריאל - דרמו רויטליפט לייזר יום SPF 20 עברי,לוריאל פריס,DE,REVITALIFT LASER קרם יום אנטי-אייג'ינג SPF20,,0.00,100.00,false,1.00,110.00,0.02,true,0,
3600523985838,false,לוריאל - דרמו רויטליפט פילר ג'ל ניקוי לפנים,"לוריאל פרודקשן דויטשלנד,",DE,REVITALIFT FILLER ג'ל ניקוי,,0.00,100.00,false,1.00,41.90,0.00,true,0,
3600523991525,false,"לוריאל - דרמו רויטליפט קלאסי סרום 30 מ""ל","קרלסרו, גרמניה",DE,REVITALIFT סרום קלאסי,,0.00,100.00,false,1.00,95.00,0.03,true,0,
3600523991556,false,לוריאל הידרה גינייס גל לחות לעור מעורב,לוריאל,DE,HYDRA GENIUS ג'ל לחות קליל עד 72 שעות לעור רגיל עד מעורב,,0.00,100.00,false,1.00,62.00,0.00,true,0,
3600524004583,false,אלביב וונדר ווטר קולור פרוטקט 200 מל,לוריאל,BE,וונדר קולור פרוטקט טיפול הפלא לשיער צבוע ב-8 שניות,,0.00,0.00,false,1.00,34.90,0.17,true,0,
3600524012601,false,"לוריאל - סרום לפנים מידנייט 30 מ""ל",לוריאל,DE,CELL RENEW סרום מידנייט לפנים,,0.00,100.00,false,1.00,130.00,0.04,true,0,
3600524013370,false,לוריאל אייג פרפקט רנסנס קרם יום SPF30,לוריאל,DE,AGE PERFECT RENAISSANCE CELL RENEW קרם יום עם SPF30,,0.00,100.00,false,1.00,125.00,0.02,true,0,
3600524013448,false,לוריאל אייג פרפקט רנסנס קרם עיניים,לוריאל,FR,AGE PERFECT RENAISSANCE CELL RENEW קרם עיניים,,0.00,100.00,false,1.00,125.00,0.08,true,0,
3600524013455,false,לוריאל אייג פרפקט רנסנס קרם לילה,לוריאל,,AGE PERFECT RENAISSANCE CELL RENEW קרם לילה,,0.00,100.00,false,1.00,125.00,0.02,true,0,
3600524019587,false,"לוריאל - רויטליפט טונר חומצה גליקולית 180 מ""ל",קוסמפול,PL,REVITALIFT טונר חומצה גליקולית,,0.00,100.00,false,1.00,41.90,0.00,true,0,
3600524025540,false,לוריאל רויטליפט פילר סרום עיניים 20 מל,לוריאל,DE,REVITALIFT FILLER סרום לעיניים,,0.00,100.00,false,1.00,110.00,0.05,true,0,
3600524051006,false,"לוריאל - רויטליפט ג'ל ניקוי חומצה גליקולית 150 מ""ל",קרלסרו,DE,REVITALIFT ג'ל ניקוי חומצה גליקולית,,0.00,100.00,false,1.00,41.90,0.00,true,0,
3600524051211,false,"לוריאל - רויטליפט פילר קרם יום 50 מ""ל",לוריאל,DE,REVITALIFT FILLER קרם יום SPF50,,0.00,100.00,false,1.00,110.00,0.02,true,0,
3600524051334,false,אלביב מרכך חומצה היאלורונית 400 מל,לוריאל ישראל קוסמטיקס בעמ,FR,מרכך לשיער עם חומצה היאלורונית ללחות עד 72 שעות,,0.00,100.00,false,1.00,14.90,0.00,true,0,
3600524051563,false,אלביב סרום חומצה היאלורונית 150 מל,לוריאל,FR,סרום לשיער עם חומצה היאלורונית ללחות מוגברת,,0.00,100.00,false,1.00,49.90,0.00,true,0,
3600524051570,false,לוריאל - אלביב מסכה היאלורונית 300 מ''ל,לוריאל ישראל קוסמטיקס בעמ,FR,מסכה לשיער עם חומצה היאלורונית ללחות אינטנסיבית,,0.00,100.00,false,1.00,34.90,0.00,true,0,
3600524055400,false,לוריאל - אלביב שמפו היאלורונית 500 מ''ל,לוריאל ישראל קוסמטיקס בעמ,FR,שמפו לשיער עם חומצה היאלורונית ללחות עד 72 שעות,,0.00,100.00,false,1.00,15.90,0.00,true,0,
3600540308603,false,צבע לשיער גרניה קולור נטורלס 1,לוריאל ישראל קוסמטיקס בעמ,,צבע לשיער קולור נטורלס 1 שחור טבעי,,0.00,0.00,false,1.00,23.90,0.00,true,0,
3600540928863,false,גרניה מיניראל רול און קליר אינויזיבל,לוריאל ישראל קוסמטיקס בעמ,,דאודורנט רול אינביזי קליר,,0.00,100.00,false,1.00,16.90,0.00,true,0,
3600541014305,false,גרנייה צבע לשיער קולור נטורלס 2.4,קוסמופול,,צבע לשיער קולור נטורלס 4.5 חום שוקולד טהור,,0.00,0.00,false,1.00,23.90,0.00,true,0,
3600541022096,false,גרניה 7 ימים קרם גוף חמאת שיאה 400 מל,קוסמופול,PL,7 ימים תחליב לחות לגוף - חמאת שיאה,,0.00,100.00,false,1.00,14.90,0.00,true,0,
3600541023291,false,גרניה 7 ימים קרם גוף אלוורה 400 מל,קוסמופול,PL,7 ימים תחליב לחות לגוף - אלוורה,,0.00,100.00,false,1.00,14.90,0.00,true,0,
3600541029323,false,מסיר איפור עמיד במים אסנשיאלס 2 ב-1,לוריאל ישראל קוסמטיקס בעמ,,SIMPLY ESSENTIALS מסיר איפור + מי ניקוי 2 ב1,,0.00,100.00,false,1.00,25.90,0.00,true,0,
3600541253667,false,"גרנייה - דאודורנט ספריי לאישה אינביזיבל BWC (ורוד) 150 מ""ל",לוריאל ישראל קוסמטיקס בעמ,,דאודורנט ספריי ללא צבע אינוויזיבל,,0.00,100.00,false,1.00,16.90,0.00,true,0,
3600541382930,false,גרנייה - מים מיסלרים לכל סוגי העור,לוריאל ישראל קוסמטיקס בעמ,,SKIN ACTIVE מסיר איפור מים מיסלריים,,0.00,100.00,false,1.00,35.90,0.00,true,0,
3600541402270,false,"גרנייה - דאודורנט ספריי לאישה אינביזיבל BWC (ירוק) 150 מ""ל",לוריאל ישראל קוסמטיקס בעמ,,דאודורנט ספריי אינביזיבל פרש,,0.00,100.00,false,1.00,16.90,0.00,true,0,
3600541448476,false,גרנייה דאו רול-און אינבזיבל קונטרול,לוריאל ישראל קוסמטיקס בעמ,,דאודורנט רול דריי קונטרול,,0.00,100.00,false,1.00,16.90,0.00,true,0,
3600541740006,false,"גרנייה - דאודורנט ספריי לאישה אקשן קונטרול 72 שעות 150 מ""ל",לוריאל ישראל קוסמטיקס בעמ,FR,דאודורנט ספריי אקשן קונטרול טרמיק 72 שעות,,0.00,100.00,false,1.00,16.90,0.00,true,0,
3600541928169,false,"גרנייה פיור פחם ג'ל ניקוי 150 מ""ל",לוריאל ישראל קוסמטיקס בעמ,,PURE ACTIVE ג'ל ניקוי לפנים,,0.00,100.00,false,1.00,35.90,0.00,true,0,
3600541928275,false,מי פנים מיסלריים דו-פאזיים מסיר איפור עמיד במים,לוריאל ישראל קוסמטיקס בעמ,PL,MICELLAR Oil מסיר איפור עמיד מים מיסלריים דו פאזי,,0.00,100.00,false,1.00,39.90,0.00,true,0,
3600541937475,false,גרניה פיור גרגרים מסיכה לעור מעורב עד שמן,לוריאל ישראל קוסמטיקס בעמ,,PURE ACTIVE סבון פנים חימר 3 פעולות ב1,"מ""ל",150.00,100.00,false,1.00,35.90,0.00,true,0,
3600541940574,false,"גרנייה מים מיסלרים 700 מ""ל",קוסמופול,PL,MICELAR CLEANSING WATER מסיר איפור מים מיסלריים,,0.00,100.00,false,1.00,40.90,0.00,true,0,
3600541952720,false,ג'ל גרגירים עם פחם פעיל לטיפול בראשים שחורים,לוריאל ישראל קוסמטיקס בעמ,,PURE ACTIVE פחם ג'ל גרגירים,,0.00,100.00,false,1.00,35.90,0.00,true,0,
3600541956223,false,"גרנייה פיור לניקוי וטיפול בסימנים ופגעי עם מברשת 150 מ""ל",לוריאל ישראל קוסמטיקס בעמ,,PURE ACTIVE גל ניקוי לעור שומני,,0.00,100.00,false,1.00,39.90,0.00,true,0,
3600542050579,false,גרניה בוטניקל מי פנים ורדים 200 מל,קוסמופול,DE,BOTANICAL מי פנים - ורדים,,0.00,100.00,false,1.00,25.90,0.00,true,0,
3600542052788,false,גרנייה בוטניקל חלב פנים ורדים 200 מל,קוסמופול,DE,BOTANICAL חלב פנים - ורדים,,0.00,100.00,false,1.00,25.90,0.00,true,0,
3600542097239,false,גרנייה - מסכת טישו פחם תה שחור,ביוטיקוס אינטרנשיונאל,CN,PURE CHARCOAL מסכת פחם תה,,0.00,100.00,false,1.00,15.90,0.00,true,0,
3600542097253,false,גרנייה - מסכת טישו פחם אצות שחורות,ביוטיקוס אינטרנשיונאל,CN,PURE CHARCOAL מסכת פחם אצות,,0.00,100.00,false,1.00,15.90,0.00,true,0,
3600542154772,false,גרנייה מסכת טישו עיניים סקין אקטיב קוקוס,לוריאל,CN,SKIN ACTIVE מסכת טישו לעיניים - קוקוס,,0.00,0.00,false,1.00,12.90,0.00,true,0,
3600542154789,false,גרנייה מסכת טישו עיניים סקין אקטיב תפוז,לוריאל,CN,SKIN ACTIVE מסכת טישו לעיניים - תפוז,,0.00,0.00,false,1.00,12.90,0.00,true,0,
3600542184625,false,גרניה ביו קונגק ספוג ניקוי בוטני,לוריאל,FR,KONJAC ספוג ניקוי בוטני,,0.00,100.00,false,1.00,14.90,0.00,true,0,
3600542196895,false,גרניה ביו לבנדר שמן לעור הפנים 30 מל,לוריאל,FR,LAVANDIN שמן לעור הפנים,,0.00,100.00,false,1.00,54.90,0.01,true,0,
3600542196901,false,גרניה ביו לבנדר קרם פנים אנטי אייגינג,לוריאל,FR,LAVANDIN קרם פנים אנטי אייג'ינג,,0.00,100.00,false,1.00,54.90,0.01,true,0,
3600542216623,false,"גרנייה - דאודורנט רול און לאישה אקשן קונטרול רול 96 שעות 50 מ""ל",סופרוקוס,PL,דאודורנט רול אקשן קונטרול 96 שעות,,0.00,100.00,false,1.00,16.90,0.00,true,0,
3600542216647,false,"גרנייה - דאודורנט ספריי לאישה 96 שעות אקשן קונטר 150 מ""ל",לוריאל,FR,דאודורנט ספריי אקשן קונטרול 96 שעות,,0.00,100.00,false,1.00,16.90,0.00,true,0,
3600542232036,false,גרניה סקין נט אלו גל אלוורה ללחות 50 מל,לוריאל,DE,HYALURONIC ALOE JELLY ג'ל אלוורה ללחות מרעננת,,0.00,100.00,false,1.00,47.90,0.00,true,0,
3600542243803,false,גרנייה - אוליה מיני קיט10.21בלונד בהיר מאוד,לוריאל,PL,צבע שיער בלונד בהיר במיוחד פנינה 10.21,,0.00,0.00,false,1.00,29.90,0.00,true,0,
3600542244879,false,גרנייה - אוליה מיני קיט8.31 בלונד זהוב אפרפר,לוריאל,PL,צבע שיער בלונד זהוב אפרפר 8.31,,0.00,0.00,false,1.00,29.90,0.00,true,0,
3600542245340,false,גרנייה - אוליה מיני קיט 1 שחור עמוק,לוריאל,PL,צבע שיער שחור עמוק 1,,0.00,0.00,false,1.00,29.90,0.00,true,0,
3600542245357,false,גרנייה - אוליה מיני10.1בלונד אפרפר בהיר מאוד,לוריאל,PL,צבע שיער בלונד אפרפר 10.1,,0.00,0.00,false,1.00,29.90,0.00,true,0,
3600542245371,false,גרנייה - אוליה מיניקיט 110 בלונד אולטרה בהיר,לוריאל,PL,צבע שיער בלונד אולטרה בהיר טבעי 110,,0.00,0.00,false,1.00,29.90,0.00,true,0,
3600542245395,false,גרנייה - אוליה מיני קיט 3 חום שחור,לוריאל,PL,צבע שיער חום שחור 3,,0.00,0.00,false,1.00,29.90,0.00,true,0,
3600542245418,false,גרנייה - אוליה מיני קיט 4 חום כהה,לוריאל,PL,צבע שיער חום כהה 4,,0.00,0.00,false,1.00,29.90,0.00,true,0,
3600542245425,false,גרנייה - אוליה מיני קיט 4.15 חום שוקולד קרח,לוריאל,PL,צבע שיער חום שוקו 4.15,,0.00,0.00,false,1.00,29.90,0.00,true,0,
3600542245449,false,גרנייה - אוליה מיני קיט 5 חום טבעי,לוריאל,PL,צבע שיער חום טבעי 5.0,,0.00,0.00,false,1.00,29.90,0.00,true,0,
3600542245456,false,גרנייה - אוליה מיני קיט 5.3 חום זהוב,לוריאל,PL,צבע שיער חום זהוב 5.3,,0.00,0.00,false,1.00,29.90,0.00,true,0,
3600542245487,false,גרנייה - אוליה מיני קיט 6 חום בהיר,לוריאל,PL,צבע שיער חום בהיר 6.0,,0.00,0.00,false,1.00,29.90,0.00,true,0,
3600542245500,false,גרנייה - אוליה מיני קיט 6.3 חום זהוב בהיר,לוריאל,PL,צבע שיער חום זהוב בהיר 6.3,,0.00,0.00,false,1.00,29.90,0.00,true,0,
3600542245524,false,גרנייה - אוליה מיני קיט 6.60 אדום אינטנסיבי,לוריאל,PL,צבע שיער אדום אינטיסיבי 6.60,,0.00,0.00,false,1.00,29.90,0.00,true,0,
3600542245548,false,גרנייה - אוליה מיני קיט 7 בלונד כהה,לוריאל,PL,צבע שיער בלונד כהה 7,,0.00,0.00,false,1.00,29.90,0.00,true,0,
3600542245586,false,גרנייה - אוליה מיני קיט 7G בלונד בז' אפרפר,לוריאל,PL,צבע שיער בלונד בז' 7G,,0.00,0.00,false,1.00,29.90,0.00,true,0,
3600542245593,false,גרנייה - אוליה מיני קיט 8 בלונד,לוריאל,PL,צבע שיער בלונד 8,,0.00,0.00,false,1.00,29.90,0.00,true,0,
3600542245609,false,גרנייה - אוליה מיני קיט 8.13 בלונד זהוב,לוריאל,PL,צבע שיער בלונד זהוב 8.13,,0.00,0.00,false,1.00,29.90,0.00,true,0,
3600542245623,false,גרנייה - אוליה מיני קיט 9 בלונד בהיר,לוריאל,PL,צבע שיער בלונד בהיר 9,,0.00,0.00,false,1.00,29.90,0.00,true,0,
3600542245630,false,גרנייה - אוליה מיני קיט 9.1 בלונד אפרפר בהיר,לוריאל,PL,צבע שיער בלונד אפרפר 9.1,,0.00,0.00,false,1.00,29.90,0.00,true,0,
3600542245654,false,גרנייה - אוליה מיני קיט 9.3 בלונד זהוב בהיר,לוריאל,PL,צבע שיער בלונד זהוב בהיר 9.3,,0.00,0.00,false,1.00,29.90,0.00,true,0,
3600542258425,false,גרניה ביו ארגן באלם לחות 50 מל,לוריאל,FR,ARGAN באלם לחות מזין,,0.00,100.00,false,1.00,49.90,0.00,true,0,
3600542258470,false,גרניה ביו ארגן קרם לחות 50 מל,לוריאל,FR,ARGAN קרם לחות,,0.00,100.00,false,1.00,49.90,0.00,true,0,
3600542258494,false,גרניה ביו למון גראס גל ניקוי 150 מל,לוריאל,FR,LEMONGRASS ג'ל ניקוי מטהר,,0.00,100.00,false,1.00,44.90,0.00,true,0,
3600542267953,false,גרנייה - פיור אקטיב מים מיסלריים 400,גרנייה-קוסמטיקה,PL,PURE מי מיסלר,,0.00,100.00,false,1.00,35.90,0.00,true,0,
3600542309974,false,"גרנייה - דאודורנט רול און לאישה מגנזיום 50 מ""ל",סופרוקוס,PL,דאודורנט רול און מגנזיום אולטרה יבש,,0.00,100.00,false,1.00,16.90,0.00,true,0,
3600542310444,false,"גרנייה - דאודורנט ספריי לאישה מגנזיום 150 מ""ל",סופרוקוס,PL,דאודורנט ספריי מגנזיום אולטרה יבש,,0.00,100.00,false,1.00,16.90,0.00,true,0,
3600542325738,false,גרניה ביו קרם לילה לבנדר 50 מל,לוריאל,DE,קרם לילה לבנדר,,0.00,100.00,false,1.00,54.90,0.01,true,0,
3600542328647,false,גרניה סקין נט קרם גל אלוורה 50 מל,לוריאל,PL,SKIN NATURALS קרם ג'ל אלוורה,,0.00,100.00,false,1.00,47.90,0.00,true,0,
3600542361101,false,גרניה ביו המפ שמן לילה לעור הפנים 30 מל,לוריאל,DE,HEMP שמן לילה לעור הפנים,,0.00,100.00,false,1.00,54.90,0.01,true,0,
3600542365710,false,פיור ג`ל ניקוי עור הפנים,לוריאל ישראל קוסמטיקס בעמ,,PURE ACTIVE סבון פנים לניקוי עור שומני,"מ""ל",200.00,100.00,false,1.00,35.90,0.00,true,0,
3600542365758,false,גרניה בוטניקל מי פנים ענבים 200 מל,"קוסמופול, פולין",DE,BOTANICAL מי פנים - ענבים,,0.00,100.00,false,1.00,25.90,0.00,true,0,
3600542365796,false,בוטניקל ג`ל ניקוי ענבים 200 מל גרניה,לוריאל ישראל קוסמטיקס בעמ,PL,PURE ACTIVE ג'ל ניקוי לפנים - ענבים,,0.00,100.00,false,1.00,25.90,0.00,true,0,
3600542366113,false,גרניה בוטניקל קרם לחות ענבים 50 מל,לוריאל ישראל קוסמטיקס בעמ,DE,BOTANICAL קרם לפנים לעור רגיל עד מעורב,,0.00,100.00,false,1.00,40.90,0.00,true,0,
3600542366151,false,גרנייה - קרם לחות בוטניקלס ורדים,לוריאל,DE,BOTANICAL קרם לחות ורד,,0.00,100.00,false,1.00,40.90,0.00,true,0,
3600542367936,false,גרניה סקין נט מי פנים אלוורה 200 מל,לוריאל ישראל קוסמטיקס בעמ,DE,SKIN NATURALS מי פנים אלוורה,,0.00,100.00,false,1.00,25.90,0.00,true,0,
3600542368896,false,גרניה טישו מסק פיור אקטיב מסכת טישו לעור,לוריאל,CN,PURE ACTIVE TISSUE MASK מסכת בד,,0.00,0.00,false,1.00,15.90,0.00,true,0,
3600542370516,false,גרניה ביו המפ קרם גל 50 מל,לוריאל,DE,HEMP קרם במרקם ג'ל מזין ומעניק לחות,,0.00,100.00,false,1.00,49.90,0.00,true,0,
<<<<<<< HEAD
3600542375801,false,גרניה פיור אקטיב 3ב1 פחם 150 מל,לוריאל,FR,PURE ACTIVE ניקוי פנים,,0.00,100.00,false,1.00,35.90,0.00,true,0,
3600542385091,false,"גרנייה - דאודורנט רול און לאישה אקשן קונטרול 72 שעות 50 מ""ל",קוסמופול,PL,דאודורנט רול אקשן קונטרול טרמיק 72 שעות,,0.00,100.00,false,1.00,16.90,0.00,true,0,
3600542385107,false,"גרנייה - דאודורנט רול און לאישה אינביזיבל BWC (ירוק) 50 מ""ל",לוריאל ישראל קוסמטיקס בע,,דאודורנט רול און אינביזיבל,,0.00,100.00,false,1.00,16.90,0.00,true,0,
3600542385220,false,"גרנייה - דאודורנט רול און לאישה פרוטקשן 6 פלורל (סגול) 50 מ""ל",גרנייה Garnier,FR,דאודורנט רול און פרוטקשן 6 פלורל,,0.00,100.00,false,1.00,16.90,0.00,true,0,
3600542385251,false,"גרנייה - דאודורנט רול און לאישה פרוטקשן 6 כותנה (ורוד) 50 מ""ל",גרנייה Garnier,FR,דאודורנט רול און פרוטקשן 6 כותנה,,0.00,100.00,false,1.00,16.90,0.00,true,0,
3600542385268,false,"גרנייה - דאודורנט רול און לאישה אינביזיבל BWC (ורוד) 50 מ""ל",לוריאל ישראל קוסמטיקס בע,,דאודורנט רול און אינביזיבל,,0.00,100.00,false,1.00,16.90,0.00,true,0,
3600542385275,false,"גרנייה - דאודורנט רול און לאישה פיור אקטיב 50 מ""ל",גרנייה Garnier,FR,דאודורנט רול פיור אקטיב שמן עץ התה,,0.00,100.00,false,1.00,16.90,0.00,true,0,
=======
3600542375801,false,קרם גרנייה פיוראקטיב 3ב1 פחם 150 מל,לוריאל ישראל קוסמטיקס בעמ,FR,PURE ACTIVE ניקוי פנים,,0.00,100.00,false,1.00,35.90,0.00,true,0,
3600542385091,false,"גרנייה - דאודורנט רול און לאישה אקשן קונטרול 72 שעות 50 מ""ל",לוריאל ישראל קוסמטיקס בעמ,PL,דאודורנט רול אקשן קונטרול טרמיק 72 שעות,,0.00,100.00,false,1.00,16.90,0.00,true,0,
3600542385107,false,"גרנייה - דאודורנט רול און לאישה אינביזיבל BWC (ירוק) 50 מ""ל",לוריאל ישראל קוסמטיקס בעמ,,דאודורנט רול און אינביזיבל,,0.00,100.00,false,1.00,16.90,0.00,true,0,
3600542385220,false,"גרנייה - דאודורנט רול און לאישה פרוטקשן 6 פלורל (סגול) 50 מ""ל",לוריאל ישראל קוסמטיקס בעמ,FR,דאודורנט רול און פרוטקשן 6 פלורל,,0.00,100.00,false,1.00,16.90,0.00,true,0,
3600542385251,false,"גרנייה - דאודורנט רול און לאישה פרוטקשן 6 כותנה (ורוד) 50 מ""ל",לוריאל ישראל קוסמטיקס בעמ,FR,דאודורנט רול און פרוטקשן 6 כותנה,,0.00,100.00,false,1.00,16.90,0.00,true,0,
3600542385268,false,"גרנייה - דאודורנט רול און לאישה אינביזיבל BWC (ורוד) 50 מ""ל",לוריאל ישראל קוסמטיקס בעמ,,דאודורנט רול און אינביזיבל,,0.00,100.00,false,1.00,16.90,0.00,true,0,
3600542385275,false,"גרנייה - דאודורנט רול און לאישה פיור אקטיב 50 מ""ל",לוריאל ישראל קוסמטיקס בעמ,FR,דאודורנט רול פיור אקטיב שמן עץ התה,,0.00,100.00,false,1.00,16.90,0.00,true,0,
>>>>>>> d048ac2f4f281c9d788043ab4e81b61b0dbe3743
3600542385312,false,גרניה טישו מסק מסכת רימונים לעור יבש,לוריאל,CN,TISSUE MASK מסכת רימונים לעור יבש,,0.00,0.00,false,1.00,15.90,0.00,true,0,
3600542385329,false,גרניה טישו מסק מסכת תה ירוק לעור רגיל,לוריאל,CN,TISSUE MASK מסכת תה ירוק לעור רגיל עד מעורב,,0.00,0.00,false,1.00,15.90,0.00,true,0,
3600542385626,false,גרנייה - מסכת טישו עם אלוורה וחומצה הילאורונית,לוריאל,CN,TISSUE MASK מסכת אלוורה,,0.00,100.00,false,1.00,15.90,0.00,true,0,
3600542387156,false,גרניה מסכת טישו אמפולות קייל ירוק,לוריאל,CN,NIACINAMIDE מסכת טישו אמפולות קייל ירוק,,0.00,0.00,false,1.00,15.90,0.00,true,0,
3600542387217,false,גרניה מסכת טישו אמפולות אננס צהוב,לוריאל,CN,VITAMIN C מסכת טישו אמפולות אננס צהוב,,0.00,0.00,false,1.00,15.90,0.00,true,0,
3600542387279,false,גרניה מסכת טישו אמפולות אבטיח אדום,לוריאל,CN,HYLUARONIC מסכת טישו אמפולות אבטיח אדום,,0.00,0.00,false,1.00,15.90,0.00,true,0,
3600542397582,false,גרניה ביו רוזי גלואו קרם לחות 3ב-1 50 מל,לוריאל,DE,BIO ROSY GLOW קרם לחות 3 ב -1,,0.00,100.00,false,1.00,49.90,0.00,true,0,
3600542397926,false,"גרנייה - דאודורנט ספריי לאישה פרוטקשן 6 כותנה (ורוד) 150 מ""ל",לוריאל ישראל קוסמטיקס בעמ,FR,דאודורנט ספריי פרוטקשיין 6 כותנה,,0.00,100.00,false,1.00,16.90,0.00,true,0,
3600542398206,false,גרניה סקין נט תרחיץ אלוורה 200 מל,לוריאל ישראל קוסמטיקס בעמ,DE,SKIN NATURALS ג'ל ניקוי עם אלוורה,,0.00,100.00,false,1.00,25.90,0.00,true,0,
3600542412773,false,גרניה פיור אקטיב פיל אוף פחם מסכה 50 מל,סופרוריאל אולניי,FR,PURE ACTIVE CHARCOAL מסכת פחם לטיהור העור,,0.00,100.00,false,1.00,41.90,0.00,true,0,
3600542413626,false,גרנייה - מסכת טישו דובדבן שפתיים,לוריאל,CN,TISSUE MASK מסכת דובדבן שפתיים,,0.00,0.00,false,1.00,12.90,0.00,true,0,
3600542415071,false,גרניה סקין נטורלס קרם לחות BB גוון ללא ש,לוריאל,FR,SKIN NATURALS קרם לחות BB בתוספת גוון ללא שמן 01,,0.00,100.00,false,1.00,61.90,0.01,true,0,
3600542415194,false,גרניה סקין נטורלס קרם לחות BB גוון ללא ש,לוריאל,FR,SKIN NATURALS קרם לחות BB בתוספת גוון ללא שמן 02,,0.00,100.00,false,1.00,61.90,0.01,true,0,
3600542416405,false,גרניה סקין נטורלס קרם לחות BB גוון מדיום,לוריאל,FR,SKIN NATURALS קרם לחות BB בתוספת גוון מדיום,,0.00,100.00,false,1.00,61.90,0.01,true,0,
3600542416436,false,גרניה סקין נטורלס קרם לחות BB גוון בהיר,לוריאל,FR,SKIN NATURALS קרם לחות BB בתוספת גוון בהיר,,0.00,100.00,false,1.00,61.90,0.01,true,0,
3600542421621,false,גרניה פרוקטיס מסכה לשיער בננה 390 מל,לוריאל ישראל קוסמטיקס בעמ,IL,מסכה לשיער בננה,,0.00,100.00,false,1.00,39.90,0.00,true,0,
3600542421638,false,"גרנייה - פרוקטיס היירפוד שמפו מקדמיה 350 מ""ל",לוריאל ישראל קוסמטיקס בעמ,IL,שמפו מקדמיה,,0.00,100.00,false,1.00,14.90,0.00,true,0,
3600542421645,false,"גרנייה - פרוקטיס היירפוד מרכך מקדמיה 350 מ""ל",לוריאל ישראל קוסמטיקס בעמ,IL,מרכך מקדמיה,,0.00,100.00,false,1.00,14.90,0.00,true,0,
3600542421652,false,גרניה פרוקטיס מרכך אלוורה 350 מל,לוריאל,IL,מרכך אלוורה,,0.00,100.00,false,1.00,14.90,0.00,true,0,
3600542421669,false,"גרנייה - פרוקטיס היירפוד מרכך פפאיה 350 מ""ל",לוריאל ישראל קוסמטיקס בעמ,IL,מרכך פפאיה,,0.00,100.00,false,1.00,14.90,0.00,true,0,
3600542421676,false,"גרנייה - פרוקטיס היירפוד מרכך בננה 350 מ""ל",לוריאל ישראל קוסמטיקס בעמ,IL,מרכך בננה,,0.00,100.00,false,1.00,14.90,0.00,true,0,
3600542421683,false,"גרנייה - פרוקטיס היירפוד שמפו בננה 350 מ""ל","אינטרביוטי קוסמטיק בע""\מ",IL,שמפו בננה,,0.00,100.00,false,1.00,14.90,0.00,true,0,
3600542421690,false,גרניה פרוקטיס שמפו אלוורה 350 מל,לוריאל,IL,שמפו אלוורה,,0.00,100.00,false,1.00,14.90,0.00,true,0,
3600542421706,false,"גרנייה - פרוקטיס היירפוד שמפו פפאיה 350 מ""ל",לוריאל ישראל קוסמטיקס בעמ,IL,שמפו פפאיה,,0.00,100.00,false,1.00,14.90,0.00,true,0,
3600542421713,false,גרניה פרוקטיס מסכה לשיער אלוורה 390 מל,לוריאל,IL,מסכה לשיער אלוורה,,0.00,100.00,false,1.00,39.90,0.00,true,0,
3600542421720,false,גרנייה פרוקטיס היפורד מסכה פפאיה 390 גר,"אינטרביוטי קוסמטיק בע""\מ",IL,מסכה לשיער פפאיה,,0.00,100.00,false,1.00,39.90,0.00,true,0,
3600542421737,false,גרנייה פרוקטיס היפורד מסכה מקדמיה 390 גר,לוריאל ישראל קוסמטיקס בעמ,IL,מסכה לשיער מקדמיה,,0.00,100.00,false,1.00,39.90,0.00,true,0,
3600542431828,false,גרנייה - קולור נטורלס 1 שחור טבעי חדש,לוריאל ישראל קוסמטיקס בעמ,PL,צבע לשיער קולור נטורלס 1 שחור טבעי,,0.00,0.00,false,1.00,23.90,0.00,true,0,
3600542431835,false,גרנייה - קולור נטורלס 3 חום כהה מאוד חדש,לוריאל ישראל קוסמטיקס בעמ,PL,צבע לשיער קולור נטורלס 3 חום כהה מאוד,,0.00,0.00,false,1.00,23.90,0.00,true,0,
3600542431842,false,גרנייה - קולור נטורלס 4 חום כהה טבעי חדש,לוריאל ישראל קוסמטיקס בעמ,PL,צבע לשיער קולור נטורלס 4 חום כהה,,0.00,0.00,false,1.00,23.90,0.00,true,0,
3600542431859,false,גרנייה - קולור נטורלס 5 חום טבעי חדש,לוריאל ישראל קוסמטיקס בעמ,PL,צבע לשיער קולור נטורלס 5 חום טבעי,,0.00,0.00,false,1.00,23.90,0.00,true,0,
3600542431866,false,גרנייה קולור נטורלס צבע לשיער חום בהיר 6,לוריאל ישראל קוסמטיקס בעמ,PL,צבע לשיער קולור נטורלס 6 חום בהיר,,0.00,0.00,false,1.00,23.90,0.00,true,0,
3600542431873,false,גרנייה - קולור נטורלס 7 בלונד טבעי חדש,לוריאל ישראל קוסמטיקס בעמ,PL,צבע לשיער קולור נטורלס 7 בלונד טבעי,,0.00,0.00,false,1.00,23.90,0.00,true,0,
3600542431880,false,גרנייה - קולור נטורלס 8 בלונד בהיר חדש,לוריאל ישראל קוסמטיקס בעמ,PL,צבע לשיער קולור נטורלס 8 בלונד בהיר,,0.00,0.00,false,1.00,23.90,0.00,true,0,
3600542431897,false,גרנייה - קולור נטורלס 9 בלונד בהיר מאוד חדש,לוריאל ישראל קוסמטיקס בעמ,PL,צבע לשיער קולור נטורלס 9 בלונד בהיר מאוד,,0.00,0.00,false,1.00,23.90,0.00,true,0,
3600542431903,false,גרנייה - קולור נטורלס 10 בלונד סופר בהיר חדש,לוריאל ישראל קוסמטיקס בעמ,PL,צבע לשיער קולור נטורלס 10 בלונד סופר בהיר,,0.00,0.00,false,1.00,23.90,0.00,true,0,
3600542431910,false,גרנייה - קולור נטורלס 2.1 שחור כחול חדש,לוריאל ישראל קוסמטיקס בעמ,PL,צבע לשיער קולור נטורלס 2.1 שחור כחול,,0.00,0.00,false,1.00,23.90,0.00,true,0,
3600542431927,false,גרנייה - קולור נטורלס 8.1 בלונד אפרפר בהיר חדש,לוריאל ישראל קוסמטיקס בעמ,PL,צבע לשיער קולור נטורלס 8.1 בלונד אפרפר,,0.00,0.00,false,1.00,23.90,0.00,true,0,
3600542431934,false,גרנייה - קולור נטורלס 6.25 חום אגוז חדש,לוריאל ישראל קוסמטיקס בעמ,PL,צבע לשיער קולור נטורלס 6.25 חום אגוז,,0.00,0.00,false,1.00,23.90,0.00,true,0,
3600542431941,false,גרנייה - קולור נטורלס 5.3 חום זהוב חדש,לוריאל ישראל קוסמטיקס בעמ,PL,צבע לשיער קולור נטורלס 5.3 חום זהוב,,0.00,0.00,false,1.00,23.90,0.00,true,0,
3600542431958,false,גרנייה - קולור נטורלס 7.3 בלונד זהוב חדש,לוריאל ישראל קוסמטיקס בעמ,PL,צבע לשיער קולור נטורלס 7.3 בלונד זהוב,,0.00,0.00,false,1.00,23.90,0.00,true,0,
3600542431965,false,גרנייה - קולור נטורלס 5.52 חום דבש חדש,לוריאל ישראל קוסמטיקס בעמ,PL,צבע לשיער קולור נטורלס 5.52 חום מהגוני,,0.00,0.00,false,1.00,23.90,0.00,true,0,
3600542431972,false,צבע לשיער קולור נטורלס - 111 בלונד אולטרה בהיר אפור,לוריאל ישראל קוסמטיקס בעמ,PL,צבע לשיער קולור נטורלס 111 בלונד אולטרה בהיר אפור,,0.00,0.00,false,1.00,23.90,0.00,true,0,
3600542431989,false,גרנייה - קולור נטורלס 6.34 חום שוקולד חדש,לוריאל ישראל קוסמטיקס בעמ,PL,צבע לשיער קולור נטורלס 6.34 חום שוקולד,,0.00,0.00,false,1.00,23.90,0.00,true,0,
3600542431996,false,גרנייה - קולור נטורלס 5.15 חום שוקולד עשיר חדש,לוריאל ישראל קוסמטיקס בעמ,PL,צבע לשיער קולור נטורלס 5.15 חום שוקולד,,0.00,0.00,false,1.00,23.90,0.00,true,0,
3600542432009,false,גרנייה - קולור נטורלס 4.5 חום שוקולד כהה חדש,לוריאל ישראל קוסמטיקס בעמ,PL,צבע לשיער קולור נטורלס 4.5 חום שוקולד,,0.00,0.00,false,1.00,23.90,0.00,true,0,
3600542432016,false,צבע לשיער קולור נטורלס- 5.25 חום מהגוני פנינה בהיר,לוריאל ישראל קוסמטיקס בעמ,PL,צבע לשיער קולור נטורלס 5.25 חום מהגוני,,0.00,0.00,false,1.00,23.90,0.00,true,0,
3600542432023,false,גרנייה - קולור נטורלס 2 שחור מעודן חדש,לוריאל ישראל קוסמטיקס בעמ,PL,צבע לשיער קולור נטורלס 2 שחור מעודן,,0.00,0.00,false,1.00,23.90,0.00,true,0,
3600542432030,false,גרנייה - קולור נטורלס 7.40+ נחושת עוצמתית חדש,לוריאל ישראל קוסמטיקס בע,PL,צבע לשיער קולור נטורלס +7.40 נחושת עוצמתית,,0.00,0.00,false,1.00,23.90,0.00,true,0,
3600542432047,false,גרנייה - קולור נטורלס 10.1 בלונד סופר בהיר ב חדש,קוסמופול,PL,צבע לשיער קולור נטורלס 10.1 בלונד סופר בהיר בז',,0.00,0.00,false,1.00,23.90,0.00,true,0,
3600542432054,false,גרנייה - קולור נטורלס 9.1 בלונד בהיר מאוד א חדש,קוסמופול,PL,צבע לשיער קולור נטורלס 9.1 בלונד בהיר מאור אפרפר,,0.00,0.00,false,1.00,23.90,0.00,true,0,
3600542432061,false,גרנייה - קולור נטורלס 7.1 בלונד טבעי אפרפר חדש,קוסמופול,PL,צבע לשיער קולור נטורלס 7.1 בלונד טבעי אפרפר,,0.00,0.00,false,1.00,23.90,0.00,true,0,
3600542432078,false,גרנייה - קולור נטורלס 3.12 חום קפוא חדש,קוסמופול,PL,צבע לשיער קולור נטורלס 3.12 חום קפוא,,0.00,0.00,false,1.00,23.90,0.00,true,0,
3600542432085,false,גרנייה - קולור נטורלס 4.12 חום קרח חדש,לוריאל ישראל קוסמטיקס בע,PL,צבע לשיער קולור נטורלס 4.12 חום קרח,,0.00,0.00,false,1.00,23.90,0.00,true,0,
3600542432092,false,גרנייה - קולור נטורלס 5.12 חום שלג חדש,קוסמופול,PL,צבע לשיער קולור נטורלס 5.12 חום שלג,,0.00,0.00,false,1.00,23.90,0.00,true,0,
3600542432962,false,"גרנייה - סרום לפנים אלוורה 30 מ""ל",לוריאל ישראל קוסמטיקס בעמ,DE,SKIN NATURALS סרום לפנים אלוורה,,0.00,100.00,false,1.00,61.90,0.02,true,0,
3600542433266,false,גרנייה - סרום לפנים ויטמין C סקין אקטיב,לוריאל ישראל קוסמטיקס בעמ,DE,SKIN ACTIVE סרום לפנים ויטמין C,,0.00,100.00,false,1.00,61.90,0.02,true,0,
3600542449915,false,גרנייה - אוליה מיני קיט 5.12 חום קרח נוצץ,לוריאל,PL,צבע שיער חום נוצץ 5.12,,0.00,0.00,false,1.00,29.90,0.00,true,0,
3600542449922,false,צבע לשיער אוליה גוון6.12,לוריאל,PL,צבע שיער חום בהיר נוצץ 6.12,,0.00,0.00,false,1.00,29.90,0.00,true,0,
3600542450683,false,גרנייה אומברה סולייר ברונזר תחליב משזף,לוריאל,IL,AMBRE SOLAIRE תחליב משזף ברונזר,,0.00,0.00,false,1.00,49.00,0.00,true,0,
3600542456579,false,מים מיסלר ויטמין סי 400 מל גרנייה,לוריאל ישראל קוסמטיקס בעמ,DE,SKIN ACTIVE מיסלר ויטמין סי,,0.00,100.00,false,1.00,39.90,0.00,true,0,
3600542456586,false,גרניה מי מיסלר עם מי ורדים 400 מל,לוריאל,PL,MICELLAR מי מיסלר עם מי ורדים,,0.00,100.00,false,1.00,39.90,0.00,true,0,
3600542456593,false,גרנייה פיור אקטיב מי פנים 200 מל,General,,PURE מי פנים,,0.00,100.00,false,1.00,35.90,0.00,true,0,
3600542503211,false,"גרנייה - פרוקטיס היירפוד מסכה חמאת קקאו 390 מ""ל",לוריאל,IL,מסכה לשיער חמאת קקאו,,0.00,100.00,false,1.00,39.90,0.00,true,0,
3600542503235,false,"גרנייה - פרוקטיס היירפוד מרכך חמאת קקאו 350 מ""ל","אינטרביוטי קוסמטיק בע""\מ",IL,מרכך חמאת קקאו,,0.00,100.00,false,1.00,14.90,0.00,true,0,
3600542503242,false,"גרנייה - פרוקטיס היירפוד שמפו חמאת קקאו 350 מ""ל","אינטרביוטי קוסמטיק בע""\מ",IL,שמפו חמאת קקאו,,0.00,100.00,false,1.00,14.90,0.00,true,0,
3605530314114,false,לנקום נוטריקס רויאל בודי 400 מל,לנקום,,NUTRIX ROYAL קרם גוף,"מ""ל",400.00,100.00,false,1.00,239.00,0.00,true,0,
3605530741385,false,לנקום קלרטה מוס 200 מל,לנקום,,MOUSSE ECLAT מוס אקלה,"מ""ל",200.00,100.00,false,1.00,189.00,0.00,true,0,
3605530742221,false,לנקום או דה בינפה קלרטה 400 מל,לנקום,,EAU MICELLAIRE DOUCEUR EXPRESS מי פנים,"מ""ל",400.00,100.00,false,1.00,239.00,0.00,true,0,
3605530742702,false,לנקום קלרטה גלטאיס 200 מל,לנקום,,,"מ""ל",200.00,100.00,false,1.00,159.00,0.00,true,0,
3605530744560,false,לנקום קונפורט מוס 125 מל,General,,CONFORT מוס,,0.00,100.00,false,1.00,159.00,0.01,true,0,
3605530931663,false,לנקום בוקאז רול און 50 מל,לוריאל,,BOCAGE דאודורנט רול און,,0.00,100.00,false,1.00,100.00,0.02,true,0,
3605532024844,false,לנקום גניפיק קרם 50 מל,לוריאל,,GENIFIQUE קרם יום,,0.00,100.00,false,1.00,349.00,0.06,true,0,
3605532026046,false,לנקום הידרה זן נרוקאלם קרם ליום SPF15,לוריאל,,HYDRA ZEN NEUROCALM קרם ליום SPF15,,0.00,100.00,false,1.00,279.00,0.05,true,0,
3605532189482,false,לנקום הידרזן ניורוקאלם קרם עיניים,General,,HYDRA ZEN NEUROCALM קרם עיניים,,0.00,100.00,false,1.00,245.00,0.16,true,0,
3605532532653,false,לנקום הידרזן ניורוקאלם קרם יום עור יבש,General,,HYDRA ZEN NEOCALM קרם יום לעור יבש,,0.00,100.00,false,1.00,279.00,0.05,true,0,
3605532532950,false,לנקום הידרזן ניורוקאלם קרם יום,לנקום,,HYDRA ZEN NEOCALM קרם יום,,0.00,100.00,false,1.00,279.00,0.05,true,0,
3605532533919,false,לנקום הידרזן קרם לילה 50 מל,General,FR,HYDRAZEN NUIT קרם לילה,,0.00,100.00,false,1.00,319.00,0.06,true,0,
3605532669786,false,לנקום רנרגי מולטי ליפט קרם עיניים,לוריאל,,RENERGIE MULTI LIFT קרם עיניים,,0.00,100.00,false,1.00,349.00,0.23,true,0,
3605532670270,false,לנקום רנרגי מולטי ליפט קרם לילה,לוריאל,,RENERGIE MULTI LIFT קרם לילה,,0.00,100.00,false,1.00,549.00,0.10,true,0,
3605532972152,false,לנקום אבסולו BX קרם עיניים 15 מל,לוריאל,,ABSOLUE PREMIUN BX קרם עיניים,,0.00,100.00,false,1.00,489.00,0.32,true,0,
3605532972640,false,לנקום אבסולו BX קרם יום 50 מל,לוריאל,,ABSOLUE BX קרם יום,,0.00,100.00,false,1.00,739.00,0.14,true,0,
3605532973623,false,לנקום אבסולו BX קרם לילה 75 מל,לוריאל,,ABSOLUE PREMIUM BX קרם לילה,,0.00,100.00,false,1.00,829.00,0.11,true,0,
3605533065785,false,לנקום אבסולו לאקסטרה קרם עיניים,לוריאל,,ABSOLUE L'EXTRAIT קרם עיניים,,0.00,100.00,false,1.00,1899.00,1.26,true,0,
3605533114070,false,לנקום ויזיונר סרום פלוס 50 מל,לוריאל,FR,VISIONNAIRE סרום פלוס,,0.00,100.00,false,1.00,549.00,0.10,true,0,
3605533307939,false,לנקום אבסולו לאקסטרה סרום,General,FR,ABSOLUE L'EXTRAIT סרום,,0.00,100.00,false,1.00,2189.00,0.72,true,0,
<<<<<<< HEAD
3607340717635,false,אדידס גל רחצה לגבר אייס דייב 400 מל,קוטי ס.פ,ES,ג'ל רחצה לגבר אייס דייב,,0.00,100.00,false,1.00,16.90,0.00,true,0,
=======
3607340717635,false,אדידס גל רחצה לגבר אייס דייב 400 מל,דנשר (1963) בעמ,ES,ג'ל רחצה לגבר אייס דייב,,0.00,100.00,false,1.00,16.90,0.00,true,0,
>>>>>>> d048ac2f4f281c9d788043ab4e81b61b0dbe3743
3607345264356,false,"אדידס בודי ספריי לגבר דינמיק פולס, ללא אלומיניום, 150 מל",דנשר,,דאודורנט ספריי דינמיק פלוס לגבר,,0.00,100.00,false,1.00,24.90,0.00,true,0,
3607345264912,false,"אדידס בודי ספריי לגבר אייס דייב, ללא אלומיניום, 150 מל",אגריפק אס איי לגרדה,,דאודורנט ספריי אייס דייב,,0.00,100.00,false,1.00,24.90,0.00,true,0,
3607345265117,false,"אדידס - דאודורנט ספריי לגבר טים פורס 150 מ""ל",מיוצר עי קונדיטוריית,ES,דאודורנט ספריי גוף טים פורס,,0.00,100.00,false,1.00,24.90,0.00,true,0,
3607345887890,false,אדידס ספריי גוף לנשים פרוטי רידם 150 מל,דנשר,ES,דאודורנט ספריי גוף לנשים פרוטי רידם,,0.00,100.00,false,1.00,24.90,0.00,true,0,
3607345888040,false,אדידס ספריי גוף לנשים פיור לייטנס 150 מל,דנשר,ES,דאודורנט ספריי גוף לנשים פיור לייטנס,,0.00,100.00,false,1.00,24.90,0.00,true,0,
3607347415589,false,"אדידס - דאודורנט רול און לאישה פרש קול אנד קר 50 מ""ל",קוטדור,ES,דאודורנט רול און פרש קול אנד קר לאשה,,0.00,100.00,false,1.00,16.90,0.00,true,0,
3607347918981,false,"אדידס - דאודורנט רול און לאישה קול אנד קר 6 ב-1 50 מ""ל",דנשר,ES,דאודורנט רול און 6 ב 1 קול אנד קר לאשה,,0.00,100.00,false,1.00,16.90,0.00,true,0,
3614223736485,false,"אדידס דאודורנט ספריי לגבר אדיפיור 200מ""ל",דנשר (1963) בעמ,PT,דאודורנט ספריי לגבר אדיפיור,,0.00,100.00,false,1.00,24.90,0.00,true,0,
3614224051235,false,אדידס דאודורנט ספריי גברים אדיפוואר 200מל,דנשר (1963) בעמ,PT,דאודורנט ספריי לגבר אדיפאוור 72 שעות,,0.00,100.00,false,1.00,24.90,0.00,true,0,
3614225394560,false,צבע לשיער קולסטון קיט לשורשים 6/0 בלונד כהה,HFC פרסטיג',FR,ערכת צבע מכסה שורשים ב-10 דקות 6/0 בלונד כהה,,0.00,0.00,false,1.00,29.90,0.00,true,0,
3614225394584,false,צבע לשיער קולסטון קיט לשורשים 5/0 חום טבעי,וולה Wella,FR,ערכת צבע מכסה שורשים ב-10 דקות 5/0 חום טבעי,,0.00,0.00,false,1.00,29.90,0.00,true,0,
3614225394591,false,צבע לשיער קולסטון קיט לשורשים 4/0 חום כהה,HFC פרסטיג',FR,ערכת צבע מכסה שורשים ב-10 דקות 4/0 חום כהה,,0.00,0.00,false,1.00,29.90,0.00,true,0,
3614225394607,false,צבע לשיער קולסטון קיט לשורשים 7/0 בלונד טבעי,וולה Wella,FR,ערכת צבע מכסה שורשים ב-10 דקות 7/0 בלונד טבעי,,0.00,0.00,false,1.00,29.90,0.00,true,0,
3614225394621,false,קולסטון רוט טאצ אפ קיט 6/7 חום בהיר שוקו,HFC פרסטיג',FR,ערכת צבע מכסה שורשים ב-10 דקות 6/7 חום בהיר שוקולד,,0.00,0.00,false,1.00,29.90,0.00,true,0,
3614225394638,false,קולסטון רוט טאצ אפ קיט 2/0 שחור/חום שחור,דיפלומט,FR,ערכת צבע מכסה שורשים ב-10 דקות 2/0 שחור/חום שחור,,0.00,0.00,false,1.00,29.90,0.00,true,0,
3614225394645,false,צבע לשיער קולסטון קיט לשורשים 3/0 חום כהה מאוד,דיפלומט מפיצים (1986) בע`מ,FR,ערכת צבע מכסה שורשים ב-10 דקות 3/0 חום כהה מאוד,,0.00,0.00,false,1.00,29.90,0.00,true,0,
3614226754196,false,"וולה פלקס ספריי לנפח והגנה וולה דלוקס 75 מ""ל","אינטרספריי, צרפת",FR,דלוקס ספריי לנפח והגנה,,0.00,100.00,false,1.00,16.90,0.00,true,0,
3614226754295,false,"וולה ספריי לנפח והגנה וולה דלוקס 250 מ""ל","אינטרספריי, צרפת",FR,דלוקס ספריי לנפח והגנה,,0.00,100.00,false,1.00,44.90,0.00,true,0,
3614226754301,false,"וולה מוס לנפח והגנה דלוקס 200 מ""ל",דיפלומט,FR,דלוקס מוס לנפח והגנה,,0.00,100.00,false,1.00,39.90,0.00,true,0,
3614226761651,false,תרסיס קולסטון רוט טאצ' אפ בלונד בהיר - כהה,וולה Wella,FR,תרסיס קונסילר זמני לשורשי השערות עמיד במים - בלונד בהיר-כהה,,0.00,100.00,false,1.00,39.90,0.00,true,0,
3614226761675,false,קולסטון רוט טאצ אפ ספריי שורשים-שחור,וולה Wella,FR,תרסיס קונסילר זמני לשורשי השערות עמיד במים - שחור,,0.00,100.00,false,1.00,39.90,0.00,true,0,
3614226768292,false,צבע לשיער קולסטון קיט 6/3 - בלונד זהוב כהה,וולה Wella,DE,קרם לצביעה לשיער 6/3 בלונד זהוב כהה,,0.00,0.00,false,1.00,39.90,0.00,true,0,
3614226768308,false,צבע לשיער קולסטון קיט 7/2 - בלונד בינוני מאט,וולה Wella,DE,קרם לצביעה לשיער 7/2 בלונד בינוני מאט,,0.00,0.00,false,1.00,39.90,0.00,true,0,
3614226768315,false,צבע לשיער קולסטון קיט 7/7 - חום שטני,וולה Wella,DE,קרם לצביעה לשיער 7/7 חום שטני,,0.00,0.00,false,1.00,39.90,0.00,true,0,
3614228865746,false,סופט קולור 80 בלונד בהיר,"HFC פרסטיג,'\ שטיינברג,",DE,ערכת צבע לשיער ללא אמוניה 80 בלונד בהיר,,0.00,0.00,false,1.00,39.90,0.00,true,0,
3614228865784,false,סופט קולור 70 בלונד טבעי,"HFC פרסטיג,'\ שטיינברג,",DE,ערכת צבע לשיער ללא אמוניה 70 בלונד טבעי,,0.00,0.00,false,1.00,39.90,0.00,true,0,
3614228865791,false,סופט קולור 67 חום שוקולד,"HFC פרסטיג,'\ שטיינברג,",DE,ערכת צבע לשיער ללא אמוניה 67 חום שוקולד,,0.00,0.00,false,1.00,39.90,0.00,true,0,
3614228865807,false,סופט קולור 63 קרמל זהוב,"HFC פרסטיג,'\ שטיינברג,",DE,ערכת צבע לשיער ללא אמוניה 63 קרמל זהוב,,0.00,0.00,false,1.00,39.90,0.00,true,0,
3614228865814,false,סופט קולור 60 בלונד כהה,"HFC פרסטיג,'\ שטיינברג,",DE,ערכת צבע לשיער ללא אמוניה 60 בלונד כהה,,0.00,0.00,false,1.00,39.90,0.00,true,0,
3614228865821,false,סופט קולור 50 חום בהיר,"HFC פרסטיג,'\ שטיינברג,",DE,ערכת צבע לשיער ללא אמוניה 50 חום בהיר,,0.00,0.00,false,1.00,39.90,0.00,true,0,
3614228865852,false,סופט קולור 40 חום בינוני,"HFC פרסטיג,'\ שטיינברג,",DE,ערכת צבע לשיער ללא אמוניה 40 חום בינוני,,0.00,0.00,false,1.00,39.90,0.00,true,0,
3614228865869,false,סופט קולור 30 חום כהה,"HFC פרסטיג,'\ שטיינברג,",DE,ערכת צבע לשיער ללא אמוניה 30 חום כהה,,0.00,0.00,false,1.00,39.90,0.00,true,0,
3614228865883,false,וולה סופט קולור 2/0 שחור,"HFC פרסטיג,'\ שטיינברג,",DE,ערכת צבע לשיער ללא אמוניה 20 שחור,,0.00,0.00,false,1.00,39.90,0.00,true,0,
3614229717044,false,"שמן לשיער וולה דלוקס לשיער יבש 100 מ""ל",דיפלומט,FR,דלוקס שמן לשיער יבש,,0.00,0.00,false,1.00,39.90,0.39,true,0,
3614229717051,false,"וולה שמן לשיער וולה דלוקס 100 מ""ל",דיפלומט,FR,דלוקס שמן לשיער,,0.00,0.00,false,1.00,39.90,0.39,true,0,
3614229717082,false,וולה מוס לשיער וולה דלוקס למגע חלק כמשי 200 מ,אינטרספריי,FR,דלוקס מוס למגע חלק כמשי,,0.00,100.00,false,1.00,39.90,0.00,true,0,
3614229717099,false,וולה ספריי לשיער וולה דלוקס למגע חלק כמשי 250,אינטרספריי,FR,דלוקס ספריי למגע חלק כמשי,,0.00,100.00,false,1.00,44.90,0.00,true,0,
3614229717105,false,וולה ספריי לחות וולה דלוקס לטיפוח וריכוך 150,דיפלומט,FR,דלוקס ספריי לחות לטיפוח וריכוך,,0.00,100.00,false,1.00,25.90,0.00,true,0,
3614270264900,false,לנקום רנרגי מולטי ליפט SPF15 לעור רגיל,לוריאל,FR,RENERGIE MULTI-LIFT לעור רגיל SPF15,,0.00,100.00,false,1.00,499.00,0.09,true,0,
3614270866258,false,לנקום אבסולו פרש סל מסכה 75 מל,לוריאל,FR,ABSOLUE PRECIOUS CELLS מסכה,,0.00,100.00,false,1.00,659.00,0.08,true,0,
3614271004437,false,לנקום אבסולו פרש סל ליפ באלם 15 מל,לוריאל,FR,ABSOLUE PRECIOUS CELLS NOURISHING LIP BALM,,0.00,100.00,false,1.00,269.00,0.17,true,0,
3614271676627,false,לנקום אבסולו סלס מסכת ורדים 75 מל,לוריאל,FR,ABSOLUE PRECIOUS CELLS מסיכת ורדים,,0.00,100.00,false,1.00,639.00,0.08,true,0,
3614271682291,false,לנקום אבסולו שמן ניקוי על בסיס גל 125 מל,General,FR,ABSOLUE שמן ניקוי על בסיס ג'ל,,0.00,100.00,false,1.00,359.00,0.02,true,0,
3614271768735,false,לנקום אבסולו סופט קרם לחות 60 מל,לנקום,FR,ABSOLUE SOFT קרם לחות,,0.00,100.00,false,1.00,929.00,0.15,true,0,
3614271834256,false,לנקום אבסולו לקסטרייט 50 מל,לוריאל,,ABSOLUE L EXTRAIT,,0.00,100.00,false,1.00,1650.00,0.33,true,0,
3614271955920,false,לנקום אבסולו ניקוי גל 125 מל,General,FR,ABSOLUE ניקוי ג'ל,,0.00,100.00,false,1.00,359.00,0.02,true,0,
3614271986054,false,לנקום אבסולו מי פנים במרקם תחליב 150 מל,לנקום,FR,ABSOLUE ROSE מי פנים במרקם תחליב,,0.00,100.00,false,1.00,469.00,0.03,true,0,
3614272022942,false,לנקום רנרגי מולטי גלוו קרם 50 מל,לוריאל,FR,RENERGIE MULTI GLOW קרם יום,,0.00,100.00,false,1.00,499.00,0.09,true,0,
3614272048607,false,לנקום אבסולו קרם עיניים 20 מל,לוריאל,FR,ABSOLUE קרם עיניים,,0.00,100.00,false,1.00,545.00,0.27,true,0,
3614272048805,false,לנקום אבסולו סופט קרם לחות 60 מל מילוי,General,FR,ABSOLUE SOFT מילוי לקרם לחות,,0.00,100.00,false,1.00,789.00,0.13,true,0,
3614272049154,false,לנקום אבסולו ריצ מילוי קרם לחות 60 מל,General,FR,ABSOLUE RICH מילוי לקרם לחות,,0.00,100.00,false,1.00,789.00,0.13,true,0,
3614272049161,false,לנקום אבסולו ריצ קרם לחות 60 מל,לנקום,FR,ABSOLUE RICH קרם לחות,,0.00,100.00,false,1.00,929.00,0.15,true,0,
3614272207646,false,לנקום הידרה זן מסיכת גל 100 מל,לוריאל,FR,HYDRAZEN מסכת ג'ל,,0.00,0.00,false,1.00,150.00,1.50,true,0,
3614272284593,false,לנקום אבסולו סרום לעיניים 15 מל,לנקום,FR,ABSOLUE ROSE סרום לעיניים,,0.00,100.00,false,1.00,633.00,0.42,true,0,
3614272325265,false,לנקום אבסולו סופט קרם יום 30 מל,לוריאל,FR,ABSOLUE SOFT קרם יום,,0.00,100.00,false,1.00,469.00,0.15,true,0,
3614272454187,false,לנקום רנרגי מולטי ליפט אולטרה קרם עיניים,לוריאל,FR,RENERGIE MULTI-LIFT ULTRA קרם עיניים,,0.00,100.00,false,1.00,319.00,0.21,true,0,
3614272524200,false,לנקום רנרגי מולטי גלואו קרם עיניים 15 מל,לוריאל,FR,RENERGIE MULTI- GLOW קרם עיניים,,0.00,100.00,false,1.00,319.00,0.21,true,0,
3614272549319,false,לנקום מסכת פנים בעלת אפקט קירור להידוק מ,לוריאל,FR,ROSE SORBET מסכת פנים בעלת אפקט קירור להידוק מראה הנקבוביות והחלקת מראה העור,,0.00,100.00,false,1.00,150.00,0.03,true,0,
3614272623538,false,לנקום גניפיק אדוונס 50 מל,לוריאל,FR,GENIFIQUE ADVANCED סרום,,0.00,100.00,false,1.00,479.00,0.09,true,0,
3614272664616,false,לנקום רנרגי מולטי ליפט אולטרה קרם יום 50,לוריאל,FR,RENERGIE MULTI-LIFT ULTRA קרם יום במרקם קליל,,0.00,100.00,false,1.00,499.00,0.09,true,0,
3614272749788,false,לנקום הידרה זן קרם יום במרקם גל 30 מל,לוריאל,FR,HYDRA ZEN קרם יום במרקם ג'ל,,0.00,100.00,false,1.00,189.00,0.06,true,0,
3614272860377,false,לנקום רנרגי H.C.F. טריפל סרום 50 מל,לוריאל,FR,RENERGIE H.C.F טריפל סרום,,0.00,100.00,false,1.00,539.00,0.10,true,0,
3614272885738,false,לנקום רנרגי מולטי גלואו קרם לילה 50 מל,לוריאל,FR,RENERGIE MULTI GLOW קרם לילה,,0.00,100.00,false,1.00,519.00,0.10,true,0,
3614272916371,false,לנקום רנרגי מולטי ליפט אולטרה קרם יום 50,לוריאל,FR,RENERGIE MULTI-LIFT ULTRA קרם יום עם SPF20,,0.00,100.00,false,1.00,499.00,0.09,true,0,
3614273274647,false,לנקום גנפיק קרם עיניים 15 מל,לוריאל,FR,GENIFIQUE קרם עיניים,,0.00,100.00,false,1.00,279.00,0.18,true,0,
3614273346498,false,לנקום אבסולו סרום לפנים 30 מל,לוריאל,FR,ABSOLUE סרום לפנים,,0.00,100.00,false,1.00,1160.00,0.38,true,0,
3614273595698,false,לנקום אדוונס גניפיק סט סרום 50 מל,לוריאל,FR,ADVANCED GENIFIQUE סט סרום + קרם יום + קרם לילה + קרם עיניים,,0.00,0.00,false,1.00,479.00,0.00,true,0,
3614273660440,false,לנקום גנפיק לייט פארל - סרום עיניים,לוריאל,FR,GENIFIQUE LIGHT PEARL סרום עיניים,,0.00,100.00,false,1.00,309.00,0.15,true,0,
3614273685627,false,לנקום רנרגי מארז מולטי ליפט קרם עיניים,לוריאל,FR,RENERGIE MULTI LIFT סט קרם עיניים + סרום + מסיר איפור + מסקרה,,0.00,0.00,false,1.00,319.00,0.00,true,0,
3614273685672,false,לנקום גניפיק מארז טיפוח סרום 50 מל,לוריאל,FR,GENIFIQUE מארז סרום + קרם לילה + קרם לילה + קרם יום,,0.00,0.00,false,1.00,479.00,0.00,true,0,
3614273719599,false,לנקום נוטריקס125,General,,NUTRIX,"מ""ל",125.00,100.00,false,1.00,449.00,0.03,true,0,
3614273882477,false,לנקום גניפיק מארז טיפוח סרום 50 מל,לוריאל,FR,GENIFIQUE מארז סרום + קרם לילה + קרם יום + קרם עיניים,,0.00,0.00,false,1.00,479.00,0.00,true,0,
3614273882491,false,לנקום רנרגי מארז טיפוח קרם פנים 50 מל,לוריאל,FR,RENERGIE מארז קרם יום + קרם לילה + סרום פנים,,0.00,0.00,false,1.00,499.00,0.00,true,0,
3614273882507,false,לנקום רנרגי מארז טיפוח סרום 50 מל,לוריאל,FR,RENERGIE מארז סרום + קרם לילה + קרם יום + קרם עיניים,,0.00,0.00,false,1.00,539.00,0.00,true,0,
3616302076796,false,סופט קולור 10 אספרסו שחור,דיפלומט,DE,ערכת צבע לשיער ללא אמוניה 10 אספרסו שחור,,0.00,0.00,false,1.00,39.90,0.00,true,0,
3616302076819,false,סופט קולור 535 חום קפה ערביקה,דיפלומט,DE,ערכת צבע לשיער ללא אמוניה 535 חום קפה ערביקה,,0.00,0.00,false,1.00,39.90,0.00,true,0,
3616302076833,false,סופט קולור 323 קפה רובוסטה כהה,דיפלומט,DE,ערכת צבע לשיער ללא אמוניה 323 קפה רובוסטה כהה,,0.00,0.00,false,1.00,39.90,0.00,true,0,
3616302078622,false,קולסטון קיט 1/0 שחור לילה כהה במיוחד,MANUFACTURI PRESTIGE HFC,DE,קרם לצביעה לשיער 1/0 שחור לילה כהה במיוחד,,0.00,0.00,false,1.00,39.90,0.00,true,0,
3661163970448,false,"אדידס דאודורנט ספריי מקס פרש לגברים 200 מ""ל",מיוצר עי קונדיטוריית,,דאודורנט ספריי לגבר פרש,,0.00,100.00,false,1.00,24.90,0.00,true,0,
3661163990545,false,"אדידס דאודורנט ספריי לגברים אקשיין 200 מ""ל",מיוצר עי קונדיטוריית,PT,דאודורנט ספריי לגברים קליימקול,,0.00,100.00,false,1.00,24.90,0.00,true,0,
3661163991146,false,"אדידס - דאודורנט ספריי לאישה קול אנד קר פרש 150 מ""ל",מיוצר עי קונדיטוריית,,דאודורנט ספריי לאשה פרש,"מ""ל",200.00,100.00,false,1.00,24.90,0.00,true,0,
3661163991580,false,"אדידס - דאודורנט ספריי לאישה קול אנד קר 6 ב-1 150 מ""ל",מיוצר עי קונדיטוריית,PT,דאודורנט ספריי לאשה 6 ב-1 קול קר,"מ""ל",200.00,100.00,false,1.00,24.90,0.00,true,0,
3665468301723,false,אירוויק באז מבשם ומנטרל ריחות בניחוח לילות לבנים 237 מ'ל,רקיט בנקיזר (ניר איסט) בעמ,PL,מבשם אוויר לניטרול ריחות - לילות לבנים,,0.00,100.00,false,1.00,19.90,0.00,true,0,
3666057003417,false,קלרינס סופר- לחות באלם 50 מל לגבר,אלפא,FR,SUPER MOISTURE קרם לחות באלם לגבר,,0.00,100.00,false,1.00,195.00,0.03,true,0,
3666057003943,false,קלרינס דאו רול און 50 מל לגבר,אלפא,FR,ANTIPERSPIRANT דאודורנט רול און,,0.00,100.00,false,1.00,139.00,0.02,true,0,
3666057008177,false,קלרינס קרם יום מולטי אקטיב 50 מל,אלפא,FR,קרם יום מולטי אקטיב,,0.00,100.00,false,1.00,399.00,0.07,true,0,
3666057012822,false,קלרינס קלרינס קונטור גל עיניים 20 מל,אלפא,FR,SKIN CARE EYE קונטור ג'ל עיניים,,0.00,100.00,false,1.00,210.00,0.10,true,0,
3666057012839,false,קלרינס מסכת לחות עיניים 20 מל,אלפא,FR,SKIN CARE EYE מסכת לחות עיניים,,0.00,100.00,false,1.00,210.00,0.10,true,0,
3666057012846,false,קלרינס קרם גל עיניים 15 מל,אלפא,FR,SKIN CARE EYE קרם ג'ל עיניים,,0.00,100.00,false,1.00,245.00,0.16,true,0,
3666057012853,false,קלרינס קרם עיניים באלם 15 מל,אלפא,FR,SKIN CARE EYE קרם עיניים באלם,,0.00,100.00,false,1.00,309.00,0.20,true,0,
3666057014178,false,קלרינס הידרה אסנשיאל קרם יום כל סוגיהעור,אלפא,FR,HYDRA ESSENTIEL קרם יום לכל סוגי העור,,0.00,100.00,false,1.00,389.00,0.07,true,0,
3666057016035,false,קלרינס מולטי אקטיב קרם לילה 50 מל,אלפא,FR,MULTI-ACTIVE קרם לילה,,0.00,100.00,false,1.00,469.00,0.09,true,0,
3666057019050,false,קלרינס סופר- גל לחות 50 מל לגבר,אלפא,FR,SUPER MOISTURE ג'ל לחות לגבר,,0.00,100.00,false,1.00,195.00,0.03,true,0,
3666057020599,false,קלרנס אקסטרה פירמינג מסכה 75 מל,אלפא,FR,EXTRA FIRMING מסכה,,0.00,100.00,false,1.00,359.00,0.04,true,0,
3666057026164,false,קלרינס אקסטרה אורדינר מי גוף 100 מל,אלפא,FR,EAU EXTRAORDINAIRE מי גוף,,0.00,0.00,false,1.00,279.00,2.79,true,0,
3666057026287,false,קלרינס אקסטרה אורדינר קרם גוף 200 מל,אלפא,FR,EAU EXTRAORDINAIRE קרם גוף,,0.00,100.00,false,1.00,229.00,0.01,true,0,
3666057030901,false,קלרינס שמן פנים ארומתרפי בלו אורכידה 30,אלפא,FR,BLUE ORCHID שמן פנים ארומתרפי,,0.00,100.00,false,1.00,289.00,0.09,true,0,
3666057031076,false,קלרנס שמן טוניק לגוף,אלפא,,שמן טוניק לגוף,,0.00,0.00,false,1.00,279.00,2.79,true,0,
3666057038617,false,קלרינס סופר לחות לגבר תחליב SPF20,אלפא,FR,SUPER MOISTURE לחות לגבר תחליב SPF20,,0.00,100.00,false,1.00,195.00,0.03,true,0,
3666057040221,false,קלרינס ברייט פלוס סרום 30 מל,אלפא,FR,BRIGHT PLUS סרום,,0.00,100.00,false,1.00,365.00,0.12,true,0,
3666057042317,false,קלרנס לגבר גל ניקוי 125,אלפא,,ACTIVE ג'ל ניקוי לגבר,,0.00,100.00,false,1.00,155.00,0.01,true,0,
3666057058103,false,קלרינס מארז דאבל סרום+קרם יום+קרם לילה,אלפא,FR,DOUBLE SERUM & MULTI ACTIVE מארז סרום + קרם יום + קרם לילה,,0.00,0.00,false,1.00,620.00,0.00,true,0,
3666057058110,false,קלרינס מארז דאבל סרום+קרם יום+קרם לילה,אלפא,FR,DOUBLE SERUM & EXTRA FIRMING מארז סרום + קרם יום + קרם לילה,,0.00,0.00,false,1.00,620.00,0.00,true,0,
3666057058158,false,קלרינס סט קרם יום+מים מיסלרים+קרם לילה,אלפא,FR,MULTI ACTIVE סט קרם יום + מים מיסלרים + קרם לילה,,0.00,0.00,false,1.00,399.00,0.00,true,0,
3666057058172,false,קלרינס מארז סופר רסטורייטיב ק.יום+ק.יד+ק,אלפא,FR,SUPER RESTORATIVE מארז קרם יום + קרם ידיים + קרם לילה,,0.00,0.00,false,1.00,639.00,0.00,true,0,
3666057058189,false,קלרינס מארז נוטרי לומייר ק.יום+תמצית+ק.ל,אלפא,FR,NUTRI LUMIERE מארז קרם יום + תמצית + קרם לילה,,0.00,0.00,false,1.00,750.00,0.00,true,0,
3701129800089,false,ביודרמה פיגמנטביו קרם לילה,כמיפל שיווק,FR,פיגמנטביו קרם לילה,,0.00,100.00,false,1.00,169.90,0.03,true,0,
3701129800102,false,ביודרמה פיגמנטביו H2O מים מיסלריים,כמיפל שיווק,FR,פיגמנטביו מים מיסלריים,,0.00,100.00,false,1.00,74.90,0.00,true,0,
3701129800119,false,ביודרמה פיגמנטביו ויטמין C לכתמים 15 מל,כמיפל שיווק,FR,פיגמנטביו ויטמין C לכתמים כהים בפנים,,0.00,100.00,false,1.00,249.90,0.16,true,0,
3701129800218,false,ביודרמה פוטודרם מוס ילדים 150 מל +SPF50,כמיפל שיווק,FR,פוטודרם מוס ילדים +SPF50,,0.00,100.00,false,1.00,109.00,0.00,true,0,
3701129800263,false,ביודרמה פוטודרם מקס ארוסול 150מל +SPF50,כמיפל שיווק,FR,פוטודרם מקס ארוסול +SPF50,,0.00,100.00,false,1.00,129.90,0.00,true,0,
3701129800546,false,ביודרמה פיגמנטביו קרם קצף 200 מל,כמיפל שיווק,FR,פיגמנטביו קרם קצף,,0.00,100.00,false,1.00,89.90,0.00,true,0,
3701129801055,false,ביודרמה פוטודרם ילדים 200 מל +SPF50 ספרי,כמיפל שיווק,FR,פוטודרם ילדים +SPF50 ספריי,,0.00,100.00,false,1.00,139.90,0.00,true,0,
3701129801062,false,ביודרמה פוטודרם מקס 200 מל +SPF50 ספריי,כמיפל שיווק,FR,פוטודרם מקס +SPF50 ספריי,,0.00,100.00,false,1.00,129.90,0.00,true,0,
3701129801116,false,ביודרמה פוטודרם קרם הגנה AKN SPF30,כמיפל שיווק,FR,פוטודרם קרם הגנה AKN SPF30,,0.00,100.00,false,1.00,79.90,0.01,true,0,
3701129801178,false,ביודרמה פוטודרם ספוט 40מל +SPF50,כמיפל שיווק,FR,פוטודרם ספוט +SPF50,,0.00,100.00,false,1.00,79.90,0.02,true,0,
3701129803431,false,ביודרמה פוטודרם קאבר טאצ - צבע זהוב,כמיפל שיווק,FR,פוטודרם קאבר טאצ' - צבע זהוב,,0.00,100.00,false,1.00,99.90,0.02,true,0,
3701129803455,false,ביודרמה פוטודרם ניוד טאצ - צבע בהיר מאוד,כמיפל שיווק,FR,פוטודרם ניוד טאצ' - צבע בהיר מאוד,,0.00,100.00,false,1.00,99.90,0.02,true,0,
3760096760987,false,קירינס עטיפת זוהר לפנים 30 גרם,שסטוביץ,FR,עטיפת זוהר לפנים,,0.00,0.00,false,1.00,19.90,0.00,true,0,
3800020403631,false,קיט קט וופל פריך עם קרם בוטנים (19%) בציפוי שוקולד חלב (61.8%),קבוצת אוסם סחר-שות.מוגבלת,,קיט קט צ'אנקי חמאת בוטנים,,0.00,100.00,false,1.00,4.90,0.00,true,0,
3800020423578,false,קיט קט שוקולד אצבעות צ'אנקי אדום 40ג',קבוצת אוסם סחר שותפות מוגבלת,BG,קיט קט צ'אנקי,,0.00,100.00,false,1.00,4.90,0.00,true,0,
3800020472712,false,חטיף קיט קאט צאנקי פופקורן 42 ג',קבוצת אוסם סחר שותפות מוגבלת,BG,קיט קט צ'אנקי פופקורן,,0.00,100.00,false,1.00,4.90,0.00,true,0,
3800038933656,false,דרמה גל היגייני לניקוי הידיים 50 מל 65%,זר הייטק,IL,ג'ל היגייני לניקוי הידיים 65% אלכוהול,,0.00,100.00,false,1.00,7.90,0.00,true,0,
3838824127149,false,צבע לשיער פלטה - 1-1 שחור כחול,שוורצקופף והנקל,,קרם צבע שיער שחור כחול 1-1,,0.00,0.00,false,1.00,29.90,0.00,true,0,
<<<<<<< HEAD
3838824127163,false,צבע לשיער פאלטה בלונד כסוף 1-10,שוורצקופף והנקל,,קרם צבע שיער בלונד כסוף 10-1,,0.00,0.00,false,1.00,29.90,0.00,true,0,
3838824127200,false,פלטה סמי קיט 5-68 ערמונים בינוני,שוורצקופף והנקל,,קרם צבע שיער חום כהה 3-0,,0.00,0.00,false,1.00,29.90,0.00,true,0,
3838824127224,false,פלטה סמי קיט חום בינוני 4-0 צבע שיער,שוורצקופף והנקל,,קרם צבע שיער חום בינוני 4-0,,0.00,0.00,false,1.00,29.90,0.00,true,0,
=======
3838824127163,false,צבע לשיער פאלטה סמי קיט 1-10 בלונד כסוף,שוורצקופף והנקל,,קרם צבע שיער בלונד כסוף 10-1,,0.00,0.00,false,1.00,29.90,0.00,true,0,
3838824127200,false,צבע לשיער פאלטה סמי קיט 3-0 חום כהה,שוורצקופף והנקל,,קרם צבע שיער חום כהה 3-0,,0.00,0.00,false,1.00,29.90,0.00,true,0,
3838824127224,false,צבע לשיער פאלטה סמי קיט חום בינוני 4-0,שוורצקופף והנקל,,קרם צבע שיער חום בינוני 4-0,,0.00,0.00,false,1.00,29.90,0.00,true,0,
>>>>>>> d048ac2f4f281c9d788043ab4e81b61b0dbe3743
3838824127248,false,פלטה סמי קיט חום בהיר 5-0 צבע שיער,שוורצקופף והנקל,,קרם צבע שיער חום בהיר 5-0,,0.00,0.00,false,1.00,29.90,0.00,true,0,
3838824127262,false,פלטה סמי קיט בלונד כהה 6-0 צבע שיער,שוורצקופף והנקל,,קרם צבע שיער בלונד כהה 6-0,,0.00,0.00,false,1.00,29.90,0.00,true,0,
3838824127286,false,צבע לשיער פלטה - 7-0 בלונד בינוני,שוורצקופף והנקל,,קרם צבע שיער בלונד בינוני 7-0,,0.00,0.00,false,1.00,29.90,0.00,true,0,
3838824127309,false,צבע לשיער פאלטה סמי קיט בלונד בהיר 8-0,שוורצקופף והנקל,,קרם צבע שיער בלונד בהיר 8-0,,0.00,0.00,false,1.00,29.90,0.00,true,0,
3838824127361,false,צבע לשיער פאלטה סמי קיט ערמונים בינוני 5,שוורצקופף והנקל,,קרם צבע שיער ערמונים בינוני 5-68,,0.00,0.00,false,1.00,29.90,0.00,true,0,
3838824127507,false,צבע לשיער פאלטה סמי קיט חום קטיפתי 4-60,שוורצקופף והנקל,,קרם צבע שיער חום קטיפתי 4-60,,0.00,0.00,false,1.00,29.90,0.00,true,0,
3838824127583,false,צבע לשיער פלטה - 6-88 אדום בוער,שוורצקופף והנקל,,קרם צבע שיער אדום בוער 6-88,,0.00,0.00,false,1.00,29.90,0.00,true,0,
3838824127644,false,צבע לשיער פלטה - 4-89 חציל זוהר,שוורצקופף והנקל,,קרם צבע שיער חציל זוהר 4.89,,0.00,0.00,false,1.00,29.90,0.00,true,0,
3838824128726,false,פלטה דלוקס קיט 10-5 בלונד זהוב מבריק,שוורצקופף & הנקל דיסלדור,,DELUXE צבע שיער 10-5 בלונד זהוב מבריק,,0.00,0.00,false,1.00,39.90,0.00,true,0,
3838824128788,false,פאלטה - דלוקס שמני הזנה אדום לוהט 6-888,שוורצקוף Schwarzkopf,,קרם צבע שיער אדום עמוק 6-888,,0.00,0.00,false,1.00,39.90,0.00,true,0,
3838824128849,false,פאלטה - דלוקס שמני הזנה ערמונים 5-68,שוורצקוף Schwarzkopf,,קרם צבע שיער ערמונים בינוני 5-68,,0.00,0.00,false,1.00,39.90,0.00,true,0,
3838824128887,false,פאלטה - דלוקס שמני הזנה שוקולטה 3-65,הנקל סוד,,קרם צבע שיער שוקולטה 3-65,,0.00,0.00,false,1.00,39.90,0.00,true,0,
3838824128948,false,פאלטה - דלוקס שמני הזנה חום כהה 3-0,הנקל סוד בעמ,,קרם צבע שיער חום כהה 3-0,,0.00,0.00,false,1.00,39.90,0.00,true,0,
3838824129020,false,פאלטה - דלוקס שמני הזנה שחור 1-0,שוורצקוף Schwarzkopf,,קרם צבע שיער שחור 1,,0.00,0.00,false,1.00,39.90,0.00,true,0,
3838824129068,false,פאלטה - דלוקס שמני הזנה חום קפה 4-68,הנקל סוד,,קרם צבע לשיער חום קפה 4-68,,0.00,0.00,false,1.00,39.90,0.00,true,0,
3838824129105,false,פאלטה - דלוקס שמני הזנה בלונד שמש 9-0,שוורצקוף Schwarzkopf,DE,DELUXE צבע שיער 9-0 בלונד שמש,,0.00,0.00,false,1.00,39.90,0.00,true,0,
3838824167145,false,פאלטה - דלוקס שמני הזנה קינמון 7-65,שוורצקוף Schwarzkopf,,קרם צבע שיער חום זהב בהיר 7-65,,0.00,0.00,false,1.00,39.90,0.00,true,0,
3838824193915,false,צבע לשיער פאלטה סמי קיט שחור 0-1,שוורצקופף והנקל,,קרם צבע שיער שחור 1-0,,0.00,0.00,false,1.00,29.90,0.00,true,0,
3838824193939,false,פאלטה - דלוקס שמני הזנה סגול אצילי 4-99,שוורצקוף Schwarzkopf,,קרם צבע שיער סגול עמוק 4-99,,0.00,0.00,false,1.00,39.90,0.00,true,0,
3838824214320,false,פאלטה - דלוקס שמני הזנה שחור כחול 1-1,שוורצקוף Schwarzkopf,,קרם צבע שיער שחור כחול 1-1,,0.00,0.00,false,1.00,39.90,0.00,true,0,
<<<<<<< HEAD
3838824240275,false,פלטה סמי קיט 8-0 בלונד בהיר,שוורצקופף והנקל,,קרם צבע שיער נוגט 6-65,,0.00,0.00,false,1.00,29.90,0.00,true,0,
=======
3838824240275,false,צבע לשיער פאלטה סמי קיט 6-65 נוגט,שוורצקופף והנקל,,קרם צבע שיער נוגט 6-65,,0.00,0.00,false,1.00,29.90,0.00,true,0,
>>>>>>> d048ac2f4f281c9d788043ab4e81b61b0dbe3743
3838824276007,false,צבע לשיער פאלטה בלונד בהיר מאוד 0-9,שוורצקופף והנקל,,צבע שיער 9-0 בלונד בהיר מאוד,,0.00,0.00,false,1.00,29.90,0.00,true,0,
3838824327099,false,פאלטה בלונד פודרה 10-46 סמי קיט,שוורצקופף והנקל,DE,קרם צבע שיער בלונד פודרה 10-46,,0.00,0.00,false,1.00,29.90,0.00,true,0,
3838824332130,false,צבע שיער פאלטה סמי קיט 3-68 מהגוני כהה,שוורצקופף והנקל,DE,קרם צבע שיער מהגוני כהה 3-68,,0.00,0.00,false,1.00,29.90,0.00,true,0,
3838824332178,false,פאלטה ברוז' חום אדום יין 6-80 סמי קיט,שוורצקופף והנקל,DE,קרם צבע שיער חום אדום יין 6-80,,0.00,0.00,false,1.00,29.90,0.00,true,0,
3838824355856,false,רוט ריטצר בלונד בהיר ספריי לכיסוי שורשים,הנקל סוד,HU,ספריי לכיסוי מיידי של שורשי השיער- בלונד בהיר,,0.00,100.00,false,1.00,44.90,0.00,true,0,
3838824355887,false,רוט ריטצר בלונד כהה ספריי לכיסוי שורשים,הנקל סוד,HU,ספריי לכיסוי מיידי של שורשי השיער- בלונד כהה,,0.00,100.00,false,1.00,44.90,0.00,true,0,
3838824355917,false,רוט ריטצר חום ספריי לכיסוי שורשים,הנקל סוד,HU,ספריי לכיסוי מיידי של שורשי השיער - חום,,0.00,100.00,false,1.00,44.90,0.00,true,0,
3838824355948,false,רוט ריטצר חום כהה ספריי לכיסוי שורשים,הנקל סוד,HU,ספריי לכיסוי מיידי של שורשי השיער - חום כהה,,0.00,100.00,false,1.00,44.90,0.00,true,0,
3838824355979,false,רוט ריטצר שחור ספריי לכיסוי שורשים,הנקל סוד,HU,ספריי לכיסוי מיידי של שורשי השיער - שחור,,0.00,100.00,false,1.00,44.90,0.00,true,0,
3838824367682,false,"גליס מסכת פרוטאין 4ב1 400מ""ל חמאת קקאו",שוורצקופף והנקל,DE,מסכת לחות פרוטאין 4 ב-1 - חמאת קקאו,,0.00,100.00,false,1.00,49.90,0.00,true,0,
3838824367743,false,"גליס מסכת פרוטאין 4ב1 400מ""ל חמאת שיאה",שוורצקופף והנקל,DE,מסכת לחות פרוטאין 4 ב-1 - חמאת שיאה,,0.00,100.00,false,1.00,49.90,0.00,true,0,
3838824367781,false,גליס מסכה פרוטאין 4 ב-1 שמן אגוז בבאסו,שוורצקופף והנקל,DE,מסכת לחות פרוטאין 4 ב-1 - שמן אגוז בבאסו,,0.00,100.00,false,1.00,49.90,0.00,true,0,
3838824371146,false,גליס פילינג עדין לאיזון והזנת הקרקרפת150,הנקל שוורצקוף,TR,פילינג עדין לאיזון והזנת הקרקפת,,0.00,100.00,false,1.00,32.90,0.00,true,0,
3838824371191,false,גליס מרכך ספריי לאיזון והזנת הקרקרפת 200,הנקל שוורצקוף,TR,מרכך ספריי לאיזון והזנת הקרקפת,,0.00,100.00,false,1.00,32.90,0.00,true,0,
3838824380827,false,צבעי שיער בלונד כהה אפרפר 6-1 סמי קיט פאלטה,שוורצקופף והנקל,DE,קרם צבע שיער 6-1 בלונד כהה אפרפר,,0.00,0.00,false,1.00,29.90,0.00,true,0,
3838824380902,false,צבעי שיער בלונד סופר בהיר 10-0 סמי קיט פאלטה,שוורצקופף והנקל,DE,קרם צבע שיער 10-0 בלונד סופר בהיר,,0.00,0.00,false,1.00,29.90,0.00,true,0,
3838824380940,false,צבעי שיער בלונד בהיר אפרפר 8-1 סמי קיט פאלט,שוורצקופף והנקל,DE,קרם צבע שיער 8-1 בלונד בהיר אפרפר,,0.00,0.00,false,1.00,29.90,0.00,true,0,
3838824380988,false,צבעי שיער בלונד כסוף אפרפר 12-21 סמי קיט פאלטה,שוורצקופף והנקל,DE,קרם צבע שיער 12-21 בלונד כסוף אפרפר,,0.00,0.00,false,1.00,29.90,0.00,true,0,
3838824381022,false,צבעי שיער חום שוקולד כהה 3-65 סמי קיט פאלטה,שוורצקופף והנקל,DE,קרם צבע שיער 3-65 חום שוקולד כהה,,0.00,0.00,false,1.00,29.90,0.00,true,0,
4000417022004,false,ריטר ספורט שוקולד חלב מעולה עם צימוקים ואגוזי לוז 100 גרם,ריטר ספורט Ritter sport,,שוקולד צימוקים ואגוזים,,0.00,0.00,false,1.00,11.90,0.11,true,0,
4000417025005,false,שוקולד מריר במילוי מרציפן ריטר ספורט 100 גרם,ריטר ספורט Ritter sport,,שוקולד מרציפן,,0.00,0.00,false,1.00,10.90,0.10,true,0,
4000417026002,false,שוקולד ריטר ספורט פרלין 100 גרם חלב נוכרי,ריטר ספורט Ritter sport,,שוקולד חלב מעולה ממולא קרם פרלין,,0.00,0.00,false,1.00,10.90,0.10,true,0,
4000417101211,false,גלילי וופל עם קרם אגוזי לוז בציפוי שוקולד חלב,ליימן שליסל בע`מ,AT,גלילי וופל עם קרם אגוזי לוז בציפוי שוקולד חלב,,0.00,100.00,false,1.00,18.90,0.00,true,0,
4000417222008,false,שוקולד ריטר ספורט חלב+שברי אגוזים 100 גרם חלב נוכרי,ריטר ספורט Ritter sport,DE,שוקולד חלב עם שברי אגוזים,,0.00,0.00,false,1.00,10.90,0.10,true,0,
4000417294005,false,שוקולד ריטר מוס קקאו 100 גרם חלב נוכרי,ריטר ספורט Ritter sport,,שקולד חלב במילוי קרם קקאו מוקצף,,0.00,0.00,false,1.00,10.90,0.10,true,0,
4001638080040,false,וולדה סרום הזנה רימונים 30 מל,סמואלוב,FR,סרום הזנה רימונים,,0.00,100.00,false,1.00,149.90,0.04,true,0,
4001638081900,false,וולדה אמפולות הזנה ורד הבר,סמואלוב,DE,אמפולות הזנה ורד הבר,,0.00,1.00,false,1.00,99.90,17.83,true,0,
4001638088039,false,וולדה שמן לעיסוי צלוליט,סמואלוב,DE,שמן לעיסוי צלוליט,,0.00,0.00,false,1.00,120.90,1.20,true,0,
4001638088138,false,"וולדה קרם קלנדולה לאזור החיתול, 75 מ""ל",S.L.A (DR.SAMUELOV,,קרם קלנדולה לאזור החיתול,,0.00,100.00,false,1.00,49.90,0.00,true,0,
4001638088381,false,שפתון להגנת השפתיים ולהפגת היובש,S.L.A (DR.SAMUELOV,,שפתון EVERON,,0.00,100.00,false,1.00,37.90,0.07,true,0,
4001638090889,false,וולדה קרם יום רימונים 30 מל,סמואלוב,DE,קרם יום רימונים,,0.00,100.00,false,1.00,159.90,0.05,true,0,
4001638091015,false,וולדה קרם לילה רימונים 30 מל,סמואלוב,FR,קרם לילה רימונים,,0.00,100.00,false,1.00,159.90,0.05,true,0,
4001638095228,false,"וולדה - דאודורנט רול און לגבר 50 מ""ל",S.L.A (DR.SAMUELOV,DE,דאודורנט רול און לגבר,,0.00,100.00,false,1.00,43.90,0.00,true,0,
4001638095235,false,"וולדה - דאודורנט רול און לימון 50 מ""ל",S.L.A (DR.SAMUELOV,DE,דאודורנט רול און לימון,,0.00,100.00,false,1.00,43.90,0.00,true,0,
4001638095617,false,וולדה מי שיער לחיזוק סיב השיערה 100 מל,סמואלוב,,מי שיער רוזמרין לחיזוק סיב השערה,,0.00,0.00,false,1.00,69.90,0.69,true,0,
4001638096522,false,וולדה קרם לחות קלנדולה לגוף 75 מל,סמואלוב,,קרם לחות קלנדולה לגוף,,0.00,100.00,false,1.00,49.90,0.00,true,0,
4001638096539,false,וולדה חלב גוף קלנדולה לתינוק 200 מל,S.L.A (DR.SAMUELOV,,חלב גוף קלנדולה לתינוק,"מ""ל",200.00,100.00,false,1.00,74.90,0.00,true,0,
4001638096553,false,וולדה שמן קלנדולה לתינוק 200 מל,S.L.A (DR.SAMUELOV,,שמן קלנדולה לתינוק,"מ""ל",200.00,100.00,false,1.00,74.90,0.00,true,0,
4001638096591,false,וולדה קרם אמבט קלנדולה לתינוק 200 מל,S.L.A (DR.SAMUELOV,,קרם אמבט קלנדולה לתינוק,"מ""ל",200.00,100.00,false,1.00,79.90,0.00,true,0,
4001638096614,false,וולדה קרם לחות קלנדולה לפנים 50 מל,S.L.A (DR.SAMUELOV,,קרם לחות קלנדולה לפנים,,0.00,100.00,false,1.00,45.90,0.00,true,0,
4001638096638,false,וולדה קלנדולה קרם לחורף לתינוק 30מל,S.L.A (DR.SAMUELOV,,בייבי קרם קלנדולה לחורף לעור עדין,,0.00,100.00,false,1.00,39.90,0.01,true,0,
4001638096652,false,וולדה בייבי דרמה קרם החתלה נטופית לבנה,S.L.A (DR.SAMUELOV,DE,בייבי דרמה קרם נטופית לבנה לאזור החיתול,,0.00,100.00,false,1.00,69.90,0.01,true,0,
4001638097253,false,וולדה קרם עיניים רימונים 10 מל,סמואלוב,FR,קרם עיניים רימונים,,0.00,100.00,false,1.00,119.90,0.11,true,0,
4001638098014,false,וולדה משחת שיניים קלנדולה,S.L.A (DR.SAMUELOV,,משחת שיניים קלנדולה,,0.00,100.00,false,1.00,37.90,0.00,true,0,
4001638098045,false,וולדה משחת שיניים צמחית,S.L.A (DR.SAMUELOV,,משחת שיניים צמחית להגנה צמחית ולהרגעת החניכיים,,0.00,100.00,false,1.00,37.90,0.00,true,0,
4001638098090,false,"וולדה משחת שיניים מלחית, 75 מ""ל",S.L.A (DR.SAMUELOV,,משחת שיניים מלחית,,0.00,100.00,false,1.00,37.90,0.00,true,0,
4001638098595,false,"וולדה סקין פוד קרם, 75 מ""ל",סמואלוב,DE,"סקין פוד קרם הזנה,טיפוח וריכוך לעור יבש",,0.00,100.00,false,1.00,64.90,0.00,true,0,
4001638098946,false,"וולדה סבון קלנדולה, 100 גרם",S.L.A (DR.SAMUELOV,,סבון קלנדולה,,0.00,0.00,false,1.00,36.90,0.36,true,0,
4001638500029,false,וולדה קרם לחות 24 שעות,סמואלוב,DE,קרם לחות 24 שעות,,0.00,100.00,false,1.00,79.90,0.02,true,0,
4001638500050,false,וולדה קצף לניקוי עור הפנים 150 מל,סמואלוב,DE,קצף לניקוי עור הפנים,,0.00,100.00,false,1.00,69.90,0.00,true,0,
4001638500210,false,וולדה גל ניקוי מטהר לעור הנוטה לפצעונים,סמואלוב,DE,ג'ל ניקוי מטהר לעור הנוטה לפצעונים,,0.00,0.00,false,1.00,59.90,0.59,true,0,
4001638500227,false,וולדה קרם לחות לעור הנוטה לפצעונים,סמואלוב,DE,קרם לחות לעור הנוטה לפצעונים,,0.00,100.00,false,1.00,69.90,0.02,true,0,
4001638500234,false,וולדה טיפול נקודתי ומיידי לעור הנוטה לפצ,סמואלוב,DE,טיפול נקודתי ומיידי לעור הנוטה לפצעונים,,0.00,100.00,false,1.00,69.90,0.06,true,0,
4001638500258,false,וולדה תחליב להגנה מהשמש SPF30 לתינוק ולי,S.L.A (DR.SAMUELOV,CH,תחליב להגנה מהשמש SPF30 לתינוק ולילד,,0.00,100.00,false,1.00,109.90,0.00,true,0,
4001638500265,false,וולדה קרם פנים להגנה מהשמש SPF50 לתינוק,S.L.A (DR.SAMUELOV,CH,קרם פנים להגנה מהשמש SPF50 לתינוק ולילד,,0.00,100.00,false,1.00,64.90,0.01,true,0,
4001638501491,false,"וולדה סקין פוד לייט, 75 מ""ל",S.L.A (DR.SAMUELOV,DE,סקין פוד לייט לחות והזנה לעור יבש,,0.00,100.00,false,1.00,64.90,0.00,true,0,
4001638501989,false,וולדה סקין פוד חמאת שפתיים,S.L.A (DR.SAMUELOV,DE,סקין פוד חמאת שפתיים,,0.00,0.00,false,1.00,42.90,0.00,true,0,
4001638502368,false,וולדה שמן רימונים ממצק 30 מל,סמואלוב,DE,שמן רימונים ממצק,,0.00,100.00,false,1.00,149.90,0.04,true,0,
4001638523219,false,וולדה קרם הזנה 24 שעות,סמואלוב,DE,קרם הזנה 24 שעות,,0.00,100.00,false,1.00,79.90,0.02,true,0,
4001638526456,false,וולדה גל לחות לעיניים,סמואלוב,DE,ג'ל לחות לעיניים,,0.00,100.00,false,1.00,79.90,0.07,true,0,
4001638526708,false,"וולדה סקין פוד חמאת גוף 15, 150 מ""ל חדש",סמואלוב,DE,סקין פוד חמאת גוף,,0.00,100.00,false,1.00,89.90,0.00,true,0,
4001638530088,false,וולדה חמאת גוף לסימני מתיחה בהריון,סמואלוב,DE,חמאת גוף לסימני מתיחה בהריון,,0.00,100.00,false,1.00,109.90,0.00,true,0,
4002448017684,false,"סיליט באנג ספריי ניקוי כללי מסיר אבנית 750 מ""ל",רקיט בנקיזר (ניר איסט) בעמ,,באנג ניקוי כללי מסיר אבנית,"מ""ל",750.00,100.00,false,1.00,16.90,0.00,true,0,
4005808128273,false,ג'ל רחצה לגבר אנרג'י עם תמציות מנטה בניחוח ממריץ,טרופיקל דגיל תעשיות,,ג'ל רחצה לגבר תמציות מנטה,"מ""ל",500.00,100.00,false,1.00,18.90,0.00,true,0,
4005808148837,false,ניוואה יאנג גל גרגירים לשימוש יום יומי,ביירסדורץ,,יאנג ג'ל גרגירים,"מ""ל",150.00,100.00,false,1.00,39.00,0.00,true,0,
4005808185542,false,ניוואה רצועות לניקוי והסרת נקודות שחורות,ניוואה,DE,רצועות לניקוי והסרת נקודות שחורות,,0.00,0.00,false,1.00,39.00,0.00,true,0,
4005808222698,false,ניוואה לגבר- קצף גילוח לבעלי עור רגיש,ביירסדורץ,,קצף גילוח לעור רגיש,,0.00,100.00,false,1.00,24.90,0.00,true,0,
4005808223831,false,ניוואה Q10 קרם לחות לגבר,אלפא,,Q10 קרם לחות לגבר,,0.00,100.00,false,1.00,95.00,0.01,true,0,
4005808260706,false,"ניוואה ספריי הגנה מהשמש מעניק תחושת קרירות 50 SPF, 200 מ""ל",ביירסדורף,DE,SUN ספריי הגנה 50 SPF לתחושת קרירות,,0.00,100.00,false,1.00,49.90,0.00,true,0,
4005808293469,false,"ניוואה - דאודורנט ספריי לגבר יבש 150 מ""ל",אלפא- ב.ד.ף בעמ,,דאודורנט ספריי דריי אימפקט לגבר,,0.00,100.00,false,1.00,19.90,0.00,true,0,
4005808360413,false,ניוואה משחת החתלה 100 מל,אלפא,DE,משחת החתלה לתינוק,,0.00,0.00,false,1.00,24.90,0.24,true,0,
4005808361915,false,ניוואה בייבי קרם סופט לתינוק 200 מל,אלפא,DE,BABY קרם סופט לתינוק,,0.00,100.00,false,1.00,34.90,0.00,true,0,
4005808366392,false,שפתון ליובש כחול קלאסי לבלו 48 גרם,טרופיקל דגיל תעשיות,,שפתון לחות כחול קלאסי באריזה סגורה,,0.00,100.00,false,1.00,13.90,0.02,true,0,
4005808368280,false,שפתון ליובש דובדבן לבלו 48 גרם,טרופיקל דגיל תעשיות,,שפתון לחות לשפתיים בטעם דובדבן,,0.00,100.00,false,1.00,15.90,0.03,true,0,
4005808400348,false,"קרם רב שימושי מיוחד לתינוק 150מ""ל",אלפא ב.ד.ף בעמ,DE,BABY סנסיטיב SOS קרם לתינוק,,0.00,100.00,false,1.00,29.90,0.00,true,0,
4005808406029,false,"ניוואה - תחליב רחצה סופט 750 מ""ל",ביירסדורף,DE,תחליב רחצה סופט,"מ""ל",750.00,100.00,false,1.00,21.90,0.00,true,0,
4005808429882,false,ניוואה תחליב הגנה 200 מל SPF50,ביירסדורץ,DE,SUN פרוטקט &מויסט תחליב 50 SPF,,0.00,100.00,false,1.00,69.90,0.00,true,0,
<<<<<<< HEAD
4005808502004,false,לבלו שפתון סופט ורוד בליסטר 5.5מל,ביירסדורף,,שפתון לחות רוז ורוד בליסטר,,0.00,100.00,false,1.00,15.90,0.03,true,0,
4005808571246,false,ניוואה מסיר איפור לעיניים דאבל אפקט,HELLAS BEIERSDORF,,מסיר איפור עיניים דו פאזי,,0.00,100.00,false,1.00,39.00,0.00,true,0,
4005808588640,false,"ניוואה קרם גילוח לעור רגיש 100 מ""ל",ביירסדורף,,סנסטיב משחת גילוח לעור רגיש,,0.00,0.00,false,1.00,19.90,0.19,true,0,
4005808650002,false,שפתון לבלו כחול,ביירסדורץ,,שפתון לחות כחול קלאסי,,0.00,100.00,false,1.00,13.90,0.02,true,0,
=======
4005808502004,false,לבלו שפתון סופט ורוד בליסטר 5.5מל,אלפא- ב.ד.ף בעמ,,שפתון לחות רוז ורוד בליסטר,,0.00,100.00,false,1.00,15.90,0.03,true,0,
4005808571246,false,ניוואה מסיר איפור עיניים דו פאזי 125 מל,אלפא- ב.ד.ף בעמ,,מסיר איפור עיניים דו פאזי,,0.00,100.00,false,1.00,39.00,0.00,true,0,
4005808588640,false,"ניוואה קרם גילוח לעור רגיש 100 מ""ל",אלפא ב.ד.ף בעמ,,סנסטיב משחת גילוח לעור רגיש,,0.00,0.00,false,1.00,19.90,0.19,true,0,
4005808650002,false,לבלו שפתון ליובש כחול,לפ מאי ביוטי - גבריאל אפנג`ר,,שפתון לחות כחול קלאסי,,0.00,100.00,false,1.00,13.90,0.02,true,0,
>>>>>>> d048ac2f4f281c9d788043ab4e81b61b0dbe3743
4005808650200,false,לבלו שפתון סופט ורוד בודד 4.8גר,אלפא,,שפתון לחות סופט רוז,,0.00,100.00,false,1.00,15.90,0.03,true,0,
4005808650712,false,לבלו שפתון לחות דובדבן,HELLAS BEIERSDORF,,שפתון לחות דובדבן,,0.00,100.00,false,1.00,15.90,0.03,true,0,
4005808650729,false,לבלו שפתון תות שדה,ביירסדורף,,שפתון לחות לשפתיים בטעם תות,,0.00,100.00,false,1.00,15.90,0.03,true,0,
4005808650903,false,לבלו הידרו קר,ביירסדורף,,שפתון לחות הידרו קר בודד,,0.00,100.00,false,1.00,15.90,0.03,true,0,
<<<<<<< HEAD
4005808670314,false,"קרם לחות לפנים לעור רגיל - מעורב ניוואה 50 מ""ל",ניוואה Nivea,,AQUA EFFECT MOISTURIZING DAY CARE קרם לחות לעור רגיל/מעורב,,0.00,100.00,false,1.00,69.00,0.01,true,0,
4005808670611,false,"קרם לחות פנים לעור עדין-יבש ניוואה 50 מ""ל",ביירסדורץ,,AQUA EFFECT MOISTURIZING DAY CARE קרם לחות לעור יבש/רגיש,,0.00,100.00,false,1.00,69.00,0.01,true,0,
=======
4005808670314,false,"קרם לחות לפנים לעור רגיל - מעורב ניוואה 50 מ""ל",אלפא- ב.ד.ף בעמ,,AQUA EFFECT MOISTURIZING DAY CARE קרם לחות לעור רגיל/מעורב,,0.00,100.00,false,1.00,69.00,0.01,true,0,
4005808670611,false,"קרם לחות פנים לעור עדין-יבש ניוואה 50 מ""ל",אלפא- ב.ד.ף בעמ,,AQUA EFFECT MOISTURIZING DAY CARE קרם לחות לעור יבש/רגיש,,0.00,100.00,false,1.00,69.00,0.01,true,0,
>>>>>>> d048ac2f4f281c9d788043ab4e81b61b0dbe3743
4005808698103,false,ניוואה תחליב גוף סמוד לעור יבש 500 מל,בטר אנד דיפרנט,DE,תחליב גוף סמוד לעור יבש,,0.00,100.00,false,1.00,29.90,0.00,true,0,
4005808700073,false,ניוואה מסכת הזנה Q10 נגד קמטים,ניוואה ויסאז',,Q10 PLUS מסכת הזנה נגד קמטים,,0.00,100.00,false,1.00,10.00,0.00,true,0,
4005808702107,false,ניוואה תחליב גוף לעור יבש מאד 500 מל,בטר אנד דיפרנט,DE,תחליב גוף לעור יבש מאד,,0.00,100.00,false,1.00,29.90,0.00,true,0,
4005808746996,false,"ניוואה - סאן פרוטקט אנד ריפרש 200 מ""ל 30SPF",ביירסדורף,DE,SUN ספריי הגנה SPF30,,0.00,100.00,false,1.00,49.90,0.00,true,0,
4005808811700,false,ניוואה ג`ל ניקוי לפנים לעור שמן/מעורב 15,אלפא- ב.ד.ף בעמ,,ג'ל ניקוי לעור מעורב/שמן,"מ""ל",150.00,100.00,false,1.00,39.00,0.00,true,0,
4005808812875,false,"ניוואה קרם Q יום נגד קמטים 50 מ""ל",ביירסדורץ,,Q10 POWER קרם יום SPF15,,0.00,100.00,false,1.00,110.00,0.02,true,0,
4005808812882,false,"ניוואה ויסאז קרם עיניים Q 10, 15 מ""ל",ביירסדורץ,,Q10 POWER קרם עיניים,,0.00,100.00,false,1.00,100.00,0.06,true,0,
4005808812899,false,"ניוואה ויזג Q 10 לילי קרם נג קמטים ללילה, 50 מ""ל",ניוואה Nivea,,Q10 POWER קרם לילה,,0.00,100.00,false,1.00,110.00,0.02,true,0,
4005808813001,false,תחליב לחות לאחר גילוח ניוואה,ביירסדורץ,,תחליב לחות לגבר לאחר גילוח לעור רגיל,,0.00,0.00,false,1.00,49.90,0.49,true,0,
4005808813063,false,תחליב לחות לעור רגיש לאחר גילוח,בטר אנד דיפרנט,,פוסט שייבינג באלם תחליב לחות לאחר גילוח לעור רגיש,"מ""ל",200.00,0.00,false,1.00,49.90,0.49,true,0,
4005808817405,false,"ג'ל גילוח לעור רגיש ניוואה 200 מ""ל",פרוטרופיק סיה.,,ג'ל גילוח לעור רגיש,"מ""ל",200.00,100.00,false,1.00,28.90,0.00,true,0,
4005808827220,false,"ניוואה סרום סלולר 40 מ""ל",ניוואה ויסאז',,CELLULAR ANTI AGE סרום,,0.00,100.00,false,1.00,125.00,0.03,true,0,
4005808827268,false,ניוואה סלולר קרם לילה 50 מל,ניוואה ויסאז',,CELLULAR ANTI AGE SOIN DE NUIT קרם לילה,,0.00,100.00,false,1.00,125.00,0.02,true,0,
4005808827336,false,ניוואה סלולר קרם עיניים 15 מל,ניוואה ויסאז',,EASY LISS CELLULAR קרם עיניים,,0.00,100.00,false,1.00,125.00,0.08,true,0,
4005808827770,false,ניוואה סלולר קרם יום 50 מל,ניוואה ויסאז',,CELLULAR ANTI-AGE קרם יום,,0.00,100.00,false,1.00,125.00,0.02,true,0,
<<<<<<< HEAD
4005808828838,false,"ניוואה - דאודורנט ספריי לגבר קול קיק 150 מ""ל",ניוואה Nivea,,דאודורנט ספריי קול קיק לגבר,"מ""ל",150.00,100.00,false,1.00,19.90,0.00,true,0,
4005808837359,false,"ניוואה - דאודורנט רול און לאישה פרל אנד ביוטי 50 מ""ל",ביירסדורף AG,,דאודורנט רול און פרל אנד ביוטי לאישה,,0.00,100.00,false,1.00,19.90,0.00,true,0,
=======
4005808828838,false,"ניוואה - דאודורנט ספריי לגבר קול קיק 150 מ""ל",אלפא ב.ד.ף בעמ,,דאודורנט ספריי קול קיק לגבר,"מ""ל",150.00,100.00,false,1.00,19.90,0.00,true,0,
4005808837359,false,"ניוואה - דאודורנט רול און לאישה פרל אנד ביוטי 50 מ""ל",אלפא- ב.ד.ף בעמ,,דאודורנט רול און פרל אנד ביוטי לאישה,,0.00,100.00,false,1.00,19.90,0.00,true,0,
>>>>>>> d048ac2f4f281c9d788043ab4e81b61b0dbe3743
4005808847235,false,ניוואה מסכה מועשרת בתמציות חד פעמית,ביירסדורץ,,VISAGE VERWHNENDE HONIG מסכה מעושרת בתמציות חד פעמית,,0.00,100.00,false,1.00,10.00,0.00,true,0,
4005808850723,false,שפתון ליובש תות שדה לבלו,טרופיקל דגיל תעשיות,,שפתון לחות לשפתיים בטעם תות,,0.00,100.00,false,1.00,15.90,0.03,true,0,
4005808850907,false,שפתון ליובש הידרו קייר בליסטר,אלפא- ב.ד.ף בעמ,,שפתון לחות לשפתיים הידרו קר,,0.00,100.00,false,1.00,15.90,0.03,true,0,
4005808851515,false,שפתון לבלו גבר בליסט,אלפא,,שפתון לחות לשפתיים מן אקטיב,,0.00,100.00,false,1.00,15.90,0.03,true,0,
4005808856671,false,ניוואה תרסיס הגנה SPF50 לילדים 200מל,ביירסדורף,DE,SUN קידס תרסיס הגנה לילדים 50 SPF,,0.00,100.00,false,1.00,59.90,0.00,true,0,
<<<<<<< HEAD
4005808890507,false,קרם ניוואה סופט צנצנת 200 מל,ניוואה Nivea,,סופט קרם לחות רב שימושי,"מ""ל",200.00,100.00,false,1.00,34.90,0.00,true,0,
4005808890576,false,"קרם ידיים סופט ניוואה 75 מ""ל",ניוואה Nivea,,סופט קרם לחות רב שימושי שפורפרת,,0.00,100.00,false,1.00,20.90,0.00,true,0,
4005808908585,false,"ניוואה - דאודורנט ספריי לאישה פאודר טאץ 150 מ""ל",ביירסדורץ,DE,דאודורנט ספריי טלק סנסיישן לאשה,,0.00,100.00,false,1.00,19.90,0.00,true,0,
4005900036445,false,"ניוואה - דאודורנט רול און לאישה בלק&וויט פיור 50 מ""ל",ביירסדורץ,DE,דאודורנט רול און בלאק אנד וויט פיור לאישה,,0.00,100.00,false,1.00,19.90,0.00,true,0,
=======
4005808890507,false,ניוואה קרם סופט רב שימושי 200 מל יבוא,פארמה דיל (פ.א.ב.) שיווק והפצה,,סופט קרם לחות רב שימושי,"מ""ל",200.00,100.00,false,1.00,34.90,0.00,true,0,
4005808890576,false,"קרם ידיים סופט ניוואה 75 מ""ל",אלפא ב.ד.ף בעמ,,סופט קרם לחות רב שימושי שפורפרת,,0.00,100.00,false,1.00,20.90,0.00,true,0,
4005808908585,false,"ניוואה - דאודורנט ספריי לאישה פאודר טאץ 150 מ""ל",אלפא ב.ד.ף בעמ,DE,דאודורנט ספריי טלק סנסיישן לאשה,,0.00,100.00,false,1.00,19.90,0.00,true,0,
4005900036445,false,"ניוואה - דאודורנט רול און לאישה בלק&וויט פיור 50 מ""ל",אלפא ב.ד.ף בעמ,DE,דאודורנט רול און בלאק אנד וויט פיור לאישה,,0.00,100.00,false,1.00,19.90,0.00,true,0,
>>>>>>> d048ac2f4f281c9d788043ab4e81b61b0dbe3743
4005900036476,false,"ניוואה - דאודורנט רול און לאישה בלק אנד וויט קליר 50 מ""ל",טרופיקל דגיל תעשיות,,דאודורנט רול און בלאק אנד וויט קליר לאישה,,0.00,100.00,false,1.00,19.90,0.00,true,0,
4005900036506,false,"ניוואה - דאודורנט רול און לגבר שקוף בלק 50 מ""ל",טרופיקל דגיל תעשיות,,דאודורנט רול און בלאק אנד וויט לגבר,,0.00,100.00,false,1.00,19.90,0.00,true,0,
4005900036568,false,ניוואה דאודורנט רולאון ספריי לאישה בלק אנד וויט 150 מ''ל,אלפא- ב.ד.ף בעמ,,דאודורנט ספריי בלאק אנד וויט לאישה,,0.00,100.00,false,1.00,19.90,0.00,true,0,
4005900037909,false,"ניוואה - דאודורנט ספריי לאישה אינויזיבל פיור 150 מ""ל",אלפא ב.ד.ף בעמ,DE,דאודורנט ספריי בלאק אנד וויט פיור לאישה,,0.00,100.00,false,1.00,19.90,0.00,true,0,
4005900111449,false,"ניוואה קרם רב שימושי לגבר 150 מ""ל",HELLAS BEIERSDORF,DE,קרם רב שימושי לידיים ולגוף לגבר,,0.00,100.00,false,1.00,46.90,0.00,true,0,
4005900273482,false,שפתון ליובש כחול אוכמניות בליסטר לבלו,אלפא- ב.ד.ף בעמ,DE,שפתון לחות לשפתיים בטעם פטל שחור,,0.00,100.00,false,1.00,15.90,0.03,true,0,
4005900274304,false,"ניוואה - דאודורנט ספריי לגבר פרש אושן 150 מ""ל",פרוטרופיק סיה.,DE,דאודורנט ספריי פרש אוושן לגבר,,0.00,100.00,false,1.00,19.90,0.00,true,0,
4005900416391,false,ניוואה Q10 קרם יום אנרגי מועשר בויטמין C,ניוואה ויסאז',DE,Q10 POWER אנרג'י קרם יום SPF15 מועשר בויטמין C,,0.00,100.00,false,1.00,110.00,0.02,true,0,
4005900431776,false,לבלו שפתון וניל בליסטר,ביירסדורף,DE,שפתון לחות לשפתיים בטעם וניל,,0.00,0.00,false,1.00,15.90,0.00,true,0,
4005900475220,false,"ניוואה סאן קרם פנים שיין קונטרול שיזוף 200מ""ל SPF50",ביירסדורץ,DE,SUN קרם הגנה לפנים SPF50 קונטרול שיין,,0.00,100.00,false,1.00,49.00,0.00,true,0,
4005900475978,false,ניוואה סאן קרם הגנה לפנים SPF50,ניוואה,DE,SUN קרם הגנה לפנים אנטי אייג'ינג SPF50,,0.00,100.00,false,1.00,79.00,0.01,true,0,
<<<<<<< HEAD
4005900485243,false,"ניוואה - דאודורנט רול און לגבר דריי פרש 50 מ""ל",ביירסדורף,DE,דאודורנט רול און דריי פרש לגבר,,0.00,100.00,false,1.00,19.90,0.00,true,0,
4005900488459,false,"ניוואה - דאודורנט רול און לאישה דריי פרש 50 מ""ל",ביירסדורץ,DE,דאודורנט רול און דריי פרש לאישה,,0.00,100.00,false,1.00,19.90,0.00,true,0,
4005900494900,false,"ניוואה - דאודורנט ספריי לגבר דריי פרש 150 מ""ל",ניואה,DE,דאודורנט ספריי דריי פרש לגבר,,0.00,100.00,false,1.00,19.90,0.00,true,0,
4005900494924,false,"ניוואה - דאודורנט ספריי לאישה דריי פרש אישה 150 מ""ל",ביירסדורף,DE,דאודורנט ספריי דריי פרש לאישה,,0.00,100.00,false,1.00,19.90,0.00,true,0,
4005900496331,false,מים מיסלריים אקספרט מים מיסלריים אקספרט,אלפא קוסמטיקה,DE,MICELLAR SKIN BREATHE מים מיסלריים להסרת איפור מהפנים והעיניים,,0.00,100.00,false,1.00,35.90,0.00,true,0,
4005900496461,false,"ניוואה תחליב לחות אפטר שייב דיפ לאחרי, 100 מ""ל",beiersdorf,DE,אפטר שייב ספלאש דיפ,,0.00,0.00,false,1.00,49.90,0.49,true,0,
4005900513045,false,"ניוואה - דאודורנט ספריי לגבר דיפ 150 מ""ל",ביירסדורף,DE,דאודורנט ספריי דיפ לגבר,,0.00,100.00,false,1.00,19.90,0.00,true,0,
4005900513069,false,"ניוואה - דאודורנט רול און לגבר דיפ 50 מ""ל",ביירסדורף,DE,דאודורנט רול און דיפ לגבר,,0.00,100.00,false,1.00,19.90,0.00,true,0,
4005900521262,false,"ג'ל רחצה לגבר פיור אימפקט ניוואה 500 מ""ל",ביירסדורף,DE,"ג'ל רחצה לגבר DEEP לגוף, פנים ושיער",,0.00,100.00,false,1.00,18.90,0.00,true,0,
4005900542557,false,"ניוואה - דאודורנט רול און לאישה בלק אנד וויט 50 מ""ל",ניואה,DE,דאודורנט רול און בלק אנד ווייט סילקי סמוד לאישה,,0.00,100.00,false,1.00,19.90,0.00,true,0,
=======
4005900485243,false,"ניוואה - דאודורנט רול און לגבר דריי פרש 50 מ""ל",אלפא- ב.ד.ף בעמ,DE,דאודורנט רול און דריי פרש לגבר,,0.00,100.00,false,1.00,19.90,0.00,true,0,
4005900488459,false,"ניוואה - דאודורנט רול און לאישה דריי פרש 50 מ""ל",אלפא ב.ד.ף בעמ,DE,דאודורנט רול און דריי פרש לאישה,,0.00,100.00,false,1.00,19.90,0.00,true,0,
4005900494900,false,"ניוואה - דאודורנט ספריי לגבר דריי פרש 150 מ""ל",ניואה,DE,דאודורנט ספריי דריי פרש לגבר,,0.00,100.00,false,1.00,19.90,0.00,true,0,
4005900494924,false,"ניוואה - דאודורנט ספריי לאישה דריי פרש אישה 150 מ""ל",אלפא ב.ד.ף בעמ,DE,דאודורנט ספריי דריי פרש לאישה,,0.00,100.00,false,1.00,19.90,0.00,true,0,
4005900496331,false,מים מיסלריים אקספרט מים מיסלריים אקספרט,אלפא- ב.ד.ף בעמ,DE,MICELLAR SKIN BREATHE מים מיסלריים להסרת איפור מהפנים והעיניים,,0.00,100.00,false,1.00,35.90,0.00,true,0,
4005900496461,false,"ניוואה תחליב לחות אפטר שייב דיפ לאחרי, 100 מ""ל",beiersdorf,DE,אפטר שייב ספלאש דיפ,,0.00,0.00,false,1.00,49.90,0.49,true,0,
4005900513045,false,"ניוואה - דאודורנט ספריי לגבר דיפ 150 מ""ל",אלפא- ב.ד.ף בעמ,DE,דאודורנט ספריי דיפ לגבר,,0.00,100.00,false,1.00,19.90,0.00,true,0,
4005900513069,false,"ניוואה - דאודורנט רול און לגבר דיפ 50 מ""ל",אלפא- ב.ד.ף בעמ,DE,דאודורנט רול און דיפ לגבר,,0.00,100.00,false,1.00,19.90,0.00,true,0,
4005900521262,false,"ג'ל רחצה לגבר פיור אימפקט ניוואה 500 מ""ל",אלפא- ב.ד.ף בעמ,DE,"ג'ל רחצה לגבר DEEP לגוף, פנים ושיער",,0.00,100.00,false,1.00,18.90,0.00,true,0,
4005900542557,false,"ניוואה - דאודורנט רול און לאישה בלק אנד וויט 50 מ""ל",אלפא- ב.ד.ף בעמ,DE,דאודורנט רול און בלק אנד ווייט סילקי סמוד לאישה,,0.00,100.00,false,1.00,19.90,0.00,true,0,
>>>>>>> d048ac2f4f281c9d788043ab4e81b61b0dbe3743
4005900545688,false,ניוואה Q10 קרם יום המסייע למניעת מראה סי,אלפא,DE,Q10 POWER קרם יום SPF30,,0.00,100.00,false,1.00,110.00,0.02,true,0,
4005900547316,false,"ניוואה - דאודורנט ספריי לאישה שקוף בלק וווי 150 מ""ל",בטר אנד דיפרנט,DE,דאודורנט ספריי בלאק אנד ווייט סילקי סמוד לאישה,,0.00,100.00,false,1.00,19.90,0.00,true,0,
4005900551412,false,לבלו שפתון לחות SPF30 להגנה מפני השמש,אלפא ב.ד.ף בעמ,DE,שפתון לחות SPF30 להגנה מפני השמש,,0.00,100.00,false,1.00,15.90,0.03,true,0,
4005900555915,false,"ניוואה - תחליב רחצה קוקוס וחוחובה 750 מ""ל",אלפא- ב.ד.ף בעמ,DE,תחליב רחצה קוקוס וחוחובה,,0.00,100.00,false,1.00,21.90,0.00,true,0,
4005900562029,false,ניוואה מים מיסלריים בתוספת מי ורדים,אלפא- ב.ד.ף בעמ,TR,מים מיסלריים בתוספת מי ורדים,,0.00,100.00,false,1.00,35.90,0.00,true,0,
4005900562043,false,ניוואה גל ניקוי פנים בתוספת מי ורדים,אלפא,TR,ג'ל ניקוי בתוספת מי ורדים,,0.00,100.00,false,1.00,39.90,0.00,true,0,
4005900578877,false,לבלו KISS שפתון צבעוני ורוד לוהט,ביירסדורץ,DE,קריון שפתון לחות צבעוני בגוון ורוד לוהט,,0.00,100.00,false,1.00,24.90,0.08,true,0,
4005900583079,false,לבלו KISS שפתון צבעוני ניוד ורדרד,ביירסדורץ,DE,קריון שפתון לחות צבעוני בגוון ניוד ורדרד,,0.00,100.00,false,1.00,24.90,0.08,true,0,
4005900583093,false,לבלו KISS שפתון צבעוני קורל,ביירסדורץ,DE,קריון שפתון לחות צבעוני בגוון קורל,,0.00,100.00,false,1.00,24.90,0.08,true,0,
4005900583116,false,לבלו KISS שפתון צבעוני אדום פרג,ביירסדורץ,DE,קריון שפתון לחות צבעוני בגוון אדום פרג,,0.00,100.00,false,1.00,24.90,0.08,true,0,
4005900583130,false,לבלו KISS שפתון צבעוני דובדבן שחור,ביירסדורץ,DE,קריון שפתון לחות צבעוני בגוון דובדבן שחור,,0.00,100.00,false,1.00,24.90,0.08,true,0,
4005900623553,false,ניוואה מסיכת בד לפנים אורבן סקין למראה ע,אלפא,DE,URBAN SKIN RADIANCE מסכת בד למראה עור זוהר,,0.00,0.00,false,1.00,15.90,0.00,true,0,
4005900633125,false,"ניוואה - דאודורנט ספריי לגבר דיפ אספרסו 150 מ""ל",ביירסדורף,,דאודורנט ספריי דיפ אספרסו לגבר,,0.00,100.00,false,1.00,19.90,0.00,true,0,
4005900635303,false,ניוואה מסכת בד לפנים אורבן סקין דיטוקס,אלפא,DE,URBAN_SKIN_DETOX מסכת בדלפנים לטיהור העור,,0.00,0.00,false,1.00,15.90,0.00,true,0,
4005900639554,false,"ניוואה - דאודורנט רול און לאישה פרש נטורל לאישה ללא אלומיניום 50 מ""ל",ביירסדורף AG,,ניוואה דאודורנט רול און פרש נטורל לאישה,,0.00,100.00,false,1.00,19.90,0.00,true,0,
4005900648181,false,"ניוואה - תחליב רחצה אלוורה 750 מ""ל",אלפא- ב.ד.ף בעמ,DE,תחליב רחצה אלוורה,,0.00,100.00,false,1.00,21.90,0.00,true,0,
4005900661364,false,ניוואה Q10 אקסטרה נורישינג קרם יום מזין,אלפא,PL,Q10 EXTRA NOURISHING קרם יום מזין בתוספת שמן ארגן,,0.00,100.00,false,1.00,110.00,0.02,true,0,
4005900661371,false,ניוואה Q10 אקסטרה נורישינג קרם לילה מזין,אלפא,PL,Q10 POWER EXTRA NOURISHING קרם לילה מזין בתוספת שמן ארגן אורגני,,0.00,100.00,false,1.00,110.00,0.02,true,0,
4005900661388,false,ניוואה Q10 אקסטרה נורישינג שמן הזנה לפני,אלפא,DE,Q10 EXTRA NOURISHING שמן הזנה לפנים בתוספת שמן ארגן,,0.00,100.00,false,1.00,110.00,0.03,true,0,
4005900683878,false,שפתון ליובש לבלו סקראב אלוה ורה בליסטר,אלפא- ב.ד.ף בעמ,DE,שפתון לחות סקראב לשפתיים אלוורה,,0.00,100.00,false,1.00,14.90,0.03,true,0,
4005900683908,false,לבלו סקראב שפתון פילינג רוז היפ בליסטר,אלפא- ב.ד.ף בעמ,DE,שפתון לחות סקראב לשפתיים רוז היפ,,0.00,100.00,false,1.00,14.90,0.03,true,0,
4005900701053,false,ניוואה נטורלי גוד קרם יום בתוספת אלוורה,אלפא,PL,NATURALLY GOOD קרם יום בתוספת אלוורה אורגנית למראה עור קורן וזוהר,,0.00,100.00,false,1.00,49.90,0.00,true,0,
4005900701077,false,ניוואה נטורלי גוד קרם לילה המסייע להתחדש,אלפא,PL,NATURALLY GOOD קרם לילה המסייע להתחדשות העור בתוספת שמן ארגן אורגני,,0.00,100.00,false,1.00,49.90,0.00,true,0,
4005900730275,false,"ניוואה דאו ספריי לאשה בלק אנד וויט אימפקט 150 מ""ל",ביירסדורף AG,,דאודורנט ספריי בלק אנד ווייט אולטימייט אימפקט לאישה,,0.00,100.00,false,1.00,19.90,0.00,true,0,
4005900730299,false,"ניוואה דאו רול און לאשה בלק אנד וויט אימפקט 50 מ""ל",אלפא ב.ד.ף בעמ,,דאודורנט רול אוןבלק אנד ווייט אולטימייט אימפקט לאישה,,0.00,100.00,false,1.00,19.90,0.00,true,0,
4005900730312,false,ניוואה דאו ספריי לגבר שקוף אולטימייט אימ,אלפא,,דאודורנט ספריי בלק אנד ווייט אולטימייט אימפקט לגבר,,0.00,100.00,false,1.00,19.90,0.00,true,0,
4005900730336,false,"ניוואה דאו רול און לגבר בלק אנד וויט אימפקט 50 מ""ל",אלפא ב.ד.ף בעמ,,דאודורנט רול און לגבר שקוף בלק&וויט אולטימייט אימפקט,,0.00,100.00,false,1.00,19.90,0.00,true,0,
4005900756152,false,ניוואה קרם רב שימושי 250 מל מהדורת גאווה,HELLAS BEIERSDORF,DE,קרם רב שימושי - מהדורה מיוחדת בעיצוב דגל הגאווה,,0.00,100.00,false,1.00,34.90,0.00,true,0,
4005900759016,false,ניוואה דאו רול און לאשה נטורלי גוד 50 מל,אלפא,DE,דאודורנט רול און נטורלי גוד לאישה,,0.00,100.00,false,1.00,19.90,0.00,true,0,
4005900768827,false,ניוואה נטורלי גוד קרם יום אנטי אייגינג,אלפא,PL,NATURALLY GOOD קרם יום אנטי אייג'ינג,,0.00,100.00,false,1.00,54.90,0.01,true,0,
4005900768858,false,ניוואה נטורלי גוד קרם לילה אנטי אייגינג,אלפא,PL,NATURALLY GOOD קרם לילה אנטי אייג'ינג,,0.00,100.00,false,1.00,54.90,0.01,true,0,
4005900768926,false,ניוואה נטורלי גוד מים מיסלריים עם אלוורה,אלפא,PL,NATURALLY GOOD מים מיסלריים עם אלוורה אורגנית מסיר איפור,,0.00,100.00,false,1.00,35.90,0.00,true,0,
4005900777263,false,ניוואה Q10 קרם לילה אנטי אייגינג בתוספת,אלפא,PL,Q10 ENERGY RECHARGING קרם לילה אנטי אייג'ינג בתוספת ויטמין C,,0.00,100.00,false,1.00,110.00,0.02,true,0,
4005900785381,false,ניוואה נטורלי גוד קרם גוף-אלוורה אורגנית,אלפא,DE,נטורלי גוד קרם גוף מועשר באלוורה אורגנית,,0.00,100.00,false,1.00,24.90,0.00,true,0,
4005900785404,false,ניוואה נטורלי גוד קרם גוף-אבוקדו,אלפא,DE,נטורלי גוד קרם גוף מועשר באבוקדו,,0.00,100.00,false,1.00,24.90,0.00,true,0,
4005900786968,false,"לומינוס תחליב יום עם מקדם הגנה SPF50 בעל פעולה משולשת 50 מ""ל",אלפא,PL,CELLULAR LUMINOUS 630 תחליב יום נגד כתמים כהים עם מקדם הגנה SPF50,,0.00,100.00,false,1.00,140.00,0.03,true,0,
4005900786975,false,"סרום לומינוס לטיפול מתקדם בכתמים כהים 50 מ""ל",אלפא,PL,CELLULAR LUMINOUS 630 סרום לטיפול מתקדם בכתמים כהים,,0.00,100.00,false,1.00,140.00,0.04,true,0,
4005900803283,false,ניוואה רוז קר קרם לחות במרקם גל בתוספת,אלפא- ב.ד.ף בעמ,PL,ROSE CARE קרם לחות במרקם ג'ל בתוספת מי ורדים וחומצה היאלורונית,,0.00,100.00,false,1.00,79.90,0.01,true,0,
4005900816016,false,"ניוואה - דאודורנט ספריי לאישה פרש טבעי לאישה 150 מ""ל",טרופיקל דגיל תעשיות,,דאודורנט ספריי פרש נטורל לאישה,"מ""ל",150.00,100.00,false,1.00,19.90,0.00,true,0,
4005900816108,false,"דאודורנט רול און לגבר אפקט היובש ניוואה 50 מ""ל",טרופיקל דגיל תעשיות,,דאודורנט רול און דריי אימפקט לגבר,,0.00,100.00,false,1.00,19.90,0.00,true,0,
<<<<<<< HEAD
4005900816115,false,"ניוואה - דאודורנט רול און לאישה יבש 50 מ""ל",ניוואה Nivea,,ניוואה דאודורנט רול און דריי קומפורט לאישה,,0.00,100.00,false,1.00,19.90,0.00,true,0,
4005900823489,false,ניוואה היידרה סקין אפקט קרם לחות במרקם ג'ל ללילה,ניואה,PL,HYDRA SKIN EFFECT קרם לחות במרקם ג'ל ללילה,,0.00,100.00,false,1.00,74.90,0.01,true,0,
4005900825278,false,ניוואה היידרה סקין אפקט מסכת 20 שניות עם חומצה היאלורונית,אלפא,PL,HYDRA SKIN EFFECT מסכת 20 שניות עם חומצה היאלורונית,,0.00,0.00,false,1.00,74.90,0.74,true,0,
4005900826749,false,ניוואה היידרה סקין אפקט קרם לחות במרקם ג'ל ליום,אלפא,PL,HYDRA SKIN EFFECT קרם לחות במרקם ג'ל ליום,,0.00,100.00,false,1.00,74.90,0.01,true,0,
=======
4005900816115,false,"ניוואה - דאודורנט רול און לאישה יבש 50 מ""ל",אלפא- ב.ד.ף בעמ,,ניוואה דאודורנט רול און דריי קומפורט לאישה,,0.00,100.00,false,1.00,19.90,0.00,true,0,
4005900823489,false,ניוואה היידרה סקין אפקט קרם לחות במרקם ג'ל ללילה,אלפא ב.ד.ף בעמ,PL,HYDRA SKIN EFFECT קרם לחות במרקם ג'ל ללילה,,0.00,100.00,false,1.00,74.90,0.01,true,0,
4005900825278,false,ניוואה היידרה סקין אפקט מסכת 20 שניות עם חומצה היאלורונית,אלפא ב.ד.ף בעמ,PL,HYDRA SKIN EFFECT מסכת 20 שניות עם חומצה היאלורונית,,0.00,0.00,false,1.00,74.90,0.74,true,0,
4005900826749,false,ניוואה היידרה סקין אפקט קרם לחות במרקם ג'ל ליום,אלפא ב.ד.ף בעמ,PL,HYDRA SKIN EFFECT קרם לחות במרקם ג'ל ליום,,0.00,100.00,false,1.00,74.90,0.01,true,0,
>>>>>>> d048ac2f4f281c9d788043ab4e81b61b0dbe3743
4005900827852,false,ניוואה דאו רול און מגנזיום פרש לגבר,אלפא,,MEN דאודורנט רול און מגנזיום פרש לגבר,,0.00,100.00,false,1.00,24.90,0.00,true,0,
4005900827876,false,ניוואה דאו רול און מגנזיום פרש לאשה,אלפא,,דאודורנט רול און מגנזיום פרש לאשה,,0.00,100.00,false,1.00,24.90,0.00,true,0,
4005900827890,false,ניוואה דאו רול און מגנזיום אוריגינל לאשה,אלפא,,דאודורנט רול און מגנזיום אוריגינל לאשה,,0.00,100.00,false,1.00,24.90,0.00,true,0,
4005900828088,false,"ניוואה - דאודורנט רול און לגבר פרש 50 מ""ל",טרופיקל דגיל תעשיות,,דאודורנט רול און פרש אקטיב לגבר,,0.00,100.00,false,1.00,19.90,0.00,true,0,
4005900833723,false,"ניוואה - פאוור פרש ג'ל רחצה לגבר 500 מ""ל",אלפא- ב.ד.ף בעמ,,POWER FRESH ג'ל רחצה לגבר,,0.00,100.00,false,1.00,18.90,0.00,true,0,
4005900835642,false,"ניקוי פילינג מסכה לפנים 3 ב 1 150 מ""ל ניוואה",אלפא- ב.ד.ף בעמ,FR,"3 ב-1 ניקוי, פילינג, מסכה לפנים",,0.00,100.00,false,1.00,39.90,0.00,true,0,
4005900839657,false,ניוואה וונדרבר לחות עם שמן שקדים ואוכמני,אלפא,DE,WONDERBAR לחות לניקוי הפנים עם שמן שקדים ואוכמניות,,0.00,100.00,false,1.00,29.90,0.00,true,0,
4005900839664,false,ניוואה פילינג לניקוי יסודי של ראשים שחור,אלפא,DE,WONDERBAR פילינג לניקוי יסודי של ראשים שחורים,,0.00,100.00,false,1.00,29.90,0.00,true,0,
4005900839671,false,ניוואה וונדרבר פילינג עם חימר קאולין ותמ,אלפא,DE,WONDERBAR פילינג לניקוי הפנים עם חימר קאולין ותמצית תה ירוק,,0.00,100.00,false,1.00,29.90,0.00,true,0,
<<<<<<< HEAD
4005900841148,false,"ניוואה מן ג'ל גילוח קול קיק פרש 200 מ""ל",ביירסדורף,,ג'ל גילוח קול קיק פרש,,0.00,100.00,false,1.00,28.90,0.00,true,0,
4005900845702,false,"ניוואה - דאודורנט רול און לגבר קול קיק פרש 50 מ""ל",ביירסדורף,DE,דאודורנט רול און קול קיק פרש לגבר,,0.00,100.00,false,1.00,19.90,0.00,true,0,
4005900845733,false,"דאודורנט ספריי קול קיק פרש לגבר ניוואה מן 150 מ""ל",ביירסדורף,,דאודורנט ספריי קול קיק פרש לגבר,,0.00,100.00,false,1.00,19.90,0.00,true,0,
4005900864000,false,"ניוואה היידרה סקין אפקט מים מיסלריים להסרת איפור וניקוי הפנים עם חומצה היאלורונית 400 מ""ל",ניואה,DE,HYDRA SKIN EFFECT מים מיסלריים להסרת איפור וניקוי הפנים עם חומצה היאלורונית,,0.00,100.00,false,1.00,35.90,0.00,true,0,
4005900874931,false,"דאודורנט ספריי דיפ ביט לגבר 150 מ""ל ניוויה",ביירסדורף,DE,דאודורנט ספריי לגבר דיפ ביט,,0.00,100.00,false,1.00,19.90,0.00,true,0,
4005900874962,false,"ניוואה - דאודורנט רול און לגבר דיפ בלק 50 מ""ל",ביירסדורף AG,DE,דאודורנט רול און לגבר דיפ ביט,,0.00,100.00,false,1.00,19.90,0.00,true,0,
=======
4005900841148,false,"ניוואה מן ג'ל גילוח קול קיק פרש 200 מ""ל",אלפא ב.ד.ף בעמ,,ג'ל גילוח קול קיק פרש,,0.00,100.00,false,1.00,28.90,0.00,true,0,
4005900845702,false,"ניוואה - דאודורנט רול און לגבר קול קיק פרש 50 מ""ל",אלפא ב.ד.ף בעמ,DE,דאודורנט רול און קול קיק פרש לגבר,,0.00,100.00,false,1.00,19.90,0.00,true,0,
4005900845733,false,"דאודורנט ספריי קול קיק פרש לגבר ניוואה מן 150 מ""ל",אלפא ב.ד.ף בעמ,,דאודורנט ספריי קול קיק פרש לגבר,,0.00,100.00,false,1.00,19.90,0.00,true,0,
4005900864000,false,"ניוואה היידרה סקין אפקט מים מיסלריים להסרת איפור וניקוי הפנים עם חומצה היאלורונית 400 מ""ל",אלפא ב.ד.ף בעמ,DE,HYDRA SKIN EFFECT מים מיסלריים להסרת איפור וניקוי הפנים עם חומצה היאלורונית,,0.00,100.00,false,1.00,35.90,0.00,true,0,
4005900874931,false,"דאודורנט ספריי דיפ ביט לגבר 150 מ""ל ניוויה",אלפא ב.ד.ף בעמ,DE,דאודורנט ספריי לגבר דיפ ביט,,0.00,100.00,false,1.00,19.90,0.00,true,0,
4005900874962,false,"ניוואה - דאודורנט רול און לגבר דיפ בלק 50 מ""ל",אלפא- ב.ד.ף בעמ,DE,דאודורנט רול און לגבר דיפ ביט,,0.00,100.00,false,1.00,19.90,0.00,true,0,
>>>>>>> d048ac2f4f281c9d788043ab4e81b61b0dbe3743
4005900886521,false,ניוואה סלולר לומינוס קרם עיניים 15 מל,אלפא,PL,CELLULAR LUMINOUS קרם עיניים לטשטוש מראה כהויות,,0.00,100.00,false,1.00,140.00,0.09,true,0,
4005900904065,false,לבלו נטורלי ויגן שפתון לחות -זרעי אסאי,אלפא,DE,NATURALLY VEGAN שפתון לחות טבעוני עם שמן זרעי אסאי וחמאת שיאה,,0.00,100.00,false,1.00,18.90,0.03,true,0,
4005900904089,false,לבלו נטורלי ויגן שפתון לחות -זרעי קנאביס,אלפא,DE,NATURALLY VEGAN שפתון לחות טבעוני עם שמן זרעי קנאביס וחמאת שיאה,,0.00,100.00,false,1.00,18.90,0.03,true,0,
4005900962904,false,ניוואה וונדרבר לחות לניקוי הפנים עם שמן,אלפא,DE,WONDERBAR לחות לניקוי הפנים עם שמן שקדים ואוכמניות + קופסת אחסון מתנה,,0.00,0.00,false,1.00,29.90,0.00,true,0,
4005900962911,false,ניוואה וונדרבר פילינג לניקוי הפנים עם חי,אלפא,DE,WONDERBAR פילינג לניקוי הפנים עם חימר קאולין ותמצית תה ירוק + קופסת אחסון מתנה,,0.00,0.00,false,1.00,29.90,0.00,true,0,
4005900962928,false,ניוואה וונדרבר פילינג לניקוי יסודי של רא,אלפא,DE,WONDERBAR פילינג לניקוי יסודי של ראשים שחורים + קופסת אחסון מתנה,,0.00,0.00,false,1.00,29.90,0.00,true,0,
4005900978950,false,לבלו - דובדבן שפתון לחות מטפח מהדורת נסיכות דיסני,אלפא- ב.ד.ף בעמ,DE,דובדבן - שפתון לחות מטפח מהדורת נסיכות דיסני,,0.00,100.00,false,1.00,15.90,0.03,true,0,
4005900978967,false,לבלו - וניל שפתון לחות מטפח מהדורת נסיכות דיסני,אלפא- ב.ד.ף בעמ,DE,וניל - שפתון לחות מטפח מהדורת נסיכות דיסני,,0.00,100.00,false,1.00,15.90,0.03,true,0,
4006000002569,false,ניוואה מארז טיפוח 4 פריטים לאישה FEELING SOFT,אלפא ב.ד.ף בעמ,DE,מארז טיפוח לאישה FEELING SOFT - תיק רחצה המכיל: קרם רחצה + דאו רול און + סמוד פילינג + קרם רב שימושי,,0.00,0.00,false,1.00,69.90,0.00,true,0,
4006000002583,false,ניוואה מארז טיפוח 4 פריטים לגבר POWER FRESH,ביירסדורץ,DE,מארז טיפוח לגבר POWER FRESH - תיק רחצה המכיל: ג'ל רחצה + דאו ספריי + תחליב לחות לאחר גילוח + לבלו שפתון,,0.00,0.00,false,1.00,89.90,0.00,true,0,
4008600284871,false,נוק זוג מוצצי סיליקון מיקי 6-18 שחור,פרומדיקו,DE,זוג מוצצים מיקי מאוס לגילאי 6-18 חודשים,,0.00,0.00,false,1.00,39.90,19.95,true,0,
4008600284895,false,נוק זוג מוצץ סיליקון זוהר בחושך 6-18 כחו,פרומדיקו,DE,זוג מוצצים זוהרים בחושך לגילאי 6-18 חודשים,,0.00,0.00,false,1.00,39.90,19.95,true,0,
4008600284901,false,נוק זוג מוצצי סיליקון פו הדב 6-18 ירוק-א,פרומדיקו,DE,זוג מוצצים פו הדב לגילאי 6-18 חודשים,,0.00,0.00,false,1.00,39.90,19.95,true,0,
4008600284918,false,נוק זוג מוצץ סיליקון דיסני מיקי 0-6 שחור,פרומדיקו,DE,זוג מוצצים מיקי מאוס לגילאי 0-6 חודשים,,0.00,0.00,false,1.00,39.90,19.95,true,0,
4008600284925,false,נוק זוג מוצצי סיליקון זוהר בחושך 0-6 כחו,פרומדיקו,DE,זוג מוצצים זוהרים בחושך לגילאי 0-6 חודשים,,0.00,0.00,false,1.00,39.90,19.95,true,0,
4008600284932,false,נוק זוג מוצצי סיליקון פו הדב 0,פרומדיקו,DE,זוג מוצצים פו הדב לגילאי 0-6 חודשים,,0.00,0.00,false,1.00,39.90,19.95,true,0,
4008600284963,false,נוק זוג מוצצי סיליקון אדור 0-6 כחול,פרומדיקו,DE,זוג מוצצים אדור לגילאי 0-6 חודשים,,0.00,0.00,false,1.00,39.90,19.95,true,0,
4008600314141,false,נוק זוג מוצץ סיליקון זוהר בחושך 6-18 ורו,פרומדיקו,DE,זוג מוצצים זוהרים בחושך לגילאי 6-18 חודשים,,0.00,0.00,false,1.00,39.90,19.95,true,0,
4008600314189,false,נוק זוג מוצצי סיליקון אדור 6-18 ורוד,פרומדיקו,DE,זוג מוצצים אדור לגילאי 6-18 חודשים,,0.00,0.00,false,1.00,39.90,19.95,true,0,
4008600314226,false,נוק זוג מוצצי סיליקון מיקי 6-18 אדום,פרומדיקו,DE,זוג מוצצים מיני מאוס לגילאי 6-18 חודשים,,0.00,0.00,false,1.00,39.90,19.95,true,0,
4008600314349,false,נוק זוג מוצצי סיליקון אדור 0-6 ורוד,פרומדיקו,DE,זוג מוצצים אדור לגילאי 0-6 חודשים,,0.00,0.00,false,1.00,39.90,19.95,true,0,
4008600314387,false,נוק זוג מוצצי סיליקון פו הדב 0-6 ירוק-כת,פרומדיקו,DE,זוג מוצצים פו הדב לגילאי 0-6 חודשים,,0.00,0.00,false,1.00,39.90,19.95,true,0,
4008600314462,false,נוק זוג מוצצי סיליקון זוהר בחושך 0-6 ורו,פרומדיקו,DE,זוג מוצצים זוהרים בחושך לגילאי 0-6 חודשים,,0.00,0.00,false,1.00,39.90,19.95,true,0,
4008600314509,false,נוק זוג מוצץ סיליקון דיסני מיקי 0-6 אדום,פרומדיקו,DE,זוג מוצצים מיני מאוס לגילאי 0-6 חודשים,,0.00,0.00,false,1.00,39.90,19.95,true,0,
4008600336365,false,נוק זוג מוצצי סיליקון ספייס 0-6 ירוקכחול,פרומדיקו,DE,מוצצים ספייס לגילאי 0-6 חודשים,,0.00,0.00,false,1.00,39.90,0.00,true,0,
4008600336402,false,נוק זוג מוצצי סיליקון ספייס6-18 אפורכחול,פרומדיקו,DE,מוצצים ספייס לגילאי 6-18 חודשים,,0.00,0.00,false,1.00,39.90,0.00,true,0,
4008600336440,false,נוק זוג מוצצי סיליקון ספייס 0-6 אפורכחול,פרומדיקו,DE,מוצצים ספייס לגילאי 0-6 חודשים,,0.00,0.00,false,1.00,39.90,0.00,true,0,
4008600362050,false,נוק מגיק קאפ 360 כוס מעבר כחול 230 מל,ניאופארם,DE,מג'יק קאפ כוס מעבר +8 חודשים,,0.00,0.00,false,1.00,49.90,0.00,true,0,
4008600362067,false,נוק מגיק קאפ 360 כוס מעבר סגול 230 מל,ניאופארם,DE,מג'יק קאפ כוס מעבר +8 חודשים,,0.00,0.00,false,1.00,49.90,0.00,true,0,
4008600372363,false,נוק אקטיב קאפ כוס מעבר פו הדב בלונים 300,ניאופארם,DE,אקטיב קאפ כוס מעבר פו הדב בלונים +12 חודשים,,0.00,0.00,false,1.00,49.90,0.00,true,0,
4008600372370,false,נוק אקטיב קאפ כוס מעבר פו הדב 300 מל,ניאופארם,DE,אקטיב קאפ כוס מעבר פו הדב +12 חודשים,,0.00,0.00,false,1.00,49.90,0.00,true,0,
4008600378754,false,נוק אקטיב קאפ כוס מעבר ורוד 300 מל,ניאופארם,DE,אקטיב קאפ כוס מעבר +12 חודשים - ורוד,,0.00,0.00,false,1.00,49.90,0.00,true,0,
4008600384380,false,נוק זוג מוצצים סיגנטור נייט 6-18 חו כחול,פרומדיקו,DE,מוצצים סיגנטור נייט 6-18 חודשים כחול,,0.00,0.00,false,1.00,39.90,19.95,true,0,
4008600384427,false,נוק זוג מוצצים סיגנטור 6-18 חודשים ורוד,פרומדיקו,DE,מוצצים סיגנטור 6-18 חודשים ורוד,,0.00,0.00,false,1.00,39.90,19.95,true,0,
4008600384434,false,נוק זוג מוצצים סיגנטור 0-6 חודשים ורוד,פרומדיקו,DE,מוצצים סיגנטור 0-6 חודשים ורוד,,0.00,0.00,false,1.00,39.90,19.95,true,0,
4008600384441,false,נוק זוג מוצצים סיגנטור נייט 0-6 חוד סגול,פרומדיקו,DE,מוצצים סיגנטור נייט 0-6 חודשים סגול,,0.00,0.00,false,1.00,39.90,19.95,true,0,
4008600384458,false,נוק זוג מוצצים סיגנטור 0-6 חודשים כחול,פרומדיקו,DE,מוצצים סיגנטור 0-6 חודשים כחול,,0.00,0.00,false,1.00,39.90,19.95,true,0,
4008600384465,false,נוק זוג מוצצים סיגנטור נייט 0-6 חוד כחול,פרומדיקו,DE,מוצצים סיגנטור נייט 0-6 חודשים כחול,,0.00,0.00,false,1.00,39.90,19.95,true,0,
4008600384472,false,נוק זוג מוצצים סיגנטור נייט 6-18 חו סגול,פרומדיקו,DE,מוצצים סיגנטור נייט 6-18 חודשים סגול,,0.00,0.00,false,1.00,39.90,19.95,true,0,
4008600384489,false,נוק זוג מוצצי סיליקון סיגנטור 6-18 כחול,פרומדיקו,DE,זוג מוצצים סיגנטור לגילאי 6-18 חודשים,,0.00,0.00,false,1.00,39.90,19.95,true,0,
4008600387169,false,נוק בקבוק אימון 150 מל חדש,General,DE,בקבוק אימון לשתיה עצמאית 6-18 חודשים,,0.00,0.00,false,1.00,44.90,0.00,true,0,
4008600387374,false,נוק בקבוק אימון דיסני אדום 150 מל 6-18 ח,ניאופארם,DE,בקבוק אימון לשתיה עצמאית דיסני אדום 6-18 חודשים,,0.00,0.00,false,1.00,44.90,0.00,true,0,
4008600387381,false,נוק בקבוק אימון דיסני אפור 150 מל 6-18 ח,General,DE,בקבוק אימון לשתיה עצמאית דיסני אפור 6-18 חודשים,,0.00,0.00,false,1.00,44.90,0.00,true,0,
4008600404279,false,נוק זוג מוצצים ספייס מיקי 6-18 חודשים אד,פרומדיקו,DE,מוצצים ספייס מיקי 6-18 חודשים,,0.00,0.00,false,1.00,39.90,19.95,true,0,
4008600404286,false,נוק זוג מוצצים ספייס מיקי 0-6 חודשים אפו,פרומדיקו,DE,מוצצים ספייס מיקי 0-6 חודשים,,0.00,0.00,false,1.00,39.90,19.95,true,0,
4008600404477,false,נוק זוג מוצצים ספייס מיקי 6-18 חודשים אפ,פרומדיקו,DE,מוצצים ספייס מיקי 6-18 חודשים,,0.00,0.00,false,1.00,39.90,19.95,true,0,
4008600404507,false,נוק זוג מוצצים ספייס מיקי 0-6 חודשים אדו,פרומדיקו,DE,מוצצים ספייס מיקי 0-6 חודשים,,0.00,0.00,false,1.00,39.90,19.95,true,0,
4008666210142,false,אלפסין שמפו קפאין כהה,S.L.A (DR.SAMUELOV,DE,שמפו קפאין כהה שומר על הגוון הכהה של השיער מחזק את סיב השיער,,0.00,100.00,false,1.00,49.90,0.00,true,0,
4008666214829,false,"אלפסין נוזל קפאין לשיער, 200 מ""ל",אלפסין Alpecin,,נוזל קפאין,,0.00,100.00,false,1.00,59.90,0.00,true,0,
4008666215079,false,שמפו קפאין לחיזוק סיב השיערה,אלפסין Alpecin,,שמפו קפאין C1,,0.00,100.00,false,1.00,53.90,0.00,true,0,
4008666215178,false,"אלפסין שמפו לפעילות כפול קפאין, 200 מ""ל",אלפסין Alpecin,,שמפו קפאין פעולה כפולה,,0.00,100.00,false,1.00,49.90,0.00,true,0,
4008666219954,false,אלפסין שמפו קפאין היברידי 250 מל,סמואלוב,DE,שמפו קפאין היברידי,,0.00,100.00,false,1.00,49.90,0.00,true,0,
4008666701442,false,פלנטור 39 טוניק - נוזל ללא חפיפה,S.L.A (DR.SAMUELOV,DE,פלנטור 39 טוניק - נוזל ללא חפיפה,,0.00,100.00,false,1.00,64.90,0.00,true,0,
4008666701466,false,פלנטור 39 שמפו לשעיר דק ושביר,S.L.A (DR.SAMUELOV,DE,פלנטור 39 שמפו לשעיר דק ושביר,,0.00,100.00,false,1.00,64.90,0.00,true,0,
4008666701473,false,פלנטור 39 שמפו לשיער צבוע או ניזוק,S.L.A (DR.SAMUELOV,DE,פלנטור 39 שמפו לשיער צבוע או ניזוק,,0.00,100.00,false,1.00,64.90,0.00,true,0,
4008666705938,false,פלנטור 39 מרכך לשיער צבוע או ניזוק,סמואלוב,DE,פלנטור 39 מרכך לשיער צבוע או ניזוק,,0.00,100.00,false,1.00,59.90,0.00,true,0,
4008666705945,false,פלנטור 39 מרכך לשיער דק ושביר,סמואלוב,DE,פלנטור 39 מרכך לשיער דק ושביר,,0.00,100.00,false,1.00,59.90,0.00,true,0,
4008666705952,false,פלנטור 39 שמפו שיער בתוספת צבע חום,סמואלוב,DE,פלנטור 39 שמפו לשיער בתוספת צבע חום,,0.00,100.00,false,1.00,69.90,0.00,true,0,
4008666705969,false,פלנטור 39 מרכך בתוספת צבע חום,סמואלוב,DE,פלנטור 39 מרכך בתוספת צבע חום,,0.00,100.00,false,1.00,62.90,0.00,true,0,
4009900013581,false,מסטיק אורביט ספרמינט סטיקס משפחתי-חמישיות,"מרס ריגלי ישראל בע""מ",,מסטיק אורביט סטיקס באריזה משפחתית בטעם מנטה עדינה ללא סוכר,,0.00,0.00,false,1.00,9.90,1.98,true,0,
4009900379564,false,מסטיק טייפ בטעם פירות הובה בובה (56 גרם),מרס ריגלי קונפקשונרי,,מסטיק הובה בובה טייפ בטעם פירות,,0.00,0.00,false,1.00,6.90,0.00,true,0,
4009900385824,false,מסטיק אורביט פפרמינט סטיקס משפחתי-חמישיות,"מרס ריגלי ישראל בע""מ",,מסטיק אורביט סטיקס באריזה משפחתית בטעם מנטה חזקה ללא סוכר,,0.00,0.00,false,1.00,9.90,1.98,true,0,
4009900402965,false,אורביט וויט בטעם פירות בקבוקון 46מלבניות,"מרס ריגלי ישראל בע""מ",,מסטיק אורביט וויט בטעם פירות ללא סוכר,,0.00,100.00,false,1.00,10.90,0.00,true,0,
4009900403023,false,אורביט וויט בטעם מנטה בקבוקון 46 מלבניות,"מרס ריגלי ישראל בע""מ",,מסטיק אורביט וויט בטעם מנטה ללא סוכר,,0.00,100.00,false,1.00,10.90,0.00,true,0,
4009900406918,false,מסטיק הובה בובה טייפ טריפל מיקס 56ג',מרס ריגלי קונפקשונרי,,מסטיק הובה בובה טייפ בטעם תות אוכמניות ואבטיח,,0.00,0.00,false,1.00,6.90,0.00,true,0,
<<<<<<< HEAD
4009900420129,false,מסטיק אורביט פרופשנל פפרמינט בקבוקון 64 גר',מרס נדרלנד,PL,מסטיק אורביט פרופשיונל מנטה חזקה ללא סוכר,,0.00,100.00,false,1.00,10.90,0.00,true,0,
4009900426121,false,מסטיק אורביט איירוויז בקבוקון אוכמניות 64ג',איירוויבס Airwaves,PL,מסטיק איירוויבז בטעם מנטה אוכמניות ללא סוכר,,0.00,100.00,false,1.00,9.90,0.00,true,0,
4009900455299,false,"סוכרית ג'לי אדומה 174 גרם ""סקיטלס""",ריגלי ממתקים,CZ,סוכריות סקיטלס בטעם פירות,,0.00,100.00,false,1.00,8.90,0.00,true,0,
4009900465304,false,סוכריות סקיטלס פירות חמוצים 174 גרם,ריגלי ממתקים,CZ,סוכריות סקיטלס בטעם פירות חמוצים,,0.00,100.00,false,1.00,8.90,0.00,true,0,
4009900479998,false,אורביט וויט אוכמניות בקבוקון 46 מלבניות,ריגלי פולין,PL,מסטיק אורביט בטעם אוכמניות ללא סוכר,,0.00,100.00,false,1.00,10.90,0.00,true,0,
4009900482417,false,מסטיק אורביט פירות מנטה בקבוקון באבל מינט 45יח,ריגלי פולין,,גומי לעיסה בטעם פירות מרענן בקבוקון,,0.00,100.00,false,1.00,10.90,0.00,true,0,
4009900500166,false,סוכריות פירות אדום סקיטלס בקבוקון 125ג',ריגלי ממתקים,CZ,סוכריות סקיטלס בטעם פירות,,0.00,100.00,false,1.00,9.90,0.00,true,0,
4009900525138,false,"וויט גומי לעיסה בטעם תות ללא סוכר, 64 ג' אורפיט",ריגלי,PL,מסטיק אורביט וויט בטעם תות ללא סוכר,,0.00,100.00,false,1.00,10.90,0.00,true,0,
4009900531122,false,"מסטיק בטעם מנטה ספירמינט, 64 ג' פרופשיונל אורפיט",מרס נדרלנד,PL,מסטיק אורביט פרופשיונל מנטה עדינה ללא סוכר,,0.00,100.00,false,1.00,10.90,0.00,true,0,
=======
4009900420129,false,מסטיק אורביט פרופשנל פפרמינט בקבוקון 64 גר',"מרס ריגלי ישראל בע""מ",PL,מסטיק אורביט פרופשיונל מנטה חזקה ללא סוכר,,0.00,100.00,false,1.00,10.90,0.00,true,0,
4009900426121,false,מסטיק אורביט איירוויז בקבוקון אוכמניות 64ג',"מרס ריגלי ישראל בע""מ",PL,מסטיק איירוויבז בטעם מנטה אוכמניות ללא סוכר,,0.00,100.00,false,1.00,9.90,0.00,true,0,
4009900455299,false,"סוכרית ג'לי אדומה 174 גרם ""סקיטלס""","מרס ריגלי ישראל בע""מ",CZ,סוכריות סקיטלס בטעם פירות,,0.00,100.00,false,1.00,8.90,0.00,true,0,
4009900465304,false,סוכריות סקיטלס פירות חמוצים 174 גרם,"מרס ריגלי ישראל בע""מ",CZ,סוכריות סקיטלס בטעם פירות חמוצים,,0.00,100.00,false,1.00,8.90,0.00,true,0,
4009900479998,false,אורביט וויט אוכמניות בקבוקון 46 מלבניות,"מרס ריגלי ישראל בע""מ",PL,מסטיק אורביט בטעם אוכמניות ללא סוכר,,0.00,100.00,false,1.00,10.90,0.00,true,0,
4009900482417,false,מסטיק אורביט פירות מנטה בקבוקון באבל מינט 45יח,"מרס ריגלי ישראל בע""מ",,גומי לעיסה בטעם פירות מרענן בקבוקון,,0.00,100.00,false,1.00,10.90,0.00,true,0,
4009900500166,false,סוכריות פירות אדום סקיטלס בקבוקון 125ג',"מרס ריגלי ישראל בע""מ",CZ,סוכריות סקיטלס בטעם פירות,,0.00,100.00,false,1.00,9.90,0.00,true,0,
4009900525138,false,"וויט גומי לעיסה בטעם תות ללא סוכר, 64 ג' אורפיט",מרס ריגלי ישראל בעמ,PL,מסטיק אורביט וויט בטעם תות ללא סוכר,,0.00,100.00,false,1.00,10.90,0.00,true,0,
4009900531122,false,"מסטיק בטעם מנטה ספירמינט, 64 ג' פרופשיונל אורפיט","מרס ריגלי ישראל בע""מ",PL,מסטיק אורביט פרופשיונל מנטה עדינה ללא סוכר,,0.00,100.00,false,1.00,10.90,0.00,true,0,
>>>>>>> d048ac2f4f281c9d788043ab4e81b61b0dbe3743
4009900534581,false,מסטיק איירוויבז דובדבן ומנטה בקבוקון 64,Unknown,PL,מסטיק איירוויבז בטעם מנטה ודובדבן ללא סוכר,,0.00,100.00,false,1.00,10.90,0.00,true,0,
4009900534611,false,מסטיק איירוויבז בקבוקון בטעם מלון ומנטה,ריגלי,PL,מסטיק איירוויבז בטעם מנטה ומלון ללא סוכר,,0.00,100.00,false,1.00,10.90,0.00,true,0,
4009900534918,false,סקיטלס גאיינט פירות 141 גרם,מרס ריגלי ישראל בעמ,CZ,סוכריות גדולות בטעמי פירות,,0.00,100.00,false,1.00,8.90,0.00,true,0,
4009900536257,false,מסטיק אורביט רפרשרס ספירמינט בקבוקון ללא סוכר 67 גר',מרס ריגלי קונפקשונרי,PL,רפרשרס גומי לעיסה ללא סוכר בטעם מנטה בקבוקון,,0.00,100.00,false,1.00,11.90,0.00,true,0,
4009900536288,false,מסטיק אורביט רפרשרס פפרמינט בקבוקון ללא סוכר 67 גר',מרס ריגלי קונפקשונרי,PL,רפרשרס גומי לעיסה לא סוכר בטעם מנטה בקבוקון,,0.00,100.00,false,1.00,11.90,0.00,true,0,
4009900536486,false,מסטיק אורביט רפרשרס באבלמינט בקבוקון ללא סוכר 67 גר',מרס ריגלי קונפקשונרי,PL,רפרשרס גומי לעיסה ללא סוכר בטעם פירות ומנטה בקבוקון,,0.00,100.00,false,1.00,11.90,0.00,true,0,
4009900539340,false,סוכריות ג`יינט פירות סקיטלס סאוור (141 ג,מרס ריגלי קונפקשונרי,CZ,סוכריות גדולות בטעמי פירות חמוצים,,0.00,100.00,false,1.00,8.90,0.00,true,0,
4009900539685,false,"מסטיק פייב באונס בטעם מנטה בקבוקון, 61.8 גרם","מרס ריגלי ישראל בע""מ",PL,גומי לעיסה בטעם מנטה ללא סוכר,,0.00,0.00,false,1.00,11.90,0.00,true,0,
4009900539746,false,"מסטיק פייב באונס בטעם אבטיח בקבוקון, 61.8 גרם","מרס ריגלי ישראל בע""מ",PL,גומי לעיסה בטעם אבטיח ללא סוכר,,0.00,0.00,false,1.00,11.90,0.00,true,0,
4009900540551,false,מסטיק אורביט רפרשרס טרופיקל בקבוקון ללא סוכר,מרס ריגלי ישראל בעמ,PL,רפרשרס גומי לעיסה לא סוכר בטעם פירות טרופיים בקבוקון,,0.00,100.00,false,1.00,11.90,0.00,true,0,
4010160055778,false,סיליצאה ליפ הרפס 5 גרם,הובנר hubner,,ליפ הרפס ג'ל,,0.00,1.00,false,1.00,49.90,9.98,true,0,
4011800290030,false,חטיף חלבון עם שוקולד חלב ללא תוספת סוכר,מ.סידס ובנו בעמ,DE,חטיף חלבון שוקולד חלב,,0.00,100.00,false,1.00,9.90,0.00,true,0,
4011800290054,false,חטיף חלבון עם קוקוס ושוקולד חלב ללא תוספת סוכר,משה סידס ובנו בעמ,DE,חטיף חלבון קוקוס,,0.00,100.00,false,1.00,9.90,0.00,true,0,
4011800528416,false,קורני חטיף דגנים עם בוטנים מתוק-מלוח*6,משה סידס ובנו בעמ,DE,קורני חטיף דגנים עם בוטנים מתוק-מלוח,,0.00,0.00,false,1.00,15.90,0.00,true,0,
4011800567613,false,מאגדת קורני מילק דרק & ואיט 120 גרם,מיוצר עי קונדיטוריית,,שחור ולבן חטיף דגנים בטעם שוקולד עם 30% מילוי קרם חלב,,0.00,0.00,false,1.00,15.90,3.97,true,0,
4011800617615,false,קורני ביג שוקולד 50 גר`,משה סידס ובנו בעמ,DE,BIG חטיף שוקולד,,0.00,100.00,false,1.00,5.90,0.00,true,0,
4011800617714,false,"""קורני"" ביג שוקו בננה50 גרם",מיוצר עי קונדיטוריית,DE,BIG חטיף שוקו בננה,,0.00,100.00,false,1.00,5.90,0.00,true,0,
4011800628512,false,חטיף קורני שוקולד חלב 6 יח 150 גר,מיוצר עי קונדיטוריית,,חטיף דגנים עם שוקולד חלב,,0.00,0.00,false,1.00,15.90,2.65,true,0,
4011800630515,false,חטיף קורני שוקולד חלב ובננה 6 יח 150 גר,מיוצר עי קונדיטוריית,,חטיף דגנים עם שוקולד חלב ובננה,,0.00,0.00,false,1.00,15.90,2.65,true,0,
4011800633516,false,קורני שוקולד מריר מעולה 58% קקאו 6*1,משה סידס ובנו בעמ,,חטיף דגנים עם שוקולד מריר מעולה,,0.00,0.00,false,1.00,15.90,2.65,true,0,
4011800636517,false,קורני פרי שוקולד חלב מעולה ללא סוכר 6*1,מיוצר עי קונדיטוריית,,פרי חטיף דגנים עם שוקולד חלב ללא תוספת סוכר,,0.00,0.00,false,1.00,15.90,2.65,true,0,
4012273123009,false,נטרוגינה קרם ידיים 50 מל הסדרה הנורבגית,גונסון אנד גונסון,FR,קרם ידיים הסדרה הנורבגית,,0.00,100.00,false,1.00,29.90,0.00,true,0,
4014400900217,false,בונבונריית מרסי מבחר ממתקי שוקולד 400 גרם,קריניציה ויטמינה אס,,,,0.00,100.00,false,1.00,49.90,0.00,true,0,
4014400907902,false,"וורטרס אורגינל סוכריות חמאה ללא סוכר בקופסה
<<<<<<< HEAD
42 גרם",תות ממתקי איכות,,סוכריות חמאה ללא סוכר,,0.00,100.00,false,1.00,7.90,0.00,true,0,
=======
42 גרם",ליימן שליסל בע`מ,,סוכריות חמאה ללא סוכר,,0.00,100.00,false,1.00,7.90,0.00,true,0,
>>>>>>> d048ac2f4f281c9d788043ab4e81b61b0dbe3743
4014400909692,false,וורטרס אורגינל סוכריות חמאה ללא סוכר בטעם קפוצי'ינו בקופסה 42 גרם,קריניציה ויטמינה אס,,,,0.00,100.00,false,1.00,7.90,0.00,true,0,
4014400914696,false,וורטרס אורגינל סוכריות ללא סוכר 80 גרם,ליימן שליסל בע`מ,,סוכריות חמאה ללא סוכר,,0.00,100.00,false,1.00,11.90,0.00,true,0,
4014400914924,false,"סוכריות בטעם קפה וורטר אורגינל לל""ס 80 גרם",קריניציה ויטמינה אס,,,,0.00,100.00,false,1.00,11.90,0.00,true,0,
4014400923711,false,בונבוניירה שוקולד אגוזים טופיפי 125 גרם,ליימן שליסל בע`מ,DE,,,0.00,100.00,false,1.00,14.90,0.00,true,0,
4014400925319,false,וורטרס אורגינל פופקורן קרמל 140 גרם,ליימן שליסל בע`מ,DE,פופקורן קרמל,,0.00,100.00,false,1.00,14.90,0.00,true,0,
4014400931327,false,ורטרס אורגינל פופקורן עם קרמל זרעי דלעת 1/12,ליימן שליסל בע`מ,DE,פופקורן קרמל עם תערובת גרעינים,,0.00,100.00,false,1.00,14.90,0.00,true,0,
4015000280211,false,"פה - דאודורנט רול און לאישה קאריביין לימון 50 מ""ל",שוורצקוף& הנקל דיסלד,,דאודורנט רול און קאריביאן לימון לאישה 48 שעות,,0.00,100.00,false,1.00,10.90,0.00,true,0,
4015000280372,false,"דאודורנט רול און בניחוח לימון פה 50 מ""ל",שוורצקופף והנקל,,דאודורנט רול און לגבר 48 שעות,,0.00,100.00,false,1.00,10.90,0.00,true,0,
4015000500838,false,טאפט גל למראה רטוב 150 מל,הנקל סוד,DE,ג'ל למראה רטוב  אחיזה 3,,0.00,100.00,false,1.00,19.90,0.00,true,0,
4015000519915,false,"פה - דאודורנט ספריי לאישה פינק פרדייס 200 מ""ל",שוורצקופף והנקל,,דאודורנט ספריי לאשה פינק,"מ""ל",200.00,100.00,false,1.00,10.90,0.00,true,0,
4015000535953,false,טאפט ווקס פאוור 75 מל,הנקל סוד,DE,"ווקס פאוור  לאחיזה חזקה במיוחד, אחיזה 5+",,0.00,100.00,false,1.00,29.90,0.00,true,0,
4015000535960,false,טאפט ספריי קשמיר 250 מל,הנקל סוד,DE,"ספריי פאוור קשמיר  למראה שיער מעוצב ורך כקשמיר, אחיזה 5",,0.00,100.00,false,1.00,29.90,0.00,true,0,
4015000535977,false,טאפט ספריי קפאין 250 מל,הנקל סוד,DE,"ספריי פאוור  למראה שיער חזק מהשורש ועד הקצוות, אחיזה 5",,0.00,100.00,false,1.00,29.90,0.00,true,0,
4015000537049,false,"גליס מרכך ומשקם לשיער אקספרס שוורצקוף 200 מ""ל",שוורצקוף,,קונדישינר משקם אקספרס לשיער יבש ופגום,,0.00,100.00,false,1.00,35.90,0.00,true,0,
4015000548106,false,טאפט מוס קשמיר 150 מל,הנקל סוד,DE,מוס פאוור קשמיר - ליצירת נפח ומראה שיער רך כקשמיר,,0.00,100.00,false,1.00,24.90,0.00,true,0,
4015000548847,false,טאפט גל סטנד אפ 150 מל,הנקל סוד,DE,ג'ל סטנד אפ  אחיזה 5,,0.00,100.00,false,1.00,19.90,0.00,true,0,
4015000615884,false,"פה - דאודורנט ספריי לאישה קריביין לימון 200 מ""ל",שוורצקופף והנקל,,דאודורנט ספריי ירוק לאישה,,0.00,100.00,false,1.00,10.90,0.00,true,0,
4015000615891,false,"פה - דאודורנט ספריי לאישה אקווה 200 מ""ל",שוורצקופף והנקל,,דאודורנט ספריי כחול לאישה,"מ""ל",200.00,100.00,false,1.00,10.90,0.00,true,0,
4015000615921,false,"פה - דאודורנט ספריי לגבר ספורט 200 מ""ל",שוורצקופף והנקל,,דאודורנט ספריי לגבר,"מ""ל",200.00,100.00,false,1.00,10.90,0.00,true,0,
4015000712576,false,טאפט ספריי אולטרה 250 מל,הנקל סוד,DE,"ספריי אולטרה  לעיצוב וחיזוק סיב השערה עם ארג'ינין, דרגת חוזק 4",,0.00,100.00,false,1.00,29.90,0.00,true,0,
4015000923880,false,דיאדרמין ליפט+ קרם לחות נגד קמטים 50 מל,הנקל סוד,SI,+LIFT קרם יום נגד קמטים,,0.00,100.00,false,1.00,59.90,0.01,true,0,
4015000923989,false,דיאדרמין ליפט+ קרם הזנה ללילה נגד קמטים,הנקל סוד,SI,+LIFT קרם הזנה ללילה נגד קמטים,,0.00,100.00,false,1.00,59.90,0.01,true,0,
4015000950510,false,טאפט ספריי קרטין 250 מל,הנקל סוד,DE,"ספריי פיטו קרטין לעיצוב וחיזוק סיב השערה, אחיזה 4",,0.00,100.00,false,1.00,29.90,0.00,true,0,
4015000975421,false,סאיוס משחה לעיצוב השיער אינביזיבל 100 מל,הנקל סוד,,אינביזיבל משחה לעיצוב שיער,,0.00,0.00,false,1.00,39.90,0.39,true,0,
4015000995122,false,"דאודורנט פה ספריי כח המשיכה 200 מ""ל",שוורצקופף והנקל,,דאודורנט ספריי כח המשיכה,,0.00,100.00,false,1.00,10.90,0.00,true,0,
4015000996273,false,"גליס מרכך אולטימטיב שמן אלקסייר 400 מ""ל","הובי קוסמטיק, חברת ייצור",,מרכך אולטימטיב שמן אלקסייר,,0.00,100.00,false,1.00,18.90,0.00,true,0,
4015000997430,false,פה דאודורנט ספריי אינויזיבל פאוור 200 מל,שוורצקופף והנקל,,דאודורנט ספריי אינויזיבל פאוור,,0.00,100.00,false,1.00,10.90,0.00,true,0,
4015001003055,false,טאפט ספריי אולטימייט 250 מל,הנקל סוד,DE,"ספריי אולטימייט  לאחיזה אולטימטיבית וברק קריסטלי, אחיזה 5+",,0.00,100.00,false,1.00,29.90,0.00,true,0,
4015001003079,false,טאפט ווקס אולטימייט 75 מל,הנקל סוד,DE,"ווקס אולטימייט  לאחיזה חזקה וברק קריסטלי, אחיזה 5+",,0.00,100.00,false,1.00,29.90,0.00,true,0,
4015001004168,false,"גליס - מרכך משקם אקספרס סרום שיקות עמוק 200 מ""ל",שוורצקוף,SK,סרום שיקום עמוק קונדישינר משקם אקספרס,,0.00,100.00,false,1.00,35.90,0.00,true,0,
4015100190762,false,"גליס - מסכה שיקום שמן אלקסיר 300 מ""ל",שוורצקופף והנקל,SK,מסכה שיקום שמן אלקסיר,,0.00,100.00,false,1.00,39.90,0.00,true,0,
4015100190786,false,גליס מסכת סרום לשיקום עמוק עם קרטין,שוורצקופף והנקל,SK,מסכה שיקום עמוק,,0.00,100.00,false,1.00,39.90,0.00,true,0,
4015100190793,false,גליס מסכה לשיער יבש ופגום במיוחד Ultimate Repair,שוורצקופף והנקל,SK,מסכה שיקום אולטימטיבי,,0.00,100.00,false,1.00,39.90,0.00,true,0,
4015100190892,false,דיאדרמין ליפט + סופר פילר קרם עיניים,הנקל סוד,SI,LIFT+ סופר פילר קרם עיניים,,0.00,100.00,false,1.00,69.90,0.04,true,0,
4015100202205,false,טאפט מוס מתולתל 150 מל,הנקל סוד,DE,"מוס תלתלים - לתלתלים מוגדרים וגמישים, אחיזה 3",,0.00,100.00,false,1.00,24.90,0.00,true,0,
4015100203523,false,דיאדרמין ליפט+ קפסולות לעור הפנים והצווא,הנקל סוד,DE,LIFT+ קפסולות לעור פנים והצוואר,,0.00,0.00,false,1.00,79.90,0.00,true,0,
4015100204087,false,סאיוס ספריי לשיער סלון פלאקס 250מל,הנקל סוד בעמ,DE,ספריי לשיער סלון פלקס,,0.00,100.00,false,1.00,47.90,0.00,true,0,
4015100297928,false,גליס ביו-טק קונדישינר משקם אקספרס 200 מל,"הובי קוסמטיק, אנקרה, תור",SK,ביו-טק קונדישנר משקם אקספרס,,0.00,100.00,false,1.00,32.90,0.00,true,0,
4015100298000,false,גליס מסכה ביו-טק 2ב-1 300 מל,שוורצקופף והנקל,TR,ביו-טק מסכה עשירה 2 ב-1,,0.00,100.00,false,1.00,39.90,0.00,true,0,
4015100302059,false,גליס תחליב לשיער מאולף,הנקל סוד,HU,תחליב לשיער מאולף,,0.00,100.00,false,1.00,39.90,0.00,true,0,
4015100302134,false,גליס ספריי מעצב ומטפח,הנקל סוד,HU,ספריי מעצב ומטפח,,0.00,100.00,false,1.00,39.90,0.00,true,0,
4015100325294,false,פלטה דלוקס קיט 4-65 חום מהפנט,שוורצקופף & הנקל דיסלדור,DE,DELUXE צבע שיער 4-65 חום מהפנט,,0.00,0.00,false,1.00,39.90,0.00,true,0,
4015100325324,false,פאלטה דלוקס קיט 6-0 בלונד כהה,שוורצקופף & הנקל דיסלדור,DE,DELUXE צבע שיער 6-0 בלונד כהה,,0.00,0.00,false,1.00,39.90,0.00,true,0,
4015100325355,false,פלטה דלוקס קיט 4-0 חום בינוני עדין,שוורצקופף & הנקל דיסלדור,DE,DELUXE צבע שיער 4-0 חום בינוני עדין,,0.00,0.00,false,1.00,39.90,0.00,true,0,
4015100432534,false,דיאדרמין פיטו רטינול אמפולות להפחתת קמטי,הנקל סוד,SI,PHYTO RETINOL אמפולות להפחתת קמטים,,0.00,0.00,false,1.00,59.90,0.00,true,0,
4015100438055,false,פאלטה - דלוקס קיט בלונד בינוני 7-0,שוורצקופף & הנקל דיסלדור,DE,DELUXE צבע שיער 7-0 בלונד בינוני,,0.00,0.00,false,1.00,39.90,0.00,true,0,
4015100438079,false,פאלטה - דלוקס קיט בלונד בהיר 8-0,שוורצקופף & הנקל דיסלדור,DE,DELUXE צבע שיער 8-0 בלונד בהיר,,0.00,0.00,false,1.00,39.90,0.00,true,0,
4015100438154,false,פאלטה - דלוקס קיט בלונד טיטניום 12-2,שוורצקופף & הנקל דיסלדור,DE,DELUXE צבע שיער 10-1 בלונד כסוף,,0.00,0.00,false,1.00,39.90,0.00,true,0,
4015100438192,false,פאלטה - דלוקס קיט בלונד זהוב חם 8-65,שוורצקופף & הנקל דיסלדור,DE,DELUXE צבע שיער 8-65 בלונד זהוב חם,,0.00,0.00,false,1.00,39.90,0.00,true,0,
4015100438239,false,פאלטה - דלוקס קיט חום בהיר זהוב 5-5,שוורצקופף & הנקל דיסלדור,DE,DELUXE צבע שיער 5-5 קרמל,,0.00,0.00,false,1.00,39.90,0.00,true,0,
4015100438314,false,פלטה דלוקס קיט צבעי שיער 12.2 בלונד טיטנ,שוורצקופף & הנקל דיסלדור,DE,DELUXE צבע שיער 12-2 בלונד טיטניום,,0.00,0.00,false,1.00,39.90,0.00,true,0,
4015100709889,false,צבע לשער פאלטה דלוקס שחור בורדו קיט,הנקל סוד,DE,DELUXE צבע שיער 1-08 שחור בורדו,,0.00,0.00,false,1.00,39.90,0.00,true,0,
4015100709964,false,צבע לשער פאלטה דלוקס בלונד אולטרה טיטניום,הנקל סוד,DE,DELUXE צבע שיער 11-11 בלונד אולטרה טיטניום,,0.00,0.00,false,1.00,39.90,0.00,true,0,
4015100710021,false,צבע לשער פאלטה דלוקס חום בהיר קר 5-1 קיט,הנקל סוד,DE,DELUXE צבע שיער 5-1 חום בהיר קר,,0.00,0.00,false,1.00,39.90,0.00,true,0,
4015100744811,false,גליס טיפול משקם אקספרס שמן מזין 200 מל,הנקל סוד,HU,טיפול משקם אקספרס שמן מזין,,0.00,100.00,false,1.00,39.90,0.00,true,0,
4015400536857,false,פמפרס פרימיום חיתולים שלב 0 א.נשיאה 30יח,פרוקטר & גמבל,PL,"חיתולים ניו בייבי שלב 0 - 3 ק""ג ומעלה, אריזת נשיאה",,0.00,0.00,false,1.00,21.90,0.73,true,0,
4015400562818,false,אולוויז מגן תחתון פלקסי סטייל סינגל 40 י,דיפלומט,DE,מגני תחתון פלקסי סטייל סלים מבושם,,0.00,0.00,false,1.00,16.90,0.42,true,0,
4015400563747,false,אולוויז מגן תחתון דואו נורמל 60 יח,פרוקטר אנד גמבל,UA,מגני תחתון נורמל,,0.00,0.00,false,1.00,19.90,0.33,true,0,
4015400563846,false,אולוויז - מגן תחתון לונג פלוס 44 יח',פרוקטר אנד גמבל,DE,מגיני תחתון לונג פלוס,,0.00,0.00,false,1.00,19.90,0.45,true,0,
4015400564034,false,מגן תחתון אולוויז מגה פק לונג פלוס 58 יחידות,דיפלומט מפיצים (1986) בע`מ,DE,מגני תחתון לונג' פלוס,,0.00,0.00,false,1.00,32.90,0.56,true,0,
4015400564324,false,אולוויז מגן תחתון וליו פק לארג 52 יח,פרוקטר אנד גמבל,DE,מגיני תחתון לארג',,0.00,0.00,false,1.00,19.90,0.38,true,0,
4015400564454,false,מגני תחתון אולוויז לארג' עם ניחוח מגה פק,דיפלומט מפיצים (1986) בע`מ,DE,מגני תחתון לארג',,0.00,0.00,false,1.00,32.90,0.48,true,0,
4015400565574,false,אולוויז מגן תחתון וליו פק נורמל פרש58 יח,דיפלומט,,מגני תחתון פרש נורמל,,0.00,0.00,false,1.00,19.90,0.34,true,0,
4015400598329,false,תחבושות אולוויז קוואטרו נורמל פלוס 56 יחידות,דיפלומט מפיצים (1968) בעמ,DE,תחבושות קווטרו נורמל פלוס עם כנפיים,,0.00,0.00,false,1.00,39.90,0.71,true,0,
4015400598381,false,תחבושות היגייניות אולטרה לונג - מארז קוואטרו 48 יח',דיפלומט מפיצים (1968) בעמ,DE,תחבושות קווטרו אולטרה לונג פלוס עם כנפיים,,0.00,0.00,false,1.00,39.90,0.83,true,0,
4015400598411,false,תחבושות היגייניות יום ולילה Day & Night - מארז 40 יח',דיפלומט מפיצים (1968) בעמ,DE,תחבושות קוואטרו לילה עם כנפיים,,0.00,0.00,false,1.00,39.90,0.99,true,0,
4015400623663,false,מגבונים לחים ניו בייבי רביעייה ללא בישום,דיפלומט מפיצים 1968 בעמ,DE,מגבונים לחים לרך הנולד,,0.00,0.00,false,1.00,28.90,7.22,true,0,
4015400681670,false,תחבושות אולוויז וליו פק לילה בטוח 18 יחידות,דיפלומט מפיצים (1986) בע`מ,HU,תחבושות אולטרה עם כנפיים לילה בטוח אריזת דואו,,0.00,0.00,false,1.00,19.90,1.10,true,0,
4015400684428,false,אולוויז אינפיניטי נורמל 12 יח,General,HU,אינפיניטי עם כנפיים נורמל פלוס,,0.00,0.00,false,1.00,23.90,2.39,true,0,
4015400684480,false,אולוויז אינפיניטי לונג פלוס 11 יח,General,HU,אינפיניטי עם כנפיים לונג פלוס,,0.00,0.00,false,1.00,23.90,2.17,true,0,
4015400684534,false,אולוויז אינפיניטי לילה 10 יח,General,HU,אינפיניטי עם כנפיים לילה,,0.00,0.00,false,1.00,23.90,2.39,true,0,
<<<<<<< HEAD
4015400690313,false,טמפונים פרל רגולר טמפקס קומפאק 18 יח,פרוקטר אנד גמבל,HU,קומפאק פרל עם מוליך רגולר,,0.00,0.00,false,1.00,24.90,1.38,true,0,
4015400690405,false,טמפונים פרל סופר טמפקס קומפאק 18 יח,פרוקטר אנד גמבל,HU,קומפאק פרל עם מוליך סופר,,0.00,0.00,false,1.00,24.90,1.38,true,0,
4015400690498,false,טמפונים פרל סופר פלוס טמפקס קומפאק 18 יח,פרוקטר אנד גמבל,HU,קומפאק פרל עם מוליך סופר פלוס,,0.00,0.00,false,1.00,24.90,1.38,true,0,
4015400715290,false,טמפקס קומפק סופר פלוס 22 יחידות,פרוקטר & גמבל,HU,קומפאק טמפונים עם מוליך סופר פלוס,,0.00,0.00,false,1.00,25.90,1.17,true,0,
4015400715320,false,טמפקס קומפאק רגולר 22 יחידות,פרוקטר & גמבל,HU,קומפאק טמפונים עם מוליך רגולר,,0.00,0.00,false,1.00,25.90,1.17,true,0,
4015400731719,false,תחבושות היגייניות אולוויז יום ולילה Day & Night,פרוקטר אנד גמבל,DE,תחבושות אולטרה עם כנפיים נייט אריזת דואו,,0.00,0.00,false,1.00,19.90,0.99,true,0,
4015400746812,false,מגני תחתון אולוויז נורמל עם ניחוח מגה פק,פרוקטר אנד גמבל,DE,מגני תחתון נורמל,,0.00,0.00,false,1.00,32.90,0.41,true,0,
4015400755241,false,תחבושות היגייניות אולוויז אולטרה נורמל - 28 יח',פרוקטר אנד גמבל,DE,תחבושות אולטרה עם כנפיים נורמל אריזת דואו,,0.00,0.00,false,1.00,19.90,0.71,true,0,
4015400755487,false,תחבושות היגייניות אולוויז אולטרה לונג - 24 יח',פרוקטר אנד גמבל,DE,תחבושות אולטרה עם כנפיים לונג אריזת דואו,,0.00,0.00,false,1.00,19.90,0.82,true,0,
4015400824701,false,טמפונים עם מוליך רגולר טמפקס 30 יחידות,פרוקטר אנד גמבל,,טמפונים עם מוליך רגולר,,0.00,0.00,false,1.00,29.90,0.99,true,0,
4015400824725,false,טמפונים סופר עם מוליך טמפקס 30 יחידות,פרוקטר אנד גמבל,,טמפונים עם מוליך סופר,,0.00,0.00,false,1.00,29.90,0.99,true,0,
4015400824749,false,טמפונים טמפקס פלאש סופר פלוס 30 יחידות,פרוקטר אנד גמבל,,טמפונים עם מוליך סופר פלוס,,0.00,0.00,false,1.00,29.90,0.99,true,0,
=======
4015400690313,false,טמפונים פרל רגולר טמפקס קומפאק 18 יח,דיפלומט מפיצים (1968) בעמ,HU,קומפאק פרל עם מוליך רגולר,,0.00,0.00,false,1.00,24.90,1.38,true,0,
4015400690405,false,טמפונים פרל סופר טמפקס קומפאק 18 יח,דיפלומט מפיצים (1968) בעמ,HU,קומפאק פרל עם מוליך סופר,,0.00,0.00,false,1.00,24.90,1.38,true,0,
4015400690498,false,טמפונים פרל סופר פלוס טמפקס קומפאק 18 יח,דיפלומט מפיצים (1968) בעמ,HU,קומפאק פרל עם מוליך סופר פלוס,,0.00,0.00,false,1.00,24.90,1.38,true,0,
4015400715290,false,טמפקס קומפק סופר פלוס 22 יחידות,דיפלומט מפיצים (1986) בע`מ,HU,קומפאק טמפונים עם מוליך סופר פלוס,,0.00,0.00,false,1.00,25.90,1.17,true,0,
4015400715320,false,טמפקס קומפאק רגולר לייט 22 יח`,דיפלומט מפיצים (1986) בע`מ,HU,קומפאק טמפונים עם מוליך רגולר,,0.00,0.00,false,1.00,25.90,1.17,true,0,
4015400731719,false,תחבושות היגייניות אולוויז יום ולילה Day & Night,דיפלומט מפיצים (1986) בע`מ,DE,תחבושות אולטרה עם כנפיים נייט אריזת דואו,,0.00,0.00,false,1.00,19.90,0.99,true,0,
4015400746812,false,מגני תחתון אולוויז נורמל עם ניחוח מגה פק,דיפלומט מפיצים (1986) בע`מ,DE,מגני תחתון נורמל,,0.00,0.00,false,1.00,32.90,0.41,true,0,
4015400755241,false,תחבושות היגייניות אולוויז אולטרה נורמל - 28 יח',דיפלומט מפיצים (1986) בע`מ,DE,תחבושות אולטרה עם כנפיים נורמל אריזת דואו,,0.00,0.00,false,1.00,19.90,0.71,true,0,
4015400755487,false,תחבושות היגייניות אולוויז אולטרה לונג - 24 יח',דיפלומט מפיצים (1986) בע`מ,DE,תחבושות אולטרה עם כנפיים לונג אריזת דואו,,0.00,0.00,false,1.00,19.90,0.82,true,0,
4015400824701,false,טמפונים עם מוליך רגולר טמפקס 30 יחידות,פרוקטר אנד גמבל,,טמפונים עם מוליך רגולר,,0.00,0.00,false,1.00,29.90,0.99,true,0,
4015400824725,false,טמפונים סופר עם מוליך טמפקס 30 יחידות,דיפלומט מפיצים 1968 בעמ,,טמפונים עם מוליך סופר,,0.00,0.00,false,1.00,29.90,0.99,true,0,
4015400824749,false,טמפונים טמפקס פלאש סופר פלוס 30 יחידות,דיפלומט מפיצים (1968) בעמ,,טמפונים עם מוליך סופר פלוס,,0.00,0.00,false,1.00,29.90,0.99,true,0,
>>>>>>> d048ac2f4f281c9d788043ab4e81b61b0dbe3743
4015400844570,false,אולוויז דיסקרט מגן תחתון פלוס 24 יח,דיפלומט,DE,דיסקריט מגן תחתון פלוס לבריחת שתן,,0.00,0.00,false,1.00,24.90,1.03,true,0,
4015600592431,false,פנטן אמפולות לשיקום אינטנסיבי 3 יחידות,דיפלומט,GB,REPAIR&PROTECT אמפולות להצלת השיער תוך דקה,,0.00,0.00,false,1.00,24.90,0.00,true,0,
4015600763251,false,שמפו הד&שולדרס קלאסי 600 מל,דיפלומט מפיצים (1968) בעמ,,שמפו למניעת קשקשים לשיער רגיל,,0.00,100.00,false,1.00,26.90,0.00,true,0,
4015600763299,false,"הד שולדרס שמפו קלאסי 2ב1 600מ""ל",דיפלומט מפיצים (1968) בעמ,,שמפו למניעת קשקשים 2 ב-1 לשיער רגיל,,0.00,100.00,false,1.00,26.90,0.00,true,0,
4015600763411,false,שמפו הד&שולדרס מנטול 600 מל,דיפלומט מפיצים (1968) בעמ,,שמפו יומיומי למניעת קשקשים מנטול,,0.00,100.00,false,1.00,26.90,0.00,true,0,
4015600763459,false,שמפו הד&שולדרס תפוח 600 מל,דיפלומט מפיצים (1968) בעמ,,שמפו יומיומי למניעת קשקשים תפוח,,0.00,100.00,false,1.00,26.90,0.00,true,0,
4015600763534,false,שמפו הד&שולדרס מגע משי 600 מל,דיפלומט מפיצים (1968) בעמ,,שמפו יומיומי למניעת קשקשים מגע משי,,0.00,100.00,false,1.00,26.90,0.00,true,0,
4015600766658,false,"הד אנד שולדרס שמפו2 ב 1 מנטול 600 מ""ל",דיפלומט מפיצים (1968) בעמ,,שמפו וקונדישנר 2ב1 למניעת קשקשים מנטול,,0.00,100.00,false,1.00,26.90,0.00,true,0,
4015600807436,false,"ג'ילט - דאודורנט ג'ל לגבר כדוריות קול וויב 75 מ""ל",פארמה דיל (פ.א.ב.) שיווק והפצה,GB,דאודורנט ג'ל פאוור בידס Cool Wave,,0.00,100.00,false,1.00,33.90,0.00,true,0,
4015600807573,false,"ג'ילט - דאודורנט ג'ל לגבר כדוריות פאוור ראש 75 מ""ל",פארמה דיל (פ.א.ב.) שיווק והפצה,GB,דאודורנט ג'ל פאוור בידס Power Rush,,0.00,100.00,false,1.00,33.90,0.00,true,0,
4015600810849,false,גילט דאו קליר גל 70 מל פאוור ראש,פרוקטר אנד גמבל,CZ,דאודורנט קליר ג'ל POWER RUSH,,0.00,100.00,false,1.00,22.90,0.00,true,0,
4015600969578,false,אוליי רגנריסט לומינוס אנטי אייגינג קרם,דיפלומט,PL,REGENERIST LUMINOUS אנטי אייג'ינג קרם יום,,0.00,100.00,false,1.00,139.90,0.02,true,0,
4045787068221,false,"אינדולה - פרוטאין צבע 1 שחור 60 מ""ל",שוורצקופף והנקל,,קרם צבע שיער שחור 1,,0.00,100.00,false,1.00,24.90,0.00,true,0,
4045787068238,false,צבע לשיער פרוטאין קולור- 10 בלונד בהיר מאוד,שוורצקופף והנקל,,קרם צבע שיער בלונד סופר בהיר 10,,0.00,100.00,false,1.00,24.90,0.00,true,0,
4045787068245,false,צבע לשיער פרוטאין קולור- 1000.0 אקסטרה בלונד,שוורצקופף והנקל,,קרם צבע שיער אקסטרה בלונד פנינה 1000,,0.00,100.00,false,1.00,24.90,0.00,true,0,
4045787068252,false,צבע לשיער פרוטאין קולור- 1000.1 אקסטרה בלונד אפרפר,שוורצקופף והנקל,,קרם צבע שיער אקסטרה בלונד 1000.1,,0.00,100.00,false,1.00,24.90,0.00,true,0,
<<<<<<< HEAD
4045787068283,false,"אינדולה - פרוטאין צבע 1-1 שחור כחול 60 מ""ל",אינדולה Indola,,קרם צבע שיער שחור כחול 1.1,,0.00,100.00,false,1.00,24.90,0.00,true,0,
=======
4045787068283,false,"אינדולה - פרוטאין צבע 1-1 שחור כחול 60 מ""ל",הנקל סוד בעמ,,קרם צבע שיער שחור כחול 1.1,,0.00,100.00,false,1.00,24.90,0.00,true,0,
>>>>>>> d048ac2f4f281c9d788043ab4e81b61b0dbe3743
4045787068290,false,"צבע לשיער אינדולה פרוטאין חום שחור 3 60 מ""ל",שוורצקופף והנקל,,קרם צבע שיער חום שחור 3,,0.00,100.00,false,1.00,24.90,0.00,true,0,
4045787068306,false,"אינדולה - פרוטאין צבע 4 חום כהה 60 מ""ל",שוורצקופף והנקל,,קרם צבע שיער חום כהה 4,,0.00,100.00,false,1.00,24.90,0.00,true,0,
4045787068313,false,"אינדולה - פרוטאין צבע 4-37 שוקולד כהה 60 מ""ל",אינדולה Indola,,קרם צבע שיער שוקולד כהה 4.37,,0.00,100.00,false,1.00,24.90,0.00,true,0,
4045787068320,false,"אינדולה - פרוטאין צבע 5 חום 60 מ""ל",שוורצקופף והנקל,,קרם צבע שיער חום 5,,0.00,100.00,false,1.00,24.90,0.00,true,0,
4045787068337,false,"אינדולה - פרוטאין 5-35 חום שקד 60 מ""ל",אינדולה Indola,,קרם צבע שיער אגוז 5.35,,0.00,100.00,false,1.00,24.90,0.00,true,0,
4045787068344,false,"אינדולה - פרוטאין צבע 5-4 ערמונים 60 מ""ל",אינדולה Indola,,קרם צבע שיער ערמונים 5.4,,0.00,100.00,false,1.00,24.90,0.00,true,0,
4045787068351,false,צבע לשיער פרוטאין קולור- 5.56 בורדו קטיפה,אינדולה Indola,,קרם צבע לשיער בורדו קטיפה 5.56,,0.00,100.00,false,1.00,24.90,0.00,true,0,
4045787068368,false,"אינדולה - פרוטאין צבע 5-66 שזיף 60 מ""ל",אינדולה Indola,,קרם צבע שיער שזיף 5.66,,0.00,100.00,false,1.00,24.90,0.00,true,0,
4045787068375,false,"אינדולה - פרוטאין צבע 6 בלונד כהה 60 מ""ל",שוורצקופף והנקל,,קרם צבע שיער בלונד כהה 6,,0.00,100.00,false,1.00,24.90,0.00,true,0,
4045787068382,false,צבע לשיער פרוטאין קולור- 6.03 חום זהבהב,שוורצקופף והנקל,,קרם צבע שיער חום זהבהב 6.03,,0.00,100.00,false,1.00,24.90,0.00,true,0,
4045787068405,false,"צבע לשיער אינדולה פרוטאין חום שקד 6-23 60 מ""ל",אינדולה Indola,,קרם צבע שיער חום שקד 6.23,,0.00,100.00,false,1.00,24.90,0.00,true,0,
4045787068412,false,"אינדולה - פרוטאין צבע 6-37 שוקולד 60 מ""ל",אינדולה Indola,,קרם צבע שיער שוקולד 6.37,,0.00,100.00,false,1.00,24.90,0.00,true,0,
4045787068429,false,"אינדולה - פרוטאין צבע 6-4 אגוז 60 מ""ל",שוורצקופף והנקל,,קרם צבע לשיער אגוז ברזיל 6.4,,0.00,100.00,false,1.00,24.90,0.00,true,0,
4045787068436,false,צבע לשיער פרוטאין קולור- 6.46 נחושת אדומה,אינדולה Indola,,קרם צבע לשיער נחושת אדומה 6.46,,0.00,100.00,false,1.00,24.90,0.00,true,0,
4045787068467,false,"אינדולה - פרוטאין צבע 7 בלונד בינוני 60 מ""ל",שוורצקופף והנקל,,קרם צבע שיער בלונד בינוני 7,,0.00,100.00,false,1.00,24.90,0.00,true,0,
4045787068498,false,"אינדולה - פרוטאין צבע 7-3 דבש 60 מ""ל",שוורצקופף והנקל,,קרם צבע שיער דבש 7.3,,0.00,100.00,false,1.00,24.90,0.00,true,0,
4045787068504,false,"אינדולה - פרוטאין צבע 7-35 פקאן 60 מ""ל",שוורצקופף והנקל,,קרם צבע שיער פקאן 7.35,,0.00,100.00,false,1.00,24.90,0.00,true,0,
4045787068511,false,צבע לשיער פרוטאין קולור- 7.44 דבש נחושתי,אינדולה Indola,,קרם צבע לשיער דבש נחושתי 7.44,,0.00,100.00,false,1.00,24.90,0.00,true,0,
4045787068535,false,צבע לשיער פרוטאין קולור- 7.66 אדום זוהר,אינדולה Indola,,קרם צבע שיער אדום זוהר 7.66,,0.00,100.00,false,1.00,24.90,0.00,true,0,
4045787068542,false,"אינדולה - פרוטאין צבע 8 בלונד בהיר 60 מ""ל",שוורצקופף והנקל,,קרם צבע שיער בלונד בהיר 8,,0.00,100.00,false,1.00,24.90,0.00,true,0,
4045787068566,false,"אינדולה - פרוטאין צבע 8-3 בלונד שמש 60 מ""ל",אינדולה Indola,,קרם צבע שיער בלונד שמש 8.3,,0.00,100.00,false,1.00,24.90,0.00,true,0,
4045787068610,false,"אינדולה - פרוטאין צבע 9 בלונד טבעי 60 מ""ל",שוורצקופף והנקל,,קרם צבע שיער בלונד טבעי 9,,0.00,100.00,false,1.00,24.90,0.00,true,0,
4045787068634,false,"אינדולה - פרוטאין צבע 9-3 בלונד חיטה 60 מ""ל",הנקל סוד,,קרם צבע שיער בלונד חיטה 9.3,,0.00,100.00,false,1.00,24.90,0.00,true,0,
4048882682477,false,קרם לחות ואגינלי ללא הורמונים,ואגיזן Vagisan,DE,ואגיזן קרם לחות ואגינלי,,0.00,100.00,false,1.00,64.90,0.01,true,0,
4048882682545,false,ואגיזן חומצה לקטית 7 טבליות,סמואלוב,DE,חומצה לקטית,,0.00,0.00,false,1.00,64.90,0.00,true,0,
4053700288205,false,"וייט קרם להסרת שיער לעור רגיש 100 מ""ל",רקיט בנקיזר (ניר איסט) בעמ,,קרם להסרת שיער לעור רגיש,,0.00,0.00,false,1.00,39.90,0.39,true,0,
4053700292455,false,ויט רצועות שעווה מוכנות להסרת שיער לעור רגיל 12 יחידות,רקיט בנקיזר (ניר איסט) בעמ,,רצועות שעווה מוכנות לשימוש לעור רגיל,,0.00,0.00,false,1.00,39.90,3.32,true,0,
4056800100002,false,שוקוויבס ספריי לשיער אולטרה סטרונג 250 מ,דיפלומט,FR,ספריי לשיער אולטרה סטרונג לייצוב חזק לזמן ממושך,,0.00,100.00,false,1.00,37.90,0.00,true,0,
4056800600380,false,צבע לשיער קולסטון - 8/3 בלונד קוניאק,HFC פרסטיג',,קרם צבע שיער בלונד קוניאק 8/3,,0.00,100.00,false,1.00,26.90,0.00,true,0,
4056800762699,false,צבע לשיער קולסטון מיני קיט בלונד בינוני 7/0,HFC פרסטיג',DE,קרם צבע לשיער 7/0 בלונד בינוני,,0.00,0.00,false,1.00,19.90,0.00,true,0,
4056800762750,false,קולסטון נטורלס מיני קיט 6/0 בלונד כהה,HFC פרסטיג',DE,קרם צבע לשיער 6/0 בלונד כהה,,0.00,0.00,false,1.00,19.90,0.00,true,0,
4056800762842,false,צבע לשיער קולסטון מיני קיט חום בהיר 5/0,HFC פרסטיג',DE,קרם צבע לשיער 5/0 חום בהיר,,0.00,0.00,false,1.00,27.90,0.00,true,0,
4056800762873,false,צבע לשיער קולסטון מיני קיט חום בינוני 4/0,HFC פרסטיג',DE,קרם צבע לשיער 4/0 חום בינוני,,0.00,0.00,false,1.00,27.90,0.00,true,0,
4056800762903,false,צבע לשיער קולסטון מיני קיט חום כהה 3/0,HFC פרסטיג',DE,קרם צבע לשיער 3/0 חום כהה,,0.00,0.00,false,1.00,27.90,0.00,true,0,
4056800762934,false,צבע לשיער קולסטון מיני קיט שחור 2/0,HFC פרסטיג',DE,קרם צבע לשיער 2/0 שחור,,0.00,0.00,false,1.00,27.90,0.00,true,0,
4056800762965,false,קולסטון נטורלס מיני קיט 2/8 שחור כחול,HFC פרסטיג',DE,קרם צבע לשיער 2/8 שחור כחול,,0.00,0.00,false,1.00,27.90,0.00,true,0,
4056800777709,false,קולסטון קיט 12/0 בלונד אקסטרא בהיר מאוד,דיפלומט מפיצים (1986) בע`מ,DE,קרם לצביעה לשיער 12/0 בלונד בהיר במיוחד,,0.00,0.00,false,1.00,39.90,0.00,true,0,
4056800777730,false,קולסטון קיט 12/1 בלונד אפר בהיר מאוד,פרוקטר אנד גמבל,DE,קרם לצביעה לשיער 12/1 בלונד אפור מאוד,,0.00,0.00,false,1.00,39.90,0.00,true,0,
4056800777761,false,צבע לשיער קולסטון קיט 2/0 שחור,פרוקטר & גמבל,DE,קרם לצביעה לשיער 2/0 שחור,,0.00,0.00,false,1.00,39.90,0.00,true,0,
4056800777792,false,צבע לשיער קולסטון קיט 2/8 שחור כחול,פרוקטר אנד גמבל,DE,קרם לצביעה לשיער 2/8 שחור כחול,,0.00,0.00,false,1.00,39.90,0.00,true,0,
4056800777822,false,צבע לשיער קולסטון קיט 3/0 חום כהה,פרוקטר אנד גמבל,DE,קרם לצביעה לשיער 3/0 חום כהה,,0.00,0.00,false,1.00,39.90,0.00,true,0,
4056800777853,false,צבע לשיער קולסטון קיט 4/0 חום בינוני,פרוקטר אנד גמבל,DE,קרם לצביעה לשיער 4/0 חום בינוני,,0.00,0.00,false,1.00,39.90,0.00,true,0,
4056800777921,false,צבע לשיער קולסטון קיט 4/77 חום קטיפה,דיפלומט מפיצים (1986) בע`מ,DE,קרם לצביעה לשיער 4/77 חום קטיפה,,0.00,0.00,false,1.00,39.90,0.00,true,0,
4056800777952,false,צבע לשיער קולסטון קיט 5/0 חום,פרוקטר אנד גמבל,DE,קרם לצביעה לשיער 5/0 חום בהיר,,0.00,0.00,false,1.00,39.90,0.00,true,0,
4056800778003,false,צבע לשיער קולסטון קיט 5/37 חום חושני,HFC פרסטיג',DE,קרם לצביעה לשיער 5/37 חום מבריק,,0.00,0.00,false,1.00,39.90,0.00,true,0,
4056800778171,false,צבע לשיער קולסטון קיט 5/5 מהגוני,פרוקטר אנד גמבל,DE,קרם לצביעה לשיער 5/5 חום מהגוני,,0.00,0.00,false,1.00,39.90,0.00,true,0,
4056800778287,false,צבע לשיער קולסטון קיט 6/0 בלונד כהה,פרוקטר אנד גמבל,,קרם צבע שיער בלונד כהה 6/0,,0.00,0.00,false,1.00,39.90,0.00,true,0,
4056800778317,false,צבע לשיער קולסטון קיט 6/1 בלונד אפר כהה,פרוקטר & גמבל,DE,קרם לצביעה לשיער 6/1 בלונד אפור כהה,,0.00,0.00,false,1.00,39.90,0.00,true,0,
4056800778409,false,צבע לשיער קולסטון קיט 6/7 חום שוקולד,פרוקטר אנד גמבל,,קרם צבע שיער חום שוקולד 6/7,,0.00,0.00,false,1.00,39.90,0.00,true,0,
4056800778430,false,צבע לשיער קולסטון קיט 6/73 חום זהוב,פרוקטר אנד גמבל,DE,קרם לצביעה לשיער 6/73 בלונד זהוב כהה,,0.00,0.00,false,1.00,39.90,0.00,true,0,
4056800778706,false,קולסטון קיט 7/0 בלונד בינוני,פרוקטר אנד גמבל,,קרם לצביעה לשיער 7/0 בלונד בינוני,,0.00,0.00,false,1.00,39.90,0.00,true,0,
4056800778911,false,קולסטון קיט 7/1 בלונד אפרפר צבע שיער,דיפלומט מפיצים (1986) בע`מ,DE,קרם לצביעה לשיער 7/1 בלונד אפור בינוני,,0.00,0.00,false,1.00,39.90,0.00,true,0,
4056800778973,false,צבע לשיער קולסטון קיט 7/3 - חום אגוז,וולה Wella,DE,קרם לצביעה לשיער 7/3 חום אגוז,,0.00,0.00,false,1.00,39.90,0.00,true,0,
4056800779123,false,קולסטון קיט 7/77 חום מפתה,דיפלומט,DE,קרם לצביעה לשיער 7/77 חום מפתה,,0.00,0.00,false,1.00,39.90,0.00,true,0,
4056800779208,false,צבע לשיער קולסטון קיט 8/0 בלונד בהיר,HFC פרסטיג',DE,קרם לצביעה לשיער 8/0 בלונד בהיר,,0.00,0.00,false,1.00,39.90,0.00,true,0,
4056800779352,false,צבע לשיער קולסטון קיט 8/1 בלונד אפור בהיר,HFC פרסטיג',DE,קרם לצביעה לשיער 8/1 בלונד אפרפר בהיר,,0.00,0.00,false,1.00,39.90,0.00,true,0,
4056800779413,false,צבע לשיער קולסטון קיט 8/74 אגוז חושני,פרוקטר אנד גמבל,DE,קרם לצביעה לשיער 8/74 חום אגוז מפתה,,0.00,0.00,false,1.00,39.90,0.00,true,0,
4056800779444,false,קולסטון קיט 9/0 בלונד פלטינה,פרוקטר אנד גמבל,DE,קרם לצביעה לשיער 9/0 בלונד פלטינה,,0.00,0.00,false,1.00,39.90,0.00,true,0,
4056800779475,false,קולסטון קיט 9/1 בלונד אפרפר בהיר במיוחד,HFC פרסטיג',DE,קרם לצביעה לשיער 9/1 בלונד אפרפר בהיר במיוחד,,0.00,0.00,false,1.00,39.90,0.00,true,0,
4056800912483,false,"וולה - פלקס מוס למראה שיער מלא 200 מ""ל",דיפלומט מפיצים (1968) בעמ,FR,מוס למראה שיער מלא,,0.00,100.00,false,1.00,32.90,0.00,true,0,
4056800943739,false,קרם חמצן וולוקסון Welloxon 6%,דיפלומט מפיצים (1986) בע`מ,,קרם חמצן 6%,,0.00,100.00,false,1.00,5.90,0.00,true,0,
4056800943791,false,קרם חמצן וולוקסון Welloxon 9%,דיפלומט מפיצים (1986) בע`מ,,קרם חמצן 9%,,0.00,100.00,false,1.00,5.90,0.00,true,0,
4056800980567,false,קולסטון נטורלס מיני קיט 6/7 חום שוקולד,דיפלומט,DE,קרם צבע לשיער 6/7 חום שוקולד,,0.00,0.00,false,1.00,27.90,0.00,true,0,
4059729271273,false,אסנס קרם יום 20,General,PL,"HELLO, GOOD STUFF! קרם יום 20",,0.00,100.00,false,1.00,18.00,0.00,true,0,
4059729303004,false,אסנס קרם לחות לפנים 30 מל,General,AT,"HELLO, GOOD STUFF! קרם לחות לפנים",,0.00,100.00,false,1.00,20.00,0.00,true,0,
4059729307552,false,אסנס סרום לעיניים,General,PL,"HELLO, GOOD STUFF סרום לעיניים",,0.00,100.00,false,1.00,15.00,0.01,true,0,
4059729308436,false,אסנס מסכה לפנים 50 מל,General,AT,"HELLO, GOOD STUFF! מסכה לפנים",,0.00,100.00,false,1.00,18.00,0.00,true,0,
4059729308580,false,אסנס סרום לשפתיים,General,PL,LIP CARE סרום לשפתיים,,0.00,100.00,false,1.00,13.00,0.01,true,0,
4059729323620,false,אסנס הידרו גל מסכת עיניים,General,CN,HYDRO GEL מסכת עיניים,,0.00,0.00,false,1.00,7.00,0.00,true,0,
4059729323644,false,אסנס שפתון לחות 301,General,PL,שפתון לחות 301,,0.00,0.00,false,1.00,12.00,0.00,true,0,
4059729323651,false,אסנס שפתון לחות 302,General,PL,שפתון לחות 302,,0.00,0.00,false,1.00,12.00,0.00,true,0,
4059729349088,false,אסנס סרום ללילה,General,DE,,,0.00,0.00,false,1.00,17.00,17.00,true,0,
4059729349095,false,אסנס סרום ליום,General,CN,,,0.00,0.00,false,1.00,17.00,17.00,true,0,
4059729349354,false,אסנס טיקט פור מדבקות הדירוגל לעיניים,General,HR,TICKET FOR.. מדבקות הידרוג'ל לעיניים,,0.00,0.00,false,1.00,13.00,0.00,true,0,
4059729349378,false,אסנס טיקט פור רולר לעיסוי הפנים,General,CN,TICKET FOR.. רולר לעיסוי הפנים,,0.00,0.00,false,1.00,29.00,0.00,true,0,
4059729362865,false,אסנס סרום,General,FR,,,0.00,0.00,false,1.00,20.00,20.00,true,0,
4064666232379,false,וולהפלקס ספריי לעיצוב אקסטרה גמיש 250 מל,THEORAT INTERSPRAY,FR,ספריי לעיצוב אקסטרה גמיש,,0.00,100.00,false,1.00,39.90,0.00,true,0,
4064666232386,false,"וולה - פלקס ספריי לעיצוב אולטרה גמיש 250 מ""ל",דיפלומט מפיצים (1968) בעמ,FR,ספריי לעיצוב אולטרה גמיש,,0.00,100.00,false,1.00,39.90,0.00,true,0,
4064666232416,false,"וולה - פלקס מוס לעיצוב אולטרה גמיש 200 מ""ל",דיפלומט מפיצים (1968) בעמ,,מוס לעיצוב אולטרה גמיש,,0.00,100.00,false,1.00,32.90,0.00,true,0,
4084500065536,false,פנטן קרם לחות מוגברת לעיצוב שיער 300 מל,דיפלומט מפיצים (1968) בעמ,,קרם לחות עשיר מוגברת לשיער חלש ופגום,,0.00,100.00,false,1.00,23.90,0.00,true,0,
4084500065598,false,"קרם לחות פנטן לתלתלים מושלמים 300 מ""ל",דיפלומט מפיצים (1968) בעמ,,קרם לחות עשיר תלתלים מושלמים לשיער סורר ומקורזל,,0.00,100.00,false,1.00,23.90,0.00,true,0,
4084500081314,false,משחת שיניים פרו אקספרט לניקוי עמוק בטעם מנטה,דיפלומט מפיצים (1968) בעמ,DE,פרו אקספרט משחת שיניים לניקוי עמוק,,0.00,100.00,false,1.00,15.90,0.00,true,0,
4084500088917,false,נוזל לניקוי כלים לימון פיירי (650 מל),דיפלומט מפיצים (1986) בע`מ,US,נוזל כלים בניחוח לימון,,0.00,100.00,false,1.00,13.90,0.00,true,0,
4084500149526,false,טייד גל כביסה 2.48 ליטר אלפים רענן,דיפלומט מפיצים (1986) בע`מ,FR,ג'ל כביסה ניחוח אלפים רענן,,0.00,1.00,false,1.00,31.90,12.86,true,0,
4084500311015,false,אוליי רגנריסט לומינוס אנטי אייגינג סרום,דיפלומט,PL,REGENERIST LUMINOUS אנטי אייג'ינג סרום,,0.00,100.00,false,1.00,139.90,0.03,true,0,
4084500311213,false,אוליי רגנריסט לומינוס אנטי אייגינג קרם י,דיפלומט,PL,REGENERIST LUMINOUS אנטי אייג'ינג קרם יום SPF 20,,0.00,100.00,false,1.00,139.90,0.02,true,0,
4084500606487,false,אוליי רגנריסט אנטי אייגינג קרם לילה 50,דיפלומט,PL,REGENERIST אנטי אייג'ינג קרם לילה,,0.00,100.00,false,1.00,139.90,0.02,true,0,
4084500654860,false,אוזי REPAIR MIRACLE שמפו 300 מל,דיפלומט,BE,שמפו REPAIR MIRACLE,,0.00,100.00,false,1.00,20.90,0.00,true,0,
4084500739253,false,"אוראל בי משחת שיניים- להלבנה לובן מהודר 75 מ""ל",דיפלומט מפיצים (1968) בעמ,DE,3D White - משחת שיניים להלבנה מושלמת,,0.00,100.00,false,1.00,29.90,0.00,true,0,
4084500853836,false,"נוזל כלים פיירי ורדים ומשי 515 מ""ל בד""צ",דיפלומט מפיצים (1986) בע`מ,GB,נוזל לניקוי כלים ורדים וסאטן,,0.00,100.00,false,1.00,13.90,0.00,true,0,
4084500940413,false,אולד ספייס דאו סטיק CITRON,דיפלומט,GB,דאודורנט סטיק CITRON,,0.00,100.00,false,1.00,21.90,0.00,true,0,
4084500978911,false,אולד ספייס גל רחצה WHITEWATER,דיפלומט,FR,ג'ל רחצה WHITEWATER,,0.00,100.00,false,1.00,21.90,0.00,true,0,
4084500978973,false,אולד ספייס גל רחצה WOLFTHORN,דיפלומט,FR,ג'ל רחצה WOLFTHORN,,0.00,100.00,false,1.00,21.90,0.00,true,0,
4210201049661,false,אורל בי מברשת חשמלית 500 PRO לתליה D3,דיפלומט,DE,PRO 500 מברשת שיניים חשמלית 3D,,0.00,0.00,false,1.00,249.90,0.00,true,0,
4210201078128,false,מברשת שיניים חשמלית נטענת 800 סנסיטיבD16,דיפלומט,DE,Sensi UltraThin מברשת שיניים חשמלית נטענת 800,,0.00,0.00,false,1.00,239.90,0.00,true,0,
4210201094531,false,אורל בי ראש חשמלי פלוס אקשן 4 יח,דיפלומט,DE,FlossAction ראש למברשת חשמלית,,0.00,0.00,false,1.00,114.90,28.72,true,0,
4210201135395,false,אורל בי 8 ראשים למברשת שיניים חשמלית CROSSACTION,דיפלומט,DE,CrossAction ראש למברשת חשמלית לניקוי עמוק,,0.00,0.00,false,1.00,219.90,27.48,true,0,
4210201163367,false,בראון מכונת גילוח סדרה 3,דיפלומט,DE,בראון מכונת גילוח סדרה 3,,0.00,0.00,false,1.00,284.90,0.00,true,0,
4210201176534,false,אורל בי ראש חשמלי סנסיטיב זוג,דיפלומט,DE,SENSITIVE ראשים למברשת חשמלית,,0.00,0.00,false,1.00,72.90,36.45,true,0,
4210201176688,false,אורל בי ראש חשמלי סנסיטיב רביעייה,דיפלומט מפיצים (1968) בעמ,DE,SENSITIVE CLEAN ראשים למברשת חשמלית,,0.00,0.00,false,1.00,115.90,28.97,true,0,
4210201181538,false,אורל בי ראש חשמלי לילדים קארס 4 יחידות,דיפלומט מפיצים (1968) בעמ,DE,ראשי מברשת להחלפה לניקוי עמוק לילדים - קארס,,0.00,0.00,false,1.00,115.90,28.97,true,0,
4210201199816,false,בראון מכונת גילוח סדרה 9,דיפלומט,DE,בראון מכונת גילוח סדרה 9,,0.00,0.00,false,1.00,1450.00,0.00,true,0,
4210201202905,false,אורל בי 8 ראשים למברשת שיניים חשמלית סנסטיב,בראון,DE,SENSITIVE CLEAN ראשים למברשת חשמלית,,0.00,0.00,false,1.00,219.90,27.48,true,0,
4210201203858,false,בראון מברשת שיניים חשמלית 4000S,דיפלומט,DE,4000N מברשת שיניים חשמלית Smart4,,0.00,0.00,false,1.00,479.90,0.00,true,0,
4210201241119,false,בראון מכונת גילוח סדרה 6,דיפלומט,DE,בראון מכונת גילוח סדרה 6,,0.00,0.00,false,1.00,679.90,0.00,true,0,
4210201242123,false,בראון מכונת גילוח סדרה 5,דיפלומט,DE,בראון מכונת גילוח סדרה 5,,0.00,0.00,false,1.00,399.00,0.00,true,0,
4210201245193,false,אורל בי מברשת שיניים חשמלית נטענת לילדים פרוזן,דיפלומט מפיצים (1968) בעמ,DE,מברשת שיניים חשמלית נטענת לילדים-פרוזן,,0.00,0.00,false,1.00,138.90,0.00,true,0,
4210201248064,false,אורל בי ג'יניוס X מברשת חשמלית,דיפלומט,DE,אורל בי ג'יניוס 20000X מברשת חשמלית,,0.00,0.00,false,1.00,999.00,999.00,true,0,
4210201262183,false,מברשת שיניים חשמלית ויטליטי Vitality נטענת,דיפלומט מפיצים (1968) בעמ,DE,VITALITY מברשת שיניים חשמלית נטענת D100,,0.00,0.00,false,1.00,119.90,0.00,true,0,
4210201281795,false,בראון מכשיר לעיצוב וגילוח פנים וגוף 9 ב1,דיפלומט,DE,מכשיר לעיצוב זקן וגילוח פנים וגוף 9 ב-1,,0.00,0.00,false,1.00,279.90,0.00,true,0,
4210201281832,false,בראון מכשיר לעיצוב וגילוח פנים וגוף 10ב1,דיפלומט,DE,מכשיר לעיצוב זקן וגילוח פנים וגוף 10 ב-1,,0.00,0.00,false,1.00,354.90,0.00,true,0,
4210201282136,false,בראון מכשיר לעיצוב זקן 6 ב-1,דיפלומט,DE,מכשיר לעיצוב זקן 6 ב-1,,0.00,0.00,false,1.00,199.90,0.00,true,0,
4210201282150,false,בראון מכשיר לעיצוב זקן 39 הגדרות אורך,דיפלומט,DE,מכשיר לעיצוב זקן 39 הגדרות אורך,,0.00,0.00,false,1.00,219.90,0.00,true,0,
4210201295440,false,אורל בי ג'יניוס X רוז גולד מברשת חשמלית,דיפלומט,DE,אורל בי ג'יניוס X רוז גולד מברשת חשמלית,,0.00,0.00,false,1.00,999.00,999.00,true,0,
4210201303015,false,אורל בי iO9 מברשת שיניים חשמלית (שחור),דיפלומט,DE,iO9 מברשת שיניים חשמלית - שחור,,0.00,0.00,false,1.00,1500.00,0.00,true,0,
4210201313908,false,בראון מסיר שיער קומפקטי לפנים,דיפלומט,CN,מסיר שיער קומפקטי לפנים,,0.00,0.00,false,1.00,149.90,0.00,true,0,
4210201320111,false,אורל בי מברשת שיניים חשמלית נטענת לילדים,"מיוצר עבור בראון, גרמניה",DE,מברשת שיניים חשמלית נטענת לילדים-ספיידרמן,,0.00,0.00,false,1.00,139.90,0.00,true,0,
4210201321798,false,אורל בי ראש חשמלי לניקוי יסודי 6 יחידות,דיפלומט,DE,Precision clean ראש למברשת חשמלית לניקוי יסודי,,0.00,0.00,false,1.00,169.90,28.31,true,0,
4210201342809,false,אורל בי 4 ראש מילוי iO לניקוי אולט(שחור),דיפלומט,DE,ראש מילוי iO לניקוי אולטימטיבי (שחור),,0.00,0.00,false,1.00,150.00,37.50,true,0,
4210201343684,false,אורל בי 4 ראש מילוי iO לניקוי עדין (לבן),דיפלומט,DE,ראש מילוי iO לניקוי עדין (לבן),,0.00,0.00,false,1.00,150.00,37.50,true,0,
4210201351511,false,אורל בי ראש חשמלי WHITE-D3 זוג,דיפלומט,DE,WHITE-D3 ראשים למברשת חשמלית להלבנה,,0.00,0.00,false,1.00,72.90,36.45,true,0,
4210201354369,false,אורל בי ראש חשמלי קרוס אקשן 4 יחידות,דיפלומט מפיצים (1968) בעמ,DE,CROSS ACTION ראשים למברשת חשמלית,,0.00,0.00,false,1.00,115.90,28.97,true,0,
4210201354772,false,אורל בי ראש חשמלי קרוס אקשן 8 יחידות,דיפלומט,DE,CROSS ACTION ראשים למברשת חשמלית,,0.00,0.00,false,1.00,219.90,27.48,true,0,
4210201358725,false,אורל בי ראש חשמלי 3D וויט 4 יח,דיפלומט,DE,3D White ראש למברשת חשמלית להלבנה,,0.00,0.00,false,1.00,115.90,28.97,true,0,
4210201360742,false,אורל בי ראש חשמלי ניקוי יסודי רביעייה,דיפלומט מפיצים (1968) בעמ,DE,PRECISION CLEAN ראשים למברשת חשמלית,,0.00,0.00,false,1.00,115.90,28.97,true,0,
4210201362982,false,אורל בי מברשת שיניים חשמלית iO7 (לבן),דיפלומט,DE,מברשת שיניים חשמלית iO7 (לבן),,0.00,0.00,false,1.00,1100.00,0.00,true,0,
4210201363095,false,אורל בי מברשת שיניים חשמלית iO8 (שחור),דיפלומט,DE,מברשת שיניים חשמלית iO8 (שחור),,0.00,0.00,false,1.00,1300.00,0.00,true,0,
4210201365334,false,אורל בי ראש חשמלי סיבי פחם ארבע יחידות,דיפלומט מפיצים (1968) בעמ,DE,ראשים למברשת חשמלית סיבי פחם,,0.00,0.00,false,1.00,115.90,28.97,true,0,
4210201385233,false,אורל בי ראש חשמלי לילדים פרוזן 4 יחידות,דיפלומט,DE,ראשי מילוי למברשת שיניים חשמלית לילדים פרוזן,,0.00,0.00,false,1.00,115.90,28.97,true,0,
4210201388470,false,אורל בי ראש חשמלי לילדים ספיידרמן 4 יחיד,פרוקטר אנד גמבל,DE,ראשי מילוי למברשת שיניים חשמלית לילדים ספיידרמן,,0.00,0.00,false,1.00,115.90,28.97,true,0,
4210201393412,false,בראון מכונת גילוח סדרה 9 הרמוניה אפור,דיפלומט,DE,בראון מכונת גילוח סדרה 9 הרמוניה אפור,,0.00,0.00,false,1.00,1450.00,0.00,true,0,
4210201400448,false,בראון XT 5100 מכשיר לעיצוב שיער פנים+גוף,דיפלומט,CN,XT 5100 מכשיר לעיצוב שיער פנים+גוף,,0.00,0.00,false,1.00,264.90,0.00,true,0,
4210201400462,false,בראון XT 5200 מכשיר לעיצוב שיער פנים+גוף,דיפלומט,CN,XT 5200 מכשיר לעיצוב שיער פנים+גוף,,0.00,0.00,false,1.00,279.90,0.00,true,0,
4210201400554,false,בראון סכין להחלפה למכשיר XT לעיצוב שיער,דיפלומט,CN,סכין להחלפה למכשיר XT לעיצוב שיער,,0.00,0.00,false,1.00,99.90,0.00,true,0,
4210201403319,false,אורל בי מברשת חשמלית נטענת ויטליטי פחם,דיפלומט מפיצים (1968) בעמ,DE,VITALITY מברשת שיניים חשמלית נטענת פחם,,0.00,0.00,false,1.00,119.90,0.00,true,0,
4210201409199,false,אורל בי מברשת שיניים חשמלית iO6 (שחור),דיפלומט,DE,מברשת שיניים חשמלית iO6 (שחור),,0.00,0.00,false,1.00,999.90,0.00,true,0,
4210201427124,false,א.בי ויטליטי פרו מברשת חשמלית נטענת-שחור,דיפלומט,HU,VITALITY PRO מברשת שיניים חשמלית נטענת - שחור,,0.00,0.00,false,1.00,149.90,0.00,true,0,
4210201427223,false,א.בי ויטליטי פרו מברשת חשמלית נטענת-לבן,דיפלומט,HU,VITALITY PRO מברשת שיניים חשמלית נטענת - לבן,,0.00,0.00,false,1.00,149.90,0.00,true,0,
4210201822448,false,אורל בי מברשת שיניים עם סוללות פרואקספרט,פרוקטר & גמבל,DE,מברשת שיניים עם סוללות פרו-אקספרט,,0.00,0.00,false,1.00,78.90,0.00,true,0,
4260307633806,false,סבון פילינג לגוף קיץ של פפאיה עם קליפת ק,כמיפל,GB,סבון פילינג לגוף קיץ של פפאיה עם קליפת קוקוס טבעית לפילינג עדין,,0.00,100.00,false,1.00,24.90,0.00,true,0,
4260307635404,false,סבון פילינג לגוף קסם דובדבן הבר עם קליפת,כמיפל,GB,סבון פילינג לגוף קסם דובדבן הבר עם קליפת קוקוס טבעית לפילינג עדין,,0.00,100.00,false,1.00,24.90,0.00,true,0,
<<<<<<< HEAD
4640018993350,false,פיניש קוואנטום קפסולות ג'ל למדיח כלים לימון 30 יח',רקיט בנקיזר,PL,קוואנטום אולטימייט קפסולות למדיח כלים בניחוח לימון,,0.00,0.00,false,1.00,39.90,1.33,true,0,
4640018993398,false,פיניש קוואנטום 60 יח' קפסולות ג'ל למדיח כלים,רקיט בנקיזר,PL,קוואנטום אולטימייט קפסולות למדיח כלים,,0.00,0.00,false,1.00,64.90,1.08,true,0,
4710068001692,false,"מאסטר קפה לאטה פחית 240 מ""ל",תאיט מרקטינג אנד דיסטריב,,קפה קר בפחית - לאטה,,0.00,100.00,false,1.00,7.90,0.00,true,0,
4710068001715,false,"מאסטר קפה טירמיסו פחית 240 מ""ל",יוני פרזינדנט אנטרפר,,קפה קר בפחית - טרמיסו,,0.00,100.00,false,1.00,7.90,0.00,true,0,
4710068001739,false,"מאסטר קפה קולומביאני 250 מ""ל",יוני פרזינדנט אנטרפר,,קפה קר בפחית - קלאסיקו,,0.00,100.00,false,1.00,7.90,0.00,true,0,
4800888150080,false,"דאב - דאודורנט רול און לאישה פרש טאצ' מלפפונים 50 מ""ל",יוניליוור פיליפינים,,דאודורנט רול און בניחוח מלפפון ותה ירוק,,0.00,100.00,false,1.00,12.90,0.00,true,0,
4800888209368,false,רקסונה - דאודורנט סטיק לגבר אקסטרא קול 50 גרם,רקסונה Rexona,PH,דאודורנט סטיק לגבר אקסטרה קול,,0.00,100.00,false,1.00,21.90,0.00,true,0,
4800888209382,false,רקסונה דאודורנט סטיק אינביזיבל 50 גרם (נשים),רקסונה Rexona,PH,דאודורנט סטיק לאשה אינביזיבל,,0.00,100.00,false,1.00,21.90,0.00,true,0,
4800888209405,false,רקסונה - דאודורנט סטיק לגבר קובלט דריי 50 גרם,רקסונה Rexona,PH,דאודורנט סטיק לגבר קובלט דריי,,0.00,100.00,false,1.00,21.90,0.00,true,0,
4800888209429,false,רקסונה - דאודורנט סטיק לאישה כותנה נשים 50 גרם,רקסונה Rexona,PH,דאודורנט סטיק כותנה לאישה,,0.00,100.00,false,1.00,21.90,0.00,true,0,
4800888210197,false,דאודורנט סטיק לנשים בניחוח קוקוס ויסמין,יוניליוור פארם,PH,דאודורנט סטיק קוקוס ויסמין,,0.00,100.00,false,1.00,24.90,0.00,true,0,
4800888219510,false,דאב - דאודורנט סטיק לאישה פרש מלפפונים 50 גרם,יוניליוור פיליפינים,PH,דאודורנט סטיק מלפפון ותה ירוק,,0.00,100.00,false,1.00,24.90,0.00,true,0,
4800888219527,false,דאב - דאודורנט סטיק לאישה ללא סימן אינביזיבל 50 גרם,יוניליוור,,דאודורנט סטיק אינוויזיבל דריי,,0.00,100.00,false,1.00,24.90,0.00,true,0,
4800888219534,false,דאב - דאודורנט סטיק לאישה אנטי פרספירמט 50 גרם,יוניליוור פיליפינים,PH,דאודורנט סטיק לאישה אוריגינל,,0.00,100.00,false,1.00,24.90,0.00,true,0,
4800888219541,false,רקסונה - דאודורנט סטיק לאישה פאוודר דרי 50 גרם,יוניליוור,PH,דאודורנט סטיק לאשה טלק,,0.00,100.00,false,1.00,21.90,0.00,true,0,
4801234159856,false,גלייד מיני-ג'ל מפיץ ריח בניחוח מרכך כביסה 70 גרם,ג'ינסו ג'ונסון טונגד,,מבשם ג'ל בניחוח מרכך כביסה,,0.00,100.00,false,1.00,9.90,0.00,true,0,
4801234159863,false,גלייד מיני-ג'ל מפיץ ריח בניחוח חבצלות ופרחי בר 70 גרם,המאפיה של הרמן,,מבשם ג'ל בניחוח מרכך כביסה חבצלות,,0.00,100.00,false,1.00,9.90,0.00,true,0,
4891228304478,false,שיק היידרו 5 סנס רביעיית סכינים,ארץ ייצור סכינים: ארהבn\,CN,היידרו 5 סנס - סכיני גילוח רב פעמיים,,0.00,0.00,false,1.00,49.90,12.47,true,0,
4891228309268,false,"טאצ' אפ מעצב גבות מקצועי, 3 יחידות",שסטוביץ,CN,סכיני סילק טאצ' אפ,,0.00,0.00,false,1.00,19.90,6.63,true,0,
=======
4640018993350,false,פיניש קוואנטום קפסולות ג'ל למדיח כלים לימון 30 יח',רקיט בנקיזר (ניר איסט) בעמ,PL,קוואנטום אולטימייט קפסולות למדיח כלים בניחוח לימון,,0.00,0.00,false,1.00,39.90,1.33,true,0,
4640018993398,false,פיניש קוואנטום 60 יח' קפסולות ג'ל למדיח כלים,רקיט בנקיזר (ניר איסט) בעמ,PL,קוואנטום אולטימייט קפסולות למדיח כלים,,0.00,0.00,false,1.00,64.90,1.08,true,0,
4710068001692,false,מאסטר קפה בטעם לאטה בפחית 240מ`ל,תאיט מרקטינג אנד דיסטריב,,קפה קר בפחית - לאטה,,0.00,100.00,false,1.00,7.90,0.00,true,0,
4710068001715,false,משקה בטעם טירמיסו מאסטר קפה (240 מל),יוני פרזינדנט אנטרפר,,קפה קר בפחית - טרמיסו,,0.00,100.00,false,1.00,7.90,0.00,true,0,
4710068001739,false,מאסטר קפה בטעם קולומביאני בפחית 240מ`ל,יוני פרזינדנט אנטרפר,,קפה קר בפחית - קלאסיקו,,0.00,100.00,false,1.00,7.90,0.00,true,0,
4800888150080,false,"דאב - דאודורנט רול און לאישה פרש טאצ' מלפפונים 50 מ""ל",יוניליוור ישראל שיווק בע`מ,,דאודורנט רול און בניחוח מלפפון ותה ירוק,,0.00,100.00,false,1.00,12.90,0.00,true,0,
4800888209368,false,רקסונה - דאודורנט סטיק לגבר אקסטרא קול 50 גרם,"יוניליוור ישראלשיווק בע""מ",PH,דאודורנט סטיק לגבר אקסטרה קול,,0.00,100.00,false,1.00,21.90,0.00,true,0,
4800888209382,false,רקסונה דאודורנט סטיק אינביזיבל 50 גרם (נשים),יוניליוור ישראל שיווק בע`מ,PH,דאודורנט סטיק לאשה אינביזיבל,,0.00,100.00,false,1.00,21.90,0.00,true,0,
4800888209405,false,רקסונה - דאודורנט סטיק לגבר קובלט דריי 50 גרם,"יוניליוור ישראלשיווק בע""מ",PH,דאודורנט סטיק לגבר קובלט דריי,,0.00,100.00,false,1.00,21.90,0.00,true,0,
4800888209429,false,רקסונה - דאודורנט סטיק לאישה כותנה נשים 50 גרם,יוניליוור ישראל שיווק בעמ,PH,דאודורנט סטיק כותנה לאישה,,0.00,100.00,false,1.00,21.90,0.00,true,0,
4800888210197,false,דאודורנט סטיק לנשים בניחוח קוקוס ויסמין,"יוניליוור ישראל שיווק בע""מ",PH,דאודורנט סטיק קוקוס ויסמין,,0.00,100.00,false,1.00,24.90,0.00,true,0,
4800888219510,false,דאב - דאודורנט סטיק לאישה פרש מלפפונים 50 גרם,יוניליוור ישראל שיווק בע`מ,PH,דאודורנט סטיק מלפפון ותה ירוק,,0.00,100.00,false,1.00,24.90,0.00,true,0,
4800888219527,false,דאב - דאודורנט סטיק לאישה ללא סימן אינביזיבל 50 גרם,יוניליוור ישראל שיווק בעמ,,דאודורנט סטיק אינוויזיבל דריי,,0.00,100.00,false,1.00,24.90,0.00,true,0,
4800888219534,false,דאב - דאודורנט סטיק לאישה אנטי פרספירמט 50 גרם,יוניליוור ישראל שיווק בע`מ,PH,דאודורנט סטיק לאישה אוריגינל,,0.00,100.00,false,1.00,24.90,0.00,true,0,
4800888219541,false,רקסונה - דאודורנט סטיק לאישה פאוודר דרי 50 גרם,"יוניליוור ישראל שיווק בע""מ",PH,דאודורנט סטיק לאשה טלק,,0.00,100.00,false,1.00,21.90,0.00,true,0,
4801234159856,false,גלייד מיני-ג'ל מפיץ ריח בניחוח מרכך כביסה 70 גרם,ג'ינסו ג'ונסון טונגד,,מבשם ג'ל בניחוח מרכך כביסה,,0.00,100.00,false,1.00,9.90,0.00,true,0,
4801234159863,false,גלייד מיני-ג'ל מפיץ ריח בניחוח חבצלות ופרחי בר 70 גרם,המאפיה של הרמן,,מבשם ג'ל בניחוח מרכך כביסה חבצלות,,0.00,100.00,false,1.00,9.90,0.00,true,0,
4891228304478,false,שיק היידרו 5 סנס רביעיית סכינים,ארץ ייצור סכינים: ארהבn\,CN,היידרו 5 סנס - סכיני גילוח רב פעמיים,,0.00,0.00,false,1.00,49.90,12.47,true,0,
4891228309268,false,"טאצ' אפ מעצב גבות מקצועי, 3 יחידות",ש.שסטוביץ בעמ,CN,סכיני סילק טאצ' אפ,,0.00,0.00,false,1.00,19.90,6.63,true,0,
>>>>>>> d048ac2f4f281c9d788043ab4e81b61b0dbe3743
4891228310493,false,שיק היידרו 5 סנס מכשיר+5 סכינים,שסטוביץ,CN,שיק היידרו 5 סנס מכשיר+סכיני גילוח,,0.00,0.00,false,1.00,69.90,69.90,true,0,
4891228310509,false,שיק היידרו סילק מכשיר+4 סכינים לנשים,שסטוביץ,CN,היידרו 5 סילק  מכשיר גילוח רב פעמי + סכיני גילוח לנשים,,0.00,0.00,false,1.00,69.90,0.00,true,0,
4891228313920,false,שיק סכין לעיצוב שיער הפנים לגבר 3 יחידות,שסטוביץ,CN,סכין לעיצוב שיער הפנים לגבר,,0.00,0.00,false,1.00,19.90,6.63,true,0,
4891228430030,false,סכיני גילוח שיק אקזקטה 2 לעור רגיש ירוק 5 יח',אנרג'יזר Energizer,CN,סכיני גילוח אקזקטה 2 לעור רגיש,,0.00,0.00,false,1.00,13.90,2.78,true,0,
4891228430061,false,סכיני גילוח שיק אקזקטה 2 לנשים ורוד 10 יח',הנסיך- מפעל לייצור ט,,אקזקטה 2- סכיני גילוח חד פעמיים לנשים,,0.00,0.00,false,1.00,24.90,2.49,true,0,
4891228430085,false,סכיני גילוח שיק אקסטרים קומפורט לגבר 3 להבים 4 יחידות,אנרג'יזר Energizer,,אקסטרים 3 - סכיני גילוח חד פעמיים לעור רגיש,,0.00,0.00,false,1.00,19.90,4.97,true,0,
4891228430092,false,סכיני גילוח שיק אקסטרים קומפורט לנשים 3 להבים 4 יחידות,אנרג'יזר Energizer,,אקסטרים 3 - סכיני גילוח חד פעמיים לנשים,,0.00,0.00,false,1.00,19.90,4.97,true,0,
4891228460242,false,שיק קוואטרו חד פעמי לנשים 3 יחידות,אנרג'יזר Energizer,,קוואטרו סכיני גילוח חד פעמיים לנשים,,0.00,0.00,false,1.00,34.90,11.63,true,0,
4935421656351,false,לנקום אדוונס גניפיק מסכת הידרוגל,לוריאל,FR,ADVANCED GENIFIQUE מסכת הידרוג'ל,,0.00,0.00,false,1.00,71.00,0.00,true,0,
4935421656948,false,לנקום גניפיק מסכות הידרוגל 4 יחידות,לוריאל,FR,GENIFIQUE HYDROGEL MELTING מסכות,,0.00,0.00,false,1.00,249.00,0.00,true,0,
4935421669078,false,לנקום אקווה גל - מולטי הגנה מפני השמש,לוריאל,FR,AQUE GEL קרם הגנה רב שכבתי,,0.00,100.00,false,1.00,220.00,0.04,true,0,
4935421700269,false,לנקום גנפיק לייט פארל - מסכת עיניים,לוריאל,FR,GENIFIQUE LIGHT PEARL מסכת עיניים,,0.00,0.00,false,1.00,69.00,0.00,true,0,
4935421719421,false,לנקום מסכת בד רנרגי מולי ליפט אולטרה חמי,לוריאל,FR,RENERGIE MULTI-LIFT ULTRA מארז מסכות,,0.00,0.00,false,1.00,359.00,0.00,true,0,
4935421733090,false,לנקום אבסולו אמפולה דו פאזית 12 מל,לוריאל,FR,ABSOLUE אמפולה דו פאזית,,0.00,100.00,false,1.00,500.00,0.41,true,0,
4935421739184,false,לנקום אבסולו מסכת בד מארז 5 יחידות,לוריאל,FR,ABSOLUE GOLDEN מסכות בד,,0.00,0.00,false,1.00,550.00,0.00,true,0,
4935421739191,false,לנקום אבסולו מסכת בד,לוריאל,FR,ABSOLUE GOLDEN מסכת בד,,0.00,0.00,false,1.00,125.00,0.00,true,0,
5000146980322,false,קרם להסרת שיער לעור רגיל מועשר בחלב לוטוס ויסמין,רקיט בנקיזר (ניר איסט) בעמ,,קרם להסרת שיער לעור רגיל,,0.00,0.00,false,1.00,39.90,0.39,true,0,
5000158100633,false,קלירסיל גל רחצה לפעולה מהירה 150 מל,קלרסיל Clearasil,IL,ג'ל רחצה לפעולה מהירה,,0.00,100.00,false,1.00,69.90,0.00,true,0,
5000159376655,false,סוכריות SKITTLES פירות קטן 38 גרם אדום,"מרס ריגלי ישראל בע""מ",NL,סוכריות לעיסה בציפוי דרג'ה בטעם פירות,,0.00,100.00,false,1.00,3.00,0.00,true,0,
5000159376792,false,סוכריות סקיטלס Skittles פירות חמוצים,"מרס ריגלי ישראל בע""מ",NL,סוכריות לעיסה בציפוי דרג'ה בטעם פירות חמוצים,,0.00,100.00,false,1.00,3.00,0.00,true,0,
5000159407236,false,מרס חטיף שוקולד עם קרמל 51 גרם,"מרס ריגלי ישראל בע""מ",,מרס חטיף בודד,,0.00,100.00,false,1.00,3.90,0.00,true,0,
5000159409179,false,מארז סניקרס/מיניס משפחתי 403 גר,"מרס ריגלי ישראל בע""מ",NL,אריזה משפחתית חטיפי שוקולד בוטנים וקרמל,,0.00,100.00,false,1.00,19.90,0.00,true,0,
5000159414197,false,מלטיזרס-כדורים פריכים בציפוי שוולד חלב 135 גרם,מרס שוקולד צ.אמריקה,NL,כדורי שוקולד חלב ממולאים לתת פריך ואוורירי,,0.00,100.00,false,1.00,11.90,0.00,true,0,
5000159442572,false,טויקס חטיף שוקולד מארז 403 גרם,"מרס ריגלי ישראל בע""מ",NL,אריזה משפחתית חטיפי שוקולד בסקוויט וקרמל,,0.00,100.00,false,1.00,19.90,0.00,true,0,
5000159452540,false,סניקרס חטיף שוקולד עם בוטנים חמישייה ברי,"מרס ריגלי ישראל בע""מ",NL,מארז חטיפי שוקולד בוטנים וקרמל,,0.00,100.00,false,1.00,12.90,0.00,true,0,
5000159452663,false,מרס מארז חטיף 45 גרם חמישייה,"מרס ריגלי ישראל בע""מ",NL,מארז חטיפי שוקולד נוגט,,0.00,100.00,false,1.00,12.90,0.00,true,0,
5000159452977,false,מיקס שקית מיניס 400 גרם מרס-באונטי-טוויק,"מרס ריגלי ישראל בע""מ",NL,אריזה משפחתית מיקס חטיפי שוקולד,,0.00,100.00,false,1.00,19.90,0.00,true,0,
5000159459228,false,חטיף אצבעות קרמל ושוקולד טוויקס (50 גרם),"מרס ריגלי ישראל בע""מ",,טוויקס חטיף בודד,,0.00,100.00,false,1.00,3.90,0.00,true,0,
5000159461122,false,סניקרס חטיף שוקולד עם בוטנים 50 גרם,"מרס ריגלי ישראל בע""מ",,סניקרס חטיף בודד,,0.00,100.00,false,1.00,3.90,0.00,true,0,
5000159500739,false,סלבריישן בצורת סוכריה 98 גרם,General,NL,סלבריישן- מארז חגיגי עם מבחר השוקולדים המובילים של מרס,,0.00,100.00,false,1.00,12.90,0.00,true,0,
5000159500845,false,סלבריישן מארז מתנה 196 גרם,מרס ריגלי ישראל בעמ,NL,סלבריישן- מארז חגיגי עם מבחר השוקולדים המובילים של מרס,,0.00,100.00,false,1.00,22.90,0.00,true,0,
5000159538626,false,טוויקס מארז חטיף 50 גרם חמישייה,"מרס ריגלי ישראל בע""מ",NL,מארז חטיפי שוקולד ביסקוויט וקרמל,,0.00,100.00,false,1.00,12.90,0.00,true,0,
5000174003413,false,אולד ספייס דאו סטיק WHITEWATER,דיפלומט,PL,דאודורנט סטיק WHITEWATER,,0.00,100.00,false,1.00,21.90,0.00,true,0,
5000204048711,false,קיווי ספריי להגנת נעלי ספורט 200 מל,ג'ונסון אנד ג'ונסון,NL,ספרי להגנה לנעלי ספורט,,0.00,100.00,false,1.00,22.90,0.00,true,0,
5000204075748,false,גלייד מכשיר+מילוי מיני ספריי מרכך כביסה,דנשר,NL,"מארז מכשיר ומילוי מיני ספריי בניחוח מרכך כביסה 10 מ""ל",,0.00,0.00,false,1.00,14.90,0.00,true,0,
5000204078565,false,גלייד מילוי מיני ספריי שושנת העמקים,דנשר,NL,מילוי מיני ספריי בניחוח שושנת העמקים,,0.00,0.00,false,1.00,9.90,0.00,true,0,
5000204114898,false,גלייד ארוסול מבשם אוויר ניחוח מרכך כביסה,"אס.סי ג'\ונסון,מידרכט, ה",NL,מבשם אוויר בניחוח מרכך כביסה,,0.00,100.00,false,1.00,11.90,0.00,true,0,
5000204133509,false,זיפלוק שקיות אחסון גדולות 19 יחידות,אס.סי.גונסון ובניו,US,זיפלוק שקיות אחסון גדולות,,0.00,0.00,false,1.00,14.90,0.78,true,0,
5000204138894,false,אוטן בוטניקל תרסיס 100 מל,דנשר,NL,בוטניקל תרסיס דוחה יתושים,,0.00,0.00,false,1.00,22.90,0.22,true,0,
5000204153842,false,גלייד ספריי אוטומטי מילוי (מילוי בניחוח,קוסטר אירוסול ואלף סאן,TR,גלייד מילוי אוטומטי בניחוח וניל,,0.00,0.00,false,1.00,19.90,19.90,true,0,
5000204153903,false,מטהר אוויר גלייד מילוי אוטומטי מרכך כביסה,"קוסטר אירוסול ואלף סאן,",TR,גלייד מילוי אוטומטי בניחוח מרכך כביסה,,0.00,0.00,false,1.00,19.90,19.90,true,0,
5000204181296,false,גלייד מארז מכשיר אוטומט+מילוי לבנדר וניל,יצרן אירוסול: קוסטר אירו,TR,מכשיר לבישום אוטומטי + מילוי בניחוח לבנדר וניל,,0.00,0.00,false,1.00,49.90,0.00,true,0,
5000204182026,false,גלייד ג`ל ריחני בניחוח אודיסאה הכחולה 18,במה פולסקה אספי.זד.או.או,PL,ג'ל ריחני בניחוח אודיסאה הכחולה,,0.00,100.00,false,1.00,18.90,0.00,true,0,
5000204182057,false,מטהר אוויר גלייד מוצק בניחוח לבנדר,במה פולסקה אספי.זד.או.או,PL,ג'ל ריחני בניחוח לבנדר,,0.00,100.00,false,1.00,18.90,0.00,true,0,
5000204196924,false,רייד מילוי נוזל *זוג 90 *לילות,גונסון שנגחאי,BG,נוזל מילוי להרחקת יתושים,,0.00,0.00,false,1.00,39.90,0.00,true,0,
5000204220933,false,"קוטל מעופפים אירוסול אקליפטוס 300 מ""ל רייד","דנשר (1963) בע,מ",NL,קוטל זבובים ויתושים בניחוח אקליפטוס,,0.00,100.00,false,1.00,19.90,0.00,true,0,
5000204650518,false,גלייד מילוי מיני ספריי מרכך כביסה,דנשר,NL,מילוי מיני ספריי בניחוח מרכך כביסה,,0.00,0.00,false,1.00,9.90,0.00,true,0,
5000204657883,false,"קיווי משחת נעליים בקופסא חום 50מ""ל",ג' אל ראיה בוגור ג'א,,משחת נעליים דוחה רטיבות חום,,0.00,0.00,false,1.00,9.90,0.00,true,0,
5000204657913,false,קיווי משחת נעליים בקופסא שחור 50 מ`ל,ג' אל ראיה בוגור,,משחת נעליים דוחה רטיבות שחור,,0.00,0.00,false,1.00,9.90,0.00,true,0,
5000204658064,false,"ספוגית הברקה קיווי אקספרס שחור 6 מ""ל",המאפיה של הרמן,,ספוג אקספרס שחור,,0.00,0.00,false,1.00,26.90,0.00,true,0,
5000204658125,false,"קיווי נוזל נעליים קראון חום 75 מ""ל",אס' סי' ג'ונסון במה,,משחת נעליים נוזלית לנעלי עור חום,,0.00,0.00,false,1.00,22.90,0.00,true,0,
5000204658187,false,משחת נעליים קראון שחור קיווי (75 מל),אס' סי' ג'ונסון במה,,משחה לנעליים בשפורפרת,,0.00,0.00,false,1.00,22.90,0.00,true,0,
5000204660159,false,"קיווי אקספרס ספוג הברקה שקוף 6מ""ל",המאפיה של הרמן,,ספוג ייחודי לצחצוח והברקת נעליים שקוף,,0.00,0.00,false,1.00,26.90,0.00,true,0,
5000204661392,false,משחת נעליים שחורה קיווי אקסרא לארג`,המאפיה של הרמן,,משחת נעליים שחורה,,0.00,1.00,false,1.00,17.90,0.17,true,0,
5000204684445,false,קיווי ספוג הברקה חום 1יח,centr de handal quimicas,,אקספרס ספוג הפלא לצחצוח והברקת נעליים בן רגע לשימוש רב פעמי - צבע חום,,0.00,0.00,false,1.00,26.90,0.00,true,0,
5000204762174,false,גלייד מכשיר+מילוי מיני ספריי שושנת העמקי,דנשר,NL,"מארז מכשיר ומילוי מיני ספריי בניחוח שושונת העמקים 10 מ""ל",,0.00,0.00,false,1.00,14.90,0.00,true,0,
5000207007425,false,קלין & קליר תרחיץ גרגירים לניקוי 150,קלין אנד קליר Clean & clear,,תרחיץ פילינג יומי נטול שומן,"מ""ל",150.00,100.00,false,1.00,45.90,0.00,true,0,
5000488000566,false,רסקיו רמדי קרם 30 גרם,פארמה גורי,,קרם להרגעת העור ושיקומו,,0.00,100.00,false,1.00,69.90,0.02,true,0,
5010123703547,false,ליסטרין פרש בורסט 500 מל-יבוא מקביל,בית הצעצוע בעמ,,פרש ברסט שטיפת פה,,0.00,100.00,false,1.00,35.90,0.00,true,0,
5010123703585,false,ליסטרין קולמינט 500 מל-יבוא מקביל,רותם מיטרו יבוא וסחר,,שטיפת פה קולמינט,,0.00,100.00,false,1.00,35.90,0.00,true,0,
5010123730222,false,ליסטרין טוטאל קר 500 מל-יבוא מקביל,בית הצעצוע בעמ,,טוטל קר שטיפת פה,,0.00,100.00,false,1.00,39.90,0.00,true,0,
5010182996805,false,רייד מונע עש ניחוח לבנדר,דנשר (1963) בעמ,,מונע עש,,0.00,0.00,false,1.00,15.90,0.00,true,0,
5010182997253,false,רייד תרסיס קוטל ג'וקים/תיקנים 300 מל,אס.סי.ג'ונסון מידרכט,,קוטל תיקנים (ג'וקים),,0.00,100.00,false,1.00,19.90,0.00,true,0,
5010182997918,false,דאק ג'ל לניקוי אסלות בניחוח ים 55 מל,"איטיליאן פוד, אס.פי.",,ג'ל אסלה בניחוח ים,,0.00,100.00,false,1.00,12.90,0.00,true,0,
5010415211224,false,טומי טיפי פטמות זרימה בינונית 3M,הכי טבעי-הנסיך,CN,פטמה סיליקון לבקבוק 3+,,0.00,0.00,false,1.00,44.90,22.45,true,0,
5010415211248,false,זוג פטמות שלב3 טומי טיפי,הכי טבעי-הנסיך,CN,פטמה סיליקון לבקבוק 6+,,0.00,0.00,false,1.00,44.90,22.45,true,0,
5010415211286,false,טומי טיפי זוג פטמות אנטי קוליק ז.בינונית,General,CN,אנטי קוליק פטמה לבקבוק לזרימה בינונית +3,,0.00,0.00,false,1.00,44.90,0.00,true,0,
5010415221407,false,טומי טיפי פטמות לזרימה משתנה,הכי טבעי-הנסיך,CN,פטמה סיליקון לבקבוק לזרימה משתנה 0+,,0.00,0.00,false,1.00,49.90,24.95,true,0,
5010415221421,false,טומי טיפי פטמות למזון סמיך,הכי טבעי-הנסיך,CN,פטמה סיליקון לבקבוק למזון סמיך 6+,,0.00,0.00,false,1.00,49.90,24.95,true,0,
5010415224002,false,טומי טיפי בקבוק 150 מל,הכי טבעי-הנסיך,CN,בקבוק הזנה לתינוק 0+,,0.00,0.00,false,1.00,45.90,0.00,true,0,
5010415224163,false,טומי טיפי בקבוקים במהדורה קיצית*3 260 מל,טומי טיפי,GB,בקבוקים במהדורה קיצית (כחול/ירוק/תכלת),,0.00,0.00,false,1.00,99.90,0.00,true,0,
5010415225009,false,טומי טיפי בקבוק 260 מל,הכי טבעי-הנסיך,CN,בקבוק הזנה לתינוק 0+,,0.00,0.00,false,1.00,57.90,0.00,true,0,
5010415225214,false,טומי טיפי זוג בקבוקים 260 מל מאויר כחול,הכי טבעי-הנסיך,CN,בקבוקי הזנה לתינוק מאוייר 0+ חודשים,,0.00,0.00,false,1.00,89.90,0.00,true,0,
5010415225252,false,טומי טיפי זוג בקבוקים אנטי קול,General,CN,בקבוק אנטי קוליק לתינוק +0,,0.00,0.00,false,1.00,109.90,0.00,true,0,
5010415225504,false,טומי טיפי זוג בקבוקים 260 מל מאויר ורוד,הכי טבעי-הנסיך,CN,בקבוקי הזנה לתינוק מאוייר 0+ חודשים,,0.00,0.00,false,1.00,89.90,0.00,true,0,
5010415226051,false,זוג פטמות לבקבוק אנטי קוליק זרימה בינוני,General,CN,פטמות לבקבוק אנטי קוליק זרימה בינונית (שלב 2),,0.00,0.00,false,1.00,44.90,0.00,true,0,
5010415226068,false,זוג פטמות לבקבוק אנטי קוליק זרימה מהירה,General,CN,פטמות לבקבוק אנטי קוליק זרימה מהירה (שלב 3),,0.00,0.00,false,1.00,44.90,0.00,true,0,
5010415226211,false,טומי טיפי זוג בקבוקים 340 מל מאויר כחול,הכי טבעי-הנסיך,CN,בקבוקי הזנה לתינוק מאוייר 3+ חודשים,,0.00,0.00,false,1.00,99.90,0.00,true,0,
5010415226303,false,טומי טיפי זוג בקבוקים 340 מל מאויר,הכי טבעי-הנסיך,CN,בקבוקי הזנה לתינוק מאוייר 3+ חודשים,,0.00,0.00,false,1.00,99.90,0.00,true,0,
5010415245878,false,טומי טיפי זוג פטמות לזרימה משתנה,General,CN,פטמה סיליקון לבקבוק לזרימה משתנה 0+,,0.00,0.00,false,1.00,49.90,24.95,true,0,
5010415330086,false,ט.טיפי הכי טבעי זוג מוצצים סיליקון 0-6,הכי טבעי-הנסיך,CN,מוצצי סיליקון לשימוש יומיומי 0-6 חודשים,,0.00,0.00,false,1.00,44.90,0.00,true,0,
5010415330109,false,ט.טיפי הכי טבעי זוג מוצצים סיליקון 6-18,הכי טבעי-הנסיך,CN,מוצצי סיליקון לשימוש יומיומי 6-18 חודשים,,0.00,0.00,false,1.00,44.90,0.00,true,0,
5010415330147,false,טומי טיפי זוג מוצצים זוהרים בחושך 0-6,הכי טבעי-הנסיך,CN,מוצץ סיליקון זוהרים בחושך 0-6 חודשים,,0.00,0.00,false,1.00,44.90,0.00,true,0,
5010415330154,false,טומי טיפי זוג מוצצים זוהרים בחושך 6-18,הכי טבעי-הנסיך,CN,מוצץ סיליקון זוהרים בחושך 6-18 חודשים,,0.00,0.00,false,1.00,44.90,0.00,true,0,
5010415332363,false,טומי טיפי זוג מוצצי לטקס בלון 0M,טומי טיפי,CN,מוצץ לטקס בלון 0-6,,0.00,0.00,false,1.00,33.90,0.00,true,0,
5010415332387,false,טומי טיפי זוג מוצצי לטקס בלון 6M,טומי טיפי,CN,מוצץ לטקס בלון 6-18,,0.00,0.00,false,1.00,33.90,0.00,true,0,
5010415333575,false,טומי טיפי זוג מוצצים איורי חיות 0-6,הכי טבעי-הנסיך,CN,מוצץ סיליקון 0-6 חודשים,,0.00,0.00,false,1.00,44.90,0.00,true,0,
5010415333612,false,טומי טיפי זוג מוצצים זוהרים0-6,הכי טבעי-הנסיך,CN,מוצץ סיליקון 0-6 חודשים,,0.00,0.00,false,1.00,44.90,0.00,true,0,
5010415334879,false,טומי טיפי זוג מוצצים סדרת מודה 0-6 בנות,הכי טבעי-הנסיך,GB,מוצץ סיליקון סדרת מודה 0-6 חודשים,,0.00,0.00,false,1.00,49.90,24.95,true,0,
5010415334886,false,טומי טיפי זוג מוצצים סדרת מודה 0-6 בנים,הכי טבעי-הנסיך,GB,מוצץ סיליקון סדרת מודה 0-6 חודשים,,0.00,0.00,false,1.00,49.90,24.95,true,0,
5010415334893,false,טומי טיפי זוג מוצצים סדרת מודה 6-18 בנות,הכי טבעי-הנסיך,GB,מוצץ סיליקון סדרת מודה 6-18 חודשים,,0.00,0.00,false,1.00,49.90,24.95,true,0,
5010415334909,false,טומי טיפי זוג מוצצים סדרת מודה 6-18 בנים,הכי טבעי-הנסיך,GB,מוצץ סיליקון סדרת מודה 6-18 חודשים,,0.00,0.00,false,1.00,49.90,24.95,true,0,
5010415460196,false,טומי טיפי זוג ידיות לבקבוק,הכי טבעי-הנסיך,CN,טומי טיפי זוג ידיות לבקבוק,,0.00,0.00,false,1.00,39.90,19.95,true,0,
5010415471086,false,טומי טיפי כוס שתייה 6+ כחול אקספלורה,טומי טיפי,CN,אקספלורה כוס שתייה 6+ חודשים,,0.00,0.00,false,1.00,49.90,0.00,true,0,
5010415471093,false,טומי טיפי כוס שתייה 6+ סגול אקספלורה,טומי טיפי,CN,אקספלורה כוס שתייה 6+ חודשים,,0.00,0.00,false,1.00,49.90,0.00,true,0,
5010415472076,false,כוס 360 ירוק 12+,General,GB,כוס 360 ירוק 12+,,0.00,0.00,false,1.00,59.90,59.90,true,0,
5010415472083,false,כוס 360 אדום 12+,General,GB,כוס 360 אדום 12+,,0.00,0.00,false,1.00,59.90,59.90,true,0,
5010622005012,false,אורל בי חוט דנטלי אסנשיאל ללא שעווה 50 מ',פארמה דיל (פ.א.ב.) שיווק והפצה,,חוט דנטלי ללא שעווה,,0.00,1.00,false,1.00,21.90,0.43,true,0,
5010622018258,false,אורל בי חוט דנטלי סאטין 25 מטר,פרוקטר & גמבל,,חוט דנטאלי דמוי סאטן בטעם מנטה,,0.00,1.00,false,1.00,22.90,0.91,true,0,
5010724526798,false,בטיסט שמפו יבש בניחוח דובדבן,צ'\רצ'\ אנד דיוויט,GB,שמפו יבש בניחוח דובדבן,,0.00,100.00,false,1.00,29.90,0.00,true,0,
5010724527375,false,בטיסט שמפו יבש בניחוח פריחה אביבית,צ'\רצ'\ אנד דיוויט,GB,שמפו יבש בניחוח פריחה אביבית,,0.00,100.00,false,1.00,29.90,0.00,true,0,
5010724527443,false,בטיסט שמפו יבש עם צבע לשיער כהה,שסטוביץ,GB,שמפו יבש עם צבע לשיער כהה,,0.00,100.00,false,1.00,34.90,0.00,true,0,
5010724527467,false,בטיסט שמפו יבש עם צבע לשיער בלונד,שסטוביץ,GB,שמפו יבש עם צבע לשיער בלונד,,0.00,100.00,false,1.00,34.90,0.00,true,0,
5010724527474,false,בטיסט שמפו יבש עם צבע לשיער ברונטי,שסטוביץ,GB,שמפו יבש עם צבע לשיער ברונטי,,0.00,100.00,false,1.00,34.90,0.00,true,0,
5010724527481,false,בטיסט שמפו יבש בניחוח קלאסי,צ'\רצ'\ אנד דיוויט,GB,שמפו יבש בניחוח קלאסי,,0.00,100.00,false,1.00,29.90,0.00,true,0,
5010724527511,false,בטיסט שמפו יבש בניחוח טרופי 200 מ'ל,צ'\רצ'\ אנד דיוויט,GB,שמפו יבש בניחוח טרופי,,0.00,100.00,false,1.00,29.90,0.00,true,0,
5010934001795,false,צבע שיער לגבר חום בהיר,מדיטרנד,,שמפו לצביעת שיער לגברים חום בהיר H-25,,0.00,0.00,false,1.00,59.90,0.00,true,0,
5010934001849,false,ג`סט פור מן חום כהה שחור,מדיטרנד,,שמפו לצביעת שיער לגברים חום כהה H-45,,0.00,0.00,false,1.00,59.90,0.00,true,0,
5010934001856,false,צבע שיער גבר חום בינוני,מדיטרנד,,שמפו לצביעת שיער לגברים חום טבעי H-35,,0.00,0.00,false,1.00,59.90,0.00,true,0,
5010934002174,false,צבע שיער לגבר שחור,מדיטרנד,,שמפו לצביעת שיער לגברים שחור H-55,,0.00,0.00,false,1.00,59.90,0.00,true,0,
5010934002730,false,ג`סט פור מן לזקן חום בינוני,מדיטרנד,,ג'ל לצביעת זקן חום בינוני M-35,,0.00,100.00,false,1.00,59.90,0.04,true,0,
5010934002747,false,ג`סט פור מן לזקן חום כהה,מדיטרנד,,ג'ל לצביעת זקן חום כהה M-45,,0.00,100.00,false,1.00,59.90,0.04,true,0,
5010934002754,false,ג`סט פור מן לזקן שחור,מדיטרנד,,ג'ל לצביעת זקן שחור M-55,,0.00,100.00,false,1.00,44.50,0.03,true,0,
5010934003676,false,טאצ' אוף גריי שחור אפור,מדיטרנד,,צבע שיער בגוון אפור לגברים,,0.00,0.00,false,1.00,59.90,0.00,true,0,
5011321333222,false,הד&שולדרס 400 הנוסחה הקלאסית,General,,שמפו הנוסחה הקלאסית,"מ""ל",400.00,100.00,false,1.00,21.90,0.00,true,0,
5011321333253,false,הד&שולדרס 400 נוסחה קלאסית 2 ב-1,General,,שמפו הנוסחה הקלאסית 2 ב-1,"מ""ל",400.00,100.00,false,1.00,21.90,0.00,true,0,
5011321333437,false,הד&שולדרס 400 מגע משי קטיפתי,General,,שמפו לשיער רך כמשי,"מ""ל",400.00,100.00,false,1.00,21.90,0.00,true,0,
5011321376014,false,אוליי רגנריסט קרם לילה 50 מל,דיפלומט,PL,REGENERIST קרם לילה,,0.00,100.00,false,1.00,89.90,0.01,true,0,
5011321457454,false,אוליי רגנריסט אנטי אייגינ קרם יום 50 מל,דיפלומט,PL,REGENERIST אנטי אייג'ינג קרם יום,,0.00,100.00,false,1.00,139.90,0.02,true,0,
5011321652545,false,קוקידנט טבליות לניקוי 60 יחידות,General,,טבליות לניקוי תותבות,,0.00,0.00,false,1.00,45.90,0.76,true,0,
5011321916715,false,אוליי רגנריסט אנטי אייגינ סרום 50 מל,דיפלומט,PL,REGENERIST אנטי אייג'ינג סרום,,0.00,100.00,false,1.00,139.90,0.02,true,0,
5011408027976,false,"ספריי לשיער רגיל לוריאל 400 מ""ל",לוריאל Loreal,,ספריי עיצוב לשיער רגיל,"מ""ל",400.00,100.00,false,1.00,56.90,0.00,true,0,
5011408027990,false,ספרי עיצוב חזק מאוד לשיער Elnett,לוריאל Loreal,FR,ספריי עיצוב שיער ליציבות ורכות לאורך זמן,"מ""ל",400.00,100.00,false,1.00,56.90,0.00,true,0,
5011408028034,false,"ספריי לשיער חזק מאוד לוריאל 400 מ""ל",לוריאל Loreal,,ספריי עיצוב חזק לשיער,"מ""ל",400.00,100.00,false,1.00,56.90,0.00,true,0,
5011408040791,false,לוריאל - דרמו רויטליפט קלאסי לילה,"קרלסרו, גרמניה",,REVITALIFT קרם לילה,,0.00,100.00,false,1.00,95.00,0.01,true,0,
5011417547885,false,"אירוויק מקלות ריחניים בניחוח כביסה באוויר 30 מ""ל",רקיט בנקיזר (ניר איסט) בעמ,HU,LIFE SCENTS מקלות ריחניים בניחוח פרש כביסה,,0.00,100.00,false,1.00,19.90,0.00,true,0,
5011417552247,false,"אירוויק מבשם אויר נטול גז בניחוח פשתן ופרחי לילך 345 מ""ל",רקיט בנקיזר (ניר איסט) בעמ,PL,ספריי נטול גז בניחוח פשתן ופרחי לילך,,0.00,100.00,false,1.00,15.90,0.00,true,0,
5011417554760,false,"אירוויק מבשם אויר נטול גז בניחוח ורדים וארכידאה 345 מ""ל",רקיט בנקיזר (ניר איסט) בעמ,PL,ספריי נטול גז בניחוח ורדים ואורכידאה,,0.00,100.00,false,1.00,15.90,0.00,true,0,
5011451103863,false,סימפל תרחיץ פנים לעור רגיש 150 מל,יוניליוור,PL,תרחיץ פנים מרענן לעור רגיש,,0.00,100.00,false,1.00,29.90,0.00,true,0,
5011451103870,false,סימפל תרחיץ פנים מזין 150 מל,יוניליוור,PL,תרחיץ פנים מזין,,0.00,100.00,false,1.00,29.90,0.00,true,0,
5011451103917,false,סימפל מסיר איפור מהעיניים 125 מל,יוניליוור,PL,מסיר איפור עיניים,,0.00,100.00,false,1.00,19.90,0.00,true,0,
5012909006156,false,אוונט מברשת בקבוקים פיליפס,כמיפל,,מברשת לבקבוקים פיליפס,,0.00,0.00,false,1.00,49.90,49.90,true,0,
5012909010917,false,אוונט פטמה קלאסיק זרימה מהירה,כמיפל,,פטמה לבקבוק קלאסיק+ זרימה מהירה מס' 4,,0.00,0.00,false,1.00,43.90,21.95,true,0,
5013692254748,false,דיסני שפתון לחות כדורי מנטוס בטעם מנטה,דודי קרמר,CN,שפתון לחות כדורי מנטוס בטעם מנטה מרענן,,0.00,0.00,false,1.00,11.90,0.00,true,0,
5013692254755,false,דיסני שפתון לחות כדורי מנטוס בטעם נענע מ,דודי קרמר,CN,שפתון לחות כדורי מנטוס בטעם נענע מרענן,,0.00,0.00,false,1.00,11.90,0.00,true,0,
5013931015758,false,דיש מטיק - ספוגי החלפה מארז 3 יחידות,דישמטיק Dish matic,US,מארז ספוגי החלפה,,0.00,0.00,false,1.00,22.90,7.63,true,0,
5013965850455,false,מי פה פרו אקספרט אורל-בי (250 מל),דיפלומט מפיצים (1968) בעמ,DE,מי פה פרו אקספרט להגנה מקצועית,,0.00,100.00,false,1.00,13.90,0.00,true,0,
5013965948428,false,משחת שיניים פרו אקספרט לניקוי יסודי מנטה מעודן,דיפלומט מפיצים (1968) בעמ,DE,פרו אקספרט משחת שיניים בטעם מנטה מעודן,,0.00,100.00,false,1.00,15.90,0.00,true,0,
5013965953354,false,אורל בי 123 משחה 100 מל עם פלואוריד,פרוקטר אנד גמבל,DE,123 משחת שיניים עם פלואוריד,,0.00,0.00,false,1.00,14.90,0.14,true,0,
5014734759047,false,"פרסקינדול אקטיב ספריי 150 מ""ל",מדיטרנד,,ספריי פעיל להקלה על כאבי שרירים ופרקים,,0.00,100.00,false,1.00,64.90,0.00,true,0,
5016221991930,false,דנטל סורס ראשים למברשת חשמלית*4,דנטלון,DE,טוטל קלין ראשים אוניברסלים למברשת חשמלית,,0.00,0.00,false,1.00,89.90,22.47,true,0,
5016221991978,false,ראשים למברשת שיניים חשמלית סנסיטיב זוג,דנטלון,CN,ראשים אוניברסליים למברשת חשמלית SENSITIVE,,0.00,0.00,false,1.00,49.90,24.95,true,0,
5016221997055,false,דנטל סורס ראשים מברשת חשמלית*2,דנטל,,ראשים למברשת חשמלית,,0.00,0.00,false,1.00,49.90,0.00,true,0,
5017371153964,false,רגיין אויל שמן טיפוח והזנה לעור 150 מל,שסטוביץ,GB,ספריי שמן טיפוח והזנה לעור,,0.00,100.00,false,1.00,119.90,0.00,true,0,
5017634005962,false,גון פרידה פריז איז קרלז שמפו לשיער מתולת,General,FR,פריז איז קרלז שמפו לשיער מתולתל,,0.00,100.00,false,1.00,34.90,0.00,true,0,
5017634005979,false,גון פרידה פריז איז קרלז מרכך לשיער מתולת,General,FR,פריז איז קרלז מרכך לשיער מתולתל,,0.00,100.00,false,1.00,34.90,0.00,true,0,
5017634020965,false,גון פרידה פריז איז דרים קרלז תרסיס לעיצו,General,FR,פריז איז דרים קרלז תרסיס לעיצוב יומיומי,,0.00,100.00,false,1.00,34.90,0.00,true,0,
5017634119003,false,גון פרידה פריז איז דרים קרלז מוס תלתלים,General,FR,פריז איז דרים קרל רבייבר מוס לתלתלים,,0.00,100.00,false,1.00,34.90,0.00,true,0,
5018741012010,false,מוסיגארד ספריי 75 מל,מדיטרנד,GB,ספריי,,0.00,100.00,false,1.00,44.90,0.00,true,0,
5018741012041,false,מוסיגארד רול און 50 מל,מדיטרנד,GB,רול און דוחה יתושים וחרקים,,0.00,100.00,false,1.00,44.90,0.00,true,0,
5019090110037,false,כפיות גמישות מנצק'ין6יח,ב.ב.קשרים,CN,כפיות אכילה גמישות לתינוקות,,0.00,0.00,false,1.00,39.90,0.00,true,0,
5019090110877,false,מסנן פירות וירקות טבעיים,ב.ב.קשרים,CN,מסנן פירות וירקות טבעיים,,0.00,0.00,false,1.00,34.90,0.00,true,0,
5019090110884,false,מנצקין מסנן פירות וירקות,ב.ב.קשרים,CN,מסנן פירות וירקות,,0.00,0.00,false,1.00,34.90,0.00,true,0,
5019090111423,false,מנצקין כוס משקולת פטנט קשית 296 מל כחול,ב.ב.קשרים,CN,כוס משקולת פטנט קשית צבע כחול,,0.00,0.00,false,1.00,64.90,0.00,true,0,
5019090124638,false,כוס משקולת פטנט קשית 296 מל ירוקה,ב.ב.קשרים,CN,"כוס משקולת פטנט קשית 296 מ""ל צבע ירוק",,0.00,0.00,false,1.00,64.90,0.00,true,0,
5019090518543,false,כוס הפלא 360 - 207 מל עם מכסה- כחולה,ב.ב.קשרים,CN,כוס הפלא 360 - 207 מל עם מכסה- כחולה,,0.00,0.00,false,1.00,64.90,0.00,true,0,
5019090518550,false,כוס הפלא 360 - 207 מל עם מכסה- ורודה,ב.ב.קשרים,CN,כוס הפלא 360 - 207 מל עם מכסה- ורודה,,0.00,0.00,false,1.00,64.90,0.00,true,0,
5019090518581,false,כוס הפלא 360 - 296 מל עם מכסה- כחולה,ב.ב.קשרים,CN,כוס הפלא 360 - 296 מל עם מכסה- כחולה,,0.00,0.00,false,1.00,64.90,0.00,true,0,
5019090518604,false,כוס הפלא 360 - 296 מל עם מכסה- ירוקה,ב.ב.קשרים,CN,כוס הפלא 360 - 296 מל עם מכסה- ירוקה,,0.00,0.00,false,1.00,64.90,0.00,true,0,
5019090518895,false,מברשת דה-לוקס מתכוננת לניקוי בקבוקים,מנצ'קין,CN,מברשת דה-לוקס מתכוננת לניקוי בקבוקים,,0.00,0.00,false,1.00,49.90,0.00,true,0,
5019607247508,false,גלואו האב באלם ניקוי עשיר ללחות והזנה מו,General,GB,באלם ניקוי עשיר ללחות והזנה מועשר באפרסק וקוקוס,,0.00,0.00,false,1.00,55.00,0.55,true,0,
5019607247515,false,גלואו האב טונר ללחות והזנה מועשר באפרסק,General,GB,טונר ללחות והזנה מועשר באפרסק וקוקוס,,0.00,0.00,false,1.00,40.00,0.40,true,0,
5019607247522,false,גלואו האב קרם לחות קליל להרגעת והזנת העו,General,GB,"קרם לחות קליל להרגעת והזנת העור מועשר בהמפ, חוחובה וחמאת שיאה",,0.00,100.00,false,1.00,49.00,0.00,true,0,
5019607247539,false,גלואו האב תרסיס סרום ללחות והזנה מועשר ב,General,GB,"תרסיס סרום ללחות והזנה מועשר באפרסק, קוקוס וחומצה היאלורונית",,0.00,100.00,false,1.00,55.00,0.00,true,0,
5019607247546,false,גלואו האב מסכת סטיק ללחות והזנה מועשרת ב,General,GB,"מסכת סטיק ללחות והזנה מועשרת באפרסק, קוקוס וחומצה היאלורונית",,0.00,100.00,false,1.00,45.00,0.01,true,0,
5019607247553,false,גלואו האב גל ניוקי שהופך לשמן להרגעת העו,General,GB,ג'ל ניוקי שהופך לשמן להרגעת העור מועשר בהמפ וחוחובה,,0.00,100.00,false,1.00,45.00,0.00,true,0,
5019607247560,false,גלואו האב טונר מרוכז להרגעת העור מועשר ב,General,GB,טונר מרוכז להרגעת העור מועשר בהמפ וחוחובה,,0.00,0.00,false,1.00,40.00,0.40,true,0,
5019607247577,false,גלואו האב גל לחות קליל מועשר באפרסק וקוק,General,GB,ג'ל לחות קליל מועשר באפרסק וקוקוס,,0.00,100.00,false,1.00,49.00,0.00,true,0,
5019607247584,false,גלואו האב תרסיס סרום להרגעת העור מועשר ב,General,GB,תרסיס סרום להרגעת העור מועשר בהמפ וחוחובה,,0.00,100.00,false,1.00,40.00,0.00,true,0,
5019607247591,false,גלואו האב מסכת סטיק לניקוי והרגעת העור מ,General,GB,"מסכת סטיק לניקוי והרגעת העור מועשרת בהמפ, חוחובה וחימר",,0.00,100.00,false,1.00,45.00,0.01,true,0,
5019607247607,false,גלואו האב גל רחצה לניקוי וטיהור העור מו,General,GB,ג'ל רחצה לניקוי וטיהור העור מועשר באוכמניות ותה שחור,,0.00,100.00,false,1.00,45.00,0.00,true,0,
5019607247614,false,גלואו האב פדיות טונר לעור שומני לניקוי ו,General,GB,פדיות טונר לעור שומני לניקוי וטיהור העור מועשרת באוכמניות ותה שחור,,0.00,0.00,false,1.00,40.00,0.40,true,0,
5019607247621,false,גלואו האב תחליב לחות קליל לעור שמנוני מו,General,GB,תחליב לחות קליל לעור שמנוני מועשר באוכמניות ותה שחור,,0.00,100.00,false,1.00,49.00,0.00,true,0,
5019607247638,false,גלואו האב מסכת סטיק לניקוי וטיהור העור מ,General,GB,מסכת סטיק לניקוי וטיהור העור מועשרת באוכמניות ותה שחור,,0.00,100.00,false,1.00,45.00,0.01,true,0,
5019607247645,false,גלואו האב סופר סרום קליל להענקת מראה עור,General,GB,סופר סרום קליל להענקת מראה עור אחיד מועשר באוכמניות ותה שחור,,0.00,100.00,false,1.00,55.00,0.01,true,0,
5019607247652,false,גלואו האב זיט זאפ סטיק לטיפול בפצעונים,General,GB,ZIT ZAP סטיק לטיפול בפצעונים,,0.00,100.00,false,1.00,25.00,0.01,true,0,
5019607247669,false,גלואו האב תרחיץ גרגרים לניקוי נקבוביות ע,General,GB,תרחיץ גרגרים לניקוי נקבוביות עמוק מועשר באשכולית ורודה וחומצה סליצילית,,0.00,100.00,false,1.00,35.00,0.00,true,0,
5019607251734,false,גלואו האב פפ טוק באלם מעבה שפתיים,General,GB,PEP TALK באלם מעבה שפתיים,,0.00,0.00,false,1.00,35.00,0.00,true,0,
5025970023342,false,קרם לחות לגבר שפופרת75מ,HELLAS BEIERSDORF,,REHYDRATING תחליב לחות לגבר,,0.00,100.00,false,1.00,59.00,0.00,true,0,
5025970023397,false,ניוואה לגבר קרם לחות לפנים לעור רגיש,אלפא,DE,לגבר קרם לחות לפנים לעור רגיש,,0.00,100.00,false,1.00,74.90,0.00,true,0,
<<<<<<< HEAD
5029053002408,false,קלינקס - נייר טואולט קליניקס לבן 9 גלילים,קימברלי קלארק ישראל,,נייר טואלט לבן,,0.00,0.00,false,1.00,49.90,5.54,true,0,
5029053002439,false,קלינקס - נייר טואולט קליניקס צהוב 9 גלילים,חוגלה קימברלי,,נייר טואלט צהוב,,0.00,0.00,false,1.00,49.90,5.54,true,0,
5029053032658,false,שמיניית ממחטות טישו קלינקס 9 יחידות,חוגלה קימברלי,IT,ממחטות כיס טישו,,0.00,0.00,false,1.00,10.90,1.36,true,0,
5029053039725,false,ממחטות נייר קלינקס נטורל פרש קופסה 72 דף,קימברלי קלארק,IL,טישו נטורל פרש קופסא,,0.00,0.00,false,1.00,15.90,0.00,true,0,
5029053510811,false,תחבושות נורמל פלוס עם כנפיים קוטקס 28 יחידות,קימברלי קלארק,CZ,תחבושות עם כנפיים נורמל,,0.00,0.00,false,1.00,20.90,0.69,true,0,
5029053510828,false,תחבושות סופר פלוס עם כנפיים קוטקס 22יחידות,קימברלי קלארק,CZ,תחבושות עם כנפיים סופר,,0.00,0.00,false,1.00,20.90,0.95,true,0,
5029053523446,false,קוטקס - תחבושות אולטרה נייט + כנפיים 20 יח',קימברלי קלארק,CZ,תחבושות עם כנפיים נייט,,0.00,0.00,false,1.00,20.90,1.04,true,0,
5029053527574,false,האגיס תחתון ספיגה 4-7 בנים דריי נייטס 10 יחידות,חוגלה קימברלי,,"תחתוני ספיגה להרטבת לילה לבנים, גילאי 4-7",,0.00,0.00,false,1.00,40.90,4.09,true,0,
5029053527581,false,האגיס תחתון ספיגה 4-7 בנות דריי נייטס 10 יחידות,חוגלה קימברלי,,"תחתוני ספיגה להרטבת לילה לבנות, גילאי 4-7",,0.00,0.00,false,1.00,40.90,4.09,true,0,
5029053527598,false,תחתוני ספיגה בנים לתופעת הרטבת לילה 8-15 האגיס,חוגלה קימברלי,,"תחתוני ספיגה להרטבת לילה לבנים, גילאי 8-15",,0.00,0.00,false,1.00,40.90,4.54,true,0,
5029053527604,false,האגיס תחתון ספיגה 15-8 בנות דריי נייטס 9 יחידות,חוגלה קימברלי,,"תחתוני ספיגה להרטבת לילה לבנות, גילאי 8-15",,0.00,0.00,false,1.00,40.90,4.54,true,0,
5029053534589,false,קוטקס טמפוני מיני B נורמל 32 יחידות,קימברלי קלארק,,טמפונים ללא מוליך מיני,,0.00,0.00,false,1.00,28.90,0.90,true,0,
5029053534596,false,קוטקס טמפוני נורמל ללא מוליך 32 יח,קימברלי קלארק,,טמפונים ללא מוליך נורמל,,0.00,0.00,false,1.00,28.90,0.90,true,0,
5029053534602,false,קוטקס טמפוני סופר ללא מוליך 32 יח,קימברלי קלארק,,טמפונים ללא מוליך סופר,,0.00,0.00,false,1.00,28.90,0.90,true,0,
5029053535210,false,טמפון קוטקס עם מוליך מיני 16 יח,קימברלי קלארק,,טמפונים עם מוליך מיני,,0.00,0.00,false,1.00,19.90,1.24,true,0,
5029053535227,false,קוטקס טמפון עם מוליך נורמל 16 יחידות,קימברלי קלארק,,טמפונים עם מוליך נורמל,,0.00,0.00,false,1.00,19.90,1.24,true,0,
5029053535234,false,קוטקס טמפונים עם מוליך סופר,חוגלה קימברלי,,טמפונים עם מוליך סופר,,0.00,0.00,false,1.00,19.90,1.24,true,0,
5029053538426,false,בגד ים חד פעמי ליטל סווימרס 12-18kg L,חוגלה קימברלי,,"בגד-ים חד פעמי 12-18 ק""ג מידה L",,0.00,0.00,false,1.00,43.90,3.99,true,0,
5029053574103,false,האגיס פול אפס תח.גמילה יום בנות 20 יחידו,KC צ'כיה,IL,תחתוני גמילה יום-בנות לגילאי 2-4 שנים,,0.00,0.00,false,1.00,54.90,2.74,true,0,
5029053574110,false,האגיס פול אפס תח.גמילה יום בנים 20 יחידו,חוגלה,IL,תחתוני גמילה יום-בנים לגילאי 2-4 שנים,,0.00,0.00,false,1.00,54.90,2.74,true,0,
5029053574141,false,האגיס פול אפס תח.גמילה לילה בנות 18 יחיד,חוגלה,IL,תחתוני גמילה לילה-בנות לגילאי 2-4 שנים,,0.00,0.00,false,1.00,54.90,2.74,true,0,
5029053574158,false,האגיס פול אפס תח.גמילה לילה בנים 18 יחיד,KC צ'כיה,IL,תחתוני גמילה לילה-בנים לגילאי 2-4 שנים,,0.00,0.00,false,1.00,54.90,3.05,true,0,
5029053575575,false,מגבונים היגיינים לניקוי פנים וידיים קליניקס 24 דפים,חוגלה קימברלי,IT,מגבונים היגיינים לניקוי פנים וידיים,,0.00,0.00,false,1.00,9.90,0.41,true,0,
5029053575858,false,קלינקס מגבת ידיים היגיינית,קימברלי קלארק,IT,מגבות נייר הגייניות נשלפות אחת אחת,,0.00,0.00,false,1.00,19.90,19.90,true,0,
5029053576114,false,קלינקס גל ידיים היגייני 220 מל,חוגלה קימברלי,IT,ג'ל ידיים היגייני 70% אלכוהול,,0.00,100.00,false,1.00,19.90,0.00,true,0,
5029053578309,false,קופסת ממחטות אולטרה סופט 48 דף קלינקס,קימברלי קלארק,IL,טישו אולטרה סופט קובייה,,0.00,0.00,false,1.00,8.90,0.18,true,0,
5029054220085,false,האגיס - מגבוני האגיס אקסטרה קר לא מבושם 56 יח' * 4,חוגלה קימברלי,IL,"מגבונים לחים לתינוק, עדין לעור כמו צמר גפן ומים",,0.00,0.00,false,1.00,34.90,8.72,true,0,
=======
5029053002408,false,קלינקס - נייר טואולט קליניקס לבן 9 גלילים,קימברלי קלארק ישראל שיווק בעמ,,נייר טואלט לבן,,0.00,0.00,false,1.00,49.90,5.54,true,0,
5029053002439,false,קלינקס - נייר טואולט קליניקס צהוב 9 גלילים,קימברלי קלארק ישראל שיווק בעמ,,נייר טואלט צהוב,,0.00,0.00,false,1.00,49.90,5.54,true,0,
5029053032658,false,שמיניית ממחטות טישו קלינקס 9 יחידות,קימברלי קלארק ישראל שיווק בעמ,IT,ממחטות כיס טישו,,0.00,0.00,false,1.00,10.90,1.36,true,0,
5029053039725,false,ממחטות נייר קלינקס נטורל פרש קופסה 72 דף,קימברלי קלארק ישראל שיווק בעמ,IL,טישו נטורל פרש קופסא,,0.00,0.00,false,1.00,15.90,0.00,true,0,
5029053510811,false,תחבושות נורמל פלוס עם כנפיים קוטקס 28 יחידות,קימברלי קלארק ישראל שיווק בעמ,CZ,תחבושות עם כנפיים נורמל,,0.00,0.00,false,1.00,20.90,0.69,true,0,
5029053510828,false,תחבושות סופר פלוס עם כנפיים קוטקס 22יחידות,קימברלי קלארק ישראל שיווק בעמ,CZ,תחבושות עם כנפיים סופר,,0.00,0.00,false,1.00,20.90,0.95,true,0,
5029053523446,false,קוטקס - תחבושות אולטרה נייט + כנפיים 20 יח',קימברלי קלארק ישראל שיווק בעמ,CZ,תחבושות עם כנפיים נייט,,0.00,0.00,false,1.00,20.90,1.04,true,0,
5029053527574,false,האגיס תחתון ספיגה 4-7 בנים דריי נייטס 10 יחידות,קימברלי קלארק ישראל שיווק בעמ,,"תחתוני ספיגה להרטבת לילה לבנים, גילאי 4-7",,0.00,0.00,false,1.00,40.90,4.09,true,0,
5029053527581,false,האגיס תחתון ספיגה 4-7 בנות דריי נייטס 10 יחידות,קימברלי קלארק ישראל שיווק בעמ,,"תחתוני ספיגה להרטבת לילה לבנות, גילאי 4-7",,0.00,0.00,false,1.00,40.90,4.09,true,0,
5029053527598,false,תחתוני ספיגה בנים לתופעת הרטבת לילה 8-15 האגיס,קימברלי קלארק ישראל שיווק בעמ,,"תחתוני ספיגה להרטבת לילה לבנים, גילאי 8-15",,0.00,0.00,false,1.00,40.90,4.54,true,0,
5029053527604,false,האגיס תחתון ספיגה 15-8 בנות דריי נייטס 9 יחידות,קימברלי קלארק ישראל שיווק בעמ,,"תחתוני ספיגה להרטבת לילה לבנות, גילאי 8-15",,0.00,0.00,false,1.00,40.90,4.54,true,0,
5029053534589,false,קוטקס טמפוני מיני B נורמל 32 יחידות,קימברלי קלארק ישראל שיווק בעמ,,טמפונים ללא מוליך מיני,,0.00,0.00,false,1.00,28.90,0.90,true,0,
5029053534596,false,קוטקס טמפוני נורמל ללא מוליך 32 יח,קימברלי קלארק ישראל שיווק בעמ,,טמפונים ללא מוליך נורמל,,0.00,0.00,false,1.00,28.90,0.90,true,0,
5029053534602,false,קוטקס טמפוני סופר ללא מוליך 32 יח,קימברלי קלארק ישראל שיווק בעמ,,טמפונים ללא מוליך סופר,,0.00,0.00,false,1.00,28.90,0.90,true,0,
5029053535210,false,טמפונים מיני עם מוליך קוטקס) (16,קימברלי קלארק ישראל שיווק בעמ,,טמפונים עם מוליך מיני,,0.00,0.00,false,1.00,19.90,1.24,true,0,
5029053535227,false,קוטקס טמפון עם מוליך נורמל 16 יחידות,קימברלי קלארק ישראל שיווק בעמ,,טמפונים עם מוליך נורמל,,0.00,0.00,false,1.00,19.90,1.24,true,0,
5029053535234,false,טמפונים סופר עם מוליך קוטקס) (16,קימברלי קלארק ישראל שיווק בעמ,,טמפונים עם מוליך סופר,,0.00,0.00,false,1.00,19.90,1.24,true,0,
5029053538426,false,בגד ים חד פעמי ליטל סווימרס 12-18kg L,קימברלי קלארק ישראל שיווק בעמ,,"בגד-ים חד פעמי 12-18 ק""ג מידה L",,0.00,0.00,false,1.00,43.90,3.99,true,0,
5029053574103,false,האגיס פול אפס תח.גמילה יום בנות 20 יחידו,קימברלי קלארק ישראל שיווק בעמ,IL,תחתוני גמילה יום-בנות לגילאי 2-4 שנים,,0.00,0.00,false,1.00,54.90,2.74,true,0,
5029053574110,false,האגיס פול אפס תח.גמילה יום בנים 20 יחידו,קימברלי קלארק ישראל שיווק בעמ,IL,תחתוני גמילה יום-בנים לגילאי 2-4 שנים,,0.00,0.00,false,1.00,54.90,2.74,true,0,
5029053574141,false,האגיס פול אפס תח.גמילה לילה בנות 18 יחיד,קימברלי קלארק ישראל שיווק בעמ,IL,תחתוני גמילה לילה-בנות לגילאי 2-4 שנים,,0.00,0.00,false,1.00,54.90,2.74,true,0,
5029053574158,false,האגיס פול אפס תח.גמילה לילה בנים 18 יחיד,קימברלי קלארק ישראל שיווק בעמ,IL,תחתוני גמילה לילה-בנים לגילאי 2-4 שנים,,0.00,0.00,false,1.00,54.90,3.05,true,0,
5029053575575,false,מגבונים היגיינים לניקוי פנים וידיים קליניקס 24 דפים,קימברלי קלארק ישראל שיווק בעמ,IT,מגבונים היגיינים לניקוי פנים וידיים,,0.00,0.00,false,1.00,9.90,0.41,true,0,
5029053575858,false,קלינקס מגבת ידיים היגיינית,קימברלי קלארק,IT,מגבות נייר הגייניות נשלפות אחת אחת,,0.00,0.00,false,1.00,19.90,19.90,true,0,
5029053576114,false,"קלינקס ג`ל היגייני לניקוי ידיים 200מ""ל",קימברלי קלארק ישראל שיווק בעמ,IT,ג'ל ידיים היגייני 70% אלכוהול,,0.00,100.00,false,1.00,19.90,0.00,true,0,
5029053578309,false,קופסת ממחטות אולטרה סופט 48 דף קלינקס,קימברלי קלארק ישראל שיווק בעמ,IL,טישו אולטרה סופט קובייה,,0.00,0.00,false,1.00,8.90,0.18,true,0,
5029054220085,false,האגיס - מגבוני האגיס אקסטרה קר לא מבושם 56 יח' * 4,קימברלי קלארק ישראל שיווק בעמ,IL,"מגבונים לחים לתינוק, עדין לעור כמו צמר גפן ומים",,0.00,0.00,false,1.00,34.90,8.72,true,0,
>>>>>>> d048ac2f4f281c9d788043ab4e81b61b0dbe3743
5037156210330,false,גון פרידה פריז איז מירקלס ריקאברי שמפו,General,FR,פריז איז מירקלס ריקאברי שמפו,,0.00,100.00,false,1.00,34.90,0.00,true,0,
5037156210347,false,גון פרידה פריז איז מירקלס ריקאברי מרכך,General,FR,פריז איז מירקלס ריקאברי מרכך,,0.00,100.00,false,1.00,34.90,0.00,true,0,
5037156220759,false,ג.פרידה פריז איז מירקלס ריקאברי שמפו 50,General,FR,פריז איז מירקלס ריקאברי שמפו,,0.00,100.00,false,1.00,9.90,0.00,true,0,
5037156227352,false,גון פרידה שיר בלונד גו בלונדר שמפו מבהיר,General,FR,שיר בלונד גו בלונדר שמפו מבהיר,,0.00,100.00,false,1.00,34.90,0.00,true,0,
5037156227369,false,גון פרידה שיר בלונד גו בלונדר מרכך מבהיר,General,FR,שיר בלונד גו בלונדר מרכך מבהיר,,0.00,100.00,false,1.00,34.90,0.00,true,0,
5037156227376,false,גון פרידה ויולט קראש שמפו סגול לשיער בלו,General,DE,VIOLET CRUSH שמפו סגול לשיער בלונדיני,,0.00,100.00,false,1.00,34.90,0.00,true,0,
5037156227383,false,גון פרידה ויולט קראש מרכך סגול לשיער בלו,General,DE,VIOLET CRUSH מרכך סגול לשיער בלונדיני,,0.00,100.00,false,1.00,34.90,0.00,true,0,
5037156229127,false,גון פרידה ווליום ליפט - מוס מעניק נפח,General,FR,ווליום ליפט - מוס מעניק נפח,,0.00,100.00,false,1.00,34.90,0.00,true,0,
5037156229134,false,גון פרידה ווליום ליפט - ספריי מעניק נפח,General,FR,ווליום ליפט - ספריי מעניק נפח,,0.00,100.00,false,1.00,34.90,0.00,true,0,
5037156251357,false,פריז איז קרלז שמפו לשיער מתולתל-מוקטן 50,General,FR,פריז איז קרלז שמפו לשיער מתולתל,,0.00,100.00,false,1.00,9.90,0.00,true,0,
5037156251364,false,פריז איז קרלז מרכך לשיער מתולתל-מוקטן 50,General,FR,פריז איז קרלז מרכך לשיער מתולתל,,0.00,100.00,false,1.00,9.90,0.00,true,0,
5037156255874,false,גון פרידה גו בלונדר מסכה מחזקת מועשרת בש,General,FR,גו בלונדר מסכה מחזקת מועשרת בשמן לימון,,0.00,0.00,false,1.00,39.90,0.39,true,0,
5037156257045,false,גון פרידה מירקל דרופס מסכת אנטי פריז 25,General,DE,מירקל דרופס  מסכת אנטי פריז מועשרת בשמן אבוקדו המסייעת להענקת מראה שיער חלק,,0.00,100.00,false,1.00,9.90,0.00,true,0,
5037156257052,false,גון פרידה מירקל דרופס מסכה מבהירה 25 מל,General,DE,מירקל דרופס  מסכה מבהירה לשיער בלונדיני מועשרת בשמן זרעי ענבים,,0.00,100.00,false,1.00,9.90,0.00,true,0,
5037156257069,false,גון פרידה מירקל דרופס מסכה משקמת 25 מל,General,DE,מירקל דרופס  מסכה משקמת לשיער המועשרת בויטמין E,,0.00,100.00,false,1.00,9.90,0.00,true,0,
5037156257274,false,גון פרידה דיטוקס&ריפייר שמפו עשיר בתה יר,General,DE,דיטוקס אנד ריפייר שמפו עשיר בתה ירוק ושמן אבוקדו,,0.00,100.00,false,1.00,34.90,0.00,true,0,
5037156257281,false,גון פרידה דיטוקס&ריפייר מרכך עשיר בתה יר,General,DE,דיטוקס אנד ריפייר מרכך עשיר בתה ירוק ושמן אבוקדו,,0.00,100.00,false,1.00,34.90,0.00,true,0,
5037156257298,false,גון פרידה דיטוקס&ריפייר תרסיס מגן עשיר ב,General,DE,דיטוקס אנד ריפייר תרסיס מגן עשיר בתה ירוק ושמן אבוקדו,,0.00,100.00,false,1.00,39.90,0.00,true,0,
5037156258363,false,גון פרידה פריז איז שמפו קליל מועשר,General,FR,פריז איז שמפו קליל מועשר במי אלוורה,,0.00,100.00,false,1.00,34.90,0.00,true,0,
5037156258370,false,גון פרידה פריז איז מרכך קליל מועשר,General,FR,פריז איז מרכך קליל מועשר במי אלוורה,,0.00,100.00,false,1.00,34.90,0.00,true,0,
5037156260410,false,פריז איז שמפו וויטלס וונדר 50 מל מוקטן,General,DE,פריז איז וויטלס וונדר שמפו קליל מועשר במי אלוורה לשיער דק הסובל מפריז,,0.00,100.00,false,1.00,9.90,0.00,true,0,
5037156262315,false,גון פרידה ויולט קראש - שמפו אינטנסיבי סג,General,DE,ויולט קראש - שמפו אינטנסיבי סגול לשיער בלונדיני,,0.00,100.00,false,1.00,34.90,0.00,true,0,
5037156263633,false,גון פרידה שמפו היידרייט אנד ריצארג,General,DE,שמפו HYDRATE & RECHARGE,,0.00,100.00,false,1.00,34.90,0.00,true,0,
5037156263640,false,גון פרידה מרכך היידרייט אנד ריצארג,General,DE,מרכך HYDRATE & RECHARGE,,0.00,100.00,false,1.00,34.90,0.00,true,0,
5037156271522,false,גון פרידה ברזילאן סליק שמפו פריז איז לשי,General,DE,ברזילאן סליק שמפו פריז איז לשיער חלק,,0.00,100.00,false,1.00,34.90,0.00,true,0,
5037156271539,false,גון פרידה ברזילאן סליק מרכך פריז איז לשי,General,DE,ברזילאן סליק מרכך פריז איז לשיער חלק,,0.00,100.00,false,1.00,34.90,0.00,true,0,
5037156278118,false,גון פרידה שיר בלונד גו בלונדר תרסיס מבהי,General,FR,שיר בלונד גו בלונדר תרסיס מבהיר,,0.00,0.00,false,1.00,39.90,0.39,true,0,
5037200082623,false,סאנדיי ריין - מלחי אמבט טבעוניים אסאי,General,CN,מלחי אמבט טבעוניים מועשרים בתמציות אסאי,,0.00,100.00,false,1.00,34.90,0.00,true,0,
5037200082630,false,סאנדיי ריין - קוביות סקראב בניחוח אבטיח,General,CN,קוביות סקראב בניחוח אבטיח לשימוש במקלחת,,0.00,100.00,false,1.00,34.90,0.00,true,0,
5037200082784,false,סאנדיי ריין - קצף אמבט בניחוח אבטיח,General,CN,קצף אמבט בניחוח אבטיח,,0.00,100.00,false,1.00,24.90,0.00,true,0,
5037200086522,false,סאנדיי ריין - סקראב גוף טבעוני בניחוח אס,General,CN,סקראב גוף טבעוני בניחוח אסאי,,0.00,100.00,false,1.00,34.90,0.00,true,0,
5037200086539,false,סאנדיי ריין - קצף אמבט בניחוח אסאי,General,CN,קצף אמבט בניחוח אסאי,,0.00,100.00,false,1.00,24.90,0.00,true,0,
5037200098020,false,סאנדיי ריין - מלחי אמבט טבעוניים אבטיח ו,General,CN,מלחי אמבט טבעוניים מועשרים בתמציות אבטיח ומנטה,,0.00,100.00,false,1.00,34.90,0.00,true,0,
5037200098082,false,סאנדיי ריין - באלם מזין לעור יבש בניחוח,General,CN,באלם מזין לעור יבש בניחוח מנגו וקוקוס,,0.00,100.00,false,1.00,24.90,0.00,true,0,
5037200098099,false,סאנדיי ריין - חמאת גוף מזינה בניחוח מנגו,General,CN,חמאת גוף מזינה בניחוח מנגו וקוקוס,,0.00,100.00,false,1.00,29.90,0.00,true,0,
5037200098129,false,סאנדיי ריין - סקראב גוף בניחוח מנגו,General,CN,סקראב גוף טבעוני בניחוח מנגו וקוקוס,,0.00,100.00,false,1.00,34.90,0.00,true,0,
5037200106343,false,סאנדיי ריין - קצף אמבט בניחוח מנגו וקוקו,General,CN,קצף אמבט בניחוח מנגו וקוקוס,,0.00,100.00,false,1.00,24.90,0.00,true,0,
5037200106596,false,סאנדיי ריין - תחליב אמבט טבעוני בניחוח ל,General,CN,תחליב אמבט טבעוני בניחוח לוונדר וארז,,0.00,100.00,false,1.00,24.90,0.00,true,0,
5037200106602,false,סאנדיי ריין - מלחי אמבט טבעוניים לוונדר,General,CN,סליפ איזי מלחי אמבט טבעוניים בניחוח לוונדר וארז.,,0.00,100.00,false,1.00,34.90,0.00,true,0,
5037200106619,false,סאנדי ריין- ספריי לבית בריח לבנדר,General,CN,סאנדי ריין- ספריי לבית בריח לבנדר,,0.00,100.00,false,1.00,34.90,0.00,true,0,
5037200106626,false,סאנדיי ריין - סליפ איזי באלם סטיק בניחוח,General,CN,סליפ איזי באלם סטיק בניחוח לוונדר וארז,,0.00,1.00,false,1.00,29.90,29.90,true,0,
5053322010023,false,באבל טי פצצת אמבט - תה אסאי עם היביסקוס,General,CN,פצצת אמבט צבעונית בניחוח תה אסאי עם היביסקוס,,0.00,100.00,false,1.00,12.90,0.00,true,0,
5053322010030,false,באבל טי פצצת אמבט - תה ירוק עם למונגראס,General,CN,פצצת אמבט צבעונית בניחוח תה ירוק עם למונגראס,,0.00,100.00,false,1.00,12.90,0.00,true,0,
5053322010047,false,באבל טי פצצת אמבט - תה מרוקאי עם גוגי בר,General,CN,פצצת אמבט צבעונית בניחוח תה מרוקאי עם ג'וגי ברי,,0.00,0.00,false,1.00,12.90,0.00,true,0,
5057566448574,false,נר טבעוני אנדרס מי בניחוח מרענן של הדרים,REVOLUTION BEAUTY,PL,UNDRESS ME נר טבעוני בניחוח מרענן של הדרים ובזיליקום,,0.00,100.00,false,1.00,45.00,0.00,true,0,
5057566448581,false,נר טבעוני יור מיי טייפ בניחוח רענן וארומ,REVOLUTION BEAUTY,PL,YOU'RE MY TYPE נר טבעוני בניחוח רענן וארומטי של אמבר וברגמוט,,0.00,100.00,false,1.00,45.00,0.00,true,0,
5057566448628,false,נר טבעוני לוסט מיי הד בניחוח עמוק וחלומ,REVOLUTION BEAUTY,PL,LOST MY HEAD נר טבעוני בניחוח עמוק וחלומי של טונקה ולוונדר,,0.00,100.00,false,1.00,45.00,0.00,true,0,
5057566448642,false,דיפיוזר יור מיי טייפ בניחוח רענן וארומט,REVOLUTION BEAUTY,PL,YOU ARE MY TYPE דיפיוזר בניחוח רענן וארומטי של אמבר וברגמוט,,0.00,0.00,false,1.00,55.00,0.55,true,0,
5057566448680,false,דיפיוזר לוסט מיי הד בניחוח עמוק וחלומי ש,REVOLUTION BEAUTY,PL,LOST MY HEAD דיפיוזר בניחוח עמוק וחלומי של טונקה ולוונדר,,0.00,0.00,false,1.00,55.00,0.55,true,0,
5057566448697,false,תרסיס לחדר אנדרס מי 100 מל בניחוח מרענן,REVOLUTION BEAUTY,PL,UNDRESS ME תרסיס לחדר בניחוח מרענן של הדרים ובזיליקום,,0.00,0.00,false,1.00,45.00,0.45,true,0,
5057566448703,false,תרסיס לחדר יור מיי טייפ 100 מל בניחוח רע,REVOLUTION BEAUTY,PL,YOU ARE MY TYPE תרסיס לחדר בניחוח רענן וארומטי של אמבר וברגמוט,,0.00,0.00,false,1.00,45.00,0.45,true,0,
5057566448741,false,תרסיס לחדר לוסט מיי הד 100 מל בניחוח עמו,REVOLUTION BEAUTY,PL,LOST MY HEAD תרסיס לחדר בניחוח עמוק וחלומי של טונקה ולוונדר,,0.00,0.00,false,1.00,55.00,0.55,true,0,
5057566460798,false,שלישיית נרות ריחניים טבעוניים,REVOLUTION BEAUTY,PL,נרות ריחניים טבעוניים,,0.00,100.00,false,1.00,69.90,0.00,true,0,
5060062992526,false,לנסינו רפידות הנקה 24 יח,מדי-קיור,,לנסינו רפידות הנקה 24 יח,,0.00,0.00,false,1.00,29.90,1.24,true,0,
5060062992557,false,לנסינו - רפידות הנקה 66 יח',מדי-קיור,,לנסינו רפידות הנקה,,0.00,0.00,false,1.00,54.90,0.83,true,0,
5060062992618,false,לנסינו 50 שקיות סטריליות לאחסון חלב אם,מדי-קיור,,לנסינו 50 שקיות סטריליות לאחסון חלב אם,,0.00,0.00,false,1.00,82.90,1.65,true,0,
<<<<<<< HEAD
5060139430364,false,BEAR יו יו חטיף פירות בטעם תות חמישייה,דיפלומט,GB,חטיף 100% פרי שילדים אוהבים בטעם תות,,0.00,0.00,false,1.00,19.90,3.98,true,0,
=======
5060139430364,false,BEAR יו יו חטיף פירות בטעם תות חמישייה,דיפלומט מפיצים (1968) בעמ**,GB,חטיף 100% פרי שילדים אוהבים בטעם תות,,0.00,0.00,false,1.00,19.90,3.98,true,0,
>>>>>>> d048ac2f4f281c9d788043ab4e81b61b0dbe3743
5060139430647,false,BEAR יו יו חטיף פירות בטעם פטל חמישייה,דיפלומט,GB,חטיף 100% פרי שילדים אוהבים בטעם פטל,,0.00,0.00,false,1.00,19.90,3.98,true,0,
5060139431033,false,BEAR יו יו חטיף פירות בטעם מנגו חמישייה,דיפלומט,GB,חטיף 100% פרי שילדים אוהבים בטעם מנגו,,0.00,0.00,false,1.00,19.90,3.98,true,0,
5060152820005,false,גל רחצה למקלחת ולאמבט בניחוח נשיקה של פט,כמיפל,GB,ג'ל רחצה למקלחת ולאמבט בניחוח נשיקה של פטל עם תמצית פטל,,0.00,100.00,false,1.00,19.90,0.00,true,0,
5060152820029,false,גל רחצה למקלחת ולאמבט בניחוח בוקר של גינ,כמיפל,GB,ג'ל רחצה למקלחת ולאמבט בניחוח בוקר של ג'ינג'ר עם תמצית ג'ינג'ר,,0.00,100.00,false,1.00,19.90,0.00,true,0,
5060152820623,false,גל רחצה למקלחת ולאמבט בניחוח אי הקוקוס ש,כמיפל,GB,ג'ל רחצה למקלחת ולאמבט בניחוח אי הקוקוס שלי עם תמצית קוקוס,,0.00,100.00,false,1.00,19.90,0.00,true,0,
5060152820647,false,סבון פילינג לגוף קיץ אי הקוקוס שלי עם קל,כמיפל,GB,סבון פילינג לגוף קיץ אי הקוקוס שלי עם קליפת קוקוס טבעית לפילינג עדין,,0.00,100.00,false,1.00,24.90,0.00,true,0,
5060152822931,false,גל רחצה למקלחת ולאמבט בניחוח מנגו בליבה,כמיפל,GB,ג'ל רחצה למקלחת ולאמבט בניחוח מנגו בליבה עם תמצית מנגו,,0.00,100.00,false,1.00,19.90,0.00,true,0,
5060152824157,false,ג'ל רחצה למקלחת ולאמבט לבבות מרשמלו עם ת,כמיפל,GB,ג'ל רחצה למקלחת ולאמבט לבבות מרשמלו עם תמצית מרשמלו,,0.00,100.00,false,1.00,19.90,0.00,true,0,
5060152825611,false,גל רחצה למקלחת ולאמבט בניחוח אהבה ענוגה,כמיפל,GB,ג'ל רחצה למקלחת ולאמבט בניחוח אהבה ענוגה עם תמצית כותנה,,0.00,100.00,false,1.00,19.90,0.00,true,0,
5060152826199,false,חמאת גוף עשירה בניחוח אי הקוקוס שלי,כמיפל,GB,חמאת גוף עשירה בניחוח אי הקוקוס שלי,,0.00,100.00,false,1.00,49.90,0.00,true,0,
5060152826304,false,גל רחצה למקלחת ולאמבט בניחוח אהבה ברזילי,כמיפל,GB,ג'ל רחצה למקלחת ולאמבט בניחוח אהבה ברזילאית עם תמצית גוארנה,,0.00,100.00,false,1.00,19.90,0.00,true,0,
5060152826649,false,סבון ידיים בתוספת לחות אדמונית ותפוח,כמיפל,GB,סבון ידיים בתוספת לחות בניחוח אדמונית ותפוח בר,,0.00,100.00,false,1.00,19.90,0.00,true,0,
5060152826663,false,סבון ידיים בתוספת לחות רימונים וחבצלת,כמיפל,GB,סבון ידיים בתוספת לחות בניחוח רימונים וחבצלת מים,,0.00,100.00,false,1.00,19.90,0.00,true,0,
5060152826687,false,סבון ידיים בתוספת לחות ליים ומנדרינה,כמיפל,GB,סבון ידיים בתוספת לחות בניחוח פריחת ליים ומנדרינה,,0.00,100.00,false,1.00,19.90,0.00,true,0,
5060152827011,false,חמאת גוף עשירה בניחוח מנגו בליבה,כמיפל,GB,חמאת גוף עשירה בניחוחמנגו בליבה,,0.00,100.00,false,1.00,49.90,0.00,true,0,
5060152827035,false,חמאת גוף עשירה בניחוח נשיקה של פטל,כמיפל,GB,חמאת גוף עשירה בניחוח נשיקה של פטל,,0.00,100.00,false,1.00,49.90,0.00,true,0,
5060152827097,false,קרם גוף אהבה ברזילאית 250 מל,כמיפל,GB,קרם גוף אהבה ברזילאית,,0.00,100.00,false,1.00,34.90,0.00,true,0,
5060204520884,false,מורז כינקייר ספריי טיפולי 15 דקות,מורז,IT,ספריי כינקייר טיפולי 15 דקות,,0.00,0.00,false,1.00,89.90,0.89,true,0,
5060204521751,false,מורז ניילס קר לפטרת הציפורן,מורז,IL,ניילס קר לפטרת הציפורן,,0.00,0.00,false,1.00,84.90,0.00,true,0,
5060365798047,false,מאד ביוטי יסמין מסכת תה ירוק,General,CN,מסכת תה ירוק להענקת מראה רענן ומלא חיות,,0.00,0.00,false,1.00,14.90,0.00,true,0,
5060365798054,false,מאד ביוטי אורורה מסכת לוונדר,General,CN,אורורה מסכת לוונדר מרגיעה,,0.00,0.00,false,1.00,14.90,0.00,true,0,
5060365798061,false,מאד ביוטי אריאל מסכת מלפפון,General,CN,אריאל - מסכת מלפפון,,0.00,0.00,false,1.00,14.90,0.00,true,0,
5060365798078,false,מאד ביוטי בל מסכת מי ורדים,General,CN,בל מסכת מי ורדים,,0.00,0.00,false,1.00,14.90,0.00,true,0,
5060365798887,false,מאד ביוטי מארז מסכות מרושעות,General,CN,מארז מסכות מרושעות,,0.00,0.00,false,1.00,34.90,0.00,true,0,
5060365798894,false,מאד ביוטי מארז מסכות דיסני אגדה קסומה,General,CN,מארז מסכות אגדה קסומה,,0.00,0.00,false,1.00,44.90,0.00,true,0,
5060365798900,false,מאד ביוטי אורסולה מסכת מלפפון,General,CN,אורסולה - מסכת מלפפון,,0.00,0.00,false,1.00,14.90,0.00,true,0,
5060365798917,false,מאד ביוטי קרואלה דה ויל מסכת קוקוס,General,CN,קרואלה דה ויל - מסכת קוקוס,,0.00,0.00,false,1.00,14.90,0.00,true,0,
5060365798924,false,מאד ביוטי מליפיסנט מסכת תה ירוק,General,CN,מליפיסנט - מסכת תה ירוק,,0.00,0.00,false,1.00,14.90,0.00,true,0,
5060372800214,false,פאו פאו ספרי לשיער 7 פעולות - It Does I,רייס,GB,ספרי לשיער 7 פעולות - It Does It All,,0.00,100.00,false,1.00,59.90,0.00,true,0,
5060372800269,false,פאו פאו באלם אורגינל - 10 מל,רייס,GB,באלם אורגינל,,0.00,0.00,false,1.00,24.90,0.00,true,0,
5060372800566,false,פאו פאו באלם אדום - 10 מל,רייס,GB,באלם אדום,,0.00,0.00,false,1.00,24.90,0.00,true,0,
5060372800887,false,פאו פאו באלם +שימר- 10 מל,רייס,GB,באלם + שימר,,0.00,0.00,false,1.00,24.90,0.00,true,0,
5060372801778,false,פאו פאו פילינג + אוריגינל באלם,רייס,GB,פילינג + אוריגינל באלם,,0.00,100.00,false,1.00,49.90,0.01,true,0,
5060372803277,false,פאו פאו מסכת הזנה וריכוך לשפתיים,רייס,GB,מסכת הזנה וריכוך לשפתיים,,0.00,100.00,false,1.00,49.90,0.01,true,0,
5060372803284,false,פאו פאו מארז מיני באלם,רייס,GB,מארז מיני בלאם,,0.00,0.00,false,1.00,49.90,0.00,true,0,
5060372805110,false,פאו פאו קרם ידיים ללא בישום 50 מל,רייס,GB,קרם ידיים ללא בישום,,0.00,100.00,false,1.00,29.90,0.00,true,0,
5060372805127,false,פאו פאו קרם ידיים לחידוש העור תפוז&מנגו,רייס,GB,קרם ידיים לחידוש העור תפוז & מנגו,,0.00,100.00,false,1.00,29.90,0.00,true,0,
5060372805134,false,פאו פאו קרם ידיים לחידוש העור קקאו&קוקס,רייס,GB,קרם ידיים לחידוש העור קקאו & קוקוס,,0.00,100.00,false,1.00,29.90,0.00,true,0,
5060422297025,false,דה אינקי ליסט סרום קולגן,General,GB,סרום קולגן,,0.00,100.00,false,1.00,50.00,0.01,true,0,
5060422297032,false,דה אינקי ליסט סרום חומצה היאלורונית,General,GB,סרום חומצה היאלורונית,,0.00,100.00,false,1.00,35.00,0.01,true,0,
5060422297063,false,דה אינקי ליסט סרום רטינול,General,GB,סרום רטינול,,0.00,100.00,false,1.00,50.00,0.01,true,0,
5060422297070,false,דה אינקי ליסט סרום ויטמין סי,General,GB,סרום ויטמין סי,,0.00,100.00,false,1.00,50.00,0.01,true,0,
5060422297087,false,דה אינקי ליסט קרם עיניים קפאין,General,GB,קרם עיניים קפאין,,0.00,100.00,false,1.00,50.00,0.03,true,0,
5060422297100,false,דה אינקי ליסט טונר חומצה גליקולית,General,GB,טונר חומצה גליקולית,,0.00,0.00,false,1.00,60.00,0.60,true,0,
5060422297162,false,דה אינקי ליסט חומצה בטא הידרוקסית,General,GB,חומצה בטא הידרוקסית,,0.00,100.00,false,1.00,60.00,0.02,true,0,
5060422297179,false,דה אינקי ליסט ניקוי חומצה סליצילית,General,GB,ניקוי חומצה סליצילית,,0.00,100.00,false,1.00,60.00,0.00,true,0,
5060422297193,false,דה אינקי ליסט סרום הפטא פפטיד,General,GB,סרום הפטא פפטיד,,0.00,100.00,false,1.00,80.00,0.02,true,0,
5060422297209,false,דה אינקי ליסט סרום חומצה פוליגלומטית,General,GB,סרום חומצה פוליגלומטית,,0.00,100.00,false,1.00,70.00,0.02,true,0,
5060422297223,false,דה אינקי ליסט קרם בקוציול,General,GB,קרם בקוציול,,0.00,100.00,false,1.00,60.00,0.02,true,0,
5060422297230,false,דה אינקי ליסט ניקוי דו פאזי שמן ומים,General,GB,ניקוי דו פאזי שמן ומים,,0.00,100.00,false,1.00,55.00,0.00,true,0,
5060422297308,false,דה אינקי ליסט תכשיר סרמיד לטיפול לילה,General,US,CERAMIDE תכשיר לטיפול לילה,,0.00,100.00,false,1.00,65.00,0.02,true,0,
5060422297315,false,דה אינקי ליסט קרם עיניים מעניק זוהר,General,US,קרם עיניים מעניק זוהר,,0.00,100.00,false,1.00,50.00,0.03,true,0,
5060422297322,false,דה אינקי ליסט קרם עיניים רטינול,General,US,RETINOL קרם עיניים,,0.00,100.00,false,1.00,50.00,0.03,true,0,
5060422297360,false,דה אינקי ליסט פילינג חומץ תפוחים,General,US,פילינג חומץ תפוחים,,0.00,100.00,false,1.00,65.00,0.02,true,0,
5060422297377,false,דה אינקי ליסט באלם ניקוי שיבולת שועל,General,US,באלם ניקוי שיבולת שועל,,0.00,100.00,false,1.00,50.00,0.00,true,0,
5060422299180,false,דה אינקי ליסט תכשיר חומצה לטיפול בפצעוני,General,US,תכשיר חומצה סוקסינית לטיפול מהיר בפצעונים,,0.00,100.00,false,1.00,40.00,0.02,true,0,
5060517886486,false,"משקה אנרגיה מונסטר אנרג'י בפחית 500 מ""ל",החברה המרכזית להפצת משקאות בעמ,IL,משקה אנרגיה מוגז,,0.00,100.00,false,1.00,7.90,0.00,true,0,
5060517886516,false,"משקה אנרגיה מונסטר אנרג'י זירו בפחית 500 מ""ל",החברה המרכזית להפצת משקאות בעמ,IL,משקה אנרגיה מוגז ABSOLUTELY ZERO,,0.00,100.00,false,1.00,7.90,0.00,true,0,
5060563210020,false,סקין טריטס מסכת רימון מחייה,General,CR,מסכת רימון מחיה,,0.00,0.00,false,1.00,12.90,0.00,true,0,
5060563211027,false,סקין טריטס מסכת גינגר מעניקה זוהר,General,KR,מסכת ג'ינגר מעניקה זוהר,,0.00,0.00,false,1.00,12.90,0.00,true,0,
5060563211058,false,סקין טריטס מסכת מאצה מטהרת,General,KR,מסכת מאצ'ה מטהרת,,0.00,100.00,false,1.00,12.90,0.00,true,0,
5060563211430,false,סקין טריטס מסיכת קיווי מרעננת,General,KR,מסיכת קיווי מרעננת,,0.00,100.00,false,1.00,12.90,0.00,true,0,
5060563212055,false,סקין טריטס מסכת אצות אדומות לניקוי עמוק,General,KR,מסכת אצות אדומות לניקוי עמוק,,0.00,100.00,false,1.00,12.90,0.00,true,0,
5060563212086,false,סקין טריטס מסכת קוקוס מזינה ומעניקה לחות,General,KR,מסכת קוקוס מזינה ומעניקה לחות,,0.00,100.00,false,1.00,12.90,0.00,true,0,
5060563212116,false,סקין טריטס מסכת מלפפון ממריצה,General,KR,מסכת מלפפון ממריצה,,0.00,100.00,false,1.00,12.90,0.00,true,0,
5060563213014,false,סקין טריטס מסכת מנגו מחייה,General,KR,מסכת מנגו מחייה,,0.00,100.00,false,1.00,12.90,0.00,true,0,
5060563213038,false,סקין טריטס מסכת אבטיח מרעננת ומעניקה אנר,General,KR,מסכת אבטיח מרעננת ומעניקה אנרגיה,,0.00,100.00,false,1.00,12.90,0.00,true,0,
5060563213052,false,סקין טריטס מסכת פפאיה מעניקה אנרגיה,General,KR,מסכת פפאיה מעניקה אנרגיה,,0.00,100.00,false,1.00,12.90,0.00,true,0,
5060591030287,false,באבל טי פצצת אמבט - ריינבו,General,CN,פצצת אמבט - ריינבו,,0.00,100.00,false,1.00,14.90,0.00,true,0,
5060591030447,false,באבל טי פצצת אמבט - שם מעבר לקשת,General,CN,פצצת אמבט - שם מעבר לקשת,,0.00,100.00,false,1.00,14.90,0.00,true,0,
5060591033479,false,באבל טי מארז 6 פצצות אמבטיה בצורת דונאטס,General,CN,פצצות אמבטיה בצורת דונאטס,,0.00,100.00,false,1.00,39.90,0.00,true,0,
5060591033509,false,באבל טי- מארז 5 פצצות אמבטיה בצורת מקרון,General,CN,פצצות אמבטיה בצורת מקרון,,0.00,100.00,false,1.00,29.90,0.00,true,0,
5060591034858,false,באבל טי מארז 8 פצצות אמבטיה בצורות דונאט,General,CN,מארז פצצות אמבטיה בצורות דונאטס ומקרון,,0.00,0.00,false,1.00,44.90,5.61,true,0,
5060599189536,false,מאד ביוטי קולקציית פו הדב סרט ראש,General,CN,קולקציית פו הדב סרט אלסטי לשיער- טיגר,,0.00,0.00,false,1.00,24.90,0.00,true,0,
5060639128051,false,"משקה אנרגיה מונסטר אולטרה בפחית 500 מ""ל",החברה המרכזית להפצת משקאות בעמ,RS,משקה אנרגיה מוגז ULTRA,,0.00,100.00,false,1.00,7.90,0.00,true,0,
5060751218173,false,"משקה אנרגיה מונסטר אנרג'י piplin punch בפחית 500 מ""ל",החברה המרכזית להפצת משקאות בעמ,RS,משקה אנרגיה מוגז PUNCH,,0.00,100.00,false,1.00,8.90,0.00,true,0,
5060751219033,false,"משקה אנרגיה מונסטר אנרג'י זירו paradise בפחית 500 מ""ל",החברה המרכזית להפצת משקאות בעמ,RS,משקה אנרגיה מוגז ULTRA PARADISE,,0.00,100.00,false,1.00,8.90,0.00,true,0,
5060895830989,false,מאד ביוטי קולקציית פו הדב מסכת שינה,General,CN,קולקציית פו הדב מסכת שינה פו הדב,,0.00,0.00,false,1.00,34.90,0.00,true,0,
5200133120292,false,גולדן ברייק גליליות וופל אגוזים ושוקולד ללא תוספת סוכר 135 גרם,גולדן ברייק,GR,גליליות וופלים ממולאות קרם בטעם אגוזים ושוקולד ללא תוספת סוכר,,0.00,100.00,false,1.00,7.90,0.00,true,0,
<<<<<<< HEAD
5200133120476,false,גלילות וופלים ממולאים קרם אגוזים וקקאו 400 ג',יוניליוור גרמניה Gm,GR,גליליות וופלים ממולאות קרם אגוזים וקקאו,,0.00,100.00,false,1.00,17.90,0.00,true,0,
5200133120483,false,גליליות וופלים ממולא קרם וניל 400 גר,יוניליוור גרמניה Gm,GR,גליליות וופלים ממולאות קרם בטעם וניל,,0.00,100.00,false,1.00,17.90,0.00,true,0,
=======
5200133120476,false,גלילות וופלים ממולאים קרם אגוזים וקקאו 400 ג',דיפלומט מפיצים (1968) בעמ**,GR,גליליות וופלים ממולאות קרם אגוזים וקקאו,,0.00,100.00,false,1.00,17.90,0.00,true,0,
5200133120483,false,גליליות וופלים 400 גרם וניל גולדן ברייק,דיפלומט מפיצים (1968) בעמ**,GR,גליליות וופלים ממולאות קרם בטעם וניל,,0.00,100.00,false,1.00,17.90,0.00,true,0,
>>>>>>> d048ac2f4f281c9d788043ab4e81b61b0dbe3743
5200133120506,false,גליליות וופלים אגוזים וקקאו גולדן ברייק 150 גרם.,קוארטט אס.אי,GR,גליליות וופלים ממולאות קרם אגוזים וקקאו,,0.00,100.00,false,1.00,7.90,0.00,true,0,
5200133120582,false,גולדן ברייק גליליות וופל במילוי קרם עם שוקולד מריר 150 גרם,דיפלומט מפיצים (1968) בע`מ,GR,גליליות וופלים ממולאות קרם עם שוקולד מריר,,0.00,100.00,false,1.00,7.90,0.00,true,0,
5201100872596,false,לוריאל - אקסלנס קרם 9 בלונד בהיר מאוד,לוריאל Loreal,,צבע שיער קבוע לטיפוח עשיר בגוון 9 בלונד בהיר מאוד,,0.00,0.00,false,1.00,42.90,0.00,true,0,
5201100872602,false,לוריאל - לוריאל אקסלנס קרם 9.1 עברית/יוונית,לוריאל פריז,BE,קרם צבע שיער 9.1 בלונד בהיר מאוד,,0.00,0.00,false,1.00,42.90,0.00,true,0,
5201100872640,false,לוריאל - אקסלנס קרם 03בלונד אולטרה בהיר אפור,לוריאל ישראל קוסמטיקס בעמ,BE,PURE BLOND צבע שיער 03 בלונד אולטרה בהיר,,0.00,0.00,false,1.00,42.90,0.00,true,0,
5201143734141,false,סאיוס אולאו אינטנס 4-60 חום זהוב,הנקל סוד,DE,אינטנס חום זהוב 4-60,,0.00,0.00,false,1.00,44.90,0.00,true,0,
5201143739412,false,דיאדרמין בטולוגי קרם עיניים 15 מל,הנקל סוד,SI,BOTOLOGY קרם עיניים,,0.00,100.00,false,1.00,59.90,0.03,true,0,
5201178026686,false,ניוואה תרסיס שמן שיזוף 200 מל SPF6,ביירסדורץ,DE,סאן תרסיס שמן 6 SPF,,0.00,100.00,false,1.00,59.90,0.00,true,0,
5201178032465,false,"ניוואה - סאן קונטרול שיין 50 מ""ל SPF30",ביירסדורץ,DE,SUN קרם הגנה לפנים SPF30 קונטרול שיין,,0.00,100.00,false,1.00,49.00,0.00,true,0,
5201178035190,false,ניוואה אורבן דיטוקס מסכה מתקלפת 5מל*2,אלפא,DE,URBAN SKIN DETOX מסכה מתקלפת,,0.00,0.00,false,1.00,10.00,0.00,true,0,
<<<<<<< HEAD
5201178801047,false,"ניוואה קרם רב שימושי 150מ""ל",ביירסדורץ,,קרם רב שימושי,"מ""ל",150.00,100.00,false,1.00,24.90,0.00,true,0,
=======
5201178801047,false,"קרם רב שימושי ניוואה 150 מ""ל",אלפא- ב.ד.ף בעמ,,קרם רב שימושי,"מ""ל",150.00,100.00,false,1.00,24.90,0.00,true,0,
>>>>>>> d048ac2f4f281c9d788043ab4e81b61b0dbe3743
5201178801054,false,"קרם רב שימושי ניוואה 250 מ""ל",טרופיקל דגיל תעשיות,,קרם רב שימושי,"מ""ל",250.00,100.00,false,1.00,34.90,0.00,true,0,
5201347400545,false,רצועות שעווה מוכנות לשימוש לפנים ולאזורים רגישים,רקיט בנקיזר (ניר איסט) בעמ,,רצועות שעווה מוכנות לשימוש להסרת שיער פנים,,0.00,0.00,false,1.00,39.90,1.99,true,0,
5201583750411,false,זירו-סוכריות ללא סוכר בטעם לימון עם סטיב,איתן,GR,זירו-סוכריות ללא סוכר בטעם לימון עם סטיביה,,0.00,100.00,false,1.00,7.90,0.00,true,0,
5201583751111,false,זירו סוכריות ללא סוכר טעם אספרסו קרמי,איתן,GR,זירו-סוכריות ללא סוכר בטעם אספרסו,,0.00,100.00,false,1.00,7.90,0.00,true,0,
5201583751418,false,סוכריות זירו אייס בלו סטיביה ללא סוכר 32 ג',איתן,GR,זירו-סוכריות ללא סוכר בטעם אייס עם סטיביה,,0.00,100.00,false,1.00,7.90,0.00,true,0,
5201583752118,false,סוכריות ללא סוכר בטעם חמאה במילוי שוקולד,איתן,GR,זירו-סוכריות ללא תוספת סוכר בטעם חמאה במילוי שוקולד,,0.00,100.00,false,1.00,7.90,0.00,true,0,
5201583752217,false,סוכריות ללא סוכר בטעם מנטה במילוי שוקולד,איתן,GR,זירו-סוכריות ללא סוכר בטעם מנטה במילוי שוקולד,,0.00,100.00,false,1.00,7.90,0.00,true,0,
5201583752415,false,סוכריות ללא סוכר בטעם תפוז במילוי שוקולד,איתן,GR,זירו-סוכריות ללא סוכר בטעם תפוז במילוי שוקולד,,0.00,100.00,false,1.00,7.90,0.00,true,0,
5202300042932,false,צבע לשיער קולסטון - 6/45 אדום רימונים,פרוקטר אנד גמבל,,קרם צבע שיער אדום רימונים 6/45,,0.00,100.00,false,1.00,26.90,0.00,true,0,
5202300042956,false,צבע לשיער צבע לשיער קולסטון 5/5 מהגוני,פרוקטר אנד גמבל,,קרם צבע שיער מהגוני 5/5,,0.00,100.00,false,1.00,26.90,0.00,true,0,
5202300042970,false,צבע לשיער קולסטון - 4/6 חציל אינטנסיבי,פרוקטר אנד גמבל,,קרם צבע שיער חציל אינטנסיבי 4/6,,0.00,100.00,false,1.00,26.90,0.00,true,0,
5202300043007,false,צבע לשיער קולסטון - 7/7 חום שטני,פרוקטר אנד גמבל,,קרם צבע שיער חום שטני 7/7,,0.00,100.00,false,1.00,26.90,0.00,true,0,
5202300043014,false,צבע לשיער קולסטון - 6/7 חום שוקולד,פרוקטר אנד גמבל,,קרם צבע שיער חום שוקולד 6/7,,0.00,100.00,false,1.00,26.90,0.00,true,0,
5202300043038,false,צבע לשיער קולסטון- 8/73 בלונד דבש טבעי,פרוקטר אנד גמבל,,קרם צבע שיער בלונד דבש טבעי 8/73,,0.00,100.00,false,1.00,26.90,0.00,true,0,
5202300043045,false,צבע לשיער קולסטון - 6/73 טבק כהה,HFC פרסטיג',,קרם צבע שיער טבק כהה 6/73,,0.00,100.00,false,1.00,26.90,0.00,true,0,
5202300043052,false,צבע לשיער קולסטון - 7/75 אגוז בהיר,פרוקטר אנד גמבל,,קרם צבע שיער אגוז בהיר 7/75,,0.00,100.00,false,1.00,26.90,0.00,true,0,
5202300043069,false,צבע לשיער קולסטון - 2/8 שחור כחול,דיפלומט מפיצים (1986) בע`מ,,קרם צבע שיער שחור כחול 2/8,,0.00,100.00,false,1.00,26.90,0.00,true,0,
5202300043144,false,צבע לשיער קולסטון - 9/0 בלונד בהיר מאוד,פרוקטר אנד גמבל,,קרם צבע שיער בלונד בהיר מאוד 9/0,,0.00,100.00,false,1.00,26.90,0.00,true,0,
5202300043151,false,צבע לשיער קולסטון - 8/0 בלונד בהיר,פרוקטר אנד גמבל,,קרם צבע שיער בלונד בהיר 8/0,,0.00,100.00,false,1.00,26.90,0.00,true,0,
5202300043168,false,צבע לשיער קולסטון - 7/0 בלונד בינוני,פרוקטר אנד גמבל,,קרם צבע שיער בלונד בינוני 7/0,,0.00,100.00,false,1.00,26.90,0.00,true,0,
5202300043175,false,צבע לשיער קולסטון - 6/0 בלונד כהה,פרוקטר אנד גמבל,,קרם צבע שיער בלונד כהה 6/0,,0.00,100.00,false,1.00,26.90,0.00,true,0,
5202300043182,false,צבע לשיער קולסטון - 5/0 חום בהיר,פרוקטר אנד גמבל,,קרם צבע לשיער חום בהיר 5/0,,0.00,100.00,false,1.00,26.90,0.00,true,0,
5202300043199,false,צבע לשיער קולסטון - 4/0 חום בינוני,פרוקטר אנד גמבל,,קרם צבע שיער חום בינוני 4/0,,0.00,100.00,false,1.00,26.90,0.00,true,0,
5202300043205,false,צבע לשיער קולסטון - 3/0 חום כהה,דיפלומט מפיצים (1986) בע`מ,,קרם צבע שיער חום כהה 3/0,,0.00,100.00,false,1.00,26.90,0.00,true,0,
5202300043212,false,צבע לשיער קולסטון - 2/0 שחור,פרוקטר אנד גמבל,,קרם צבע שיער שחור 2/0,,0.00,100.00,false,1.00,26.90,0.00,true,0,
5202300043250,false,צבע לשיער קולסטון - 11/1 בלונד אפר בהיר במיוחד,פרוקטר אנד גמבל,,קרם צבע שיער בלונד אפור בהיר במיוחד 11/1,,0.00,100.00,false,1.00,26.90,0.00,true,0,
5202300043267,false,צבע לשיער קולסטון - 9/1 בלונד אפרפר בהיר מאוד,פרוקטר אנד גמבל,,קרם צבע שיער בלונד אפרפר בהיר מאוד 9/1,,0.00,100.00,false,1.00,26.90,0.00,true,0,
5202300043274,false,צבע לשיער קולסטון- 8/1 בלונד אפרפר בהיר,פרוקטר אנד גמבל,,קרם צבע שיער בלונד אפרפר בהיר 8/1,,0.00,100.00,false,1.00,26.90,0.00,true,0,
5202300043281,false,צבע לשיער קולסטון - 7/1 בלונד אפרפר בינוני,פרוקטר אנד גמבל,,קרם צבע שיער בלונד אפרפר בינוני 7/1,,0.00,100.00,false,1.00,26.90,0.00,true,0,
5202300043298,false,צבע לשיער קולסטון- 6/1 בלונד אפרפר כהה,פרוקטר אנד גמבל,,קרם צבע שיער בלונד אפרפר כהה 6/1,,0.00,100.00,false,1.00,26.90,0.00,true,0,
5202300043335,false,צבע לשיער קולסטון - 9/3 בלונד זהוב,פרוקטר אנד גמבל,,קרם צבע שיער בלונד זהוב 9/3,,0.00,100.00,false,1.00,26.90,0.00,true,0,
5202300043380,false,צבע לשיער קולסטון - 7/4 בלונד ג'ינג'י,פרוקטר אנד גמבל,,קרם צבע שיער בלונד ג'ינג'י 7/4,,0.00,100.00,false,1.00,26.90,0.00,true,0,
5202300043397,false,צבע לשיער קולסטון - 6/4 בלונד נחושת כהה,פרוקטר אנד גמבל,,קרם צבע לשיער בלונד נחושת כהה 6/4,,0.00,100.00,false,1.00,26.90,0.00,true,0,
5202300043403,false,צבע לשיער קולסטון - 5/4 חום ערמוני,פרוקטר אנד גמבל,,קרם צבע שיער חום ערמוני 5/4,,0.00,100.00,false,1.00,26.90,0.00,true,0,
5202300043427,false,קולסטון 2000 10/1 בלונד פלטינה,General,,קרם צבע שיער 10/1 בלונד פלטינה,,0.00,100.00,false,1.00,26.90,0.00,true,0,
5202300043434,false,צבע לשיער קולסטון - 7/73 בלונד אביב,פרוקטר אנד גמבל,,קרם צבע שיער בלונד אביב 7/73,,0.00,100.00,false,1.00,26.90,0.00,true,0,
5202300043489,false,קולסטון 2000 8/03 בלונד בהיר,General,,קרם צבע שיער 8/03 בלונד בהיר,,0.00,100.00,false,1.00,26.90,0.00,true,0,
5202300043526,false,צבע לשיער קולסטון - 4/75 חום משי,פרוקטר אנד גמבל,,קרם צבע שיער חום משי 4/75,,0.00,100.00,false,1.00,26.90,0.00,true,0,
5202300043588,false,קולסטון 2000 7/41 בלונד גינגי בינוני,General,,קרם צבע שיער 7/41 בלונד ג'ינג'י בינוני,,0.00,100.00,false,1.00,26.90,0.00,true,0,
5202300043601,false,צבע לשיער קולסטון - 7/45 אדום לוהט,פרוקטר אנד גמבל,,קרם צבע שיער אדום לוהט 7/45,,0.00,100.00,false,1.00,26.90,0.00,true,0,
5202300043670,false,צבע לשיער קולסטון - 5/7 חום קפה,פרוקטר אנד גמבל,,קרם צבע שיער חום קפה 5/7,,0.00,100.00,false,1.00,26.90,0.00,true,0,
5202300043724,false,צבע לשיער קולסטון - 6/75 חום אגוז בינוני,פרוקטר אנד גמבל,,קרם צבע שיער חום אגוז בינוני 6/75,,0.00,100.00,false,1.00,26.90,0.00,true,0,
5202300043809,false,קולסטון 2000 12/0 בלונד אקסטרה בהיר,General,,קרם צבע שיער 12/0 בלונד אקסטרה בהיר,,0.00,100.00,false,1.00,26.90,0.00,true,0,
5202300043816,false,קולסטון 2000 12/1 בלונד אפור אקסטרה בהיר,General,,קרם צבע שיער 12/1 בלונד אפור אקסטרה בהיר,,0.00,100.00,false,1.00,26.90,0.00,true,0,
5202300045834,false,צבע לשיער קולסטון - 10/0 בלונד פסטל,דיפלומט מפיצים (1986) בע`מ,,קרם צבע שיער בלונד פסטל 10/0,,0.00,100.00,false,1.00,26.90,0.00,true,0,
5206172203224,false,מורז ונוגל-מסייע להקלת תסמיני ורידים נפו,מורז,,ונוג'ל - מסייע להקלת תסמיני ורידים נפוחים,,0.00,100.00,false,1.00,89.90,0.01,true,0,
5391523057912,false,סימילאק גולד שלב 1 400 גרם,General,IE,סימילאק גולד עם HMO שלב 1,,0.00,100.00,false,1.00,39.90,0.00,true,0,
5391523057929,false,סימילאק גולד שלב 1 תרכובת מזון על בסיס חלב,אבוט מעבדות רפואיות,IE,סימילאק גולד עם HMO שלב 1,,0.00,100.00,false,1.00,69.90,0.00,true,0,
5391523057936,false,סימילאק גולד שלב 2 תרכובת מזון על בסיס חלב,אבוט מעבדות רפואיות,IE,סימילאק גולד עם HMO שלב 2,,0.00,100.00,false,1.00,69.90,0.00,true,0,
5391523057943,false,סימילאק גולד שלב 3 תרכובת מזון על בסיס חלב,אבוט מעבדות רפואיות,IE,סימילאק גולד עם HMOשלב 3,,0.00,100.00,false,1.00,69.90,0.00,true,0,
5391523058063,false,סימילאק אדבנס פלוס 1 תרכובת מזון על בסיס חלב,טרופיקל דגיל תעשיות,IE,סימילאק אדבנס פלוס שלב 1,,0.00,100.00,false,1.00,64.90,0.00,true,0,
5391523058070,false,סימילאק אדבנס פלוס 3 תרכובת מזון על בסיס חלב,טרופיקל דגיל תעשיות,IE,סימילאק אדבנס פלוס שלב 3,,0.00,100.00,false,1.00,64.90,0.00,true,0,
5391523058087,false,סימילאק אדבנס פלוס 2 תרכובת מזון על בסיס חלב,טרופיקל דגיל תעשיות,IE,סימילאק אדבנס פלוס שלב 2,,0.00,100.00,false,1.00,64.90,0.00,true,0,
5410076390779,false,אוזי RECONSTRACTOR 3MM מסכת הפלא 250 מל,דיפלומט,,מרכך הקסם ב- 3 דקות לשיקום השיער,,0.00,100.00,false,1.00,31.90,0.00,true,0,
5410076764754,false,אוזי SHINE שמפו 300 מל,דיפלומט,US,שמפו SHINE,,0.00,100.00,false,1.00,20.90,0.00,true,0,
5410076764815,false,אוזי SHINE מסכת הפלא 250 מל,דיפלומט,US,מרכך הקסם SHINE,,0.00,100.00,false,1.00,31.90,0.00,true,0,
5410076776382,false,אוליי רגנריסט אנטי אייגינג קרם יום ללא,דיפלומט,PL,REGENERIST אנטי אייג'ינג קרם יום ללא בישום,,0.00,100.00,false,1.00,139.90,0.02,true,0,
5410091648176,false,"פה - דאודורנט רול און לאישה פינק פרדייס 50 מ""ל",שוורצקופף והנקל,,דאודורנט רול און פינק,,0.00,100.00,false,1.00,10.90,0.00,true,0,
5410091677992,false,"סאיוס - ספריי לשיער לייצוב מקסימלי 400 מ""ל",שוורצקופף והנקל,,ספריי לשיער לייצוב מקסימלי,,0.00,100.00,false,1.00,47.90,0.00,true,0,
5410091678005,false,"סאיוס - ספריי לשיער ליצירת נפח 400 מ""ל",הנקל סוד בעמ,,ספריי לשיער ליצירת נפח,,0.00,100.00,false,1.00,47.90,0.00,true,0,
5410091678043,false,"סאיוס - מוס לשיער מתולתל 250 מ""ל",הנקל סוד בעמ,,מוס לשיער מתולתל לייצוב חזק,,0.00,100.00,false,1.00,35.90,0.00,true,0,
5410091691127,false,דיאדרמין ליפט+ קרם לחות עם הגנה SPF30,הנקל סוד,FR,LIFT+ קרם לחות יום עם הגנה SPF30,,0.00,100.00,false,1.00,59.90,0.01,true,0,
5410091708955,false,"סאיוס ספריי קרטין סטיילינג 400מ""ל",שוורצקופף והנקל,,ספריי קרטין לשיער,,0.00,100.00,false,1.00,47.90,0.00,true,0,
5410103161518,false,קרם יום עם פעולה משולשת לעור רגיל ומעורב,לוריאל ישראל קוסמטיקס בעמ,,TRIPLE ACTIVE קרם לחות לפנים לעור רגיל ומעורב,,0.00,100.00,false,1.00,49.90,0.00,true,0,
5410103161617,false,קרם יום עם פעולה משולשת Triple active לעור יבש ועדין,לוריאל ישראל קוסמטיקס בעמ,,TRIPLE ACTIVE קרם יום עם הפעולה המשולשת לעור יבש,,0.00,100.00,false,1.00,49.90,0.00,true,0,
5410126006377,false,לוטוס עוגיות סנדוויץ' במילוי וניל 150 גר',דיפלומט מפיצים (1968) בעמ**,BE,עוגיות סנדביץ' בטעם קרמל במילוי קרם בטעם וניל,,0.00,100.00,false,1.00,9.90,0.00,true,0,
5410126106183,false,עוגיות לוטוס 50 יחידות ארוזות בנפרד 312 גרם,דיפלומט מפיצים (1968) בעמ**,,ביסקוויט קרמל,גרם,312.00,100.00,false,1.00,25.90,0.00,true,0,
5410126116953,false,ממרח ביסקוויט קרמל לוטוס (400 גרם),דיפלומט מפיצים (1968) בעמ**,BE,ממרח עוגיות קרמל,,0.00,100.00,false,1.00,23.90,0.00,true,0,
5410126716016,false,"עוגיות לוטוס ביסקויט קרמל בד""צ 250 גרם",דיפלומט מפיצים (1968) בעמ**,BE,ביסקוויט בטעם קרמל,,0.00,100.00,false,1.00,14.90,0.00,true,0,
5410126726947,false,ממרח ביסקוויט קרמל קראנץ' לוטוס 380 גרם,דיפלומט מפיצים (1968) בעמ**,BE,ממרח עוגיות קרמל קראנצ',,0.00,100.00,false,1.00,23.90,0.00,true,0,
5425012533257,false,רמסקר קרם עיניים - יום+לילה 8ML*2,כמיפל שיווק,BE,קרם עיניים - יום+לילה,,0.00,0.00,false,1.00,329.90,0.00,true,0,
5425012533264,false,רמסקר קרם לטיפול קמטים 8ML,כמיפל שיווק,BE,קרם לטיפול קמטים,,0.00,100.00,false,1.00,249.90,0.31,true,0,
5425012533523,false,רמסקר קרם יום להפחתת עיגולים שחורים ונפי,כמיפל שיווק,BE,קרם יום להפחתת עיגולים שחורים ונפיחות בעיניים,,0.00,100.00,false,1.00,249.90,0.31,true,0,
5425012533530,false,רמסקר קרם לילה לעיניים 20ML,כמיפל שיווק,BE,קרם לילה לעיניים,,0.00,100.00,false,1.00,249.90,0.12,true,0,
5425012533721,false,"רמסקר וי שייפ אמפולות 5מ""ל*2",כמיפל שיווק,BE,וי שייפ אמפולות,,0.00,0.00,false,1.00,249.90,0.00,true,0,
5425012533769,false,רמסקר קומפלקס ויטמין סי 30ML,כמיפל שיווק,BE,קומפלקס ויטמין סי,,0.00,100.00,false,1.00,159.90,0.05,true,0,
5425012533776,false,רמסקר סרום רטינול 30ML,כמיפל שיווק,BE,סרום רטינול,,0.00,100.00,false,1.00,159.90,0.05,true,0,
5425012533981,false,רמסקר קרם למילוי נקבוביות 8ML,כמיפל שיווק,BE,קרם למילוי נקבוביות,,0.00,100.00,false,1.00,249.90,0.31,true,0,
5601036205534,false,צבע לשיער אקסלנס קרם - 1 שחור,לוריאל Loreal,,צבע שיער קבוע לטיפוח עשיר בגוון 1 שחור,,0.00,0.00,false,1.00,42.90,0.00,true,0,
5601036205541,false,צבע לשיער אקסלנס קרם - 3 חום כהה מאוד,לוריאל Loreal,,צבע שיער קבוע לטיפוח עשיר בגוון 3 חום כהה מאוד,,0.00,0.00,false,1.00,42.90,0.00,true,0,
5601036205558,false,צבע לשיער אקסלנס קרם - 4 חום כהה,לוריאל Loreal,,צבע שיער קבוע לטיפוח עשיר בגוון 4 חום כהה,,0.00,0.00,false,1.00,42.90,0.00,true,0,
5601036205572,false,לוריאל - אקסלנס קרם 4.54 חום מהגוני נחושתי,ליברמו,,צבע שיער קבוע לטיפוח עשיר בגוון 4.54 חום מהגוני נחושתי,,0.00,0.00,false,1.00,42.90,0.00,true,0,
5601036205589,false,צבע לשיער אקסלנס קרם - 5 חום טבעי,לוריאל Loreal,,צבע שיער קבוע לטיפוח עשיר בגוון 5 חום טבעי,,0.00,0.00,false,1.00,42.90,0.00,true,0,
5601036205596,false,צבע לשיער אקסלנס קרם - 5.3 חום זהוב,לוריאל ישראל קוסמטיקס בעמ,,צבע שיער קבוע לטיפוח עשיר בגוון 5.3 חום זהוב,,0.00,0.00,false,1.00,42.90,0.00,true,0,
5601036205602,false,צבע לשיער אקסלנס קרם - 5.5 חום מהגוני,לוריאל ישראל קוסמטיקס בע,,צבע שיער קבוע לטיפוח עשיר בגוון 5.5 חום מהגוני,,0.00,0.00,false,1.00,42.90,0.00,true,0,
5601036205626,false,צבע לשיער אקסלנס קרם - 6 בלונד כהה,לוריאל Loreal,,צבע שיער קבוע לטיפוח עשיר בגוון 6 חום בהיר,,0.00,0.00,false,1.00,42.90,0.00,true,0,
5601036205657,false,צבע לשיער אקסלנס קרם - 7 בלונד,לוריאל Loreal,,צבע שיער קבוע לטיפוח עשיר בגוון 7 בלונד,,0.00,0.00,false,1.00,42.90,0.00,true,0,
5601036205664,false,לוריאל - אקסלנס קרם 7.1 בלונד טבעי אפרפר,ליברמו,,צבע שיער קבוע לטיפוח עשיר בגוון 7.1 בלונד טבעי אפרפר,,0.00,0.00,false,1.00,42.90,0.00,true,0,
5601036205671,false,לוריאל - אקסלנס קרם 7.3 בלונד זהוב,ליברמו,,צבע שיער קבוע לטיפוח עשיר בגוון 7.3 בלונד זהוב,,0.00,0.00,false,1.00,42.90,0.00,true,0,
5601036205688,false,לוריאל - אקסלנס קרם 8 בלונד בהיר,ליברמו,,צבע שיער קבוע לטיפוח עשיר בגוון 8 בלונד בהיר,,0.00,0.00,false,1.00,42.90,0.00,true,0,
5601036205695,false,לוריאל - אקסלנס קרם 8.1 בלונד בהיר אפרפר,ליברמו,,צבע שיער קבוע לטיפוח עשיר בגוון 8.1 בלונד בהיר אפרפר,,0.00,0.00,false,1.00,42.90,0.00,true,0,
5601036205725,false,לוריאל - אקסלנס קרם 10 בלונד מאוד מאוד בהיר,לוריאל ישראל קוסמטיקס בע,,צבע שיער קבוע לטיפוח עשיר בגוון 10 בלונד מאוד מאוד בהיר,,0.00,0.00,false,1.00,42.90,0.00,true,0,
5601036206418,false,לוריאל - אקסלנס קרם 01בלונד אולטרה בהיר טבעי,ליברמו,BE,PURE BLOND צבע שיער 01 בלונד אולטרה בהיר,,0.00,0.00,false,1.00,42.90,0.00,true,0,
<<<<<<< HEAD
5601217129420,false,וולייט דפים למניעת העברת צבע 20 יחידות,רקיט בן קיזר,IT,דפים למניעת העברת צבע למכונת כביסה,,0.00,0.00,false,1.00,24.90,1.24,true,0,
=======
5601217129420,false,וולייט דפים למניעת העברת צבע 20 יחידות,רקיט בנקיזר (ניר איסט) בעמ,IT,דפים למניעת העברת צבע למכונת כביסה,,0.00,0.00,false,1.00,24.90,1.24,true,0,
>>>>>>> d048ac2f4f281c9d788043ab4e81b61b0dbe3743
5713795110209,false,BIBS מוצץ לטקס מידה 1 COLOUR ורוד,איתן,DK,מוצץ לטקס מידה 1 COLOUR,,0.00,0.00,false,1.00,79.90,39.95,true,0,
5713795110216,false,BIBS מוצץ לטקס מידה 1 COLOUR כחול,איתן,DK,מוצץ לטקס מידה 1 COLOUR,,0.00,0.00,false,1.00,79.90,39.95,true,0,
5713795120192,false,BIBS מוצץ לטקס מידה 2 COLOUR כחול,איתן,DK,מוצץ לטקס מידה 2 COLOUR,,0.00,0.00,false,1.00,79.90,39.95,true,0,
5713795120406,false,BIBS מוצץ לטקס מידה 1 COLOUR ורוד,איתן,DK,מוצץ לטקס מידה 1 COLOUR,,0.00,0.00,false,1.00,79.90,39.95,true,0,
5713795229284,false,BIBS מוצץ לטקס מידה 1 BOHEME ורוד,איתן,DK,מוצץ לטקס מידה 1 BOHEME,,0.00,0.00,false,1.00,79.90,39.95,true,0,
5713795229291,false,BIBS מוצץ לטקס מידה 2 BOHEME ורוד,איתן,DK,מוצץ לטקס מידה 2 BOHEME,,0.00,0.00,false,1.00,79.90,39.95,true,0,
5713795229307,false,BIBS מוצץ לטקס מידה 1 BOHEME אפור,איתן,DK,מוצץ לטקס מידה 1 BOHEME,,0.00,0.00,false,1.00,79.90,39.95,true,0,
5713795229314,false,BIBS מוצץ לטקס מידה 2 BOHEME אפור,איתן,DK,מוצץ לטקס מידה 2 BOHEME,,0.00,0.00,false,1.00,79.90,39.95,true,0,
5900017062419,false,"ניוואה - תחליב רחצה ורדים ושמן שקדים 750 מ""ל",אלפא ב.ד.ף בעמ,DE,תחליב רחצה בניחוח ורדים ושמן שקדים,,0.00,100.00,false,1.00,21.90,0.00,true,0,
5900020015174,false,פיטנס חטיפי אנרגיה דגנים בטעם שוקולד נסטלה 6*23.5 גרם,קבוצת אוסם סחר-שות.מוגבלת,,חטיף דגנים עם שוקולד מריר,,0.00,0.00,false,1.00,16.90,2.81,true,0,
5900020018908,false,פיטנס חטיפי אנרגיה דגנים בטעם קרם עוגיות נסטלה 6*23.5 גרם,קבוצת אוסם סחר-שות.מוגבלת,,פיטנס חטיף דגנים עם עוגיות שוקולד ופצפוצי שוקולד לבן,,0.00,0.00,false,1.00,16.90,2.81,true,0,
5900020031877,false,נסטלה האני ציריוס חטיף דגני בוקר שישייה,קבוצת אוסם סחר-שות.מוגבלת,PL,האני צ'יריוס חטיף דגני בוקר,,0.00,0.00,false,1.00,16.90,2.81,true,0,
5900020034021,false,פיטנס חטיף דגנים שוקו בננה נסטלה (23.5x6,קבוצת אוסם סחר שותפות מוגבלת,IL,פיטנס חטיף דגנים עם שוקולד ובננה,,0.00,0.00,false,1.00,16.90,2.81,true,0,
5900617035882,false,חטיף חלבון נוטרישיין בטעם שוקולד,סיטי תוספי מזון,PL,חטיף חלבון בטעם שוקולד,,0.00,100.00,false,1.00,11.90,0.00,true,0,
5900617035905,false,חטיף חלבון נוטרישיין בטעם קרמל מלוח,סיטי תוספי מזון,PL,חטיף חלבון בטעם קרמל מלוח,,0.00,100.00,false,1.00,11.90,0.00,true,0,
5900617035929,false,חטיף חלבון נוטרישיין בטעם וניל תות יער,סיטי תוספי מזון,PL,חטיף חלבון בטעם וניל פטל,,0.00,100.00,false,1.00,11.90,0.00,true,0,
5900627027020,false,"ויט קרם להסרת שיער בזמן מקלחת לעור רגיל 150 מ""ל",רקיט בנקיזר (ניר איסט) בעמ,,קרם להסרת שיער בזמן מקלחת,"מ""ל",150.00,100.00,false,1.00,52.90,0.00,true,0,
5900627063233,false,טבליות למדיח הכל ב-1 פיניש מקס 50 יחידות,רקיט בנקיזר (ניר איסט) בעמ,IL,ALL IN 1 MAX טבליות מדיח,,0.00,0.00,false,1.00,39.90,0.79,true,0,
5900717157019,false,פארמסריס שמפו לקרקפת שומנית ומגורה,איתן,PL,שמפו לקרקפת שומנית ומגורה,,0.00,100.00,false,1.00,59.90,0.00,true,0,
5900717157118,false,פארמסריס שמפו מקצועי להרגעת קרקפת רגישה,איתן,PL,שמפו מקצועי להרגעת קרקפת רגישה,,0.00,100.00,false,1.00,59.90,0.00,true,0,
5900717157217,false,פארמסריס שמפו מרוכז לשיער דק וחלש,איתן,PL,שמפו מרוכז לשיער דק וחלש,,0.00,100.00,false,1.00,59.90,0.00,true,0,
5900717160019,false,פארמסריס סרום פעיל עם ויטמינים A-E,איתן,PL,סרום פעיל עם ויטמינים A-E,,0.00,100.00,false,1.00,149.90,0.04,true,0,
5900717160057,false,פארמסריס קרם פנים עם חומצה היאלורונית30%,איתן,PL,קרם פנים עם חומצה היאלורונית 30%+,,0.00,100.00,false,1.00,139.90,0.03,true,0,
5900717160064,false,פארמסריס תמיסה מיסלארית לעור עדין מאוד,איתן,PL,תמיסה מיסלארית לעור עדין מאוד,,0.00,100.00,false,1.00,79.90,0.00,true,0,
5900717163317,false,פארמסריס קרם לחות עמוק לפנים,איתן,PL,קרם לחות עמוק לפנים,,0.00,100.00,false,1.00,129.90,0.02,true,0,
5900717163515,false,פארמסריס קצף עדין להרגעה וניקוי הפנים,איתן,PL,קצף עדין להרגעה וניקוי הפנים,,0.00,100.00,false,1.00,89.90,0.00,true,0,
5900717163812,false,פארמסריס טונר מרגיע לעור הפנים,איתן,PL,טונר מרגיע לעור הפנים,,0.00,100.00,false,1.00,79.90,0.00,true,0,
5900951283963,false,חטיף סניקרס עם חמאת בוטנים Creamy Peanut Butter,"מרס ריגלי ישראל בע""מ",,קרימי חטיף במילוי חמאת בוטנים,,0.00,100.00,false,1.00,3.90,0.00,true,0,
5901888020546,false,FREEYU חטיף דגנים עם קינואה ומלח ים 70 גרם,"דנשר (1963) בע,מ",PL,חטיף דגנים עם קינואה ומלח ים,,0.00,100.00,false,1.00,14.90,0.00,true,0,
5901888020560,false,חטיף דגנים עם קינואה בטעם עשבי תיבול 70ג FREEYU,"דנשר (1963) בע,מ",PL,חטיף דגנים עם קינואה בטעם עשבי תיבול,,0.00,100.00,false,1.00,14.90,0.00,true,0,
5902503420147,false,וישי מארז נאובדיול 2021,נורוליס,FR,מארז נאובדיול לפנים,,0.00,0.00,false,1.00,219.90,0.00,true,0,
5902503764791,false,וישי מארז ליפטאקטיב 2022,נורוליס,FR,מארז ליפטאקטיב לפנים,,0.00,0.00,false,1.00,229.90,0.00,true,0,
5902503764814,false,וישי מארז אקוואליה 2022,נורוליס,FR,מארז אקוואליה לפנים,,0.00,0.00,false,1.00,129.90,0.00,true,0,
5902503768782,false,וישי מינרל 89 מארז טיפוח לעור רענן,נורוליס,FR,מינרל 89 מארז טיפוח לעור רענן ומלא לחות - מכיל מינרל 89 + אקוואליה טרמל לייט + אקוואליה טרמל לילה,,0.00,0.00,false,1.00,129.90,0.00,true,0,
5902503768805,false,מארז אנטי- אייג'ינג נאובדיול,נורוליס,FR,מארז נאובדיול לפנים,,0.00,0.00,false,1.00,219.90,0.00,true,0,
<<<<<<< HEAD
5949152110821,false,"איירוויק מבשם אוויר ומנטרל ריחות – לילות לבנים 237 מ""ל",רקיט בנקיזר,PL,מבשם אוויר לניטרול ריחות - ערפילי בוקר,,0.00,100.00,false,1.00,19.90,0.00,true,0,
5949152110838,false,"איירוויק מבשם אוויר ומנטרל ריחות - גשמים סגולים 237 מ""ל",רקיט בנקיזר,PL,מבשם אוויר לניטרול ריחות - גשמים סגולים,,0.00,100.00,false,1.00,19.90,0.00,true,0,
5997321770307,false,ויט רצועות שעווה מוכנות לעור רגיש 12 יחידות,רקיט בנקיזר צרפת,,רצועות שעווה מוכנות לשימוש לעור רגיש,,0.00,0.00,false,1.00,39.90,3.32,true,0,
=======
5949152110821,false,"איירוויק מבשם אוויר ומנטרל ריחות – לילות לבנים 237 מ""ל",רקיט בנקיזר (ניר איסט) בעמ,PL,מבשם אוויר לניטרול ריחות - ערפילי בוקר,,0.00,100.00,false,1.00,19.90,0.00,true,0,
5949152110838,false,"איירוויק מבשם אוויר ומנטרל ריחות - גשמים סגולים 237 מ""ל",רקיט בנקיזר (ניר איסט) בעמ,PL,מבשם אוויר לניטרול ריחות - גשמים סגולים,,0.00,100.00,false,1.00,19.90,0.00,true,0,
5997321770307,false,ויט רצועות שעווה מוכנות לעור רגיש 12 יחידות,רקיט בנקיזר (ניר איסט) בעמ,,רצועות שעווה מוכנות לשימוש לעור רגיש,,0.00,0.00,false,1.00,39.90,3.32,true,0,
>>>>>>> d048ac2f4f281c9d788043ab4e81b61b0dbe3743
6001051001514,false,לבלו אוכמניות בודד 5.5מל,אלפא,DE,שפתון לחות לשפתיים בטעם פטל שחור,,0.00,100.00,false,1.00,15.90,0.03,true,0,
6001051002320,false,לבלו שפתון וניל,ביירסדורף,DE,שפתון לחות לשפתיים בטעם וניל,,0.00,100.00,false,1.00,15.90,0.03,true,0,
6001067017523,false,מברשת שיניים קולגייט לילדים מגיל חמש 1 יחידה,יבואן ומשווק: ש. שסט,,ילדים מברשת שיניים בארבי-באטמן לגילאי 6+,,0.00,0.00,false,1.00,15.90,0.00,true,0,
6001067027324,false,קולגייט בארבי-באטמן מברשת חשמלית,קולגייט - פלמוליב,,ילדים מברשת שיניים בארבי-באטמן סוללות לגילאי 3+,,0.00,0.00,false,1.00,60.90,0.00,true,0,
6001159112112,false,שמן לטיפול בריכוך צלקות,דנשר,ZA,שמן לטיפול בריכוך צלקות וסימני מתיחה,,0.00,100.00,false,1.00,69.90,0.01,true,0,
6001159112129,false,שמן לטיפול בריכוך צלקות,דנשר,ZA,שמן לטיפול בריכוך צלקות וסימני מתיחה,,0.00,100.00,false,1.00,119.90,0.00,true,0,
6001159121107,false,ביו אויל גל לעור יבש 100 מל,דנשר,ZA,ג'ל לעור יבש,,0.00,0.00,false,1.00,69.90,0.69,true,0,
6001159121114,false,ביו אויל גל לעור יבש 200 מל,דנשר,ZA,ג'ל לעור יבש,,0.00,100.00,false,1.00,119.90,0.00,true,0,
6001159125631,false,ביו אויל שמן לטיפוח העור טבעי 60 מל,דנשר,ZA,שמן לטיפוח העור טבעי,,0.00,100.00,false,1.00,74.90,0.01,true,0,
6001159125648,false,ביו אויל שמן לטיפוח העור טבעי 125 מל,דנשר,ZA,שמן לטיפוח העור טבעי,,0.00,100.00,false,1.00,129.90,0.01,true,0,
6001159129950,false,ביו אויל תחליב גוף 175 מל,דנשר,ZA,תחליב גוף,,0.00,100.00,false,1.00,54.90,0.00,true,0,
6281001510390,false,מברשת שיניים לילדים אקסטרא סופט לגילאי 0-2,קולגייט-פלמוליב,,ילדים מברשת שיניים לגילאי 0-2,,0.00,0.00,false,1.00,15.90,0.00,true,0,
6281031260784,false,קולור ספיישליסט 6-68 חום אגוז בהיר,שוורצקופף והנקל,DE,שוורצקופף  קרם צבע שיער 6-68 חום אגוז בהיר,,0.00,0.00,false,1.00,45.90,0.00,true,0,
6281031260876,false,קולור ספיישליסט 3-0 חום כהה במיוחד,שוורצקופף והנקל,DE,שוורצקופף  קרם צבע שיער 3-0 חום כהה במיוחד,,0.00,0.00,false,1.00,45.90,0.00,true,0,
6281031260937,false,קולור ספיישליסט 7-0 בלונד כהה במיוחד,שוורצקופף והנקל,DE,שוורצקופף  קרם צבע שיער 7-0 בלונד כהה במיוחד,,0.00,0.00,false,1.00,45.90,0.00,true,0,
6281031261002,false,קולור ספיישליסט 8-1 בלונד בינוני קר,שוורצקופף והנקל,DE,שוורצקופף  קרם צבע שיער 8-1 בלונד בינוני קר,,0.00,0.00,false,1.00,45.90,0.00,true,0,
6281031261156,false,קולור ספיישליסט 9-1 בלונד בהיר קר,שוורצקופף והנקל,DE,שוורצקופף  קרם צבע שיער 9-1 בלונד בהיר קר,,0.00,0.00,false,1.00,45.90,0.00,true,0,
6281031261422,false,קולור ספיישליסט 9-0 בלונד בהיר,שוורצקופף והנקל,DE,שוורצקופף  קרם צבע שיער 9-0 בלונד בהיר,,0.00,0.00,false,1.00,45.90,0.00,true,0,
6281031261545,false,קולור ספיישליסט 7-7 בלונד נחושת כהה,שוורצקופף והנקל,DE,שוורצקופף  קרם צבע שיער 7-7 בלונד נחושת כהה,,0.00,0.00,false,1.00,45.90,0.00,true,0,
6281031261576,false,קולור ספיישליסט 6-0 חום בהיר,הנקל סוד,DE,שוורצקופף  קרם צבע שיער 6-0  חום בהיר,,0.00,0.00,false,1.00,45.90,0.00,true,0,
6281031261637,false,קולור ספיישליסט 5-0 חום בינוני,הנקל סוד,DE,שוורצקופף  קרם צבע שיער 5-0 חום בינוני,,0.00,0.00,false,1.00,45.90,0.00,true,0,
6281031261668,false,קולור ספיישליסט 4-0 חום כהה,שוורצקופף והנקל,DE,שוורצקופף  קרם צבע שיער 4-0 חום כהה,,0.00,0.00,false,1.00,45.90,0.00,true,0,
6281031261781,false,קולור ספיישליסט 1-0 שחור עשיר,שוורצקופף והנקל,DE,שוורצקופף  קרם צבע שיער 1-0 שחור עשיר,,0.00,0.00,false,1.00,45.90,0.00,true,0,
6281031272619,false,דיאדרמין מסכת מוס פילינג אסאי 75 מל,הנקל סוד,SI,מסכת מוס פילינג אסאי,,0.00,100.00,false,1.00,34.90,0.00,true,0,
6281031272763,false,דיאדרמין מסכת מוס פילינג זרעי ציאה 75 מל,הנקל סוד,SI,מסכת מוס פילינג זרעי צ'יאה,,0.00,100.00,false,1.00,34.90,0.00,true,0,
6920354822193,false,משחת שיניים נטורל הדרים אקליפטוס קולגייט 90 ג',קולגייט פלמוליב,PL,משחת שיניים נטורל הדרים אקליפטוס,,0.00,100.00,false,1.00,32.90,0.00,true,0,
6920354822223,false,משחת שיניים נטורל גינגר קוקוס קולגייט 90 ג',קולגייט פלמוליב,PL,משחת שיניים נטורל ג'ינג'ר קוקוס,,0.00,100.00,false,1.00,32.90,0.00,true,0,
6920354824395,false,"קולגייט נטורל משחת שיניים חמוציות פחם 71 מ""ל",קולגייט פלמוליב,PL,משחת שיניים נטורל פחם פעיל ומנטה,,0.00,100.00,false,1.00,32.90,0.00,true,0,
6937266700761,false,שיק אינטואישן סנסיטיב נשים מכשיר+2 סכיני,קולגייט פלמוליב,CN,אינטואישן סנסיטיב מכשיר גילוח רב פעמי + סכינים,,0.00,0.00,false,1.00,34.90,0.00,true,0,
6937266700785,false,שיק אינטואישן סנסיטיב נשים סכיני גילוח*3,שסטוביץ,CN,אינטואישן סנסיטיב מחסנית סכיני גילוח רב פעמיים לנשים,,0.00,0.00,false,1.00,37.90,12.63,true,0,
6937266703472,false,שיק היידרו 5 סילק סכינים רביעייה,ארץ ייצור סכינים: ארהבn\,CN,היידרו 5 סילק - מחסנית סכיני גילוח רב פעמיים לנשים,,0.00,0.00,false,1.00,49.90,12.47,true,0,
6971608445439,false,ויגה סט תה,לייף,IL,סט תה,,0.00,0.00,false,1.00,109.90,0.00,true,0,
7038513866328,false,גורדן מברשת ילדים 6-9 סופט סטפ בי סטפ,דנשר (1963) בעמ,,מברשת שיניים לילדים סופט 6-9 שנים,,0.00,0.00,false,1.00,14.90,0.00,true,0,
7038513900060,false,גורדן INTERBRUSH,General,,מברשת שיניים אינטרבראש,,0.00,0.00,false,1.00,18.90,0.00,true,0,
7038513908400,false,גורדן קיסם מבריש רגיל 20 יח,דנטלון,,קיסמי שיניים מברישים גודל רגיל,,0.00,0.00,false,1.00,26.90,1.34,true,0,
7038513909018,false,גורדן קסמי שיניים פלואוריד/מינט,ג'ורדן,,קיסמי שיניים דקים דו צדדיים,,0.00,0.00,false,1.00,23.90,0.23,true,0,
7038513909117,false,גורדן קסמי שיניים פלואוריד/מינט אקסטרה ט,ג'ורדן,,קיסמי שיניים מעץ - דקים במיוחד,,0.00,0.00,false,1.00,23.90,0.00,true,0,
7038516140357,false,מברשת שיניים ג'ורדן טוטל סופט מארז 4 יחידות,מיוצר במלזיה עבור ג',,מארז מיוחד TOTAL CLEAN לניקוי כל הפה SOFT,,0.00,0.00,false,1.00,18.90,4.72,true,0,
7046110030608,false,גורדן זוג מברשות שיניים טרגט סנסיטיב,דנטלון,MY,מברשת שיניים טרגט סנסיטיב,,0.00,0.00,false,1.00,23.90,11.95,true,0,
7046110031643,false,גורדן מברשת GREEN CLEAN לילדים סופט כחול,דנטלון,NO,מברשת שיניים רכה במיוחד GREEN CLEAN לילדים גילאי 5-10 סופט צבע כחול,,0.00,0.00,false,1.00,12.90,0.00,true,0,
7046110035689,false,ג'ורדן ראשים למברשת חשמלית קלין רביעייה,דנטלון,NO,ראשים למברשת שיניים חשמלית קלין,,0.00,0.00,false,1.00,89.00,22.25,true,0,
7046110036297,false,גורדן ראשים למברשת חשמלית סנסטיב רביעייה,דנטלון,NO,ראשים למברשת שיניים חשמלית סנסטיב,,0.00,0.00,false,1.00,89.00,22.25,true,0,
7046110036464,false,ג'ורדן ראשים למברשת חשמלית הלבנה רביעייה,דנטלון,NO,ראשים למברשת שיניים חשמלית הלבנה,,0.00,0.00,false,1.00,89.00,22.25,true,0,
7046110052457,false,גורדן חוט דנטלי מתרחב 25 מטר,דנטלון,MY,חוט דנטלי מתרחב,,0.00,1.00,false,1.00,22.90,0.91,true,0,
7046110052532,false,גורדן חוט דנטלי מולטי אקשן,דנטלון,MY,חוט דנטלי מולטי אקשן,,0.00,1.00,false,1.00,22.90,0.91,true,0,
7046110052594,false,גורדן חוט דנטלי מחליק בקלות 25 מטר,דנטלון,MY,חוט דנטלי מחליק בקלות,,0.00,1.00,false,1.00,22.90,0.91,true,0,
7046110052686,false,גורדן חוט דנטלי מנטה יומי 50 מטר,דנטלון,MY,חוט דנטלי מנטה יומי,,0.00,1.00,false,1.00,12.90,0.25,true,0,
7046110054093,false,גורדן מברשת GREEN CLEAN לתינוקות ורוד,דנטלון,MY,מברשת שיניים רכה במיוחד GREEN CLEAN לתינוקות גילאי 0-2 סופט צבע ורוד,,0.00,0.00,false,1.00,14.90,0.00,true,0,
7046110055533,false,גורדן מברשת חשמלית קלין סמייל - שחור,דנטלון,NO,מברשת חשמלית קלין סמייל - שחור,,0.00,0.00,false,1.00,129.00,0.00,true,0,
7046110055564,false,גורדן מברשת חשמלית קלין סמייל - ורוד,דנטלון,NO,מברשת חשמלית קלין סמייל - ורוד,,0.00,0.00,false,1.00,129.00,0.00,true,0,
7046110060636,false,גורדן מברשת CHANGE למבוגרים צבע כחול,דנטלון,MY,מברשת CHANGE למבוגרים צבע כחול,,0.00,0.00,false,1.00,21.90,0.00,true,0,
7046110064016,false,ג'ורדן מארז זוג מברשת שיניים לילדים מגיל 3-5,"דנשר (1963) בע,מ",MY,מארז מברשת שיניים לילדים 3-5 שנים,,0.00,0.00,false,1.00,19.90,0.00,true,0,
7046110064078,false,ג'ורדן מ.שיניים אינדיבידואל קלין מארז זוג,דנטלון,MY,INDIVIDUAL קלין מברשת השיניים המותאמת לכל אחד,,0.00,0.00,false,1.00,29.90,0.00,true,0,
7046110064139,false,גורדן מארז זוג מברשת אינדיבידואל ריץ,דנטלון,MY,INDIVIDUAL מברשת השיניים המותאמת לכל אחד,,0.00,0.00,false,1.00,29.90,14.95,true,0,
7046110065945,false,גורדן מברשת אינטרדנטל פלקטרום CONE 10 יח,ג'ורדן,,"מברשת אינטרדנטל פלקטרום, מידה XS",,0.00,0.00,false,1.00,39.90,3.99,true,0,
7046110066034,false,גורדן מברשת אינטרדנטל פלקטרום MICRO 10יח,ג'ורדן,,"מברשת אינטרדנטל פלקטרום, מידה M",,0.00,0.00,false,1.00,39.90,3.99,true,0,
7046110066065,false,גורדן מברשת אינטרדנטל פלקטרום MIDI,ג'ורדן,,מברשת אינטרדנטלית Brush Between 0.7,,0.00,0.00,false,1.00,39.90,0.00,true,0,
7046110066096,false,גורדן מברשת אינטרדנטל פלקטרום MINI 10 יח,ג'ורדן,,"מברשת אינטרדנטל פלקטרום, מידה S",,0.00,0.00,false,1.00,39.90,3.99,true,0,
7046110069202,false,גורדן קיסמי שיניים רגיל 100 יח,דנטלון,NO,קיסמי שיניים רגיל,,0.00,0.00,false,1.00,25.90,0.00,true,0,
7046110070192,false,גורדן שלישייה מברשות שיניים קלין סמייל,דנטלון,MY,מברשת שיניים קלין סמייל,,0.00,0.00,false,1.00,13.90,4.63,true,0,
7046110071618,false,גורדן קיסם מבריש גדול 20 יח,דנטלון,,קיסמי שיניים לניקוי בין השיניים LARGE,,0.00,0.00,false,1.00,27.90,1.39,true,0,
7046110075036,false,ג'ורדן מב' שיניים אולטימייט יו *רביעיה *סופט,דנטלון,MY,מברשת שיניים אולטימייט יו,,0.00,0.00,false,1.00,19.90,4.97,true,0,
<<<<<<< HEAD
7290000066141,false,ביסלי חטיף בטעם גריל אסם 70 גרם,"אסם השקעות בע""\מ",,חטיף חיטה בטעם גריל,,0.00,100.00,false,1.00,5.90,0.00,true,0,
7290000066172,false,ביסלי חטיף בטעם פיצה אסם 70 גרם,"אסם השקעות בע""\מ",,חטיף בטעם פיצה,,0.00,0.00,false,1.00,5.90,0.00,true,0,
7290000066264,false,דובונים חטיף תפוחי אדמה אסם 40 גרם,"אסם השקעות בע""\מ",,חטיף תפוח אדמה,,0.00,100.00,false,1.00,5.90,0.00,true,0,
7290000066318,false,במבה חטיף בוטנים אסם 80 גרם,"אסם השקעות בע""\מ",,חטיף בוטנים,,0.00,100.00,false,1.00,6.90,0.00,true,0,
7290000066332,false,אפרופו חטיף תירס אסם 50 גרם,מיוצר עי קונדיטוריית,,חטיף תירס,,0.00,100.00,false,1.00,6.90,0.00,true,0,
7290000068138,false,אינסטנט פודינג בטעם וניל אסם 80 גרם,מיוצר עי קונדיטוריית,,אינסטנט פודינג בטעם וניל,,0.00,100.00,false,1.00,5.90,0.00,true,0,
7290000068770,false,במבה יום הולדת חטיף בוטנים אסם 80 גרם,"אסם השקעות בע""\מ",,חטיף בוטנים יום הולדת,,0.00,100.00,false,1.00,6.90,0.00,true,0,
7290000072753,false,קפה נמס מגורען טסטרס צ'ויס 200 גרם-,נסטלה קוריאה - קפה,,קפה נמס מיובש בהקפאה,גרם,200.00,100.00,false,1.00,32.90,0.00,true,0,
7290000116921,false,רוטב צ'ילי מתוק 340 גרם קנור,יוניליוור ישראל מזון בע\,IL,רוטב צ'ילי מתוק,,0.00,100.00,false,1.00,14.90,0.00,true,0,
7290000120836,false,"מיונז אמיתי 394 גרם ""הלמנס""",קונפקו אינק' די.בי.א,,מיונז אמיתי,,0.00,100.00,false,1.00,12.90,0.00,true,0,
7290000120874,false,מיונז הלמנס לייט מופחת קלוריות 424ג,"יונילוור ארה""ב - HPC",,LIGHT ממרח מופחת קלוריות,,0.00,100.00,false,1.00,12.90,0.00,true,0,
=======
7290000066141,false,ביסלי חטיף בטעם גריל אסם (70 גרם),קבוצת אוסם סחר שותפות מוגבלת,,חטיף חיטה בטעם גריל,,0.00,100.00,false,1.00,5.90,0.00,true,0,
7290000066172,false,ביסלי חטיף בטעם פיצה אסם (70 גרם),קבוצת אוסם סחר-שות.מוגבלת,,חטיף בטעם פיצה,,0.00,0.00,false,1.00,5.90,0.00,true,0,
7290000066264,false,דובונים חטיף תפוחי אדמה אסם (40 גרם),קבוצת אוסם סחר שותפות מוגבלת,,חטיף תפוח אדמה,,0.00,100.00,false,1.00,5.90,0.00,true,0,
7290000066318,false,במבה חטיף בוטנים אסם 80 גרם,קבוצת אוסם סחר שותפות מוגבלת,,חטיף בוטנים,,0.00,100.00,false,1.00,6.90,0.00,true,0,
7290000066332,false,אפרופו חטיף תירס אסם (50 גרם),קבוצת אוסם סחר שותפות מוגבלת,,חטיף תירס,,0.00,100.00,false,1.00,6.90,0.00,true,0,
7290000068138,false,אינסטנט פודינג בטעם וניל אסם 80 גרם,קבוצת אוסם סחר שותפות מוגבלת,,אינסטנט פודינג בטעם וניל,,0.00,100.00,false,1.00,5.90,0.00,true,0,
7290000068770,false,במבה יום הולדת חטיף בוטנים אסם 80 גרם,קבוצת אוסם סחר שותפות מוגבלת,,חטיף בוטנים יום הולדת,,0.00,100.00,false,1.00,6.90,0.00,true,0,
7290000072753,false,קפה נמס מגורען טסטרס צ'ויס 200 גרם-,קבוצת אוסם סחר שותפות מוגבלת,,קפה נמס מיובש בהקפאה,גרם,200.00,100.00,false,1.00,32.90,0.00,true,0,
7290000116921,false,"קנור רוטב צילי מתוק 300 מ""ל כשלפ",יוניליוור ישראל שיווק בע`מ,IL,רוטב צ'ילי מתוק,,0.00,100.00,false,1.00,14.90,0.00,true,0,
7290000120836,false,מיונז אמיתי הלמנס (394 גרם),"יוניליוור ישראל שיווק בע""מ",,מיונז אמיתי,,0.00,100.00,false,1.00,12.90,0.00,true,0,
7290000120874,false,מיונז הלמנס לייט מופחת קלוריות 424ג,"יוניליוור ישראלשיווק בע""מ",,LIGHT ממרח מופחת קלוריות,,0.00,100.00,false,1.00,12.90,0.00,true,0,
>>>>>>> d048ac2f4f281c9d788043ab4e81b61b0dbe3743
7290000146645,false,הוואי - סבון מוצק שחור מסתורי 100 גרם רביעייה,טרופיקל דגיל קוסמטיק,,אל סבון מוצק בתוספת נוטרי ויטמינים שחור,,0.00,100.00,false,1.00,12.90,0.00,true,0,
7290000146683,false,הוואי - סבון מוצק אפקט דאודורנט 100 גרם רביעייה,טרופיקל דגיל קוסמטיק,,אל סבון מוצק בתוספת נוטרי ויטמינים,,0.00,100.00,false,1.00,12.90,0.00,true,0,
7290000146928,false,"משחת שיניים לילדים בטעם ענבים טום וג'רי 50 מ""ל",טרופיקל דגיל קוסמטיק,,משחת שיניים לילדים בטעם ענבים,,0.00,100.00,false,1.00,9.90,0.00,true,0,
7290000146997,false,משחת שיניים לילדים מסטיק טום וג'רי 50 מל,טרופיקל דגיל קוסמטיק,,משחת שיניים בטעם מסטיק,"מ""ל",50.00,100.00,false,1.00,9.90,0.00,true,0,
7290000149615,false,רביעיית סבון מוצק קלאסי לתינוק נקה 7 4*100 גרם,החברה הדרומית לשיווק בעמ,,סבון מוצק לתינוקות בעלי עור עדין ורגיש,,0.00,100.00,false,1.00,15.90,0.00,true,0,
7290000149905,false,טקסטיל שמפו נוזלי לאריגים עדינים1ליט,החברה הדרומית לשיווק בעמ,,נוזל לאריגים עדינים,ליטר,1.00,1.00,false,1.00,14.90,14.90,true,0,
7290000176062,false,קפה טורקי בשקית 100 ג' עלית,שטראוס קפה בי.ויn\.,,קפה טורקי קלוי וטחון,,0.00,0.00,false,1.00,12.90,0.12,true,0,
<<<<<<< HEAD
7290000178707,false,תפוצ'יפס בטעם טבעי 50 גרם,"שטראוס פריטו ליי בע""\מ )",,צ'יפס בטעם טבעי,,0.00,100.00,false,1.00,4.90,0.00,true,0,
7290000186030,false,מגבוני האגיס תחליב דיספנסר רביעייה,האגיס-מגבונים,,מגבונים בתוספת תחליב מכיל ויטמין E וללא אלכוהול,,0.00,0.00,false,1.00,36.90,9.22,true,0,
7290000186535,false,נייר טואלט תלת שכבתי לבן לילי 32 יחידות,לילי נייר טואלט חוגלה,IL,TRIPLE COMFORT נייר טואלט 3 שכבות מרופדות,,0.00,0.00,false,1.00,52.90,1.65,true,0,
7290000187860,false,מגבוני טואלט לחים לילי דיספנסר 40יח',עלבד משואות יצחק בעמ,IL,PURE נייר טואלט לח נשטף באסלה,,0.00,0.00,false,1.00,9.90,0.17,true,0,
7290000187921,false,נייר טואלט דו שכבתי לבן לילי 32 יחידות,לילי נייר טואלט חוגלה,,PURE נייר טואלט דו שכבתי בגוון לבן - 155 דף בגליל במקום 160 דף בגליל,,0.00,0.00,false,1.00,45.90,1.43,true,0,
7290000187938,false,לילי - נייר טואולט נייר טואלט פסטל 32 יח',לילי נייר טואלט חוגלה,,PURE נייר טואלט דו שכבתי בגוון פסטל - 155 דף בגליל במקום 160 דף בגליל,,0.00,0.00,false,1.00,49.90,1.55,true,0,
=======
7290000178707,false,חטיף צ`יפס בטעם טבעי תפוצ`יפס (50 גרם),"שטראוס פריטו ליי בע""\מ )",,צ'יפס בטעם טבעי,,0.00,100.00,false,1.00,4.90,0.00,true,0,
7290000186030,false,מגבוני האגיס תחליב דיספנסר רביעייה,קימברלי קלארק ישראל שיווק בעמ,,מגבונים בתוספת תחליב מכיל ויטמין E וללא אלכוהול,,0.00,0.00,false,1.00,36.90,9.22,true,0,
7290000186535,false,נייר טואלט תלת שכבתי לבן לילי 32 יחידות,קימברלי קלארק ישראל שיווק בעמ,IL,TRIPLE COMFORT נייר טואלט 3 שכבות מרופדות,,0.00,0.00,false,1.00,52.90,1.65,true,0,
7290000187860,false,מגבוני טואלט לחים לילי דיספנסר 40יח',קימברלי קלארק ישראל שיווק בעמ,IL,PURE נייר טואלט לח נשטף באסלה,,0.00,0.00,false,1.00,9.90,0.17,true,0,
7290000187921,false,נייר טואלט דו שכבתי לבן לילי 32 יחידות,קימברלי קלארק ישראל שיווק בעמ,,PURE נייר טואלט דו שכבתי בגוון לבן - 155 דף בגליל במקום 160 דף בגליל,,0.00,0.00,false,1.00,45.90,1.43,true,0,
7290000187938,false,לילי - נייר טואולט נייר טואלט פסטל 32 יח',קימברלי קלארק ישראל שיווק בעמ,,PURE נייר טואלט דו שכבתי בגוון פסטל - 155 דף בגליל במקום 160 דף בגליל,,0.00,0.00,false,1.00,49.90,1.55,true,0,
>>>>>>> d048ac2f4f281c9d788043ab4e81b61b0dbe3743
7290000187945,false,לילי PURE נ.ט. 32 גלילים מהדורה מוזהבת,חוגלה,,PURE נייר טואלט דו שכבתי מהדורה מוזהבת - 155 דף בגליל במקום 160 דף בגליל,,0.00,0.00,false,1.00,49.90,1.55,true,0,
7290000187952,false,נייר טואלט תלת שכבתי ורוד לילי 32 יחידות,קימברלי קלארק ישראל שיווק בעמ,IL,טריפל קומפורט - נייר טואלט תלת שכבתי ורוד,,0.00,0.00,false,1.00,49.90,0.00,true,0,
7290000188225,false,האגיס מגבונים TO GO מארז שלישיה,חוגלה,,מגבונים לחים לתינוק TO GO לעור רגיש ללא בישום,,0.00,0.00,false,1.00,10.90,3.63,true,0,
7290000188270,false,ממחטות אף אולטרה סופט קלינקס 2*80 יחידות,קימברלי קלארק ישראל שיווק בעמ,,ממחטות טישו אולטרא סופט,,0.00,0.00,false,1.00,22.90,11.45,true,0,
7290000188355,false,ניקול מגבות נייר לבנות 6 גלילים,קימברלי קלארק ישראל שיווק בעמ,,מגבות נייר רב שימושיות,,0.00,0.00,false,1.00,14.90,2.48,true,0,
7290000188386,false,מגבת נייר ניקול 12 יחידות,חוגלה קימברלי,,מגבות נייר,,0.00,0.00,false,1.00,27.90,2.32,true,0,
<<<<<<< HEAD
7290000188553,false,קוטקס מגן תחתון יאנג ביג 60 יחידות,קימברלי קלארק,,מגני תחתון נורמל לרעננות יומיומית,,0.00,0.00,false,1.00,20.90,0.34,true,0,
7290000188591,false,קוטקס מגן תחתון יאנג ביג 60 יחידות,קימברלי קלארק,,מגני תחתון יאנג לרעננות יומיומית,,0.00,0.00,false,1.00,20.90,0.34,true,0,
7290000189192,false,סופר מטלית מטליות נייר רב פעמיות ניקול 64 יחידות,קימברלי קולומביה,IL,מטלית חכמה יומית,,0.00,0.00,false,1.00,22.90,0.35,true,0,
=======
7290000188553,false,קוטקס מגן תחתון יאנג ביג 60 יחידות,קימברלי קלארק ישראל שיווק בעמ,,מגני תחתון נורמל לרעננות יומיומית,,0.00,0.00,false,1.00,20.90,0.34,true,0,
7290000188591,false,קוטקס מגן תחתון יאנג ביג 60 יחידות,קימברלי קלארק ישראל שיווק בעמ,,מגני תחתון יאנג לרעננות יומיומית,,0.00,0.00,false,1.00,20.90,0.34,true,0,
7290000189192,false,סופר מטלית מטליות נייר רב פעמיות ניקול 64 יחידות,קימברלי קלארק ישראל שיווק בעמ,IL,מטלית חכמה יומית,,0.00,0.00,false,1.00,22.90,0.35,true,0,
>>>>>>> d048ac2f4f281c9d788043ab4e81b61b0dbe3743
7290000189215,false,מטלית הקסם לרצפה ניקול,חוגלה קימברלי,,מטלית מיקרופייבר לרצפה,,0.00,0.00,false,1.00,15.90,0.00,true,0,
7290000189598,false,מטליות לחות חד פעמיות לניקוי כללי 50 יח' ניקול,קימברלי קלארק ישראל שיווק בעמ,,מטליות לחות לניקוי כללי,,0.00,0.00,false,1.00,13.90,0.27,true,0,
7290000190198,false,מטליות לחות לניקוי וחיטוי 99.9% ניקול 50 יחידה,קימברלי קלארק ישראל שיווק בעמ,,מטליות לחות לניקוי וחיטוי חדרי אמבטיה ושירותים,,0.00,0.00,false,1.00,13.90,0.27,true,0,
7290000191119,false,דיפנד מגן תחתון לגברים,חוגלה קימברלי,,מגן תחתון לגברים,,0.00,0.00,false,1.00,29.90,1.24,true,0,
7290000191126,false,דיפנד תחבושות לגברים,חוגלה,,תחבושות לגברים,,0.00,0.00,false,1.00,55.90,2.66,true,0,
<<<<<<< HEAD
7290000191225,false,חיתולים ליטל בייביז מידה 2 האגיס 46 יחידות,קימברלי קלארק שיווק,,"חיתולים מידה 2, לרך הנולד 5-7 ק""ג",,0.00,0.00,false,1.00,37.90,0.86,true,0,
7290000191539,false,חמישיית ממחטות טישו צבועני לילי 100 יחידות,חוגלה קימברלי,,צבעוני מגבוני אף רכים,,0.00,0.00,false,1.00,19.90,3.98,true,0,
7290000191645,false,"חיתולים האגיס ליטל בייביס ניו בורן שלב 1 עד 4 ק""ג",קימברלי קלארק ארהב,,"חיתולים מידה ניו בורן NB לרך הנולד עד 4 ק""ג",,0.00,0.00,false,1.00,37.90,1.05,true,0,
7290000191652,false,שלישיית ממחטות אולטרה סופט קלינקס 90 יחידות,חוגלה קימברלי,,ממחטות טישו לשימוש יומיומי,,0.00,0.00,false,1.00,13.90,4.63,true,0,
7290000191966,false,נייר טואלט לילי לח נטורל קר 48 דפים,עלבד משואות יצחק בעמ,IL,NATURAL CARE נייר טואלט לח נשטף באסלה,,0.00,0.00,false,1.00,9.90,0.20,true,0,
7290000192581,false,מגבת נייר גליל כפול ניקול 12=6 גליל,קימברלי-קלארק,IL,מגבת נייר JUMBO גליל ארוך פי 2,,0.00,0.00,false,1.00,27.90,4.65,true,0,
=======
7290000191225,false,חיתולים ליטל בייביז מידה 2 האגיס 46 יחידות,קימברלי קלארק ישראל שיווק בעמ,,"חיתולים מידה 2, לרך הנולד 5-7 ק""ג",,0.00,0.00,false,1.00,37.90,0.86,true,0,
7290000191539,false,חמישיית ממחטות טישו צבועני לילי 100 יחידות,קימברלי קלארק ישראל שיווק בעמ,,צבעוני מגבוני אף רכים,,0.00,0.00,false,1.00,19.90,3.98,true,0,
7290000191645,false,"חיתולים האגיס ליטל בייביס ניו בורן שלב 1 עד 4 ק""ג",קימברלי קלארק ישראל שיווק בעמ,,"חיתולים מידה ניו בורן NB לרך הנולד עד 4 ק""ג",,0.00,0.00,false,1.00,37.90,1.05,true,0,
7290000191652,false,שלישיית ממחטות אולטרה סופט קלינקס 90 יחידות,קימברלי קלארק ישראל שיווק בעמ,,ממחטות טישו לשימוש יומיומי,,0.00,0.00,false,1.00,13.90,4.63,true,0,
7290000191966,false,נייר טואלט לילי לח נטורל קר 48 דפים,קימברלי קלארק ישראל שיווק בעמ,IL,NATURAL CARE נייר טואלט לח נשטף באסלה,,0.00,0.00,false,1.00,9.90,0.20,true,0,
7290000192581,false,מגבת נייר גליל כפול ניקול 12=6 גליל,קימברלי קלארק ישראל שיווק בעמ,IL,מגבת נייר JUMBO גליל ארוך פי 2,,0.00,0.00,false,1.00,27.90,4.65,true,0,
>>>>>>> d048ac2f4f281c9d788043ab4e81b61b0dbe3743
7290000194141,false,שקמה מכנסון גזרתי סופר נייט XL,חוגלה קימברלי,IL,מכנסונים סופגים לילה סופר נייט מידה 46-52 XL,,0.00,0.00,false,1.00,70.90,4.72,true,0,
7290000194288,false,האגיס משטחי החתלה חד פעמיים 10יח`,קימברלי קלארק ישראל שיווק בעמ,,משטחי החתלה חד פעמיים להחתלה נקייה,,0.00,0.00,false,1.00,19.90,1.99,true,0,
7290000194905,false,שקמה מכנסון גזרתי סופר נייט M,חוגלה קימברלי,IL,מכנסונים סופגים לילה סופר נייט מידה 38-40 M,,0.00,0.00,false,1.00,70.90,4.72,true,0,
7290000195032,false,שקמה מכנסון גזרתי סופר נייט L,חוגלה קימברלי,IL,מכנסונים סופגים לילה סופר נייט מידה 42-44 L,,0.00,0.00,false,1.00,70.90,4.72,true,0,
7290000195537,false,האגיס - מגבוני האגיס דיילי קר לא מבושם 64 יח' * 4,קימברלי קלארק ישראל שיווק בעמ,,מגבונים לחים לתינוק ללא בישום,,0.00,0.00,false,1.00,27.90,6.97,true,0,
7290000195773,false,האגיס - מגבוני האגיס סנסטיב קר לא מבושם 64 יח' * 4,קימברלי קלארק ישראל שיווק בעמ,,מגבונים לחים בתוספת אלוורה ללא בישום לעור רגיש,,0.00,0.00,false,1.00,27.90,6.97,true,0,
7290000196763,false,"שקיות אשפה חזקות במיוחד עם שרוך 52 * 65 ס""מ ניקול 40 יחידות",קימברלי קלארק ישראל שיווק בעמ,,שקיות אשפה חזקות במיוחד עם שרוך L 52*65,,0.00,0.00,false,1.00,26.90,0.67,true,0,
7290000197081,false,ניקול ניילון נצמד 150 מטר+מתקן לחיתוך קל,קימברלי קלארק ישראל שיווק בעמ,IL,ניילון נצמד עם מתקן לחיתוך קל,,0.00,1.00,false,1.00,27.90,0.18,true,0,
7290000197425,false,חיתולים פרידום דריי שלב 3 האגיס 52 יחידות,קימברלי קלארק ישראל שיווק בעמ,IL,"חיתולים מידה 3, 6-10 ק""ג",,0.00,0.00,false,1.00,52.90,1.01,true,0,
7290000197432,false,שקיות אוכל סנדביצ'ון ניקול מארז 150X2יח',קימברלי קלארק ישראל שיווק בעמ,,סנדוויצ'ון,,0.00,0.00,false,1.00,16.90,0.05,true,0,
7290000197456,false,חיתולים פרידום דריי שלב 4 האגיס 44 יחידות,קימברלי קלארק ישראל שיווק בעמ,IL,"חיתולים מידה 4, 8-12 ק""ג",,0.00,0.00,false,1.00,52.90,1.20,true,0,
7290000197463,false,חיתולים פרידום דריי שלב +4 האגיס 40 יחידות,קימברלי קלארק ישראל שיווק בעמ,IL,"חיתולים מידה 4+ 10-14 ק""ג",,0.00,0.00,false,1.00,52.90,1.25,true,0,
7290000197548,false,חיתולים פרידום דריי שלב 5 האגיס 36 יחידות,קימברלי קלארק ישראל שיווק בעמ,IL,"חיתולים מידה 5, 12-22 ק""ג",,0.00,0.00,false,1.00,52.90,1.46,true,0,
7290000197678,false,חיתולי האגיס פרידום דריי שלב 6 30 יחידות,קימברלי קלארק ישראל שיווק בעמ,IL,"חיתולים מידה 6, 16-24 ק""ג",,0.00,0.00,false,1.00,52.90,1.76,true,0,
7290000199313,false,תחבושות עם כנפיים נורמל פלוס קוטקס 30 יחידות,קימברלי קלארק ישראל שיווק בעמ,,יאנג תחבושות עם כנפיים נורמל,,0.00,0.00,false,1.00,20.90,0.69,true,0,
7290000200330,false,שקמה פרו סקין מכנסונים סופגים L,חוגלה,IL,PRO SKIN מכנסונים סופגים מידה 42-44 L,,0.00,0.00,false,1.00,73.90,5.27,true,0,
7290000200361,false,שקמה פרו סקין מכנסונים סופגים XL,חוגלה,IL,PRO SKIN מכנסונים סופגים מידה 46-52 XL,,0.00,0.00,false,1.00,73.90,5.27,true,0,
7290000201979,false,האגיס מגבונים ללא בישום רביעייה מהדורה,קימברלי קלארק ישראל שיווק בעמ,IL,מגבונים לחים לתינוק ללא בישום - מהדורה מיוחדת,,0.00,0.00,false,1.00,27.90,6.97,true,0,
7290000202495,false,סופגנים סופר פלוס שקמה L,חוגלה קימברלי,,סופגנים EXTRA SUPER PLUS מידה LARGE,,0.00,0.00,false,1.00,52.90,2.64,true,0,
7290000203560,false,סדיניה שקמה 15 יחידות,חוגלה קימברלי,,"סדיניות 65X99 ס""מ",,0.00,0.00,false,1.00,52.90,3.52,true,0,
<<<<<<< HEAD
7290000205762,false,חיתולי האגיס אקסטרה קר מידה 3 48 יחידות,חוגלה קימברלי,IL,"חיתולים מידה 3, 6-10 ק""ג",,0.00,0.00,false,1.00,63.90,1.33,true,0,
7290000205915,false,חיתולי האגיס אקסטרה קייר מידה 4 40 יחידות,חוגלה קימברלי,IL,"חיתולים מידה 4, 8-13 ק""ג",,0.00,0.00,false,1.00,63.90,1.59,true,0,
7290000244143,false,"הוואי - קרם לאחר גילוח 120 מ""ל",טרופיקל דגיל קוסמטיק,,קרם לאחר גילוח,"מ""ל",120.00,100.00,false,1.00,19.90,0.00,true,0,
7290000244280,false,משחת גילוח רגיל 80 מ,טרופיקל דגיל,IL,משחת גילוח מועשרת בתמצית מנטול לעור רענן,,0.00,100.00,false,1.00,13.90,0.00,true,0,
7290000244631,false,ענוגה גליצרין קרם ידיים 80 מל,טרופיקל דגיל,IL,גליצרין קרם ידיים,,0.00,100.00,false,1.00,11.90,0.00,true,0,
7290000244761,false,"קרם ידיים ולווטה 100 מ""ל",טרופיקל דגיל קוסמטיק,,קרם לטיפוח עור הידיים והגוף,,0.00,0.00,false,1.00,9.90,0.09,true,0,
7290000262413,false,חיתולי האגיס אקסטרה קייר מידה 5 34 יחידות,חוגלה קימברלי,IL,"חיתולים מידה 5, 12-22 ק""ג",,0.00,0.00,false,1.00,63.90,1.87,true,0,
7290000263359,false,חיתולים ליטל בייביז מידה 1 האגיס 40 יחידות,קימברלי קלארק שיווק,,"חיתולים מידה 1, לרך הנולד עד 6 ק""ג",,0.00,0.00,false,1.00,37.90,0.94,true,0,
7290000287492,false,"סנובון נוזל לניקוי אסלות בריח לימון סנו 750 מ""ל","סנו מפעלי ברונוס בע""מ",,נוזל אסלה עם אפקט הקצף הפעיל בניחוח לימון,"מ""ל",750.00,100.00,false,1.00,11.90,0.00,true,0,
7290000288024,false,סנו - ז'אוול אקונומיקה בריח לימון 4 ליטר,"סנו מפעלי ברונוס בע""מ",,אקונומיקה בריח לימון,ליטר,4.00,1.00,false,1.00,17.90,4.47,true,0,
7290000288291,false,סנומט דוחה יתושים לוחיות אידוי 30 יחידות,טרופיקל דגיל תעשיות,,לוחיות אידוי למכשיר חשמלי דוחה יתושים,,0.00,0.00,false,1.00,9.90,0.00,true,0,
7290000288413,false,סנו-די דוחה יתושים כדורי סנו 50 גרם,גוד פוד פרודקטס S.p,,כדורית רול און,,0.00,100.00,false,1.00,17.90,0.00,true,0,
7290000288420,false,"תרסיס דוחה יתושים סנו די 175 מ""ל",סנו מפעלי ברונוס בע',,תרסיס דוחה יתושים למספר שעות,,0.00,100.00,false,1.00,17.90,0.00,true,0,
7290000288444,false,סנו די נוזלי נגד יתו,קוסמופארם,,נוזל דוחה יתושים ומונע עקיצות,,0.00,0.00,false,1.00,17.90,0.00,true,0,
7290000288659,false,"סנו - די רולאון דוחה יתושים ג'ונגל 50 מ""ל",טרופיקל דגיל תעשיות,,ג'ונגל רול און דוחה יתושים לטיולים ולקמפינג,,0.00,100.00,false,1.00,17.90,0.00,true,0,
7290000288727,false,סנו מקסימה אבקת כביסה מאסק מילוי 1.25,קריות זול,,אבקת כביסה בניחוח מאסק,"ק""ג",1.25,1.00,false,1.00,12.90,10.32,true,0,
7290000289069,false,סנו - ז'אוול מרסס קצף ניקוי בתוספת אקונומיקה בריח לימון 1 ליטר,"סנו מפעלי ברונוס בע""מ",,קצף ניקוי בתוספת אקונומיקה,,0.00,100.00,false,1.00,16.90,0.00,true,0,
7290000289236,false,K3 נמלים פיתיון ג'ל - קוטל נמלים בבית ובחצר,"סנו מפעלי ברונוס בע""\מ",IL,K- 3 פיתיון ג'ל קוטל נמלים בבית ובחצר,,0.00,100.00,false,1.00,49.90,0.04,true,0,
=======
7290000205762,false,חיתולי האגיס אקסטרה קר מידה 3 48 יחידות,קימברלי קלארק ישראל שיווק בעמ,IL,"חיתולים מידה 3, 6-10 ק""ג",,0.00,0.00,false,1.00,63.90,1.33,true,0,
7290000205915,false,חיתולי האגיס אקסטרה קייר מידה 4 40 יחידות,קימברלי קלארק ישראל שיווק בעמ,IL,"חיתולים מידה 4, 8-13 ק""ג",,0.00,0.00,false,1.00,63.90,1.59,true,0,
7290000244143,false,קרם הוואי לאחר גילוח+ לחות 120 מ``ל,טרופיקל דגיל קוסמטיק,,קרם לאחר גילוח,"מ""ל",120.00,100.00,false,1.00,19.90,0.00,true,0,
7290000244280,false,משחת גילוח רגיל 80 מ,עיסא ערטול בעמ,IL,משחת גילוח מועשרת בתמצית מנטול לעור רענן,,0.00,100.00,false,1.00,13.90,0.00,true,0,
7290000244631,false,ענוגה גליצרין קרם ידיים 80 מל,עיסא ערטול בעמ,IL,גליצרין קרם ידיים,,0.00,100.00,false,1.00,11.90,0.00,true,0,
7290000244761,false,קרם ידיים ולוטה (80 גרם),טרופיקל דגיל קוסמטיק,,קרם לטיפוח עור הידיים והגוף,,0.00,0.00,false,1.00,9.90,0.09,true,0,
7290000262413,false,חיתולי האגיס אקסטרה קייר מידה 5 34 יחידות,קימברלי קלארק ישראל שיווק בעמ,IL,"חיתולים מידה 5, 12-22 ק""ג",,0.00,0.00,false,1.00,63.90,1.87,true,0,
7290000263359,false,חיתולים ליטל בייביז מידה 1 האגיס 40 יחידות,קימברלי קלארק ישראל שיווק בעמ,,"חיתולים מידה 1, לרך הנולד עד 6 ק""ג",,0.00,0.00,false,1.00,37.90,0.94,true,0,
7290000287492,false,"סנובון נוזל לניקוי אסלות בריח לימון סנו 750 מ""ל",החברה הדרומית לשיווק בעמ,,נוזל אסלה עם אפקט הקצף הפעיל בניחוח לימון,"מ""ל",750.00,100.00,false,1.00,11.90,0.00,true,0,
7290000288024,false,סנו - ז'אוול אקונומיקה בריח לימון 4 ליטר,החברה הדרומית לשיווק בעמ,,אקונומיקה בריח לימון,ליטר,4.00,1.00,false,1.00,17.90,4.47,true,0,
7290000288291,false,סנומט דוחה יתושים לוחיות אידוי 30 יחידות,החברה הדרומית לשיווק בעמ,,לוחיות אידוי למכשיר חשמלי דוחה יתושים,,0.00,0.00,false,1.00,9.90,0.00,true,0,
7290000288413,false,סנו-די דוחה יתושים כדורי סנו 50 גרם,החברה הדרומית לשיווק בעמ,,כדורית רול און,,0.00,100.00,false,1.00,17.90,0.00,true,0,
7290000288420,false,"תרסיס דוחה יתושים סנו די 175 מ""ל",החברה הדרומית לשיווק בעמ,,תרסיס דוחה יתושים למספר שעות,,0.00,100.00,false,1.00,17.90,0.00,true,0,
7290000288444,false,סנו די נוזל להגנה מיתושים 50 מ``ל,החברה הדרומית לשיווק בעמ,,נוזל דוחה יתושים ומונע עקיצות,,0.00,0.00,false,1.00,17.90,0.00,true,0,
7290000288659,false,"סנו - די רולאון דוחה יתושים ג'ונגל 50 מ""ל",החברה הדרומית לשיווק בעמ,,ג'ונגל רול און דוחה יתושים לטיולים ולקמפינג,,0.00,100.00,false,1.00,17.90,0.00,true,0,
7290000288727,false,סנו מקסימה אבקת כביסה מאסק מילוי 1.25,החברה הדרומית לשיווק בעמ,,אבקת כביסה בניחוח מאסק,"ק""ג",1.25,1.00,false,1.00,12.90,10.32,true,0,
7290000289069,false,סנו - ז'אוול מרסס קצף ניקוי בתוספת אקונומיקה בריח לימון 1 ליטר,החברה הדרומית לשיווק בעמ,,קצף ניקוי בתוספת אקונומיקה,,0.00,100.00,false,1.00,16.90,0.00,true,0,
7290000289236,false,K3 נמלים פיתיון ג'ל - קוטל נמלים בבית ובחצר,החברה הדרומית לשיווק בעמ,IL,K- 3 פיתיון ג'ל קוטל נמלים בבית ובחצר,,0.00,100.00,false,1.00,49.90,0.04,true,0,
>>>>>>> d048ac2f4f281c9d788043ab4e81b61b0dbe3743
7290000289595,false,"אורביטול משחת שיניים לילדים בטעם תות שדה 145 מ""ל",טרופיקל דגיל תעשיות קוסמ,,משחת שיניים לילדים בטעם תות שדה,גרם,145.00,100.00,false,1.00,11.90,0.00,true,0,
7290000292007,false,K3 פיתיון ג'ל קוטל תיקנים (ג'וקים) בבית ובחצר,החברה הדרומית לשיווק בעמ,IL,K- 3 פיתיון ג'ל,,0.00,100.00,false,1.00,49.90,0.04,true,0,
7290000292533,false,סנו גל לניקוי כללי על בסיס שמן אורנים 1ל,החברה הדרומית לשיווק בעמ,IL,ג'ל לניקוי כללי על בסיס שמן אורנים טבעי,,0.00,1.00,false,1.00,16.90,16.90,true,0,
7290000292557,false,סנומט מלוי נוזלי דוחה יתושים 45 לילות,החברה הדרומית לשיווק בעמ,,,,0.00,1.00,false,1.00,17.90,0.51,true,0,
7290000292564,false,סנו K-2000 תרסיס מיקרו קפסולרי ללא ריח 750 מ”ל,החברה הדרומית לשיווק בעמ,,K2000 ללא ריח,,0.00,100.00,false,1.00,32.90,0.00,true,0,
7290000292687,false,סנובון מוצק לניקוי אסלה קלאסיק כחול סנו 3 יחידות,החברה הדרומית לשיווק בעמ,,סבון אסלה כחול,,0.00,0.00,false,1.00,16.90,5.63,true,0,
7290000293820,false,"קרמה מן שמפו וג'ל גל רחצה אקטיב בלוק 700מ""ל",החברה הדרומית לשיווק בעמ,IL,שמפו וג'ל רחצה קרבון פאואר 2 ב-1,,0.00,100.00,false,1.00,22.90,0.00,true,0,
7290000295336,false,סנו מקסימה אבקת כביסה סנסטיב מילוי1.25,החברה הדרומית לשיווק בעמ,,אבקת כביסה סנסטיב,"ק""ג",1.25,1.00,false,1.00,12.90,10.32,true,0,
7290000295541,false,רב מגבת ג'מבו סנו סושי 75 יחידות,החברה הדרומית לשיווק בעמ,,רב-מגבת,,0.00,0.00,false,1.00,23.90,0.31,true,0,
7290000297989,false,ליידי פיצ.ק. הזנה,General,,ליידי פיצפון קרם הזנה לגוף לתקופת ההריון היפואלרגני,"מ""ל",200.00,100.00,false,1.00,49.90,0.00,true,0,
7290000299907,false,דר פישר פינק דאו רול און 100 מל,"ד""ר פישר Dr fischer",IL,פינק דאודורנט אנטי-פרספירנט רול און,,0.00,0.00,false,1.00,15.90,0.15,true,0,
7290000341071,false,בדין - מרכך כביסה בייבי לבן 2 ליטר,"יוניליוור ישראל שיווק בע""מ",,בייבי מרכך כביסה,ליטר,2.00,1.00,false,1.00,18.90,9.45,true,0,
7290000347752,false,תה ירוק לימונית ולואיזה 25 שקיקים *1.5 ג'' ויסוצקי,תה ויסוצקי (ישראל) בעמ,,תה ירוק לימונית ולואיזה,,0.00,0.00,false,1.00,26.90,1.07,true,0,
7290000412481,false,נוזל לניקוי אסלות 00 סנו (1 ליטר),החברה הדרומית לשיווק בעמ,IL,00 מנקה אסלות,,0.00,1.00,false,1.00,8.90,8.90,true,0,
7290000420325,false,"פופסטאר פופקורן למקירוגל בטעם טבעי 5 שקיות,500 גרם",פרסטון פארמס,,פופקורן להכנה במיקרוגל בטעם טבעי,,0.00,0.00,false,1.00,18.90,3.78,true,0,
7290000420332,false,פופסטאר פופקורן למיקרוגל בטעם חמאה 5 יחידות 500 גרם,פרסטון פארמס,,פופקורן להכנה במיקרוגל בטעם חמאה,,0.00,0.00,false,1.00,18.90,0.00,true,0,
7290000442013,false,"פמינה - שטיפה אינטימית לנערות 220 מ""ל",פמינה,,תחליב רחצה אינטימי לנערות,,0.00,100.00,false,1.00,24.90,0.00,true,0,
7290000442044,false,פמינה תחליב רחצה אינטימי חמוציות 220 מל,גורי ע.ע.ע. בע`מ,,תחליב רחצה אינטימי חמוציות,,0.00,100.00,false,1.00,29.90,0.00,true,0,
7290000442587,false,"קרם רב שימושי תוספת 33% גינקו 220 מ""ל.",כ.צ.ט,,קרם רב שימושי,"מ""ל",250.00,100.00,false,1.00,24.90,0.00,true,0,
7290000442822,false,קרם קורגה אולטרה 40 גרם,גורי,,אולטרה קרם להצמדת שיניים תותבות,,0.00,100.00,false,1.00,30.90,0.00,true,0,
7290000560533,false,אדג`פרו ג`ל לגילוח רגיל ירוק 220 מל,אס.סי ג'ונסון ובניו,,ג'ל גילוח לעור רגיל,"מ""ל",225.00,100.00,false,1.00,18.90,0.00,true,0,
7290000560540,false,אדג`פרו ג`ל לגילוח עור רגיש כתום220,המאפיה של הרמן,,ג`ל גילוח לעור רגיש,גרם,198.00,100.00,false,1.00,18.90,0.00,true,0,
7290000689180,false,בליסטקס שפתון-סטיק מנטה,מדיליין פריגו,,שפתון בטעם מנטה עם מסנני קרינה לשפתיים יבשות וסדוקות SPF 15,,0.00,100.00,false,1.00,15.90,0.03,true,0,
7290000692135,false,ספיד סטיק דאו בסיסי ירוק א.פ פרש פאוור,קולגייט-פלמוליב,TR,דאודורנט סטיק פאוור פרש,,0.00,100.00,false,1.00,25.90,0.00,true,0,
7290000802909,false,עדינול משחה לתינוק 100גר,מיוצר עי קונדיטוריית,,משחה לתינוק,,0.00,0.00,false,1.00,16.90,0.16,true,0,
7290000803067,false,"משחת שיניים לילדים גילאים 6-2 אלמקס 75 מ""ל",הנסיך- מפעל לייצור ט,,משחת שיניים ילדים לגילאי 2-6,"מ""ל",75.00,100.00,false,1.00,17.90,0.00,true,0,
7290000803180,false,"מרידול-שטיפת פה דנטלית 400 מ""ל",קולגייט פלמוליב,,מי פה לחניכיים רגישות,"מ""ל",400.00,100.00,false,1.00,31.90,0.00,true,0,
7290000804484,false,אלמקס שטיפת פה דנטלית למניעת עששת 400מל,קולגייט פלמוליב,,שטיפה דנטלית להגנה מפני עששת,"מ""ל",400.00,100.00,false,1.00,29.90,0.00,true,0,
7290000849478,false,"סרקל מרכך שיער לילדים 500 מ""ל",פישר מעבדות פרמצבטיות בע,,מרכך לילדים,גרם,500.00,100.00,false,1.00,17.90,0.00,true,0,
7290000849492,false,"סרקל שמפו לילדים 500 מ""ל",פישר תעשיות פרמבצטיות בעמ,,שמפו לילדים,גרם,500.00,100.00,false,1.00,17.90,0.00,true,0,
7290001136799,false,נקה 7 תחליב רחצה ארומה ורוד יסמין 1 ל',החברה הדרומית לשיווק בעמ,,תחליב רחצה עשיר בלחות למגע רך וקטיפתי ורד ויסמין,,0.00,1.00,false,1.00,14.90,14.90,true,0,
7290001136973,false,נקה 7 תחליב רחצה ארומה קמומיל לבן 1 ל',החברה הדרומית לשיווק בעמ,,תחליב רחצה מועשר בשמנים ארומטים קמומיל,,0.00,1.00,false,1.00,14.90,14.90,true,0,
7290001204184,false,סבוקלם קלאסיק קרם לחות מרגיע לגוף 250 מל,טטרה פארם,,קרם גוף מרגיע להרגעת עור יבש ואדמומי,"מ""ל",250.00,100.00,false,1.00,59.90,0.00,true,0,
7290001204320,false,"סבוקלם טריפל לייט 70 מ""ל",טטרה פארם,,סנסטיב קרם לחות דמי מייק-אפ SPF 30,,0.00,100.00,false,1.00,96.90,0.01,true,0,
7290001204375,false,סבוקלם אינוביישן מוס ניקוי 100 מל,טטרה פארם,,אינוביישן מוס ניקוי לעור נקי רענן וזוהר,,0.00,0.00,false,1.00,84.90,0.84,true,0,
7290001204382,false,סבוקלם אינוביישן קרם פנים נגד קמטים 50,סבוקלם Sebocalm,,אינוביישן קרם פנים נגד קמטים,,0.00,100.00,false,1.00,199.90,0.03,true,0,
7290001204399,false,סבוקלם אינוביישן קרם עיניים נגד קמטים,טטרה פארם,,אינוביישן קרם עיניים נגד קמטים,,0.00,100.00,false,1.00,199.90,0.13,true,0,
7290001204641,false,אינוביישן סנסטיב פיטו סרום לעור גמיש במראה צעיר וזוהר,סבוקלם Sebocalm,,אינוביישן סנסטיב פיטו סרום לעור גמיש במראה צעיר וזוהר,,0.00,100.00,false,1.00,199.90,0.06,true,0,
7290001204832,false,סבוקלם קלאסיק חמאת גוף שיאה 250 מל,טטרה פארם,,"חמאת גוף שיאה לריכוך, הזנה ומניעת יובש","מ""ל",250.00,100.00,false,1.00,79.90,0.00,true,0,
7290001204993,false,סבוקלם קלאסיק סרום טיפוח 60 מל,סבוקלם Sebocalm,,סרום טיפוח להרגעת עור רגיש,,0.00,100.00,false,1.00,99.90,0.01,true,0,
7290001305058,false,"פלמוליב - נטורלס תחליב רחצה חלב ודבש 500 מ""ל",הנסיך- מפעל לייצור ט,,תחליב רחצה מועשר ברכיבים איכותיים של חלב ודבש,"מ""ל",500.00,100.00,false,1.00,19.90,0.00,true,0,
7290001305188,false,"נוזל לניקוי כלים בריח לימון פלמוליב 750 מ""ל",יבואן ומשווק: ש. שסט,GR,סבון כלים פריחת הלימון,"מ""ל",750.00,100.00,false,1.00,12.90,0.00,true,0,
7290001338100,false,סקין גארד תחליב הגנה 250 50 לעור רגיש,מיוצר עי : אמיליה קוסמטי,,תחליב הגנה לעור רגיש ובהיר במיוחד SPF50,,0.00,100.00,false,1.00,39.90,0.00,true,0,
7290001338155,false,"סקינגארד קרם הגנה לפנים 60 מ""ל SPF50",החברה הדרומית לשיווק בעמ,,קרם הגנה לפנים SPF50,,0.00,100.00,false,1.00,29.90,0.00,true,0,
7290001338407,false,ג'ל אלוורה להרגעת העור סקין גארד 200 מ''ל,החברה הדרומית לשיווק בעמ,,ג'ל אלוורה טבעי להרגעת העור,,0.00,100.00,false,1.00,19.90,0.00,true,0,
7290001589342,false,"ספירה תחליב אנתוש יתושים, 70 מ""ל",סאסא קוסמטיקס,,אנתוש דוחה יתושים,,0.00,100.00,false,1.00,17.90,0.00,true,0,
7290001594155,false,"קוקה-קולה בבקבוק אישי 500 מ""ל",החברה המרכזית להפצת משקאות בעמ,,קולה,,0.00,100.00,false,1.00,8.90,0.00,true,0,
7290001594179,false,"פאנטה אורנג' בבקבוק אישי 500 מ""ל",החברה המרכזית להפצת משקאות בעמ,,משקה אורנג',"מ""ל",500.00,100.00,false,1.00,8.90,0.00,true,0,
7290001594186,false,"דיאט קוקה-קולה בבקבוק אישי 500 מ""ל",החברה המרכזית להפצת משקאות בעמ,,משקה קולה דיאט,,0.00,100.00,false,1.00,8.90,0.00,true,0,
7290001594230,false,קינלי סודה בבקבוק זכוכית,החברה המרכזית להפצת משקאות בעמ,,משקה קינלי סודה,"מ""ל",250.00,100.00,false,1.00,5.00,0.00,true,0,
7290001594377,false,פריגת תפוזים 0.5 ליטר חייב בפקדון,החברה המרכזית להפצת משקאות בעמ,,משקה תפוזים,"מ""ל",500.00,100.00,false,1.00,8.90,0.00,true,0,
7290001594391,false,"פריגת משקה קל ענבים בבקבוק אישי 500 מ""ל",החברה המרכזית להפצת משקאות בעמ,,משקה ענבים,"מ""ל",500.00,100.00,false,1.00,7.90,0.00,true,0,
7290001692073,false,תמר שיווק חמאת שיאה 50 מל,תמר שיווק,IL,חמאת שיאה,,0.00,100.00,false,1.00,49.90,0.00,true,0,
7290001692387,false,פיור אויל כי מט דוחה כינים 30 מל,תמר שיווק,,תרסיס משמנים טהורים להגיינת הראש,,0.00,100.00,false,1.00,49.90,0.01,true,0,
7290001791356,false,"פרש מבשם אויר אוטומטי בניחוח לבנדר סנו 250 מ""ל",החברה הדרומית לשיווק בעמ,IL,פרש הום מבשם אויר מילוי למכשיר אוטומטי בניחוח בלו אייר,,0.00,100.00,false,1.00,15.90,0.00,true,0,
7290001791776,false,"סנו-די דוחה יתושים רול און עם אלוורה סנו 50 מ""ל",החב. הדרומית לשיווק,,רול און פלוס אלוורה,,0.00,100.00,false,1.00,17.90,0.00,true,0,
7290001943823,false,תרימוורה פרוקטו כורכומין קרם טיפולי 100,פלוריש,IL,פרוקטו כורכומין קרם טיפולי,,0.00,0.00,false,1.00,59.90,0.59,true,0,
7290001973233,false,"קמיל בלו מגבונים לחים סנסיטיב ד""ר פישר 120 יחידות","פישר תעשיות פרמבצטיות בע""מ",,סנסיטיב מגבונים עדינים,,0.00,0.00,false,1.00,13.90,0.11,true,0,
7290001973332,false,"קמיל בלו מגבונים לפנים סנסיטיב ד""ר פישר 60 יחידות",פישר תעשיות פרמבצטיות בעמ,,סנסיטיב מגבוני פנים לתינוק,,0.00,0.00,false,1.00,8.90,0.14,true,0,
7290001973363,false,מגבונים קמיל בלו ליציאה שקית 30 יח,פישר תעשיות פרמבצטיות בעמ,IL,סנסיטיב מגבונים עבים במיוחד TO-GO,,0.00,0.00,false,1.00,6.90,0.23,true,0,
7290002000136,false,מגע הדבש -שעווה להסרת שיער למיקרוגל 500 גרם,"ש. שוורץ )באר שבע( בע""\מ",,שעווה לחימום במיקרוגל - דבש ופרופוליס,,0.00,100.00,false,1.00,27.90,0.00,true,0,
7290002000143,false,"חדש -פנג'ל ק.ידיים קלאסיק 80מ""ל",מיוצר עי קונדיטוריית,,קרם ידיים קלאסיק,,0.00,0.00,false,1.00,8.90,0.00,true,0,
7290002000266,false,שעווה מגע המשי הדבש תפוח למיקרו 500 גרם,המאפיה של הרמן,,שעווה לחימום במיקרוגל - דבש ותפוח,גרם,500.00,100.00,false,1.00,27.90,0.00,true,0,
7290002002857,false,ניירות להסרת שיער בשעווה 50 יחידות,"איטיליאן פוד, אס.פי.",,ניירות להסרת שיער בשעווה,,0.00,0.00,false,1.00,29.90,0.59,true,0,
7290002041009,false,"חלאבילין אורגינל 10 מ""ל",תעשיות שיק,,חלאבילין קומפלט קרם דאודורנט לבית השחי,,0.00,100.00,false,1.00,36.90,0.03,true,0,
7290002041368,false,"מידנייט דאודורנט ספריי 150 מ""ל",חלאבין,,מידנייט דאודורנט ספריי,"מ""ל",187.00,100.00,false,1.00,21.90,0.00,true,0,
7290002041801,false,"קרם גוף לאב ליין 275 מ""ל",תעשיות שיק,,לאבליין קרם גוף,"מ""ל",275.00,100.00,false,1.00,39.90,0.00,true,0,
7290002041818,false,"דאו.רול און מידנייט80מ""ל",תעשיות שיק,,מידנייט דאודורנט רול-און עד 48 שעות,,0.00,100.00,false,1.00,21.90,0.00,true,0,
7290002041832,false,דאו.רול און לאב ליין80מ,חלאבין,,לאבליין דאודורנט רול-און עד 48 שעות,,0.00,100.00,false,1.00,21.90,0.00,true,0,
7290002269953,false,קרליין - מסיר איפור דו פאזי כחול,קרליין,,מסיר איפור,"מ""ל",170.00,100.00,false,1.00,44.90,0.00,true,0,
7290002331018,false,"נביעות מים עם פקק ספורט 500מ""ל",החברה המרכזית להפצת משקאות בעמ,,מים מינרלים,,0.00,100.00,false,1.00,5.90,0.00,true,0,
7290002331025,false,"מים מינרלים נביעות ספורט 500 מ""ל פקדון",החברה המרכזית להפצת משקאות בעמ,,מים מינרלים עם פקק נוח לשתיה,,0.00,100.00,false,1.00,5.90,0.00,true,0,
7290002331094,false,"מים מינרליים GO TO נביעות 755 מ""ל",החברה המרכזית להפצת משקאות בעמ,,מים מינרלים טו גו,"מ""ל",755.00,100.00,false,1.00,7.90,0.00,true,0,
7290002331124,false,נביעות+ מים מינרליים בטעם תפוח,החברה המרכזית להפצת משקאות בעמ,,בטעם תפוח עדין,"מ""ל",500.00,100.00,false,1.00,8.90,0.00,true,0,
7290002331155,false,מים נביעות בטעם אפרסק 0.5 ליטר,החברה המרכזית להפצת משקאות בעמ,,בטעם אפרסק עדין,"מ""ל",500.00,100.00,false,1.00,8.90,0.00,true,0,
7290002331490,false,מים מינרלים נביעות (1 ליטר),החברה המרכזית להפצת משקאות בעמ,,מים מינרלים,,0.00,1.00,false,1.00,7.90,7.90,true,0,
7290002331711,false,נביעות מים מינרלים בטעם ענבים0.5ליטר,החברה המרכזית להפצת משקאות בעמ,,בטעם ענבים עדין,,0.00,100.00,false,1.00,8.90,0.00,true,0,
7290002427032,false,מורז קרם פוליגונום ליום לעור רגיל/שמן,מורז,,קרם יום פוליגונום לעור רגיל עד שמן,,0.00,100.00,false,1.00,89.90,0.01,true,0,
7290002427056,false,מורז קרם לילה טבעי לעור רגיל/שמן 50 מל,מורז,,קרם לילה צמחי לעור רגיל עד שמן,,0.00,100.00,false,1.00,89.90,0.01,true,0,
7290002427087,false,מורז מארז כינקייר שמפו+מרכך,מורז,,"מארז כינקייר - שמפו, מרכך רוזמרין ומסרק כינים",,0.00,100.00,false,1.00,54.90,0.00,true,0,
7290002515333,false,"ד""ר פישר - קמיל בלו סנסיטיב אל סבון עדין לתינוק 500 מ""ל","פישר תעשיות פרמצביטות בע""מ",,סנסיטיב אל סבון עדין לתינוק,"מ""ל",500.00,100.00,false,1.00,19.90,0.00,true,0,
7290002515364,false,"קמיל בלו אל סבון לתינוק קלאסיק ד""ר פישר 500 מ""ל","פישר תעשיות פרמצביטות בע""מ",,אל סבון מועשר בלחות משאבה,גרם,500.00,100.00,false,1.00,17.90,0.00,true,0,
7290002515371,false,"קמיל בלו אל סבון לתינוקות ד""ר פישר 1 ליטר","פישר תעשיות פרמצביטות בע""מ",,אל סבון מועשר בלחות,גרם,1000.00,100.00,false,1.00,26.90,0.00,true,0,
7290002582076,false,מרקיטו חיות,General,CN,,,0.00,0.00,false,1.00,14.90,14.90,true,0,
7290002674221,false,"אקווה פרש משחת שינים משאבה מנטה 100 מ""ל",גלקסו סמית קליין,,משחת שיניים משאבה מנטה,,0.00,0.00,false,1.00,20.90,0.20,true,0,
<<<<<<< HEAD
7290002730262,false,"נוזל לניקוי כלים קלאסי פלמוליב 750 מ""ל",יבואן ומשווק: ש. שסט,GR,סבון כלים קלאסי,,0.00,100.00,false,1.00,12.90,0.00,true,0,
=======
7290002730262,false,נוזל לניקוי כלים קלאסי פלמוליב (750 מל),יבואן ומשווק: ש. שסט,GR,סבון כלים קלאסי,,0.00,100.00,false,1.00,12.90,0.00,true,0,
>>>>>>> d048ac2f4f281c9d788043ab4e81b61b0dbe3743
7290002730675,false,"קולגייט משחת שיניים אדומה משפחתי 100 מ""ל",קולגייט-פלמוליב,,משחת שיניים קולגייט אדומה להגננה מפני עששת,,0.00,0.00,false,1.00,9.90,0.09,true,0,
7290002730811,false,"משחת שיניים ג'ל פסים מרעננים קולגייט 100 מ""ל",הנסיך- מפעל לייצור ט,,משחת שיניים ג'ל פסים מרעננים,,0.00,0.00,false,1.00,13.90,0.13,true,0,
7290002730958,false,סבון מוצק בניחוח זיתים ואלוורה פלמוליב 4*100 גרם,הנסיך- מפעל לייצור ט,,סבון מוצק מועשר בתמציות אלוורה וזיתים,,0.00,100.00,false,1.00,19.90,0.00,true,0,
7290002752332,false,"סוכריות מנטוס פירות בגליל, 37.5 גרם",הדקלאים אגודת שיתופי,,סוכריות בטעם פירות,,0.00,100.00,false,1.00,3.90,0.00,true,0,
<<<<<<< HEAD
7290002752349,false,סוכריות מנטוס מנטה 40יח' בגליל 38ג',פרפטי ואן מלה,,סוכריות בטעם מנטה,,0.00,100.00,false,1.00,3.90,0.00,true,0,
7290002768043,false,"תיאדנט מי-פה ענק פלאוריד 150 מ""ל",אמיליה קוסמטיקס בע'\'\מ,,מי פה עם פלואוריד,"מ""ל",150.00,100.00,false,1.00,19.90,0.00,true,0,
7290002782131,false,"פנינה רוזנבלום - דאודורנט ספריי לאישה מס' 1 150 מ""ל",פנינה רוזנבלום,,דאודורנט ספריי מספר 1 לאישה,"מ""ל",150.00,100.00,false,1.00,37.90,0.00,true,0,
7290002782742,false,"פנינה רוזנבלום - דאודורנט ספריי לאישה מס' 2 150 מ""ל",פנינה רוזנבלום,,דאודורנט לנשים מספר 2,"מ""ל",150.00,100.00,false,1.00,31.90,0.00,true,0,
7290002782759,false,"פנינה קרם גוף רוזנבלום 400 מ""ל",פנינה רוזנבלום,,קרם גוף מספר 2,"מ""ל",340.00,100.00,false,1.00,35.90,0.00,true,0,
7290002834687,false,"שמן גזר איכותי למראה שזוף עם מסנני קרינה SPF-6, מכיל 285 סמ""ק",איתן ספקים E,,שמן גזר למראה שזוף SPF6,,0.00,0.00,false,1.00,78.90,0.00,true,0,
7290002904694,false,"טיטניום דאודורנט ספריי לגברים 150 מ""ל","אמיליה קוסמטיקס בע""מ",,דאודורנט ספריי לגבר,"מ""ל",180.00,100.00,false,1.00,16.90,0.00,true,0,
7290002925729,false,"גם וגם משחת שיניים כחול ומי פה בטעם פפרמינט 120 מ""ל","אמיליה קוסמטיקס בע""מ",,משחת שיניים ומי פה בתכשיר אחד פפרמינט,"מ""ל",120.00,100.00,false,1.00,17.90,0.00,true,0,
7290003015917,false,סנומט רולון דוחה יתוש אישי עם אלוורה 50מ,סנומט,,רול און דוחה יתושים אישי אלוורה,,0.00,100.00,false,1.00,17.90,0.00,true,0,
7290003026029,false,"ד""ר פישר - קמיל בלו סנסיטיב שמפו אלדמע 500 מ""ל",פישר מעבדות פרמצבטיות בע,,סנסיטיב שמפו ללא דמעות,"מ""ל",500.00,100.00,false,1.00,19.90,0.00,true,0,
7290003026036,false,"ד""ר פישר - קמיל בלו סנסיטיב אל סבון עדין לתינוק 1 ליטר",פישר מעבדות פרמצבטיות בע,,סנסיטיב אל סבון עדין לתינוק,"מ""ל",1000.00,100.00,false,1.00,32.90,0.00,true,0,
7290003026227,false,"קמיל בלו שמפו לתינוק סנסיטיב אל דמע ד""ר פישר 1 ליטר",פישר מעבדות פרמצבטיות בע,,סנסיטיב שמפו ללא דמעות,"מ""ל",1000.00,100.00,false,1.00,32.90,0.00,true,0,
7290003026234,false,"ד""ר פישר - קמיל בלו תחליב לתינוק 500 מ""ל",פישר מעבדות פרמצבטיות בע,,סנסיטיב תחליב לתינוק,"מ""ל",500.00,100.00,false,1.00,32.90,0.00,true,0,
7290003026319,false,"קמיל בלו משחת החתלה לתינוק ד""ר פישר 120 גרם",פישר מעבדות פרמצבטיות בע,,סנסיטיב משחה לתינוק,גרם,120.00,100.00,false,1.00,21.90,0.00,true,0,
=======
7290002752349,false,סוכריות מנטוס מנטה 40יח' בגליל 38ג',ליימן שליסל בעמ,,סוכריות בטעם מנטה,,0.00,100.00,false,1.00,3.90,0.00,true,0,
7290002768043,false,"תיאדנט מי-פה ענק פלאוריד 150 מ""ל",החברה הדרומית לשיווק בעמ,,מי פה עם פלואוריד,"מ""ל",150.00,100.00,false,1.00,19.90,0.00,true,0,
7290002782131,false,"פנינה רוזנבלום - דאודורנט ספריי לאישה מס' 1 150 מ""ל","פנינה רוזנבלום בע""מ",,דאודורנט ספריי מספר 1 לאישה,"מ""ל",150.00,100.00,false,1.00,37.90,0.00,true,0,
7290002782742,false,"פנינה רוזנבלום - דאודורנט ספריי לאישה מס' 2 150 מ""ל","פנינה רוזנבלום בע""מ",,דאודורנט לנשים מספר 2,"מ""ל",150.00,100.00,false,1.00,31.90,0.00,true,0,
7290002782759,false,קרם גוף מספר 2 פנינה רוזנבלום (340 מל),"פנינה רוזנבלום בע""מ",,קרם גוף מספר 2,"מ""ל",340.00,100.00,false,1.00,35.90,0.00,true,0,
7290002834687,false,"שמן גזר איכותי למראה שזוף עם מסנני קרינה SPF-6, מכיל 285 סמ""ק",איתן ספקים E,,שמן גזר למראה שזוף SPF6,,0.00,0.00,false,1.00,78.90,0.00,true,0,
7290002904694,false,"טיטניום דאודורנט ספריי לגברים 150 מ""ל",החברה הדרומית לשיווק בעמ,,דאודורנט ספריי לגבר,"מ""ל",180.00,100.00,false,1.00,16.90,0.00,true,0,
7290002925729,false,"גם וגם משחת שיניים כחול ומי פה בטעם פפרמינט 120 מ""ל",החברה הדרומית לשיווק בעמ,,משחת שיניים ומי פה בתכשיר אחד פפרמינט,"מ""ל",120.00,100.00,false,1.00,17.90,0.00,true,0,
7290003015917,false,סנומט רולון דוחה יתוש אישי עם אלוורה 50מ,החברה הדרומית לשיווק בעמ,,רול און דוחה יתושים אישי אלוורה,,0.00,100.00,false,1.00,17.90,0.00,true,0,
7290003026029,false,"ד""ר פישר - קמיל בלו סנסיטיב שמפו אלדמע 500 מ""ל","פישר תעשיות פרמצביטות בע""מ",,סנסיטיב שמפו ללא דמעות,"מ""ל",500.00,100.00,false,1.00,19.90,0.00,true,0,
7290003026036,false,"ד""ר פישר - קמיל בלו סנסיטיב אל סבון עדין לתינוק 1 ליטר","פישר תעשיות פרמצביטות בע""מ",,סנסיטיב אל סבון עדין לתינוק,"מ""ל",1000.00,100.00,false,1.00,32.90,0.00,true,0,
7290003026227,false,"קמיל בלו שמפו לתינוק סנסיטיב אל דמע ד""ר פישר 1 ליטר","פישר תעשיות פרמצביטות בע""מ",,סנסיטיב שמפו ללא דמעות,"מ""ל",1000.00,100.00,false,1.00,32.90,0.00,true,0,
7290003026234,false,"ד""ר פישר - קמיל בלו תחליב לתינוק 500 מ""ל","פישר תעשיות פרמצבטיות בע""מ",,סנסיטיב תחליב לתינוק,"מ""ל",500.00,100.00,false,1.00,32.90,0.00,true,0,
7290003026319,false,"קמיל בלו משחת החתלה לתינוק ד""ר פישר 120 גרם","פישר תעשיות פרמצביטות בע""מ",,סנסיטיב משחה לתינוק,גרם,120.00,100.00,false,1.00,21.90,0.00,true,0,
>>>>>>> d048ac2f4f281c9d788043ab4e81b61b0dbe3743
7290003108268,false,קרם לחות להרגעת עור אדמומי ומגורה,סבוקלם Sebocalm,,קרם לחות להרגעת עור אדמומי ומגורה,,0.00,100.00,false,1.00,90.90,0.01,true,0,
7290003108299,false,סבוקלם קלאסיק ג'ל הרגעה 70 מל,טטרה פארם,,ג'ל הרגעה הקלה מיידית לתחושות מצוקה של העור,,0.00,100.00,false,1.00,54.90,0.00,true,0,
7290003108312,false,קרם יסודי ניקוי ועדין לעור רגיש,סבוקלם Sebocalm,,קרם ניקוי יסודי ועדין לעור רגיש,"מ""ל",250.00,100.00,false,1.00,64.90,0.00,true,0,
7290003108619,false,סבוקלם קלאסיק שמפו נגד קשקשים 250 מל,סבוקלם Sebocalm,,שמפו נגד קשקשים,,0.00,100.00,false,1.00,54.90,0.00,true,0,
7290003108626,false,סבוקלם קלאסיק קרם לחות לקרקפת 250 מל,סבוקלם Sebocalm,,קרם לחות לקרקפת להרגעת הקרקפת ולמניעת גירוי ויובש,,0.00,100.00,false,1.00,54.90,0.00,true,0,
7290003108633,false,סבוקלם קלאסיק קרם עשיר לאזורי יובש 50 מל,סבוקלם Sebocalm,,קרם עשיר להזנת העור ולמניעת יובש,,0.00,100.00,false,1.00,96.90,0.01,true,0,
7290003108640,false,סבוקלם קלאסיק קרם עיניים וצוואר 30 מל,סבוקלם Sebocalm,,קרם עיניים לחות והזנה לעור רגיש,,0.00,100.00,false,1.00,96.90,0.03,true,0,
7290003130399,false,מברשת שיניים לילדים שלב 2 אקווה פרש.,גלקסו סמית קליין,,מברשת שיניים תומר התנין לגילאי 3-5 שנים,,0.00,0.00,false,1.00,15.90,0.00,true,0,
7290003145768,false,בוטנים אמריקאיים 50גר קליית גת,ששון ושות;#039& )ש.ת. תע,IL,בוטנים אמריקאיים בוטנים מצופים,,0.00,0.00,false,1.00,2.90,0.00,true,0,
7290003227402,false,מידנייט תחליב גוף 275 מל,חלאבין,,מידנייט קרם גוף,"מ""ל",275.00,100.00,false,1.00,36.90,0.00,true,0,
7290003227822,false,חלאבלין SPORTS דאודורנט קרם לבית השחי,תעשיות שיק,,חלאבילין ספורט קרם דאודורנט לבית השחי,,0.00,100.00,false,1.00,36.90,0.03,true,0,
7290003227990,false,"חלאבילין קרם דאודורנט לאישה, 10 ג'",תעשיות שיק,,חלאבילין לנשים קרם דאודורנט לבית השחי,,0.00,100.00,false,1.00,36.90,0.03,true,0,
7290003387205,false,ספיד סטיק - דאודורנט סטיק לגבר רגולר,הנסיך- מפעל לייצור ט,,דאודורנט סטיק לגבר,,0.00,100.00,false,1.00,25.90,0.00,true,0,
7290003387373,false,דאודורנט ספיד סטיק בסיסי קלאסי פרש ספורט לגבר,הנסיך- מפעל לייצור ט,,דאודורנט סטיק קלאסי,,0.00,100.00,false,1.00,25.90,0.00,true,0,
<<<<<<< HEAD
7290003387410,false,שלישיית פדים להסרת איפור בלונס 80 יחידות,ספטונה,GR,פדים להסרת איפור,,0.00,0.00,false,1.00,24.90,0.10,true,0,
7290003401369,false,"קרם לחות לשיער חוחובה נטורל פורמולה 400 מ""ל",מיוצר עי אמיליה קוסמ,,לחות ועיצוב לשיער ללא שטיפה לשיער יבש מאוד ופגום,"מ""ל",400.00,100.00,false,1.00,18.90,0.00,true,0,
7290003401376,false,"קרם לחות ועיצוב לשיער אלוורה נטורל 400 מ""ל",מיוצר עי אמיליה קוסמ,,לחות ועיצוב לשיער ללא שטיפה לשיער רגיל עד יבש,"מ""ל",400.00,100.00,false,1.00,18.90,0.00,true,0,
7290003401420,false,"קרם לחות לשיער סיליקון כתום נטורל 400 מ""ל",מיוצר עי אמיליה קוסמ,,לחות ועיצוב לשיער ללא שטיפה לכל סוגי השיער,"מ""ל",400.00,100.00,false,1.00,18.90,0.00,true,0,
7290003401635,false,נטורל פורמולה לחות מעצבת לפתיחת תלתלים,מיוצר עי אמיליה קוסמ,,לחות מעצבת לפתיחת תלתלים,"מ""ל",400.00,100.00,false,1.00,26.90,0.00,true,0,
7290003401642,false,"קרם לחות לתלתלים טבעיים נטורל פורמולה 400 מ""ל",מיוצר עי אמיליה קוסמ,,לחות מעצבת לתלתול טבעי,"מ""ל",400.00,100.00,false,1.00,26.90,0.00,true,0,
=======
7290003387410,false,שלישיית פדים להסרת איפור בלונס 80 יחידות,ש. שסטוביץ בע`מ,GR,פדים להסרת איפור,,0.00,0.00,false,1.00,24.90,0.10,true,0,
7290003401369,false,"קרם לחות לשיער חוחובה נטורל פורמולה 400 מ""ל",החברה הדרומית לשיווק בעמ,,לחות ועיצוב לשיער ללא שטיפה לשיער יבש מאוד ופגום,"מ""ל",400.00,100.00,false,1.00,18.90,0.00,true,0,
7290003401376,false,"קרם לחות ועיצוב לשיער אלוורה נטורל 400 מ""ל",החברה הדרומית לשיווק בעמ,,לחות ועיצוב לשיער ללא שטיפה לשיער רגיל עד יבש,"מ""ל",400.00,100.00,false,1.00,18.90,0.00,true,0,
7290003401420,false,"קרם לחות לשיער סיליקון כתום נטורל 400 מ""ל",החברה הדרומית לשיווק בעמ,,לחות ועיצוב לשיער ללא שטיפה לכל סוגי השיער,"מ""ל",400.00,100.00,false,1.00,18.90,0.00,true,0,
7290003401635,false,נטורל פורמולה לחות מעצבת לפתיחת תלתלים,החברה הדרומית לשיווק בעמ,,לחות מעצבת לפתיחת תלתלים,"מ""ל",400.00,100.00,false,1.00,26.90,0.00,true,0,
7290003401642,false,"קרם לחות לתלתלים טבעיים נטורל פורמולה 400 מ""ל",החברה הדרומית לשיווק בעמ,,לחות מעצבת לתלתול טבעי,"מ""ל",400.00,100.00,false,1.00,26.90,0.00,true,0,
>>>>>>> d048ac2f4f281c9d788043ab4e81b61b0dbe3743
7290003401666,false,"נטורל - ווקס לשיער לברק חזק 120 מ""ל",General,,ווקס לברק חזק,"מ""ל",120.00,100.00,false,1.00,32.90,0.00,true,0,
7290003521074,false,סרקל מרכך שיער לילדים דר. פישר (1 ליטר),"פישר תעשיות פרמצביטות בע""מ",,מרכך לילדים,,0.00,1.00,false,1.00,28.90,28.90,true,0,
7290003521081,false,"סרקל שמפו אל דמע לילדים ד""ר פישר 1 ליטר","פישר תעשיות פרמצביטות בע""מ",,שמפו לילדים,,0.00,1.00,false,1.00,28.90,28.90,true,0,
7290003521128,false,יולקטין קרם פורטה 75 מל,פישר מעבדות פרמצבטיות בע,,קרם פורטה טיפולי לעור יבש במיוחד,,0.00,100.00,false,1.00,61.90,0.00,true,0,
7290003521142,false,"ד""ר פישר - יולקטין קרם רגליים 90 גרם",פישר מעבדות פרמצבטיות בע,,קרם פורטה טיפולי לכף הרגל לטיפול אינטנסיבי והקלה מיידית,,0.00,100.00,false,1.00,59.90,0.00,true,0,
7290003521166,false,"ד""ר פישר - סרקל קרם רוזמרין לילדים 325 מ""ל","פישר תעשיות פרמצביטות בע""מ",,קרם רוזמרין לילדים,"מ""ל",325.00,100.00,false,1.00,26.90,0.00,true,0,
7290003521197,false,"ד""ר פישר - סרקל תרסיס מתיר קשרים 340 מ""ל","פישר תעשיות פרמצביטות בע""מ",,תרסיס מתיר קשרים לילדים,"מ""ל",340.00,100.00,false,1.00,26.90,0.00,true,0,
7290003521760,false,"אפטרסול ג'ל אלוורה שפורפרת ד""ר פישר 200 מ""ל","פישר תעשיות פרמצביטות בע""מ",,AFTER-SUN ג'ל לחות לטיפול בעור אלוורה טבעית,גרם,200.00,100.00,false,1.00,29.90,0.00,true,0,
7290003522606,false,פארמה וויפס מגבונים אנטי-בקטריאליים 160,"ד""ר פישר Dr fischer",IL,פארמה וויפס מגבונים אנטי-בקטריאליים לניקוי וחיטוי משטחים ואביזרים רפואיים,,0.00,0.00,false,1.00,24.90,0.00,true,0,
7290003676316,false,רפיד בלונד 1+3 10 גרם,General,,אבקה להבהרת שיער 3+1,,0.00,1.00,false,1.00,8.90,0.89,true,0,
7290003953073,false,ופוקל לנשימה קלה 30 מל,תמר שיווק,,ואפוקל,,0.00,0.00,false,1.00,36.90,0.00,true,0,
7290003953196,false,ופוקל קיד לנשימה קלה30מל,תמר שיווק,IL,ואפוקל קיד בייבי,,0.00,100.00,false,1.00,49.90,0.01,true,0,
7290003953721,false,סורקס תרסיס פה 30 מל,תמר שיווק,,ספריי לפה,,0.00,100.00,false,1.00,69.90,0.02,true,0,
7290004078225,false,"שטיפת פה קולגייט פלקס מינט ירוק 500מ""ל",קולגייט- פלמוליב,,מי פה פלאקס ללא אלכוהול,"מ""ל",500.00,100.00,false,1.00,36.90,0.00,true,0,
7290004078690,false,"אגקס נוזל לניקוי אסלות מרענן 750 מ""ל",הנסיך- מפעל לייצור ט,GR,WC ג'ל עם אקונומיקה 3 ב- 1 בניחוח רענן,,0.00,100.00,false,1.00,16.90,0.00,true,0,
7290004078942,false,ליידי ספיד סטיק - דאודורנט ג'ל לאישה 65 גרם,קולגייט-פלמוליב,,דאודורנט ג'ל שאוור פרש,,0.00,100.00,false,1.00,14.90,0.00,true,0,
7290004103972,false,"לקטופיל קרם ידיים 100מ""ל",כ.צ.ט,,קרם ידיים טיפולי לידיים עובדות,,0.00,0.00,false,1.00,34.90,0.34,true,0,
7290004104306,false,טרמומטר לחדר עץ,איתן,,מד חום לחדר מעץ,,0.00,0.00,false,1.00,22.90,22.90,true,0,
7290004199166,false,כפפות לאטקס קטן איזי טאצ` (100),הדקלאים אגודת שיתופי,CN,כפפות לאטקס S,,0.00,0.00,false,1.00,39.90,0.39,true,0,
7290004464851,false,מידנייט U קרם גוף 400 משאבה,חלאבין,,מידנייט U קרם גוף,"מ""ל",400.00,100.00,false,1.00,36.90,0.00,true,0,
7290004546335,false,מברשת גילוח לומה,איתן ספקים E,,מברשת גילוח,,0.00,0.00,false,1.00,24.90,0.00,true,0,
7290004548414,false,ציפת ניילון לשמיכת יחיד,איתן,,ציפת ניילון לשמיכת יחיד,,0.00,0.00,false,1.00,71.90,71.90,true,0,
7290004676322,false,תפוח קרם למניעת סימני מתיחה 200 מל,תפוח,IL,קרם למניעת סימני מתיחה,,0.00,100.00,false,1.00,74.90,0.00,true,0,
<<<<<<< HEAD
7290004731083,false,"סבון נוזלי לידיים ג'נסינג ""כיף""",טרופיקל דגיל תעשיות,,אל סבון קטיפתי ג'נסינג מועשר בלחות,,0.00,1.00,false,1.00,12.90,12.90,true,0,
7290004731472,false,"שלישיית אלסבון צבעוני כיף 500 מ""ל",טרופיקל דגיל תעשיות,,צבעוני אל סבון קטיפתי,,0.00,100.00,false,1.00,19.90,0.00,true,0,
=======
7290004731083,false,אל סבון נוזלי ג`ינסנג כיף (1 ליטר),החברה הדרומית לשיווק בעמ,,אל סבון קטיפתי ג'נסינג מועשר בלחות,,0.00,1.00,false,1.00,12.90,12.90,true,0,
7290004731472,false,"שלישיית אלסבון צבעוני כיף 500 מ""ל",החברה הדרומית לשיווק בעמ,,צבעוני אל סבון קטיפתי,,0.00,100.00,false,1.00,19.90,0.00,true,0,
>>>>>>> d048ac2f4f281c9d788043ab4e81b61b0dbe3743
7290004731984,false,משחת שיניים אורביטול להלבנה 145 גר,טרופיקל דגיל תעשיות קוסמ,IL,משחת שיניים GO WHITE,,0.00,100.00,false,1.00,12.90,0.00,true,0,
7290004914110,false,KISS תרסיס ריח לפה מנטה 20 סמק,איתן,,תרסיס ריח לפה בטעם מנטה,,0.00,0.00,false,1.00,19.90,0.00,true,0,
7290004914127,false,KISS תרסיס ריח לפה דובדבן 20 סמק,איתן,,תרסיס ריח לפה בטעם דובדבן,,0.00,0.00,false,1.00,19.90,0.00,true,0,
7290005008184,false,"סבון נוזלי בניחוח חלב שקדים פלמוליב 500 מ""ל",הנסיך- מפעל לייצור ט,TR,נטורלס תחליב רחצה שקדים,"מ""ל",500.00,100.00,false,1.00,19.90,0.00,true,0,
7290005008191,false,"סבון נוזלי ארומה בניחוח לבנדר פטצ'ולי וילנג ילנג פלמוליב 500 מ""ל",הנסיך- מפעל לייצור ט,,"ארומה סנסיישן סבון רחצה מועשר בתמציות של לבנדר, ילנג- ילנג והל","מ""ל",500.00,100.00,false,1.00,19.90,0.00,true,0,
7290005008481,false,ספיד סטיק - דאודורנט ג'ל לגבר ספורט 85 גרם,הנסיך- מפעל לייצור ט,,דאודורנט ג'ל פאוור ספורט,,0.00,100.00,false,1.00,14.90,0.00,true,0,
7290005084355,false,סנסודין משחת שיניים דואל קר פלואוריד 75,גלקסו סמית קליין,,Dual care - משחת שיניים להגנה כפולה לשיניים רגישות,"מ""ל",75.00,100.00,false,1.00,18.90,0.00,true,0,
7290005124686,false,בליסטקס שפתון-תות,מדיליין פריגו,,שפתון בטעם תות עם מסנני קרינה לשפתיים יבשות וסדוקות SPF 15,,0.00,100.00,false,1.00,15.90,0.03,true,0,
7290005124884,false,א-דרמה סבון דרמטולוגי ללא סבון לעור רגיש,מדיליין פריגו,,סבון מוצק,,0.00,0.00,false,1.00,44.90,0.00,true,0,
7290005169922,false,תה טיבטי קלאסי טבעי 90 שקיקים,SHALPHARM HMZRAH (SODOT,,קלאסי טבעי,,0.00,0.00,false,1.00,59.90,0.66,true,0,
7290005169939,false,תה טיבטי קלאסי נענע 90 שקיקים,SHALPHARM HMZRAH (SODOT,,קלאסי בטעם נענע,,0.00,0.00,false,1.00,59.90,0.66,true,0,
7290005169946,false,תה טיבטי קלאסי לימון 90 שקיקים,SHALPHARM HMZRAH (SODOT,,קלאסי בטעם לימון,,0.00,0.00,false,1.00,59.90,0.66,true,0,
7290005169953,false,תה טיבטי קלאסי פירות 90 שקיקים,SHALPHARM HMZRAH (SODOT,,קלאסי בטעם פירות,,0.00,0.00,false,1.00,59.90,0.66,true,0,
7290005287053,false,סטארקיסט טונה בשמן 110 גרם,סטארקיסט,IL,נתחי טונה בהירה בשמן,,0.00,100.00,false,1.00,7.90,0.00,true,0,
<<<<<<< HEAD
7290005418709,false,"נטורל קרם לחות לקיבוע תלתלים גלי 400 מ""ל",מיוצר עי אמיליה קוסמ,,לחות מעצבת במרקם ג'ל לקיבוע תלתלים,"מ""ל",400.00,100.00,false,1.00,26.90,0.00,true,0,
=======
7290005418709,false,"נטורל קרם לחות לקיבוע תלתלים גלי 400 מ""ל",החברה הדרומית לשיווק בעמ,,לחות מעצבת במרקם ג'ל לקיבוע תלתלים,"מ""ל",400.00,100.00,false,1.00,26.90,0.00,true,0,
>>>>>>> d048ac2f4f281c9d788043ab4e81b61b0dbe3743
7290005418891,false,"ג'ל אסטרים חזק לעיצוב רטוב נטורל פורמולה 500 מ""ל",מיוצר עי : אמיליה קוסמטי,,ג'ל חזק לעיצוב רטוב,,0.00,100.00,false,1.00,23.90,0.00,true,0,
7290005423505,false,"מי פה אורביטול להלבנת השיניים 500 מ""ל",החברה הדרומית לשיווק בעמ,,מי פה שטיפה דנטלית להלבנת שיניים,"מ""ל",500.00,100.00,false,1.00,19.90,0.00,true,0,
7290005423635,false,ריצפז נוזל רצפות דוחה תיקנים סנו 2 ליטר,החברה הדרומית לשיווק בעמ,,נוזל לניקוי רצפה דוחה תיקנים,,0.00,1.00,false,1.00,24.90,12.45,true,0,
7290005424403,false,"אל סבון כיף אצות ים קטיפתי 1ליטר,",החברה הדרומית לשיווק בעמ,,אל סבון קטיפתי אצות ים מועשר בלחות,,0.00,1.00,false,1.00,12.90,12.90,true,0,
7290005424991,false,סנו פרש אוטומטיק בהתזה קצובה ניחוח בייבי פאודר,החברה הדרומית לשיווק בעמ,IL,פרש הום מבשם אויר מילוי למכשיר אוטומטי בניחוח בייבי פאודר,,0.00,100.00,false,1.00,15.90,0.00,true,0,
7290005425127,false,"חיטוי משטחים 99.9% מתז לשומנים ואבנית 750 מ""ל",החברה הדרומית לשיווק בעמ,IL,99.9% מחטא תרסיס לחיטוי וניקוי יסודי,,0.00,100.00,false,1.00,14.90,0.00,true,0,
7290005425646,false,קליר נוזל לניקוי חלונות רב תכליתי סנו 1 ליטר,החברה הדרומית לשיווק בעמ,,נוזל רב-תכליתי לניקוי והברקה,,0.00,1.00,false,1.00,11.90,11.90,true,0,
7290005426568,false,"קרמה - קרם לחות לשיער רגיל 400 מ""ל",החברה הדרומית לשיווק בעמ,,לחות לשיער ללא שטיפה לשיער רגיל,"מ""ל",400.00,100.00,false,1.00,24.90,0.00,true,0,
7290005426865,false,אורביטול - משחת שיניים לילדים בטעם מסטיק 70 גרם,טרופיקל דגיל תעשיות קוסמ,,משחת שיניים לילדים עם פלואוריד למניעת עששת בטעם מסטיק,גרם,70.00,100.00,false,1.00,11.90,0.00,true,0,
7290005427107,false,סנו - סושי מגבות נייר הפלא 6 יחידות,החברה הדרומית לשיווק בעמ,,מגבות נייר,,0.00,0.00,false,1.00,10.90,1.81,true,0,
7290005427770,false,"קרמה - קרם לחות לשיער לגבר 400 מ""ל",טרופיקל דגיל תעשיות,,לחות לשיער למראה מעוצב ללא שטיפה לכל סוגי השיער,"מ""ל",400.00,100.00,false,1.00,24.90,0.00,true,0,
7290005427787,false,"קרמה - קרם לחות לשיער מתולתל 400 מ""ל",החברה הדרומית לשיווק בעמ,,לחות לשיער ללא שטיפה,"מ""ל",400.00,100.00,false,1.00,24.90,0.00,true,0,
7290005427985,false,"קרמה תחליב רחצה לפנים בתוספת גרגירי פילינג 180 מ""ל",גוד פוד פרודקטס S.p,,תחליב רחצה לפנים פילינג,"מ""ל",180.00,100.00,false,1.00,13.90,0.00,true,0,
7290005430510,false,נייר טואלט לבן סנו סופט (18.4x40 מטר),החברה הדרומית לשיווק בעמ,,סופט נייר טואלט לבן,,0.00,0.00,false,1.00,42.90,1.07,true,0,
7290005430602,false,"סנו אוקסיג'ן ספריי להסרת כתמים עם חמצן פעיל 750 מ""ל",החברה הדרומית לשיווק בעמ,,מסיר כתמים ללא אקונומיקה,"מ""ל",750.00,100.00,false,1.00,16.90,0.00,true,0,
7290005500688,false,"פנינה רוזנבלום מסיכה לשיקום ורודה , 1 ק""ג",פנינה רוזנבלום בעמ,,מסיכה לשיער,"מ""ל",1000.00,1.00,false,1.00,47.90,47.90,true,0,
7290005587825,false,לוריאל - דרמו מסיר איפור דו פאזי 125 עברית,לוריאל ישראל קוסמטיקס בעמ,,מסיר איפור עמיד במים,,0.00,100.00,false,1.00,32.00,0.00,true,0,
7290005657573,false,ג`נסיס אולטרה קר קרם לחות יומיומי רגיל50,פישר מעבדות פרמצבטיות בע,,TRI MOIST קרם יום מזין לעור רגיל SPF30,,0.00,100.00,false,1.00,99.90,0.01,true,0,
7290005657580,false,ג`נסיס אולטרה קר קרם יום מועשר יבש 50,פישר מעבדות פרמצבטיות בע,,TRI MOIST קרם יום מזין לעור יבש-יבש מאוד SPF30,,0.00,100.00,false,1.00,99.90,0.01,true,0,
7290005657597,false,ג`נסיס אולטרה קר תחליב יום שמן/מעורב 50,פישר תעשיות פרמצבטיות בע,,TRI MOIST קרם יום מזין לעור מעורב-שמן SPF30,,0.00,100.00,false,1.00,99.90,0.01,true,0,
7290005657627,false,"ג`נסיס אולטרה קר קרם לילה מזין 50 מ""ל",פישר מעבדות פרמצבטיות בע,,TRI-MOIST קרם לילה מזין לכל סוגי העור,,0.00,100.00,false,1.00,99.90,0.01,true,0,
7290005657658,false,"ג`נסיס מינרלס קרם מינרלי 50 מ""ל",פישר מעבדות פרמצבטיות בע,,MINERALS קרם יום מזין לעור רגיל,,0.00,100.00,false,1.00,99.90,0.01,true,0,
7290005657665,false,ג`נסיס מינרלס קרם מינרלי מועשר יבש 50,פישר מעבדות פרמצבטיות בע,,MINERALS קרם יום מינרלי,,0.00,100.00,false,1.00,99.90,0.01,true,0,
7290005657689,false,"ג`נסיס מינרלס קרם לילה מזין 50 מ""ל",פישר מעבדות פרמצבטיות בע,,MINERALS קרם לילה מזין,,0.00,100.00,false,1.00,99.90,0.01,true,0,
7290005680052,false,טמפונים סופר פלוס אובה 32 יחידות,גונסון אנד גונסון,,טמפונים סופר פלוס,,0.00,0.00,false,1.00,30.90,1.03,true,0,
7290005717048,false,מלח סדומית,תמר שיווק,,,,0.00,0.00,false,1.00,35.90,0.00,true,0,
7290005846472,false,ג.נסיס ווייט קרם לחות מבהיר עור רגיל/יבש,פישר מעבדות פרמצבטיות בע,,WHITE קרם יום מבהיר לעור יבש - רגיל,,0.00,100.00,false,1.00,169.90,0.03,true,0,
7290005846489,false,ג.נסיס ווייט תחליב לחות מבהיר מעורב/שמן,General,,WHITE קרם יום מבהיר לעור מעורב עד שמן,,0.00,100.00,false,1.00,169.90,0.03,true,0,
7290005846496,false,ג.נסיס ווייט קרם לילה מבהיר,פישר מעבדות פרמצבטיות בע,,WHITE קרם לילה מבהיר,,0.00,100.00,false,1.00,169.90,0.03,true,0,
7290006185501,false,"פנינה רוזנבלום -אל סבון נוזלי ורוד,1 ליטר","פנינה רוזנבלום בע""מ",,אל סבון נוזלי לגוף מועשר בתמצית קמומיל ורוד,,0.00,1.00,false,1.00,14.90,14.90,true,0,
7290006185518,false,"פנינה רוזנבלום -אל סבון נוזלי כחול,1 ליטר","פנינה רוזנבלום בע""מ",,אל סבון נוזלי לגוף מועשר בתמצית קמומיל,,0.00,1.00,false,1.00,14.90,14.90,true,0,
7290006235220,false,דר פישר קידס מגבונים 30יח TO GO דיספנסר,"ד""ר פישר Dr fischer",,מגבונים היגיינים קידס TO GO דיספנסר,,0.00,0.00,false,1.00,6.90,0.23,true,0,
7290006235633,false,"ד""ר פישר - יולקטין שמפו טיפולי 450 מ""ל",פישר מעבדות פרמצבטיות בע,,שמפו טיפולי לטיפול אינטנסיבי והקלה מיידית,,0.00,100.00,false,1.00,39.90,0.00,true,0,
7290006235640,false,"ד""ר פישר - יולקטין אל סבון 450 מ""ל",פישר מעבדות פרמצבטיות בע,,אל סבון טיפולי בתחליב לטיפול אינטנסיבי והקלה מיידית לעור יבש במיוחד,,0.00,100.00,false,1.00,39.90,0.00,true,0,
7290006235657,false,"ד""ר פישר - יולקטין תחליב 450 מ""ל",פישר מעבדות פרמצבטיות בע,,תחליב גוף לטיפול אינטנסיבי והקלה מיידית,"מ""ל",450.00,100.00,false,1.00,59.90,0.00,true,0,
7290006251589,false,תה ירוק עם עלי נענע 50 שקיקים ויסוצקי,תה ויסוצקי (ישראל) בעמ,IL,תה ירוק נענע,,0.00,0.00,false,1.00,48.90,0.00,true,0,
7290006287106,false,"נטורל - ווקס לשיער לעיצוב אלסטי 120 מ""ל",מיוצר עי : אמיליה קוסמטי,,ווקס לעיצוב אלסטי,"מ""ל",120.00,100.00,false,1.00,32.90,0.00,true,0,
7290006401366,false,"סבון לשטיפה אינטימית ליגיניה פרוטקטיב 200 מ""ל",)פייזר (קונסיומר הלט קר,,סבון נוזלי לשמירת היגיינה נשית אינטימית,,0.00,100.00,false,1.00,44.90,0.00,true,0,
7290006401373,false,ליגיניה סבון מרענן לשטיפה אינטימית,פייזר )קונסיומר הלט קר(,,סבון נוזלי לשמירת היגיינה נשית אינטימית על בסיס מרכיבים טבעיים,,0.00,100.00,false,1.00,44.90,0.00,true,0,
7290006631367,false,שייקר לתינוק,General,CN,,,0.00,0.00,false,1.00,17.90,17.90,true,0,
7290006651204,false,"ד""ר פישר - יולקטין קרם ידיים 100 מ""ל",פישר מעבדות פרמצבטיות בע,,קרם ידיים טיפולי,,0.00,0.00,false,1.00,34.90,0.34,true,0,
7290006651259,false,דר פישר 9 חודשים קרם הזנה 200 מל,"ד""ר פישר Dr fischer",,9 חודשים קרם הזנה לתקופת ההריון ולאחר לידה היפואלרגני,"מ""ל",200.00,100.00,false,1.00,49.90,0.00,true,0,
7290006651570,false,"קמיל בלו צמחי מרפא שמפו ואל סבון ד""ר פישר 750 מ""ל","פישר תעשיות פרמצבטיות בע""מ",,צמחי מרפא אל סבון ושמפו לתינוק,"מ""ל",750.00,100.00,false,1.00,19.90,0.00,true,0,
7290006677327,false,תה תערובת צמחים פירות90ש,SHALPHARM HMZRAH (SODOT,IL,פורטה תערובת צמחים לחליטה,,0.00,0.00,false,1.00,59.90,0.66,true,0,
7290006677334,false,תה טיבטי פורטה קלאסי90שק,SHALPHARM HMZRAH (SODOT,IL,פורטה תערובת צמחים ופירות לחליטה בטעם פירות,,0.00,100.00,false,1.00,59.90,0.00,true,0,
7290006712684,false,ספיד סטיק 24/7 סטיק כחול,קולגייט פלמוליב,,דאודורנט סטיק פרש ראש 24/7,,0.00,100.00,false,1.00,25.90,0.00,true,0,
7290006712981,false,"משחת שיניים קולגייט ספיידרמן מגיל שש 50 מ""ל",הנסיך- מפעל לייצור ט,PL,משחת שיניים ילדים באטמן לגילאי 6+ לשיניים חזקות בטעם פירות,"מ""ל",50.00,100.00,false,1.00,15.90,0.00,true,0,
7290006788061,false,"מרכך קרליין 10 לשיער רגיל 700 מ""ל",מיוצר עי : אמיליה קוסמטי,,מרכך לשיער רגיל,"מ""ל",700.00,100.00,false,1.00,9.90,0.00,true,0,
7290006788269,false,קרליין פרפקט קר סרום למיצוק העור,קרליין,,PERFECT CARE סרום למיצוק העור,,0.00,100.00,false,1.00,99.00,0.03,true,0,
7290006788290,false,"קרליין - חלב פנים לעור רגיל / מעורב 260 מ""ל",קרליין,,חלב פנים לעור רגיל/מעורב,"מ""ל",250.00,100.00,false,1.00,39.90,0.00,true,0,
7290006788313,false,"קרליין - חלב פנים לעור יבש / עדין 260 מ""ל",קרליין,,חלב פנים לעור רגיל/עדין,"מ""ל",250.00,100.00,false,1.00,39.90,0.00,true,0,
7290006788320,false,קרליין - מי פנים לעור יבש ללא אלכוהול,קרליין,,מי פנים לעור יבש/ללא אלכוהול,"מ""ל",250.00,100.00,false,1.00,39.90,0.00,true,0,
7290006788368,false,קרליין דאודורנט סטיק נושם כתום,קרליין,,דאודורנט סטיק נושם כתום ללא אלכוהול,,0.00,100.00,false,1.00,19.90,0.00,true,0,
<<<<<<< HEAD
7290006788399,false,"דאו רול און נושם סנסיטיב ירוק קרליין 75 מ""ל",אמיליה קוסמטיקס בעמ,,דאודורנט רול און נושם סנסטיב ללא אלכוהול,,0.00,100.00,false,1.00,13.90,0.00,true,0,
7290006788405,false,"קרליין - נושם אקטיב דאודורנט רול און לאישה ברודו 75 מ""ל",מיוצר עי : אמיליה קוסמטי,,דאודורנט רול און נושם בורדו,,0.00,100.00,false,1.00,13.90,0.00,true,0,
7290006788412,false,"קרליין - נושם אקווה דאודורנט רול און לאישה כחול 75 מ""ל",אמיליה קוסמטיקס בעמ,,דאודורנט רול און נושם כחול ללא אלכוהול,,0.00,100.00,false,1.00,13.90,0.00,true,0,
7290006788429,false,"קרליין - נושם סאן רייס דאודורנט רול און לאישה כתום 75 מ""ל","אמיליה קוסמטיקס בע""מ",,דאודורנט רול און נושם כתום ללא אלכוהול,,0.00,100.00,false,1.00,13.90,0.00,true,0,
7290006788436,false,"קרליין - נושם פיור דאודורנט רול און לאישה ורוד 75 מ""ל",משווק: קוסמופארם בעמ,,דאודורנט רול און נושם ורוד ללא אלכוהול,,0.00,100.00,false,1.00,13.90,0.00,true,0,
7290006788443,false,"קרליין - נושם אוקסיג'ן דאודורנט רול און לאישה סגול 75 מ""ל","אמיליה קוסמטיקס בע""מ",,דאודורנט רול און נושם סגול ללא אלכוהול,,0.00,100.00,false,1.00,13.90,0.00,true,0,
7290006788467,false,"קרליין - נושם אקטיב דאודורנט ספריי לאישה בורדו 200 מ""ל",מיוצר עי : אמיליה קוסמטי,,דאודורנט ספריי נושם בורדו,"מ""ל",200.00,100.00,false,1.00,13.90,0.00,true,0,
7290006788481,false,"קרליין - נושם סאן רייס דאודורנט ספריי לאישה כתום 200 מ""ל",מיוצר עי : אמיליה קוסמטי,,דאודורנט ספריי נושם כתום,"מ""ל",200.00,100.00,false,1.00,13.90,0.00,true,0,
7290006788498,false,"קרליין - נושם פיור דאודורנט ספריי לאישה ורוד 200 מ""ל",מיוצר עי : אמיליה קוסמטי,,דאודורנט ספריי נושם ורוד,"מ""ל",200.00,100.00,false,1.00,13.90,0.00,true,0,
7290006788504,false,"קרליין - נושם אוקסיג'ן דאודורנט ספריי לאישה סגול 200 מ""ל",מיוצר עי : אמיליה קוסמטי,,דאודורנט ספריי נושם סגול,"מ""ל",200.00,100.00,false,1.00,13.90,0.00,true,0,
7290006788559,false,"טיטניום ICE דאודורנט תרסיס ספריי 180 מ""ל",אמיליה קוסמטיקס בעמ,,אייס דאודורנט ספריי לגבר,"מ""ל",200.00,100.00,false,1.00,16.90,0.00,true,0,
=======
7290006788399,false,"דאו רול און נושם סנסיטיב ירוק קרליין 75 מ""ל",החברה הדרומית לשיווק בעמ,,דאודורנט רול און נושם סנסטיב ללא אלכוהול,,0.00,100.00,false,1.00,13.90,0.00,true,0,
7290006788405,false,"קרליין - נושם אקטיב דאודורנט רול און לאישה ברודו 75 מ""ל",החברה הדרומית לשיווק בעמ,,דאודורנט רול און נושם בורדו,,0.00,100.00,false,1.00,13.90,0.00,true,0,
7290006788412,false,"קרליין - נושם אקווה דאודורנט רול און לאישה כחול 75 מ""ל",החברה הדרומית לשיווק בעמ,,דאודורנט רול און נושם כחול ללא אלכוהול,,0.00,100.00,false,1.00,13.90,0.00,true,0,
7290006788429,false,"קרליין - נושם סאן רייס דאודורנט רול און לאישה כתום 75 מ""ל",החברה הדרומית לשיווק בעמ,,דאודורנט רול און נושם כתום ללא אלכוהול,,0.00,100.00,false,1.00,13.90,0.00,true,0,
7290006788436,false,"קרליין - נושם פיור דאודורנט רול און לאישה ורוד 75 מ""ל",החברה הדרומית לשיווק בעמ,,דאודורנט רול און נושם ורוד ללא אלכוהול,,0.00,100.00,false,1.00,13.90,0.00,true,0,
7290006788443,false,"קרליין - נושם אוקסיג'ן דאודורנט רול און לאישה סגול 75 מ""ל",החברה הדרומית לשיווק בעמ,,דאודורנט רול און נושם סגול ללא אלכוהול,,0.00,100.00,false,1.00,13.90,0.00,true,0,
7290006788467,false,"קרליין - נושם אקטיב דאודורנט ספריי לאישה בורדו 200 מ""ל",החברה הדרומית לשיווק בעמ,,דאודורנט ספריי נושם בורדו,"מ""ל",200.00,100.00,false,1.00,13.90,0.00,true,0,
7290006788481,false,"קרליין - נושם סאן רייס דאודורנט ספריי לאישה כתום 200 מ""ל",החברה הדרומית לשיווק בעמ,,דאודורנט ספריי נושם כתום,"מ""ל",200.00,100.00,false,1.00,13.90,0.00,true,0,
7290006788498,false,"קרליין - נושם פיור דאודורנט ספריי לאישה ורוד 200 מ""ל",החברה הדרומית לשיווק בעמ,,דאודורנט ספריי נושם ורוד,"מ""ל",200.00,100.00,false,1.00,13.90,0.00,true,0,
7290006788504,false,"קרליין - נושם אוקסיג'ן דאודורנט ספריי לאישה סגול 200 מ""ל",החברה הדרומית לשיווק בעמ,,דאודורנט ספריי נושם סגול,"מ""ל",200.00,100.00,false,1.00,13.90,0.00,true,0,
7290006788559,false,"טיטניום ICE דאודורנט תרסיס ספריי 180 מ""ל",החברה הדרומית לשיווק בעמ,,אייס דאודורנט ספריי לגבר,"מ""ל",200.00,100.00,false,1.00,16.90,0.00,true,0,
>>>>>>> d048ac2f4f281c9d788043ab4e81b61b0dbe3743
7290006789914,false,"קרליין - מי פנים אויל פרי 260 מ""ל",קרליין,,OIL FREE מי פנים,"מ""ל",250.00,100.00,false,1.00,39.90,0.00,true,0,
7290006789921,false,"קרליין - תחליב לחות אויל פרי 50 מ""ל",קרליין,,OIL FREE תחליב לחות קל,,0.00,100.00,false,1.00,54.90,0.01,true,0,
7290006789938,false,"קרליין - תמיסה לייבוש פצעים אויל פרי 15 מ""ל",קרליין,,OIL FREE תמיסת יבוש נקודתי,,0.00,100.00,false,1.00,54.90,0.03,true,0,
7290006791467,false,"נטורל - סרום לשיער להגמשת התלתלים 145 מ""ל",מיוצר עי : אמיליה קוסמטי,,סרום לשיער מתולתל,"מ""ל",145.00,100.00,false,1.00,50.90,0.00,true,0,
7290006791474,false,"נטורל - סרום לשיער לשמירה על חוזק 145 מ""ל",General,,סרום לשיער רגיל או ארוך,,0.00,100.00,false,1.00,50.90,0.00,true,0,
7290006791870,false,"נטורל - ג'ל שיער לעיצוב חזק 500 מ""ל",מיוצר עי : אמיליה קוסמטי,,ג'ל לעיצוב חזק במיוחד,,0.00,100.00,false,1.00,19.90,0.00,true,0,
<<<<<<< HEAD
7290006822192,false,נקטר דיאט חמוציות אושן ספריי פריגת 1 ליטר,מבשלות בירה בינלאומיות ב,,דיאט חמוציות,,0.00,1.00,false,1.00,15.90,15.90,true,0,
7290006992161,false,מטרנה - דייסת קורנפלור פרוביוטי 200 גרם,מולינו ניקולי s.p.a,,דייסת קורנפלור 6+ חודשים,גרם,200.00,100.00,false,1.00,14.90,0.00,true,0,
7290006992185,false,"מטרנה - דייסת אורז פרוביוטי כשל""פ 200 גרם",מולינו ניקולי s.p.a,,דייסת דגנים אורז 6+ חודשים,גרם,200.00,100.00,false,1.00,14.90,0.00,true,0,
7290006992192,false,דייסה מטרנה סולת פרוביוטיקה,מטרנה תעשיות ש.מ,,דייסת דגנים סולת 6+,גרם,200.00,100.00,false,1.00,14.90,0.00,true,0,
7290006992208,false,מטרנה דייסת 8 דגנים מעורבים 200 גרם,מטרנה תעשיות ש.מ,,דייסת 8 דגנים מעורבים 6+,גרם,200.00,100.00,false,1.00,14.90,0.00,true,0,
7290006992390,false,"מטרנה - דייסת וניל פרוביוטי כשל""פ 200 גרם",מולינו ניקולי s.p.a,,דייסה בטעם וניל 6+,גרם,200.00,100.00,false,1.00,14.90,0.00,true,0,
7290008000239,false,"שטיפה אינטימית מועשר בלחות פמינה 220 מ""ל",פמינה,,תחליב רחצה אינטימי קוקוס,,0.00,100.00,false,1.00,29.90,0.00,true,0,
7290008000246,false,"פמינה - שטיפה אינטימית מועשר באלוורה 220 מ""ל",פמינה,,תחליב רחצה אינטימי אלוורה,,0.00,100.00,false,1.00,29.90,0.00,true,0,
=======
7290006822192,false,נקטר דיאט חמוציות אושן ספריי פריגת 1 ליטר,החברה המרכזית להפצת משקאות בעמ,,דיאט חמוציות,,0.00,1.00,false,1.00,15.90,15.90,true,0,
7290006992161,false,מטרנה - דייסת קורנפלור פרוביוטי 200 גרם,קבוצת אוסם סחר שותפות מוגבלת,,דייסת קורנפלור 6+ חודשים,גרם,200.00,100.00,false,1.00,14.90,0.00,true,0,
7290006992185,false,"מטרנה - דייסת אורז פרוביוטי כשל""פ 200 גרם",קבוצת אוסם סחר שותפות מוגבלת,,דייסת דגנים אורז 6+ חודשים,גרם,200.00,100.00,false,1.00,14.90,0.00,true,0,
7290006992192,false,דייסה מטרנה סולת פרוביוטיקה,קבוצת אוסם סחר שותפות מוגבלת,,דייסת דגנים סולת 6+,גרם,200.00,100.00,false,1.00,14.90,0.00,true,0,
7290006992208,false,מטרנה דייסת 8 דגנים מעורבים 200 גרם,קבוצת אוסם סחר שותפות מוגבלת,,דייסת 8 דגנים מעורבים 6+,גרם,200.00,100.00,false,1.00,14.90,0.00,true,0,
7290006992390,false,"מטרנה - דייסת וניל פרוביוטי כשל""פ 200 גרם",קבוצת אוסם סחר שותפות מוגבלת,,דייסה בטעם וניל 6+,גרם,200.00,100.00,false,1.00,14.90,0.00,true,0,
7290008000239,false,"שטיפה אינטימית מועשר בלחות פמינה 220 מ""ל",גורי ע.ע.ע בעמ,,תחליב רחצה אינטימי קוקוס,,0.00,100.00,false,1.00,29.90,0.00,true,0,
7290008000246,false,"פמינה - שטיפה אינטימית מועשר באלוורה 220 מ""ל",גורי ע.ע.ע. בע`מ,,תחליב רחצה אינטימי אלוורה,,0.00,100.00,false,1.00,29.90,0.00,true,0,
>>>>>>> d048ac2f4f281c9d788043ab4e81b61b0dbe3743
7290008000734,false,"תחליב גוף לקטופיל 250מ""ל",כ.צ.ט,,קרם גוף טיפולי,"מ""ל",250.00,100.00,false,1.00,39.90,0.00,true,0,
7290008000796,false,"סופרמן משחת שיניים לילדים בטעם פירות כצט 50 מ""ל",גורי ע.ע.ע. בע`מ,,משחת שיניים ג'ל עם פלואוריד בטעם פירות מרענן,,0.00,100.00,false,1.00,11.90,0.00,true,0,
7290008000826,false,"משחת שיניים לילדים בטעם פירות לגילאים 2-6 כצט 50 מ""ל",גורי ע.ע.ע. בע`מ,,משחת שיניים לילדים בטעם פירות מרענן גילאי 2-6,"מ""ל",50.00,100.00,false,1.00,11.90,0.00,true,0,
7290008001502,false,אלמקס מי פה לשיניים רגישות 400 מל,"ש. שסטוביץ בע""\מ",PL,סנסיטיב מי פה לשיניים רגישות,"מ""ל",400.00,100.00,false,1.00,29.90,0.00,true,0,
7290008013178,false,קרם לחות לאיזון עור פנים שומני עם פצעונים SPF 30,צטאפיל Cetaphil,CA,קרם לחות לאיזון עור פנים שומני עם פצעונים מכיל מסנן קרינה ארוך טווח SPF30,,0.00,100.00,false,1.00,129.90,0.01,true,0,
7290008016841,false,צטאפיל תרחיץ ניקוי פנים,רפא,CA,תרחיץ ניקוי לעור רגיל עד שמן,,0.00,100.00,false,1.00,93.90,0.00,true,0,
7290008016933,false,צטאפיל דרמקונטרול קצף ניקוי לפנים,רפא,CA,פרו קצף ניקוי לעור עם פצעונים,,0.00,100.00,false,1.00,85.00,0.00,true,0,
7290008017138,false,מרכך רוזמרין לשיער רך וקל לסירוק לשימוש יומיומי,מורז,,מרכך שיער לסירוק קל ולניחוח מרענן,,0.00,100.00,false,1.00,39.90,0.00,true,0,
7290008017367,false,מורז ספריי כינקייר 100 מל,מורז,,ספריי כינקייר לשמירה על היגיינת הראש,,0.00,0.00,false,1.00,69.90,0.69,true,0,
7290008017459,false,שמפו צמחי לטיפול בקשקשים מצמח הרוזמרין,מורז,,שמפו צמחי לטיפול בקשקשים מצמח הרוזמרין,,0.00,100.00,false,1.00,49.90,0.00,true,0,
7290008017466,false,מורז שמפו לשיער יבש 500 מל,מורז,,שמפו לשיער יבש,,0.00,100.00,false,1.00,49.90,0.00,true,0,
7290008017473,false,מורז שמפו לשיער רגיל 500 מל,מורז,,שמפו צמחי לשיער רגיל עד שמן,,0.00,100.00,false,1.00,49.90,0.00,true,0,
7290008017589,false,מורז כפתן קרם פוליגונום לכף הרגל,מורז,,כפתן קרם פוליגונום לכף הרגל,"מ""ל",250.00,100.00,false,1.00,89.90,0.00,true,0,
7290008017626,false,מורז רדסקין קרם פוליגונום לשפשפות 250 מל,מורז,,קרם פוליגונום לשפשפות אריזת חיסכון,,0.00,100.00,false,1.00,89.90,0.00,true,0,
7290008017640,false,מורז אל סבון לתינוקות ולעור רגיש 250 מל,מורז,,אל סבון לתינוקות לעור רגיש,"מ""ל",250.00,100.00,false,1.00,34.90,0.00,true,0,
7290008017718,false,כינקייר - שמפו לטיפול בכינים,מורז,,כינקייר שמפו טבעי לטיפול בכינים,"מ""ל",500.00,100.00,false,1.00,59.90,0.00,true,0,
7290008017732,false,מורז קרם פוליגונום ליום לעור יבש,מורז,,קרם יום פוליגונום לעור יבש,,0.00,100.00,false,1.00,89.90,0.01,true,0,
7290008017886,false,"כפתן - קרם פוליגונום לכף הרגל לעור קשה, סדוק ויבש",מורז,,"כפתן קרם פוליגונום לכף הרגל לעור קשה, סדוק ויבש",,0.00,0.00,false,1.00,39.90,0.39,true,0,
7290008017909,false,מורז מגן פוליגונום לשפתים טיפולי,מורז,,שפתון פוליגונום לשפתיים יבשות,,0.00,100.00,false,1.00,19.90,0.01,true,0,
7290008017916,false,משושת - משחת פוליגונום להגנה על עור מגורה,מורז,,משחת פוליגונום להקלה על עור מגורה (משושת),,0.00,100.00,false,1.00,59.90,0.01,true,0,
7290008017930,false,קרם פוליגונום לכפות ידיים יבשות וסדוקות,מורז,,קרם פוליגונום לכפות ידיים יבשות וסדוקות,,0.00,0.00,false,1.00,49.90,0.49,true,0,
7290008017954,false,מורז רדסקין קרם פוליגונום לשפשפות 100 מל,מורז,,רדסקין קרם פוליגונום לשפשפות,,0.00,0.00,false,1.00,39.90,0.39,true,0,
7290008017985,false,מורז קרם ידיים קוסמטי100 - ברונזה,מורז,,קרם ידיים קוסמטי,,0.00,0.00,false,1.00,19.00,0.19,true,0,
7290008017992,false,מורז קרם לילה טבעי לעור יבש 50 מל,מורז,,קרם לילה צמחי לעור יבש,,0.00,100.00,false,1.00,89.90,0.01,true,0,
7290008068512,false,בייבי פסטה משחה קמומיל לתינוק 100 גר',ויטאמד צריכה,,משחה לתינוק קמומיל,,0.00,0.00,false,1.00,24.90,0.24,true,0,
7290008084956,false,בייבי פסטה משחה לתינוק,בייבי פסטה,,משחה לתינוק,גרם,120.00,100.00,false,1.00,17.90,0.00,true,0,
7290008092197,false,"פרסקינדול אקטיב גל 100 מ""ל",מדיטרנד,,ג'ל פעיל להקלה מיידית בכאב מקומי שרירים תפוסים כאבי פרקים,,0.00,0.00,false,1.00,64.90,0.64,true,0,
7290008104036,false,"לקטופיל - תחליב סבון טיפולי 500 מ""ל",פמינה,,תחליב סבון טיפולי,"מ""ל",500.00,100.00,false,1.00,59.90,0.00,true,0,
<<<<<<< HEAD
7290008104050,false,"שטיפת אינטימית לקטופיל פמינה 220 מ""ל",כצט נוביס סעמ,,קלאסיק תחליב רחצה אינטימי,,0.00,100.00,false,1.00,24.90,0.00,true,0,
=======
7290008104050,false,"שטיפת אינטימית לקטופיל פמינה 220 מ""ל",גורי ע.ע.ע. בע`מ,,קלאסיק תחליב רחצה אינטימי,,0.00,100.00,false,1.00,24.90,0.00,true,0,
>>>>>>> d048ac2f4f281c9d788043ab4e81b61b0dbe3743
7290008116534,false,ליסטרין שטיפת פה קול מינט 250 מל,ג'\ונסון אנד ג'\ונסון,,קול מינט שטיפת פה,"מ""ל",250.00,100.00,false,1.00,19.90,0.00,true,0,
7290008116862,false,בלנאום שמן רחצה יומיומי לתינוקות וילדים,שקד תבל בעמ,,בייבי - שמן אמבט לתינוקות וילדים,"מ""ל",500.00,100.00,false,1.00,99.90,0.00,true,0,
7290008116886,false,בלנאום שמן רחצה טיפולי לתינוקות וילדים 5,שקד תבל בעמ,,שמן אמבט לעור יבש - בייבי פורטה,"מ""ל",500.00,100.00,false,1.00,99.90,0.00,true,0,
7290008141000,false,משחת ארניקה לעיסוי העור,S.L.A (DR.SAMUELOV,,משחת ארניקה לעיסוי העור,,0.00,100.00,false,1.00,54.90,0.02,true,0,
7290008141017,false,משחת קלנדולה משחה להקלה במקרים של עור פגום,S.L.A (DR.SAMUELOV,,משחה להקלה במקרים של עור פגום ולשיפור מרקם העור,,0.00,100.00,false,1.00,54.90,0.02,true,0,
7290008141024,false,וולדה משחת הממליס 10%,S.L.A (DR.SAMUELOV,,משחת הממליס למריחה באיזור הרגליים והישבן,,0.00,0.00,false,1.00,58.90,0.00,true,0,
7290008318518,false,"דאו.לאבליין ספריי 187מ""ל",חלאבין,,לאבליין דאודורנט ספריי,"מ""ל",187.00,100.00,false,1.00,21.90,0.00,true,0,
7290008318662,false,קרם גוף חלאבין כתום 275מ,חלאבין,,קרם גוף כתום,"מ""ל",275.00,100.00,false,1.00,36.90,0.00,true,0,
7290008318921,false,טל קרם לידיים יבשות 150,General,,קרם מועשר לידיים יבשות,,0.00,100.00,false,1.00,14.90,0.00,true,0,
7290008444231,false,"קרליין - קרם ג'ל לחות יאנג 50 מ""ל",קרליין,,YOUNG קרם/ג'ל לחות,,0.00,100.00,false,1.00,59.90,0.01,true,0,
7290008493413,false,פירורי לחם מאיר בייגל פירורי גריסיני 200 גרם,"דנשר (1963) בע,מ",IL,פירורי גריסיני קלאסי,,0.00,100.00,false,1.00,8.90,0.00,true,0,
7290008690713,false,נקטר חמוציות אושן ספריי פריגת (1 ליטר),החברה המרכזית להפצת משקאות בעמ,,נקטר חמוציות,,0.00,1.00,false,1.00,15.90,15.90,true,0,
7290008711678,false,אקטיסופ סבון הגייני250מל,ניאופארם,,סבון היגייני מועשר בתמציות צמחי מרפא,,0.00,100.00,false,1.00,38.90,0.00,true,0,
7290008750264,false,"מסטיק מאסט ציקלס דובדבן 28 גרם לל""ס מגדים",שטראוס גרופ בע`מ,,גומי לעיסה ללא סוכר בטעם ספירמינט עדין,,0.00,0.00,false,1.00,4.90,0.00,true,0,
7290008752244,false,תפוצ'יפס קראנץ' בטעם גריל עלית 50 גרם,"שטראוס פריטו ליי בע""\מ )",,חטיף תפוח אדמה קראנצ' בטעם גריל,,0.00,100.00,false,1.00,4.90,0.00,true,0,
7290008753111,false,תפוצ'יפס קראנץ' בטעם מקסיקני עלית 50 גרם,"שטראוס פריטו ליי בע""\מ )",,קראנצ' חטיף תפו''א בטעם מקסיקני,,0.00,100.00,false,1.00,4.90,0.00,true,0,
<<<<<<< HEAD
7290008753364,false,דוריטוס גריל עלית 55 ג',שטראוס פריטו ליי בע,,חטיף תירס מתובל בטעם גריל,,0.00,100.00,false,1.00,2.90,0.00,true,0,
7290008754415,false,גומי מאסט בטעם ספירמינט עדין פליפטופ 28 ג' עלית,"שטראוס גרופ בע""מ",,גומי לעיסה ללא סוכר בטעם ספירמינט עדין,,0.00,100.00,false,1.00,4.90,0.00,true,0,
=======
7290008753364,false,דוריטוס גריל עלית 55 ג',שטראוס פריטו ליי בעמ,,חטיף תירס מתובל בטעם גריל,,0.00,100.00,false,1.00,2.90,0.00,true,0,
7290008754415,false,גומי מאסט בטעם ספירמינט עדין פליפטופ 28 ג' עלית,שטראוס גרופ בע`מ,,גומי לעיסה ללא סוכר בטעם ספירמינט עדין,,0.00,100.00,false,1.00,4.90,0.00,true,0,
>>>>>>> d048ac2f4f281c9d788043ab4e81b61b0dbe3743
7290008905855,false,SOS בוקל פלוס תרסיס 15 מל,ויטליטי,,SOS BUCAL PLUS - בוקל פלוס תרסיס 100% טבעי,,0.00,100.00,false,1.00,92.90,0.06,true,0,
7290008909853,false,"קוקה קולה זירו בקבוק 500 מ""ל.",החברה המרכזית להפצת משקאות בעמ,,ZERO,,0.00,100.00,false,1.00,8.90,0.00,true,0,
7290008968201,false,פרוקטו אובלפיכה פתילות,פרוקטו אובלפיכה,,פתילות רקטליות,,0.00,0.00,false,1.00,53.90,4.49,true,0,
7290008968645,false,קמילוטרקט מסכה משקמת לשיער 250 מל,קמילוטרקט,,מסכת שיער משקמת ביוטין-ארגן,,0.00,100.00,false,1.00,61.90,0.00,true,0,
7290008968867,false,קמילוטרקט אקטיב אמפולות 8 יחידות,הרבה דרם,,אמפולות לטיפול בשיער דליל,,0.00,0.00,false,1.00,152.90,19.11,true,0,
7290008968881,false,פרוקטו אובלפיכה פורטה קרם לשימוש באזור פי הטבעת,פרוקטו אובלפיכה,,קרם לשימוש באזור פי הטבעת,,0.00,100.00,false,1.00,45.90,0.01,true,0,
7290008968959,false,קמילוטרקט אינטימה יאנג 200 מל,הרבה דרם,,אינטימה יאנג קצף הגיינה אישית לנערות,,0.00,100.00,false,1.00,59.90,0.00,true,0,
7290008975551,false,תחליף חלב מטרנה מהדרין שלב 3 חלבי 700 גרם,קבוצת אוסם סחר שותפות מוגבלת,,מהדרין תרכובת מזון המשך לפעוטות שלב 3,,0.00,100.00,false,1.00,58.90,0.00,true,0,
7290010035380,false,תמיסה לשטיפת פה יומיומית ללא אלכוהול,פארו paro,,תמיסה לשטיפת פה יומיומית ללא אלכוהול,,0.00,100.00,false,1.00,58.90,0.00,true,0,
<<<<<<< HEAD
7290010065271,false,פרינוק - מחית תפוחי עץ 130 גרם,פרינוק,,מחית תפוחי עץ שלב 1,גרם,130.00,100.00,false,1.00,5.50,0.00,true,0,
7290010065295,false,פרינוק - מחית תפוחי עץ ובננה 130 גרם,פרינוק,,מחית תפוח ובננה שלב 2,,0.00,100.00,false,1.00,5.50,0.00,true,0,
7290010065332,false,מחית תפוח עץ בננה ג'וניור פרינוק 190 גרם,פרוטה פודווין איי.אס,,מחית בננה ותפוח עץ שלב 3,,0.00,100.00,false,1.00,6.50,0.00,true,0,
7290010065349,false,מחית סלט פירות ג'וניור פרינוק 190 גרם,פרוטה פודווין איי.אס,,מחית סלט פירות שלב 3,,0.00,100.00,false,1.00,6.50,0.00,true,0,
7290010065745,false,מחית לפתן פירות ג'וניור פרינוק 190 גרם,פרוטה פודווין איי.אס,,מחית לפתן פירות שלב 3,,0.00,100.00,false,1.00,6.50,0.00,true,0,
7290010117970,false,סבבה בוטנים קלויים מצופים - אריזה אישית,"שטראוס פריטו ליי בע""",,בוטנים אמריקאים,,0.00,100.00,false,1.00,2.00,0.00,true,0,
7290010119950,false,דוריטוס חמוץ חריף 55 גרם-סטריפ,שטראוס גרופ,,חטיף תירס מתובל חמוץ חריף,,0.00,100.00,false,1.00,2.90,0.00,true,0,
7290010161669,false,אדם פרימייר דאודורנט ספריי 200 מל,זוהר קוסמטיקס,IL,PREMIER דאודורנט ספריי לגבר,,0.00,100.00,false,1.00,17.90,0.00,true,0,
=======
7290010065271,false,פרינוק - מחית תפוחי עץ 130 גרם,גורי מוצרי צריכה בעמ,,מחית תפוחי עץ שלב 1,גרם,130.00,100.00,false,1.00,5.50,0.00,true,0,
7290010065295,false,פרינוק - מחית תפוחי עץ ובננה 130 גרם,גורי מוצרי צריכה (1991) בעמ,,מחית תפוח ובננה שלב 2,,0.00,100.00,false,1.00,5.50,0.00,true,0,
7290010065332,false,מחית תפוח עץ בננה ג'וניור פרינוק 190 גרם,גורי מוצרי צריכה (1991) בעמ,,מחית בננה ותפוח עץ שלב 3,,0.00,100.00,false,1.00,6.50,0.00,true,0,
7290010065349,false,מחית סלט פירות ג'וניור פרינוק 190 גרם,גורי מוצרי צריכה (1991) בעמ,,מחית סלט פירות שלב 3,,0.00,100.00,false,1.00,6.50,0.00,true,0,
7290010065745,false,מחית לפתן פירות ג'וניור פרינוק 190 גרם,גורי מוצרי צריכה (1991) בעמ,,מחית לפתן פירות שלב 3,,0.00,100.00,false,1.00,6.50,0.00,true,0,
7290010117970,false,סבבה בוטנים קלויים מצופים - אריזה אישית,שטראוס פריטו ליי בע`מ,,בוטנים אמריקאים,,0.00,100.00,false,1.00,2.00,0.00,true,0,
7290010119950,false,חטיף דוריטוס בטעם חמוץ חריף 55 גרם,שטראוס פריטו ליי בע`מ,,חטיף תירס מתובל חמוץ חריף,,0.00,100.00,false,1.00,2.90,0.00,true,0,
7290010161669,false,"אדם פריימר דאורדורנט ספריי לגבר 200 מ""",ש. שסטוביץ בע`מ,IL,PREMIER דאודורנט ספריי לגבר,,0.00,100.00,false,1.00,17.90,0.00,true,0,
>>>>>>> d048ac2f4f281c9d788043ab4e81b61b0dbe3743
7290010182237,false,לאב ליין דאו.רול און כתום,חלאבין,,לאבליין orange דאודורנט רול-און עד 48 שעות,,0.00,100.00,false,1.00,21.90,0.00,true,0,
7290010182985,false,חלאבלין דאודורנט סטיק 72 שעות כחול,חלאבין,IL,לאבילין דאודורנט סטיק עד 72 שעות כחול,,0.00,100.00,false,1.00,29.90,0.00,true,0,
7290010182992,false,חלאבלין דאודורנט סטיק 72 שעות אדום,חלאבין,IL,לאבילין דאודורנט סטיק עד 72 שעות אדום,,0.00,100.00,false,1.00,29.90,0.00,true,0,
7290010222759,false,אלפסין שמפו קפאין C1 מארז שלישייה,סמואלוב,DE,שמפו קפאין C1 מארז,,0.00,100.00,false,1.00,119.90,0.00,true,0,
7290010222766,false,"וולדה ארומה תוש ספריי, 1 מ""ל",וולדה WELEDA,,ארומה תוש -ספריי תרסיס המכיל שמנים ארומטיים,,0.00,100.00,false,1.00,54.90,0.00,true,0,
7290010294787,false,ונו קשטן ג'ל לרגליים30גר,LIFE OF TRI,,,,0.00,100.00,false,1.00,52.90,0.01,true,0,
7290010323821,false,גנסיס יאנג גל גרגירים,General,,YOUNG ג'ל גרגירים לניקוי עמוק,"מ""ל",150.00,100.00,false,1.00,59.90,0.00,true,0,
7290010378067,false,קרם טיפולי לאשה ELASTAN,(PERRIGO(AGIS,,"אלסטן, קרם טיפולי למניעה וטשטוש של סימני מתיחה",,0.00,100.00,false,1.00,74.90,0.00,true,0,
7290010378074,false,אקניל תרחיץ פנים 150מל,(PERRIGO(AGIS,,תרחיץ פנים טיפולי נטול שומן,,0.00,100.00,false,1.00,69.50,0.00,true,0,
7290010380466,false,"קרליין - קרם ג'ל לפנים יאנג 50 מ""ל 15SPF",קרליין,,YOUNG קרם ג'ל SPF 15,,0.00,100.00,false,1.00,59.90,0.01,true,0,
<<<<<<< HEAD
7290010382811,false,"לחות קלילה לשיער מתולתל נטורל פורמולה, 400 מ""ל",קרליין,,לחות קלילה על בסיס מים לשיער מתולתל,,0.00,100.00,false,1.00,26.90,0.00,true,0,
7290010382842,false,"קרם נטורל פורמולה קרם לחות קלילה לשיער רגיל, 400 מ""ל קלילה רגיל",מיוצר עי : אמיליה קוסמטי,,לחות קלילה על בסיס מים לשיער רגיל חלק עד גלי,,0.00,100.00,false,1.00,26.90,0.00,true,0,
7290010748518,false,"סרקל פורטה שמפו לילדים 750 מ""ל",פישר מעבדות פרמצבטיות בע,,שמפו פורטה,"מ""ל",750.00,100.00,false,1.00,25.90,0.00,true,0,
7290010748525,false,"סרקל פורטה מרכך לילדים 750 מ""ל",פישר מעבדות פרמצבטיות בע,,מרכך פורטה,"מ""ל",750.00,100.00,false,1.00,25.90,0.00,true,0,
7290010748853,false,"ד""ר פישר - אפקטיב קר קרם ידיים סנסיטיב 150 מ""ל",פישר מעבדות פרמצבטיות בע,,קרם ידיים וציפורניים לעור רגיש-ללא בושם,"מ""ל",150.00,100.00,false,1.00,17.90,0.00,true,0,
7290010748860,false,"ד""ר פישר - אפקטיב קר קרם ידיים אינטנסיב 150 מ""ל",פישר מעבדות פרמצבטיות בע,,קרם ידיים וציפורניים לעור יבש במיחד,"מ""ל",150.00,100.00,false,1.00,17.90,0.00,true,0,
7290010748877,false,"אפקטיב קר קרם גוף סנסטיב לעור רגיש ח 700 מ""ל",פישר מעבדות פרמצבטיות בע,,קרם גוף לעור רגיש ללא בישום,"מ""ל",700.00,100.00,false,1.00,27.90,0.00,true,0,
7290010748884,false,אפקטיב קר קרם גוף אינטנסיב לעור יבש במיוחד ח 700,פישר מעבדות פרמצבטיות,,קרם גוף לעור יבש במיוחד,"מ""ל",700.00,100.00,false,1.00,27.90,0.00,true,0,
7290010748891,false,אפקטיב קר קרם גוף מולטי ויטמין לעור רגיל יבש ח 7,פישר מעבדות פרמצבטיות בע,,קרם גוף לעור רגיל-יבש,"מ""ל",700.00,100.00,false,1.00,27.90,0.00,true,0,
7290010838219,false,ממתיק על בסיס צמח הסטיביה - שקיות,"קיפל טבליות וממתיקים בע""מ",,סטיביה ממתיק על בסיס צמח הסטיביה 0 קלוריות לשקית,,0.00,0.00,false,1.00,34.90,0.34,true,0,
7290010883059,false,מברשת שיניים חשמלית בוב ספוג אורביטול,ELECTRIC S.S.,CN,מברשת שיניים לילדים עם סוללות בוב ספוג,,0.00,0.00,false,1.00,39.90,0.00,true,0,
7290011018184,false,פיוז טי תה קר בטעם אפרסק,מבשלות בירה בינלאומי,,בטעם אפרסק,,0.00,100.00,false,1.00,8.90,0.00,true,0,
7290011018917,false,ק.קולה זירו פרידגפק סליק 330 מל שישייה,החברה המרכזית לייצור משקאות,,זירו פחיות,,0.00,0.00,false,1.00,25.90,0.00,true,0,
7290011026066,false,"ד""ר פישר - סרקל שמפו + מרכך לילדים 1 ליטר",פישר מעבדות פרמצבטיות בע,,שמפו ומרכך לילדים,,0.00,1.00,false,1.00,28.90,28.90,true,0,
7290011026301,false,"ד""ר פישר - שמפו לשיער כסוף 400 מ""ל",פישר מעבדות פרמצבטיות,,SILVER שמפו לשיער כסוף,"מ""ל",400.00,100.00,false,1.00,29.90,0.00,true,0,
7290011026516,false,קמיל בלו קרמאף 30 גרם,General,,קרמאף לעור עדין במיוחד,,0.00,100.00,false,1.00,25.90,0.00,true,0,
7290011026523,false,שמפו לתינוק לפני השינה Senstive עם לבנדר וקמומיל,פישר מעבדות פרמצבטיות בע,,סנסיטיב לפני השינה שמפו לתינוק,"מ""ל",500.00,100.00,false,1.00,19.90,0.00,true,0,
7290011026530,false,ק.ב סנסטיב אל סבון לבנדר קמומיל לפני השינה 500 מ,פישר מעבדות פרמצבטיות בע,,סנסיטיב לפני השינה אל סבון לתינוק,"מ""ל",500.00,100.00,false,1.00,19.90,0.00,true,0,
7290011113926,false,דאודורנט ספריי טיטניום בלאק Titanium Black,משווק: וסמופארם בעממ,,דאודורנט ספריי לגבר בלק,"מ""ל",200.00,100.00,false,1.00,16.90,0.00,true,0,
7290011115166,false,נקה 7 ארומה סבון נוזלי לבנדר 1 ל',טרופיקל דגיל תעשיות,,תחליב רחצה סגול לבנדר,,0.00,1.00,false,1.00,14.90,14.90,true,0,
7290011115289,false,אל סבון מוצק מבושם בניחוח עדין קלאסיק - מארז רביעיה,"גליל כימיכלים בע""מ",,אל סבון מוצק מבושם בניחוח עדין,גרם,400.00,100.00,false,1.00,15.90,0.00,true,0,
7290011167424,false,ג`נסיס תרחיץ מקציף לעור הפנים 2:1 רגיל,פישר מעבדות פרמצבטיות,,CLEANSING תרחיץ מקציף לניקוי יסודי ולהסרת איפור 2 ב-1,"מ""ל",200.00,100.00,false,1.00,44.90,0.00,true,0,
7290011223038,false,בונומי עלים לקרמשניט שכבות אפויות מבצק עלים 300 גרם,בונומי ס.פ.א,IT,עלים לקרמשניט,,0.00,100.00,false,1.00,16.90,0.00,true,0,
7290011223045,false,בישקוטים בונומי 200 גרם,בונומי ס.פ.א,IT,בישקוטים,,0.00,100.00,false,1.00,8.90,0.00,true,0,
=======
7290010382811,false,"לחות קלילה לשיער מתולתל נטורל פורמולה, 400 מ""ל",החברה הדרומית לשיווק בעמ,,לחות קלילה על בסיס מים לשיער מתולתל,,0.00,100.00,false,1.00,26.90,0.00,true,0,
7290010382842,false,"קרם נטורל פורמולה קרם לחות קלילה לשיער רגיל, 400 מ""ל קלילה רגיל",החברה הדרומית לשיווק בעמ,,לחות קלילה על בסיס מים לשיער רגיל חלק עד גלי,,0.00,100.00,false,1.00,26.90,0.00,true,0,
7290010748518,false,"סרקל פורטה שמפו לילדים 750 מ""ל",פישר תעשיות פרמבצטיות בעמ,,שמפו פורטה,"מ""ל",750.00,100.00,false,1.00,25.90,0.00,true,0,
7290010748525,false,"סרקל פורטה מרכך לילדים 750 מ""ל",פישר תעשיות פרמבצטיות בעמ,,מרכך פורטה,"מ""ל",750.00,100.00,false,1.00,25.90,0.00,true,0,
7290010748853,false,"ד""ר פישר - אפקטיב קר קרם ידיים סנסיטיב 150 מ""ל","פישר תעשיות פרמצביטות בע""מ",,קרם ידיים וציפורניים לעור רגיש-ללא בושם,"מ""ל",150.00,100.00,false,1.00,17.90,0.00,true,0,
7290010748860,false,"ד""ר פישר - אפקטיב קר קרם ידיים אינטנסיב 150 מ""ל","פישר תעשיות פרמצביטות בע""מ",,קרם ידיים וציפורניים לעור יבש במיחד,"מ""ל",150.00,100.00,false,1.00,17.90,0.00,true,0,
7290010748877,false,"אפקטיב קר קרם גוף סנסטיב לעור רגיש ח 700 מ""ל",פישר תעשיות פרמצבטיות בעמ,,קרם גוף לעור רגיש ללא בישום,"מ""ל",700.00,100.00,false,1.00,27.90,0.00,true,0,
7290010748884,false,אפקטיב קר קרם גוף אינטנסיב לעור יבש במיוחד ח 700,"פישר תעשיות פרמצביטות בע""מ",,קרם גוף לעור יבש במיוחד,"מ""ל",700.00,100.00,false,1.00,27.90,0.00,true,0,
7290010748891,false,אפקטיב קר קרם גוף מולטי ויטמין לעור רגיל יבש ח 7,פישר תעשיות פרמצבטיות בעמ,,קרם גוף לעור רגיל-יבש,"מ""ל",700.00,100.00,false,1.00,27.90,0.00,true,0,
7290010838219,false,ממתיק על בסיס צמח הסטיביה - שקיות,"קיפל טבליות וממתיקים בע""מ",,סטיביה ממתיק על בסיס צמח הסטיביה 0 קלוריות לשקית,,0.00,0.00,false,1.00,34.90,0.34,true,0,
7290010883059,false,אורביטול מברשת שיניים בוב ספוג חשמלית,החב הדרומית לשיווק,CN,מברשת שיניים לילדים עם סוללות בוב ספוג,,0.00,0.00,false,1.00,39.90,0.00,true,0,
7290011018184,false,תה קר בטעם אפרסק פיוז-טי (500 מל),החברה המרכזית להפצת משקאות בעמ,,בטעם אפרסק,,0.00,100.00,false,1.00,8.90,0.00,true,0,
7290011018917,false,ק.קולה זירו פרידגפק סליק 330 מל שישייה,החברה המרכזית להפצת משקאות בעמ,,זירו פחיות,,0.00,0.00,false,1.00,25.90,0.00,true,0,
7290011026066,false,"ד""ר פישר - סרקל שמפו + מרכך לילדים 1 ליטר","פישר תעשיות פרמצביטות בע""מ",,שמפו ומרכך לילדים,,0.00,1.00,false,1.00,28.90,28.90,true,0,
7290011026301,false,"ד""ר פישר - שמפו לשיער כסוף 400 מ""ל","פישר תעשיות פרמצביטות בע""מ",,SILVER שמפו לשיער כסוף,"מ""ל",400.00,100.00,false,1.00,29.90,0.00,true,0,
7290011026516,false,"ד""ר פישר קרם אף קמיל בלו",פישר תעשיות פרמבצטיות בעמ,,קרמאף לעור עדין במיוחד,,0.00,100.00,false,1.00,25.90,0.00,true,0,
7290011026523,false,שמפו לתינוק לפני השינה Senstive עם לבנדר וקמומיל,"פישר תעשיות פרמצביטות בע""מ",,סנסיטיב לפני השינה שמפו לתינוק,"מ""ל",500.00,100.00,false,1.00,19.90,0.00,true,0,
7290011026530,false,ק.ב סנסטיב אל סבון לבנדר קמומיל לפני השינה 500 מ,"פישר תעשיות פרמצביטות בע""מ",,סנסיטיב לפני השינה אל סבון לתינוק,"מ""ל",500.00,100.00,false,1.00,19.90,0.00,true,0,
7290011113926,false,דאודורנט ספריי טיטניום בלאק Titanium Black,החברה הדרומית לשיווק בעמ,,דאודורנט ספריי לגבר בלק,"מ""ל",200.00,100.00,false,1.00,16.90,0.00,true,0,
7290011115166,false,נקה 7 ארומה סבון נוזלי לבנדר 1 ל',החברה הדרומית לשיווק בעמ,,תחליב רחצה סגול לבנדר,,0.00,1.00,false,1.00,14.90,14.90,true,0,
7290011115289,false,אל סבון מוצק מבושם בניחוח עדין קלאסיק - מארז רביעיה,החברה הדרומית לשיווק בעמ,,אל סבון מוצק מבושם בניחוח עדין,גרם,400.00,100.00,false,1.00,15.90,0.00,true,0,
7290011167424,false,ג`נסיס תרחיץ מקציף לעור הפנים 2:1 רגיל,פישר מעבדות פרמצבטיות,,CLEANSING תרחיץ מקציף לניקוי יסודי ולהסרת איפור 2 ב-1,"מ""ל",200.00,100.00,false,1.00,44.90,0.00,true,0,
7290011223038,false,בונומי עלים לקרמשניט שכבות אפויות מבצק עלים 300 גרם,דנשר (1963) בעמ,IT,עלים לקרמשניט,,0.00,100.00,false,1.00,16.90,0.00,true,0,
7290011223045,false,בישקוטים ליידיפינגרז בונומי (200 גרם),דנשר (1963) בעמ,IT,בישקוטים,,0.00,100.00,false,1.00,8.90,0.00,true,0,
>>>>>>> d048ac2f4f281c9d788043ab4e81b61b0dbe3743
7290011223243,false,"טואלט דאק ג'ל לאסלה בניחוח לבנדר 55 מ""ל","איטיליאן פוד, אס.פי.",,ג'ל אסלה בניחוח לבנדר,,0.00,100.00,false,1.00,12.90,0.00,true,0,
7290011278168,false,כי-מט תרסיס משמנים טהורים להיגיינת הראש,פיור אויל PURE OIL,,כי מט תרסיס טבעי משמנים טהורים להגיינית הראש,,0.00,100.00,false,1.00,61.90,0.01,true,0,
7290011278687,false,פיור אויל דיטוש רול און,תמר שיווק,,רול און תכשיר למריחה והגנה על העור המכיל 100% שמנים טהורים,,0.00,100.00,false,1.00,31.90,0.00,true,0,
7290011300975,false,פנינה סבון נוזלי ורוד פרדייז 500 מל,פנינה רוזנבלום בעמ,,אל סבון נוזלי ורוד פרדייז,,0.00,100.00,false,1.00,8.90,0.00,true,0,
7290011332020,false,"שמן רחצה טיפולי לתינוק לעור רגיל אמול 500 מ""ל פישר","פישר תעשיות פרמבצטיות בע""מ",,שמן רחצה טיפולי לתינוק,,0.00,100.00,false,1.00,89.90,0.00,true,0,
7290011332983,false,מגבונים לניקוי אף מגבונאף קמיל בלו- מארז שלישייה,"פישר תעשיות פרמצביטות בע""מ",,מגבונים לניקוי אף היפואלרגני,,0.00,0.00,false,1.00,24.90,0.83,true,0,
7290011447014,false,מטרנה דייסת סלט פירות 200 גרם,קבוצת אוסם סחר שותפות מוגבלת,,דייסת סלט פירות 6+,גרם,200.00,100.00,false,1.00,14.90,0.00,true,0,
7290011447267,false,מטרנה פרימיום חלבי שלב 1 700 גרם חיסכון,קבוצת אוסם סחר שותפות מוגבלת,,תרכובת מזון לתינוקות שלב 1,,0.00,100.00,false,1.00,59.90,0.00,true,0,
7290011447281,false,מטרנה פרימיום חלבי שלב 2 700 גרם חיסכון,קבוצת אוסם סחר שותפות מוגבלת,,תרכובת מזון המשך לתינוקות שלב 2,גרם,700.00,100.00,false,1.00,59.90,0.00,true,0,
7290011447304,false,מטרנה פרימיום חלבי שלב 3 700 גרם חיסכון,קבוצת אוסם סחר שותפות מוגבלת,,תרכובת מזון המשך לתינוקות שלב 3,,0.00,100.00,false,1.00,59.90,0.00,true,0,
7290011447359,false,תחליף חלב מטרנה מהדרין שלב 1 חלבי 700 גרם,קבוצת אוסם סחר שותפות מוגבלת,,מהדרין תרכובת מזון לתינוקות שלב 1,גרם,700.00,100.00,false,1.00,58.90,0.00,true,0,
7290011447373,false,תחליף חלב מטרנה מהדרין שלב 2 חלבי 700 גרם,קבוצת אוסם סחר שותפות מוגבלת,,מהדרין תרכובת מזון המשך לתינוקות שלב 2,גרם,700.00,100.00,false,1.00,58.90,0.00,true,0,
7290011517571,false,רוז לאב ליין דאו.ספריי 48 ללא אלומיניום,חלאבין Halvin,,לאבליין rouge דאודורנט ספריי,,0.00,100.00,false,1.00,21.90,0.00,true,0,
7290011522605,false,"גלייז מעצב שיער לתלתלים 400 מ""ל",ג'נרל מילס סאן אדריא,,מעצב ומחזק תלתלים לשיער מתולתל /מסולסל/ קשה לסידור,"מ""ל",400.00,100.00,false,1.00,31.90,0.00,true,0,
7290011525316,false,"ד""ר פישר - קמיל בלו סנסיטיב תחליב לתינוק שיבולת 500 מ""ל",פישר תעשיות פרמצבטיות בעמ,,סנסיטיב שיבולת שועל תחליב טיפולי לתינוק,"מ""ל",500.00,100.00,false,1.00,29.90,0.00,true,0,
7290011525323,false,אל סבון טיפולי לתינוק קמיל בלו סנסטיב שיבולת שועל,פישר תעשיות פרמבצטיות בעמ,,סנסיטיב שיבולת שועל אל סבון טיפולי לתינוק,"מ""ל",500.00,100.00,false,1.00,22.90,0.00,true,0,
7290011525675,false,ג`נסיס אולטרה קר קרם גל לעיניים 30 מל,פישר מעבדות פרמצבטיות בע,,TRI MOIST קרם לאזור העיניים והשפתיים SPF30,,0.00,100.00,false,1.00,99.90,0.04,true,0,
7290011525682,false,ג`נסיס מינרלס קרם עיניים 20 מל,General,,MINERALS קרם עיניים,,0.00,100.00,false,1.00,99.90,0.04,true,0,
7290011525712,false,"קמיל בלו אל סבון סנסיטיב לפני השינה ד""ר פישר 1 ליטר","פישר תעשיות פרמצביטות בע""מ",,סנסיטיב לפני השינה אל סבון לתינוק,"מ""ל",1000.00,100.00,false,1.00,32.90,0.00,true,0,
7290011525729,false,שמפו לתינוק קמיל בלו סנסטיב לפני השינה עם לבנדר וקמומיל,"פישר תעשיות פרמצביטות בע""מ",,סנסיטיב לפני השינה שמפו לתינוק,"מ""ל",1000.00,100.00,false,1.00,32.90,0.00,true,0,
7290011525835,false,ג`נסיס סאן קרם פנים SPF50 אנטי אייגינג50,פישר מעבדות פרמצבטיות בע,,SUN קרם פנים אנטי-אייג'ינג קרם פנים לכל סוגי העור,,0.00,100.00,false,1.00,94.90,0.01,true,0,
7290011598211,false,"סנו - אנטי קאלק מרסס ניקוי כללי 4 ב-1 700 מ""ל",החברה הדרומית לשיווק בעמ,,אנטי קאלק ספריי ניקוי כללי 4 ב-1,,0.00,100.00,false,1.00,17.90,0.00,true,0,
7290011618025,false,בייבי ביס הוט קידס נגיסי אורז לתינוק,גואנז'ו יונג וואנט פ,,חטיפי אורז אפויים לתינוק בטעם טבעי,,0.00,100.00,false,1.00,14.90,0.00,true,0,
7290011618124,false,נגיסי אורז לתינוקות בטעם ירקות,גואנז'ו יונג וואנט פ,,חטיפי אורז אפויים לתינוק בטעם ירקות,,0.00,100.00,false,1.00,14.90,0.00,true,0,
7290011618131,false,"בייבי ביס חטיף אורז כשל""פ בטעם גזר",גואנז'ו יונג וואנט פ,,חטיפי אורז אפויים לתינוק בטעם גזר,,0.00,100.00,false,1.00,14.90,0.00,true,0,
7290011618216,false,נגיסי אורז בייבי ביס בננה 50 גרם,גואנז'ו יונג וואנט פ,,חטיפי אורז אפויים לתינוק בטעם בננה,,0.00,100.00,false,1.00,14.90,0.00,true,0,
7290011622428,false,כתמטמינים-חטיף בריאות לתינוקות וילדים 45 ג',גורי מוצרי צריכה (1991) בעמ,IL,"חטיף אצבעות בוטנים ותירס, מגיל 6+ חודשים",,0.00,100.00,false,1.00,7.90,0.00,true,0,
7290011622442,false,טבעונים - חטיף טבעות דגנים מלאים בטעם טבעי 45 גרם,הארט Heart,,"חטיף טבעות דגנים מלאים במתיקות מעודנת, מגיל 9+ חודשים בטעם טבעי",,0.00,100.00,false,1.00,7.90,0.00,true,0,
7290011622664,false,כתמטמינים - חטיף אצבעות טחינה אורז ותירס 45 גרם,גורי מוצרי צריכה בעמ,IL,"חטיף אצבעות טחינה (50%) אורז ותירס, מגיל 6 חודשים",,0.00,100.00,false,1.00,7.90,0.00,true,0,
7290011622701,false,טבעונים - חטיף טבעות דגנים מלאים בטעם גזר וסלק 45 גרם,אשבול,,"חטיף טבעות דגנים מלאים במתיקות מעודנת, מגיל 9+ חודשים בטעם גזר סלק",,0.00,100.00,false,1.00,7.90,0.00,true,0,
7290011622756,false,ביסקוויטמינים פלוס בטעם שוקולד 150 גרם,גורי מוצרי צריכה בעמ,IL,"ביסקוויטים לפעוטות וילדים בטעם שוקולד, מגיל שנה ומעלה",,0.00,100.00,false,1.00,16.90,0.00,true,0,
7290011622763,false,ביסקוויטמינים פלוס בטעם וניל 150 גרם,גורי מוצרי צריכה (1991) בעמ,IL,"ביסקוויטים לפעוטות וילדים בטעם וניל, מגיל שנה ומעלה",,0.00,100.00,false,1.00,16.90,0.00,true,0,
7290011668570,false,בריא מהטבע גרנולה פירות יבשים 450 גרם פנינה רוזנבלום,בריא מהטבע פנינה רוזנבלום,,גרנולה פירות יבשים לא קלויה ללא תוספת סוכר,,0.00,100.00,false,1.00,30.90,0.00,true,0,
7290011714871,false,בליסטקס סטיק פטל לימון,מדיליין פריגו,,שפתון פטל לימון SPF 15,,0.00,100.00,false,1.00,15.90,0.03,true,0,
7290011714895,false,בליסטקס מד-פלוס משחה טיפולית לשפתיים,מדיליין פריגו,,מד פלוס פורמולה המחזירה את הלחות הטבעית לשפתיים,,0.00,100.00,false,1.00,29.90,0.04,true,0,
<<<<<<< HEAD
7290011743833,false,"סנסודיין משחת שיניים פרונאמל 75 מ""ל",גלקסו סמית קליין,,Pro-namel משחת שיניים לחיזוק האמייל,"מ""ל",75.00,100.00,false,1.00,21.90,0.00,true,0,
=======
7290011743833,false,משחת שיניים פרונאמל סנסודיין (75 מל),גלקסו סמית קליין,,Pro-namel משחת שיניים לחיזוק האמייל,"מ""ל",75.00,100.00,false,1.00,21.90,0.00,true,0,
>>>>>>> d048ac2f4f281c9d788043ab4e81b61b0dbe3743
7290011744892,false,"אקווה פרש - משחת שיניים ילדים ג'וניור 6+ 50 מ""ל",גלקסו סמית קליין,SK,JUNIOR משחת שיניים לילדים +6,,0.00,100.00,false,1.00,15.90,0.00,true,0,
7290011745707,false,משחת שיניים פרונמל Pro namel לילדים לגילאי 6-12,גלקסו סמית קליין,,משחת שיניים עם פלואוריד לגילאי 6-12 שנים,,0.00,100.00,false,1.00,16.90,0.00,true,0,
7290011765118,false,קצף גילוח קרמה מן דליקט 200 מל,"אביאפ, איסטנבול, תור",,קצף גילוח לעור עדין,,0.00,100.00,false,1.00,11.90,0.00,true,0,
7290011765316,false,מברשת שיניים לילדים עם שעון 4-8 אורביטול,החברה הדרומית,,מברשת שיניים לילדים+שעון,,0.00,0.00,false,1.00,10.90,0.00,true,0,
7290011765446,false,משחת שיניים לילדים בוב ספוג בטעם מיץ ענבים עם פלואוריד למניעת עששת,טרופיקל דגיל תעשיות קוסמ,,משחת שיניים לילדים עם פלואוריד למניעת עששת,,0.00,100.00,false,1.00,11.90,0.00,true,0,
7290011771140,false,סבוקלם קלאסיק שפתון חמאת שיאה 8 מל,טטרה פארם,,שפתון חמאת שיאה,,0.00,100.00,false,1.00,29.90,0.03,true,0,
7290011771201,false,"סבוקלם קלאסיק אקטיב 50 מ""ל",סבוקלם Sebocalm,,אקטיב קרם לחות,,0.00,100.00,false,1.00,99.90,0.01,true,0,
7290011771225,false,תחליב להרגעת עור הפנים אחרי גילוח,סבוקלם Sebocalm,,MEN תחליב לאחר גילוח להרגעת עור הפנים לאחר הגילוח,,0.00,100.00,false,1.00,99.90,0.01,true,0,
7290011771270,false,סבוקלם קלאסיק דאודורנט לעור רגיש 70 מל,סבוקלם Sebocalm,,דאודורנט לעור רגיש,,0.00,100.00,false,1.00,49.90,0.00,true,0,
7290011771294,false,סבוקלם אינוביישן קרם הזנה 50 מל,טטרה פארם,,אינוביישן קרם הזנה נגד קמטים לטיפוח עור יבש,,0.00,100.00,false,1.00,199.90,0.03,true,0,
7290011771379,false,סבוקלם אינוביישן קרם שפתיים 10 מל,טטרה פארם,,אינוביישן קרם שפתיים להפחתת קמטים באזור השפתיים,,0.00,100.00,false,1.00,84.90,0.08,true,0,
7290011771515,false,"סבוקלם יאנג קרם לחות 50 מ""ל",טטרה פארם,,יאנג קרם לחות קרם דל שומן לעור שמן ובעייתי,,0.00,100.00,false,1.00,74.90,0.01,true,0,
7290011771539,false,סבוקלם יאנג גל ניקוי 160 מל,טטרה פארם,,יאנג ג'ל ניקוי לניקוי יסודי של עור שמן ומעורב,"מ""ל",160.00,100.00,false,1.00,64.90,0.00,true,0,
7290011771553,false,סבוקלם יאנג תרחיף לטיפול נקודתי 25 מל,טטרה פארם,,יאנג תרחיף לטיפול נקודתי שמן ובעייתי,,0.00,100.00,false,1.00,64.90,0.02,true,0,
7290011771836,false,"סבוקלם טריפל מדיום 70 מ""ל",טטרה פארם,,קרם לחות דמי מייק -אפ SPF30,,0.00,100.00,false,1.00,96.90,0.01,true,0,
7290011909642,false,שביט רימונים קרם לחות לפנים רגיל עד יבש,הרבה דרם,,רימונים קרם לחות לפנים לעור רגיל עד יבש,,0.00,100.00,false,1.00,101.90,0.02,true,0,
7290011909819,false,שביט רימונים ק.הזנה לילה לפנים,הרבה דרם,,קרם הזנה ללילה אנטי אייגי'נג,,0.00,100.00,false,1.00,101.00,0.02,true,0,
7290011910105,false,שביט רימונים סרום פנים ועיניים,הרבה דרם,,רימונים סרום פנים ועיניים,,0.00,100.00,false,1.00,99.10,0.03,true,0,
7290011912635,false,ליסטרין שטיפת פה הגנה על השיניים והחניכי,שקד תבל בעמ,IT,שטיפת פה הגנה על החניכיים ועל השיניים,,0.00,100.00,false,1.00,19.90,0.00,true,0,
7290011912642,false,ליסטרין שטיפת פה הגנה על השיניים והחניכי,ג'\ונסון אנד ג'\ונסון,,שטיפת פה להגנה על השיניים והחניכיים,,0.00,100.00,false,1.00,35.90,0.00,true,0,
7290012066368,false,"לייסר - אורתו משחת שיניים ג'ל מנטה 75 מ""ל",לאסר LACER,,להגנה יומיומית על השיניים והחניכיים לבעלי גשר בשיניים,,0.00,100.00,false,1.00,25.90,0.00,true,0,
7290012066375,false,"לייסר - אורתו שטיפת פה מנטה 500 מ""ל",לאסר LACER,,להגנה יומיומית על השיניים והחניכיים לבעלי גשר בשיניים,,0.00,100.00,false,1.00,48.90,0.00,true,0,
7290012066382,false,סנסי - משחת שיניים ג'ל לשיניים רגישות,לאסר LACER,,משחת שיניים לשיניים רגישות,,0.00,100.00,false,1.00,27.90,0.00,true,0,
7290012066542,false,פילקסיל שמפו טיפולי 300 מל,פילקסיל Pilexil,,שמפו לחיזוק שיער,,0.00,100.00,false,1.00,69.90,0.00,true,0,
7290012066559,false,פילקסיל ספריי טיפולי לשיער 120 מל,תרו,,ספריי טיפולי לחיזוק השיער,,0.00,100.00,false,1.00,159.90,0.01,true,0,
7290012066856,false,לאסר בלאנק משחת שיניים בטעם מנטה 75 מל,תרו,ES,משחת שיניים להלבנה בטעם מנטה,,0.00,100.00,false,1.00,28.90,0.00,true,0,
7290012066887,false,קצף לשטיפה אינטימית לשימוש יומיומי,וונליי,IT,קצף לשטיפה אינטימית לשימוש יומיומי,,0.00,100.00,false,1.00,39.90,0.00,true,0,
7290012066894,false,קרם וגינלי ליובש בנרתיק,וונליי,IT,קרם וגינלי ליובש בנרתיק,,0.00,100.00,false,1.00,49.90,0.01,true,0,
7290012066900,false,וונליי גל פעיל וגינלי 30 מל,תרו,IT,ג'ל פעיל וגינלי לדלקת נרתיקית חיידקית,,0.00,100.00,false,1.00,49.90,0.01,true,0,
7290012066917,false,קרם פלורה וגינלי לפטריה בנרתיק,וונליי,IT,קרם פלורה וגינלי לפטריה בנרתיק,,0.00,100.00,false,1.00,49.90,0.01,true,0,
7290012066962,false,פילקסיל בלאק שמפו לגבר לחיזוק השיער,פילקסיל Pilexil,ES,שמפו לגבר לחיזוק השיער,,0.00,100.00,false,1.00,69.90,0.00,true,0,
7290012071003,false,קמיל בלו משחה לתינוק דר. פישר (200 גרם),"פישר תעשיות פרמצביטות בע""מ",IL,משחת החתלה לתינוק,,0.00,100.00,false,1.00,27.90,0.00,true,0,
7290012071690,false,מגבונים אנטי-בקטריאליים לניקוי משטחים,"פישר תעשיות פרמצביטות בע""מ",IL,אלכו-ג'ל מגבונים לניקוי וחיטוי משטחים,,0.00,0.00,false,1.00,12.90,0.64,true,0,
7290012071935,false,"ד""ר פישר - אמול לתינוק שמן רחצה טיפולי קלאסי 200 מ""ל","ד""ר פישר Dr fischer",,שמן רחצה קלאסי לתינוק,"מ""ל",200.00,100.00,false,1.00,49.90,0.00,true,0,
<<<<<<< HEAD
7290012116025,false,שמפו פיית הפרפרים לסירוק קל מכיל רוזמרין,קוסמופארם בע'\'\מ,,שמפו לסירוק קל-פיית הפרחים,,0.00,100.00,false,1.00,14.90,0.00,true,0,
7290012116032,false,כיף פיות מרכך לסירוק קל 750 מל,טרופיקל דגיל תעשיות,,מרכך לסירוק קל-פיית הפרפרים,,0.00,100.00,false,1.00,14.90,0.00,true,0,
7290012116612,false,אורביטול מברשת שיניים מארז 4 יח',ג'נרל מילס סאן אדריא,,מברשת שיניים,,0.00,0.00,false,1.00,17.90,4.47,true,0,
7290012116629,false,תחליב רול און דוחה יתושים לתינוקות ולילדים סנו די,מיוצר עי קונדיטוריית,,כדורית רול און תחליב דוחה יתושים לתינוקות וילדים,,0.00,100.00,false,1.00,17.90,0.00,true,0,
7290012116735,false,נייר טואלט גליל כפול סנו סופט 24 גלילים,סנו מפעלי ברונוס בעמ,,נייר טואלט נייר דו שכבתי,,0.00,0.00,false,1.00,39.90,1.66,true,0,
=======
7290012116025,false,שמפו פיית הפרפרים לסירוק קל מכיל רוזמרין,החברה הדרומית לשיווק בעמ,,שמפו לסירוק קל-פיית הפרחים,,0.00,100.00,false,1.00,14.90,0.00,true,0,
7290012116032,false,כיף פיות מרכך לסירוק קל 750 מל,החברה הדרומית לשיווק בעמ,,מרכך לסירוק קל-פיית הפרפרים,,0.00,100.00,false,1.00,14.90,0.00,true,0,
7290012116612,false,אורביטול מברשת שיניים סופט 4 יח`,החברה הדרומית לשיווק בעמ,,מברשת שיניים,,0.00,0.00,false,1.00,17.90,4.47,true,0,
7290012116629,false,תחליב רול און דוחה יתושים לתינוקות ולילדים סנו די,החברה הדרומית לשיווק בעמ,,כדורית רול און תחליב דוחה יתושים לתינוקות וילדים,,0.00,100.00,false,1.00,17.90,0.00,true,0,
7290012116735,false,נייר טואלט דו שכבתי גליל כפול - מארז 24 גלילים,החברה הדרומית לשיווק בעמ,,נייר טואלט נייר דו שכבתי,,0.00,0.00,false,1.00,39.90,1.66,true,0,
>>>>>>> d048ac2f4f281c9d788043ab4e81b61b0dbe3743
7290012116964,false,"קרמה מן תרחיץ ג'ל לפנים 150 מ""ל",החברה הדרומית,,תרחיץ ג'ל לפנים לכל סוגי העור,,0.00,100.00,false,1.00,12.90,0.00,true,0,
7290012117398,false,קרמה מן גל לאחר גילוח לעור עדין 150 מל,החברה הדרומית,,ג'ל לאחר גילוח לעור עדין ללא אלכוהול,,0.00,100.00,false,1.00,12.90,0.00,true,0,
7290012117411,false,"שמפו וג'ל רחצה רויבוס 700 מ""ל ""קרמה""",החברה הדרומית לשיווק בעמ,,שמפו וג'ל רחצה רויבוס 2 ב-1,,0.00,100.00,false,1.00,22.90,0.00,true,0,
7290012117428,false,"ג'ל רחצה ושמפו מעיינות מנטה קרמה מן 700 מ""ל",החברה הדרומית לשיווק בעמ,,שמפו וג'ל רחצה מנטה 2 ב-1,,0.00,100.00,false,1.00,22.90,0.00,true,0,
7290012117435,false,"קרמה - שמפו וג'ל רחצה 2 ב-1 אלוורה 700 מ""ל",החברה הדרומית לשיווק בעמ,,שמפו וג'ל רחצה אלוורה 2 ב-1,,0.00,100.00,false,1.00,22.90,0.00,true,0,
7290012117541,false,מרכך כביסה מרוכז צהוב סנו מקסימה 1 ליטר,החברה הדרומית לשיווק בעמ,IL,מרכך כביסה סופר מרוכז ZEN,,0.00,1.00,false,1.00,17.90,17.90,true,0,
7290012117558,false,מקסימה מרכך כביסה מרוכז ורוד בניחוח מאסק סנו 1 ליטר,החברה הדרומית לשיווק בעמ,,מרכך כביסה סופר מרוכז מאסק,,0.00,1.00,false,1.00,17.90,17.90,true,0,
7290012117626,false,שטיפת פה דנטלית לילדים בטעם ענבים בוב ספוג,קוסמופארם בע'\'\מ,,שטיפת פה דנטלית לילדים בטעם ענבים בוב ספוג,,0.00,100.00,false,1.00,17.90,0.00,true,0,
7290012117916,false,אינסטלטור נוזל לפתיחת סתימות סנו 1 ליטר,החברה הדרומית לשיווק בעמ,IL,אינסטלטור נוזלי,,0.00,1.00,false,1.00,29.90,29.90,true,0,
7290012192098,false,חלאבין לאבילין רול און 72 שעות אדום,חלאבין Halvin,IL,לאבילין דאודורנט רול-און עד 72 שעות אדום,,0.00,100.00,false,1.00,29.90,0.00,true,0,
7290012192104,false,חלאבלין רול און 72 שעות כחול,חלאבין Halvin,,לאבילין דאודורנט רול-און עד 72 שעות כחול,,0.00,100.00,false,1.00,29.90,0.00,true,0,
7290012193071,false,גורדן קסמי שיניים דקים מארז זוג,ג'ורדן,,קיסמי שיניים דקים דו צדדיים מארז זוג,,0.00,0.00,false,1.00,29.90,0.14,true,0,
7290012350245,false,"קרליין - קרם יום משקם רויואל 50 מ""ל",קרליין,,REVIVAL קרם יום SPF15,,0.00,100.00,false,1.00,140.00,0.02,true,0,
7290012350252,false,"קרליין - קרם יום לילה רויואל 50 מ""ל",קרליין,,REVIVAL קרם לילה,,0.00,100.00,false,1.00,140.00,0.02,true,0,
7290012350269,false,"קרליין - קרם עיניים רויואל 30 מ""ל",קרליין,,REVIVAL קרם עיניים,,0.00,100.00,false,1.00,140.00,0.04,true,0,
7290012350276,false,"קרליין - סרום רויואל 30 מ""ל",קרליין,,REVIVAL סרום,,0.00,100.00,false,1.00,140.00,0.04,true,0,
<<<<<<< HEAD
7290012350412,false,קרליין - מסיר איפור דו פאזי ורוד,קרליין,,מסיר איפור,,0.00,100.00,false,1.00,44.90,0.00,true,0,
7290012352034,false,"נטורל - קרם לחות עם שמן אגוז מקדמיה לשיער מתולתל 400 מ""ל",נטורל פורמולה Natural Formula,,לחות מזינה עם שמן אגוז מקדימה לשיער צבוע,,0.00,100.00,false,1.00,26.90,0.00,true,0,
7290012367700,false,קרם גוף אינטנסיב רליף Intensive relief לעור יבש ומגורה,פישר מעבדות פרמצבטיות בע,,קרם גוף לעור יבש ומגורה,,0.00,100.00,false,1.00,27.90,0.00,true,0,
7290012367717,false,קרם ידיים וציפורניים Intensive relief לעור יבש ומגורה,פישר מעבדות פרמצבטיות בע,,קרם ידיים וציפורניים לעור יבש ומגורה,,0.00,100.00,false,1.00,17.90,0.00,true,0,
=======
7290012350412,false,קרליין - מסיר איפור דו פאזי ורוד,@@@ החב הדרומית לשיווק בעמ,,מסיר איפור,,0.00,100.00,false,1.00,44.90,0.00,true,0,
7290012352034,false,"נטורל - קרם לחות עם שמן אגוז מקדמיה לשיער מתולתל 400 מ""ל",החברה הדרומית לשיווק בעמ,,לחות מזינה עם שמן אגוז מקדימה לשיער צבוע,,0.00,100.00,false,1.00,26.90,0.00,true,0,
7290012367700,false,קרם גוף אינטנסיב רליף Intensive relief לעור יבש ומגורה,"פישר תעשיות פרמבצטיות בע""מ",,קרם גוף לעור יבש ומגורה,,0.00,100.00,false,1.00,27.90,0.00,true,0,
7290012367717,false,קרם ידיים וציפורניים Intensive relief לעור יבש ומגורה,"פישר תעשיות פרמצביטות בע""מ",,קרם ידיים וציפורניים לעור יבש ומגורה,,0.00,100.00,false,1.00,17.90,0.00,true,0,
>>>>>>> d048ac2f4f281c9d788043ab4e81b61b0dbe3743
7290012367823,false,"ד""ר פישר - אמול לתינוק שמן רחצה טיפולי לעור יבש במיוחד 200 מ""ל",פישר מעבדות פרמצבטיות בע,,שמן רחצה טיפולי לעור יבש במיוחד,,0.00,100.00,false,1.00,59.90,0.00,true,0,
7290012367908,false,שמן טיפולי לתינוק בתוספת אלוורה Kamil Blue Sensitive,פישר תעשיות פרמצבטיות בעמ,IL,סנסיטיב שמן טיפולי לתינוק בתוספת אלוורה,,0.00,100.00,false,1.00,17.90,0.00,true,0,
7290012491030,false,מאמי קייר קרם למניעת סימני מתיחה,General,,קרם למניעת סימני מתיחה,,0.00,100.00,false,1.00,100.90,0.00,true,0,
7290012491047,false,"שמפו קלנדולה אורגני אל דמע 400 מ""ל MOMMY CARE",מאמי קר Mommy Care,,שמפו קלנדולה לתינוק,,0.00,100.00,false,1.00,35.90,0.00,true,0,
7290012491078,false,"סבון קלנדולה לתינוק 400 מ""ל Mommy Care",מאמי קר Mommy Care,,סבון קלנדולה לתינוק,,0.00,100.00,false,1.00,35.90,0.00,true,0,
7290012491115,false,מאמי קייר קרם הגנה לגוף SPF15,מאמי קר,,קרם הגנה לגוף 15 SPF,,0.00,0.00,false,1.00,60.90,0.60,true,0,
7290012491122,false,מאמי קייר קרם הגנה לפנים SPF15,מאמי קר,,קרם הגנה לפנים 15 SPF,,0.00,100.00,false,1.00,60.90,0.01,true,0,
7290012491337,false,מאמי קייר קרם גוף לתינוק 120 מל,מאמי קר,,קרם גוף לתינוק,,0.00,0.00,false,1.00,44.90,0.37,true,0,
7290012491405,false,"סבון טבעי לניקוי בקבוקים, מוצצים ומשאבות חלב",מאמי קר Mommy Care,,"סבון טבעי מיוחד לניקוי בקבוקים,מוצצים ומשאבות חלב",,0.00,100.00,false,1.00,27.90,0.00,true,0,
7290012491443,false,מאמי קייר שמן אמבט לתינוק 400 מל,מאמי קר,,שמן אמבט לתינוק קלנדולה קמומיל,,0.00,100.00,false,1.00,94.90,0.00,true,0,
7290012491467,false,"Mommy Care סבון טבעי לילדים 400 מ""ל",לה קרים,,סבון לילדים,,0.00,100.00,false,1.00,35.90,0.00,true,0,
7290012491474,false,שמפו לילדים לריכוך השיער והזנת עור הקרקפת,מאמי קר Mommy Care,,שמפו לילדים,,0.00,100.00,false,1.00,35.90,0.00,true,0,
7290012701788,false,דר עור דריי נוטריק קרם לילה לעור יבש,ניאופארם,,DRY-OR קרם לילה לעור יבש,,0.00,100.00,false,1.00,149.90,0.02,true,0,
7290012701832,false,CLASSIC OR פילינג גרגירים עדין כל סוגי עור 100מל,"ד""ר עור DOCTOR OR",,CLASSIC-OR פילינג גרגירים עדין לכל סוגי העור,,0.00,0.00,false,1.00,94.90,0.94,true,0,
7290012701849,false,דר עור קלאסיק ג'ל לניקוי יסודי 150 מל,ניאופארם,,CLASSIC-OR ג'ל לניקוי יסודי לכל סוגי העור,,0.00,100.00,false,1.00,79.90,0.00,true,0,
7290012702037,false,מורז קרם טבעי SPF50 להגנה מפני השמש,מורז,,קרם טבעי SPF50 להגנה מפני השמש,,0.00,0.00,false,1.00,99.90,0.99,false,0,
7290012702051,false,מורז קרם פנים טבעי SPF50 להגנה מפני השמש,מורז,,קרם פוליגונום להגנת עור הפנים מהשמש SPF50,,0.00,100.00,false,1.00,69.90,0.01,false,0,
7290012702167,false,מורז מסכת שיער לטיפול ושיקום שיער פגום,מורז,,מסיכה פוליגונום לשיער,,0.00,100.00,false,1.00,54.90,0.00,true,0,
7290012702259,false,מורז גל לניקוי פנים 150 מל,מורז,,ג'ל לניקוי פנים מפרחי קמומיל ואכילאה,,0.00,100.00,false,1.00,59.90,0.00,true,0,
7290012702266,false,סבון לשטיפה אינטימית 250,מורז,,סבון לשטיפה אינטימית עם תמצית חמוציות,,0.00,100.00,false,1.00,49.90,0.00,true,0,
7290012702273,false,מורז מרכך שיער אשה 500 מל,מורז,,מרכך שיער רוזמרין,,0.00,100.00,false,1.00,39.90,0.00,true,0,
7290012702358,false,מורז קרם פוליגונום למניעת סימני מתיחה150,מורז,,קרם פוליגונום למניעת סימני מתיחה,,0.00,100.00,false,1.00,99.90,0.00,true,0,
7290012702624,false,מורז מגן שפתיים דובדבן,SALA (MORAZ,US,מגן שפתיים דובדבן,,0.00,100.00,false,1.00,14.90,0.03,true,0,
7290012702631,false,מורז-מגן שפתיים מנטה,SALA (MORAZ,US,מגן שפתיים מנטה,,0.00,100.00,false,1.00,14.90,0.03,true,0,
7290012702655,false,מורז מגן שפתיים וניל,SALA (MORAZ,US,,,0.00,0.00,false,1.00,14.90,0.00,true,0,
7290012702822,false,מורז ספריי הגנה שקוף SPF50 200 מל,SALA (MORAZ,IL,ספריי שקוף להגנה מקרני השמש SPF50,,0.00,100.00,false,1.00,89.90,0.00,true,0,
7290012702839,false,מורז ספריי הגנה שקוף לילדים SPF50 200 מל,מורז,IL,ספריי שקוף לילדים להגנה מקרני השמש SPF50,,0.00,100.00,false,1.00,89.90,0.00,true,0,
7290012803352,false,רייד תרסיס קוטל יתושים/זבובים 300 מל,אס.סי.ג'ונסון מידרכט,,קוטל זבובים ויתושים,"מ""ל",400.00,100.00,false,1.00,19.90,0.00,true,0,
7290012823251,false,אל סבון נוזלי יסמין ולבנדר כיף (1 ליטר),החברה הדרומית לשיווק בעמ,,אל סבון קטיפתי יסמין לבנדר,,0.00,1.00,false,1.00,12.90,12.90,true,0,
7290012823343,false,משחת שיניים אורביטול קידס סטעם סוכריות ג'לי 70 גרם,החברה הדרומית,IL,משחת שיניים לילדים עם פלואוריד למניעת עששת SHIMMER&SHINE בטעם סוכריות ג'לי גילאי 2-6,,0.00,100.00,false,1.00,11.90,0.00,true,0,
7290012823398,false,מטליות חד פעמיות לניקוי הרצפה בניחוח מרכך כביסה 10יח' סנו,החברה הדרומית לשיווק בעמ,IL,מטליות לחות לניקוי הרצפה בניחוח מרכך כביסה,,0.00,0.00,false,1.00,14.90,1.49,true,0,
7290012850592,false,RETIN-OR קרם לילה אנטי אייג'ינג לעור בוגר +45,"ד""ר עור DOCTOR OR",,RETIN-OR קרם לילה אנטי אייג'ינג לעור בוגר +45,,0.00,100.00,false,1.00,199.90,0.03,true,0,
7290012854392,false,בליסטקס תות-בליסטר חדש,מדיליין פריגו,US,שפתון בטעם תות עם מסנני קרינה לשפתיים יבשות וסדוקות SPF 15,,0.00,0.00,false,1.00,15.90,0.00,true,0,
7290012854408,false,בליסטקס מנטה -בליסטר חדש,מדיליין פריגו,US,שפתון בטעם מנטה לשפתיים יבשות וסדוקות SPF 15,,0.00,0.00,false,1.00,15.90,0.00,true,0,
7290012854675,false,בליסטקס משחה טיפולית לשפתיים נוסחה חדשה,מדיליין פריגו,,משחה טיפולית לשפתיים SPF 10,,0.00,100.00,false,1.00,29.90,0.04,true,0,
7290012854835,false,בליסטקס לחות לטיפוח יומי תפזורת,מדיליין פריגו,,לחות לטיפוח יומי SPF 15,,0.00,100.00,false,1.00,29.90,0.04,true,0,
7290012938580,false,"סנסודיין משחת שיניים להלבנה עדינה 75 מ""ל",גלקסוסמית'\קליין קונסיומ,,Gentle whitening - משחת שיניים להלבנה עדינה,,0.00,100.00,false,1.00,18.90,0.00,true,0,
<<<<<<< HEAD
7290012938597,false,"סנסודיין משחת שיניים רפיד רליף 75 מ""ל","סמיתקליין ביצ'ם בע""מ",,Rapid relief - משחת שיניים לשיניים רגישות,,0.00,100.00,false,1.00,21.90,0.00,true,0,
=======
7290012938597,false,משחת שיניים רפיד רליף סנסודיין (75 מל),"סמיתקליין ביצ'ם בע""מ",,Rapid relief - משחת שיניים לשיניים רגישות,,0.00,100.00,false,1.00,21.90,0.00,true,0,
>>>>>>> d048ac2f4f281c9d788043ab4e81b61b0dbe3743
7290012938740,false,"משחת שיניים פרש מינט מנטה 75מ""ל סנסודיין",גלקסו סמית קליין,,Fresh mint - משחת שיניים מנטה מרענן,"מ""ל",75.00,100.00,false,1.00,18.90,0.00,true,0,
7290012938924,false,אקוהפרש מי פה ללא אלכוהול 500 מל,מולינו ניקולי s.p.a,,שטיפת פה ללא אלכוהול 24 שעות הגנה מגיל 6 שנים ומעלה,,0.00,100.00,false,1.00,20.90,0.00,true,0,
7290012947100,false,ג`נסיס ליקופין קרם יום SPF30,פישר מעבדות פרמצבטיות בע,,LYCOPENE קרם יום ליקופן SPF30,,0.00,100.00,false,1.00,159.90,0.03,true,0,
7290012947117,false,ג`נסיס ליקופין קרם לילה,מדי פישר,,LYCOPENE קרם לילה ליקופן לטיפול אפקטיבי בקמטים,,0.00,100.00,false,1.00,159.90,0.03,true,0,
7290012947124,false,ג'נסיס ליקופן סרום 50 מל,פישר מעבדות פרמצבטיות בע,,LYCOPENE סרום למתיחה מיידית לעור רגיל - מעורב,,0.00,100.00,false,1.00,169.90,0.05,true,0,
7290012979064,false,דר עור אוילי אל סבון לניקוי עור שמן 150,"ד""ר עור DOCTOR OR",,OILY-OR אל סבון לניקוי עור מעורב עד שמן,"מ""ל",125.00,100.00,false,1.00,79.90,0.00,true,0,
7290012979088,false,סטיק קונסילר טיפולי לכיסוי וייבוש פצעונים,"ד""ר עור DOCTOR OR",,OILY-OR קונסילר טיפולי לכיסוי וייבוש פגמים,,0.00,100.00,false,1.00,69.90,0.15,true,0,
7290012979156,false,RETIN-OR סרום אנטי אייג'ינג לעור בוגר +45,"ד""ר עור DOCTOR OR",,RETIN-OR סרום אנטי אייג'ינג לעור בוגר +45,,0.00,100.00,false,1.00,196.90,0.06,true,0,
7290012979187,false,RENEW-OR קרם עיניים אנטי אייג'ינג לעור בוגר +30,"ד""ר עור DOCTOR OR",,RENEW-OR קרם עיניים אנטי אייג'ינג לעור בוגר +30,,0.00,100.00,false,1.00,139.90,0.06,true,0,
7290012979194,false,RENEW-OR קרם לילה אנטי אייג'ינג לעור בוגר +30,"ד""ר עור DOCTOR OR",,RENEW-OR קרם לילה אנטי אייג'ינג לעור בוגר +30,,0.00,100.00,false,1.00,149.90,0.02,true,0,
7290012979224,false,SEBO-OR שמפו לטיפול בקשקשים ובקרקפת מגורה,"ד""ר עור DOCTOR OR",,סבו-עור שמפו לטיפול בקשקשים ובקרקפת מגורה,"מ""ל",220.00,100.00,false,1.00,59.90,0.00,true,0,
7290012979231,false,SEBO OR אל-סבון לעור פנים רגיש ואדמומי 150מל,"ד""ר עור DOCTOR OR",,סבו-עור אל-סבון לעור פנים רגיש ואדמומי,"מ""ל",200.00,100.00,false,1.00,64.90,0.00,true,0,
7290012979279,false,דר עור אקטיב שמפו לחיזוק סיבי השערה,"ד""ר עור DOCTOR OR",,ACTIVE-OR שמפו לחיזוק סיבי השערה,"מ""ל",200.00,100.00,false,1.00,69.90,0.00,true,0,
7290012979309,false,דר עור דאודורנט רול בניחוח רענן 70 מל,"ד""ר עור DOCTOR OR",,דאו-עור דאודורנט רול און בניחוח רענן,,0.00,100.00,false,1.00,54.90,0.00,true,0,
7290012979316,false,דר עור דאודורנט רול און ללא בושם 70 מל,ניאופארם,,דאו עור דאודורנט רול און ללא בושם,,0.00,100.00,false,1.00,54.90,0.00,true,0,
7290013083661,false,"מטרנה אקסטרה קר שלב 1 חסכון 700 גרם תמ""ל",קבוצת אוסם סחר-שות.מוגבלת,,אקסטרה קייר תרכובת מזון לתינוקות שלב 1,,0.00,100.00,false,1.00,59.90,0.00,true,0,
7290013083678,false,"מטרנה אקסטרה קר שלב 2 חסכון 700 גרם תמ""ל",קבוצת אוסם סחר-שות.מוגבלת,,אקסטרה קייר תרכובת מזון המשך לתינוקות שלב 2,,0.00,100.00,false,1.00,59.90,0.00,true,0,
7290013083685,false,תחליף חלב מטרנה אקסטרה קר שלב 3 חסכון 700 גרם,קבוצת אוסם סחר-שות.מוגבלת,,אקסטרה קייר תרכובת מזון המשך לתינוקות שלב 3,,0.00,100.00,false,1.00,59.90,0.00,true,0,
7290013092557,false,בפנטן בייבי משחה יומיומית להחתלה,באייר OTC,,בייבי משחת החתלה למניעה וטיפול בתפרחת חיתולים,,0.00,0.00,false,1.00,79.90,0.79,true,0,
7290013092564,false,בפנטן בייבי משחה יומיומית להחתלה,באייר OTC,,בייבי משחת החתלה למניעה וטיפול בתפרחת חיתולים,,0.00,100.00,false,1.00,34.90,0.01,true,0,
7290013092779,false,קרם בפנטן סנסידרם,באייר OTC,DE,"סנסידרם - להקלה בתסמיני אקזמה, ללא קורטיזון",,0.00,100.00,false,1.00,49.90,0.00,true,0,
7290013092878,false,בפנטן בייבי משחה יומיומית להחתלה,באייר OTC,DE,בייבי משחת החתלה למניעה וטיפול בתפרחת חיתולים,,0.00,100.00,false,1.00,49.90,0.00,true,0,
7290013133816,false,לובלו לגבר בודד,לבלו,,שפתון לחות לגבר בודד,,0.00,100.00,false,1.00,15.90,0.03,true,0,
7290013237897,false,טסקיו דאודורנט סטיק לגבר,חלאבין Halvin,IL,דאודורנט סטיק לגבר,,0.00,100.00,false,1.00,22.90,0.00,true,0,
7290013259875,false,גנסיס וויט מסכת פילינג מבהירה,General,,WHITE מסכת פיליניג מבהירה,,0.00,100.00,false,1.00,129.90,0.01,true,0,
<<<<<<< HEAD
7290013268020,false,מקסימה מרכך כביסה מרוכז בניחוח אולטרא פרש סנו 1 ליטר,"סנו מפעלי ברונוס בע""\מ",,מרכך כביסה סופר מרוכז אולטרה פרש,,0.00,1.00,false,1.00,17.90,17.90,true,0,
7290013268204,false,סנובון מגבונים לניקוי וחיטוי מושב האסלה,טרופיקל דגיל- תעשיות,IL,מגבונים לניקוי וחיטוי מושב האסלה,,0.00,0.00,false,1.00,8.90,0.44,true,0,
7290013268440,false,אורביטול צמד מברשות שיניים בובספוג+פיגור,החברה הדרומית,CN,זוג מברשות שיניים בוב ספוג 4+ שנים,,0.00,0.00,false,1.00,19.90,9.95,true,0,
7290013268983,false,מרכך כביסה סופר מרוכז בבישום עוצמתי סנו מקסימה 1 ל',"סנו מפעלי ברונוס בע""\מ",IL,מרכך כביסה JOY,,0.00,1.00,false,1.00,17.90,17.90,true,0,
7290013268990,false,מרכך כביסה מרוכז לבן ביו סנו מקסימה 1 ליטר,"סנו מפעלי ברונוס בע""\מ",IL,מרכך כביסה סופר מרוכז BIO,,0.00,1.00,false,1.00,17.90,17.90,true,0,
7290013269003,false,מרכך כביסה סופר מרוכז בייבי לתינוקות ולעור רגיש,"סנו מפעלי ברונוס בע""\מ",,מרכך כביסה סופר מרוכז בייבי קר,,0.00,1.00,false,1.00,17.90,17.90,true,0,
7290013269348,false,K3 תחנת פיתיון קוטל תיקנים (ג'וקים) בבית ובחצר,טרופיקל דגיל תעשיות,IL,K-3 תחנת פיתיון,,0.00,0.00,false,1.00,49.90,0.00,true,0,
7290013269621,false,ריצפז פרש לניקוי רצפות בניחוח מלון בוטיק,מיוצר עי קונדיטוריית,IL,תרכיז לניקוי כל סוגי הרצפות בניחוח מלון בוטיק פרש הום,,0.00,1.00,false,1.00,21.90,10.95,true,0,
7290013269638,false,ספוג הפלא אקסטרה Extra- מארז 6 יח',החברה הדרומית,IL,סושי ספוג הפלא EXTRA,,0.00,0.00,false,1.00,13.90,2.31,true,0,
7290013269850,false,נייר אפיה אקולוגי סנו סושי 50 יחידות,מולינו ניקולי s.p.a,IL,סושי נייר אפייה טבעי,,0.00,0.00,false,1.00,12.90,0.00,true,0,
=======
7290013268020,false,מקסימה מרכך כביסה מרוכז בניחוח אולטרא פרש סנו 1 ליטר,החברה הדרומית לשיווק בעמ,,מרכך כביסה סופר מרוכז אולטרה פרש,,0.00,1.00,false,1.00,17.90,17.90,true,0,
7290013268204,false,סנובון מגבונים לניקוי וחיטוי מושב האסלה,טרופיקל דגיל- תעשיות,IL,מגבונים לניקוי וחיטוי מושב האסלה,,0.00,0.00,false,1.00,8.90,0.44,true,0,
7290013268440,false,אורביטול צמד מברשות שיניים בובספוג+פיגור,החברה הדרומית לשיווק בעמ,CN,זוג מברשות שיניים בוב ספוג 4+ שנים,,0.00,0.00,false,1.00,19.90,9.95,true,0,
7290013268983,false,מרכך כביסה סופר מרוכז בבישום עוצמתי סנו מקסימה 1 ל',החברה הדרומית לשיווק בעמ,IL,מרכך כביסה JOY,,0.00,1.00,false,1.00,17.90,17.90,true,0,
7290013268990,false,מרכך כביסה מרוכז לבן ביו סנו מקסימה 1 ליטר,החברה הדרומית לשיווק בעמ,IL,מרכך כביסה סופר מרוכז BIO,,0.00,1.00,false,1.00,17.90,17.90,true,0,
7290013269003,false,מרכך כביסה סופר מרוכז בייבי לתינוקות ולעור רגיש,החברה הדרומית לשיווק בעמ,,מרכך כביסה סופר מרוכז בייבי קר,,0.00,1.00,false,1.00,17.90,17.90,true,0,
7290013269348,false,K3 תחנת פיתיון קוטל תיקנים (ג'וקים) בבית ובחצר,החברה הדרומית לשיווק בעמ,IL,K-3 תחנת פיתיון,,0.00,0.00,false,1.00,49.90,0.00,true,0,
7290013269621,false,ריצפז פרש לניקוי רצפות בניחוח מלון בוטיק,החברה הדרומית לשיווק בעמ,IL,תרכיז לניקוי כל סוגי הרצפות בניחוח מלון בוטיק פרש הום,,0.00,1.00,false,1.00,21.90,10.95,true,0,
7290013269638,false,ספוג הפלא אקסטרה Extra- מארז 6 יח',החברה הדרומית לשיווק בעמ,IL,סושי ספוג הפלא EXTRA,,0.00,0.00,false,1.00,13.90,2.31,true,0,
7290013269850,false,נייר אפיה אקולוגי סנו סושי 50 יחידות,החברה הדרומית לשיווק בעמ,IL,סושי נייר אפייה טבעי,,0.00,0.00,false,1.00,12.90,0.00,true,0,
>>>>>>> d048ac2f4f281c9d788043ab4e81b61b0dbe3743
7290013358462,false,"מיני קרוטונים למרק בתיבול שום, בצל ופטרוזיליה","עינת תעשיות מזון, אגשח ב",IL,"מיני קרוטונים למרק ולסלט בתיבול בצל, שום ופטרוזיליה",,0.00,100.00,false,1.00,19.90,0.00,true,0,
7290013462039,false,דר פישר אמול פורטה שמן רחצה טיפולי 500מל,מדי פישר,,פורטה שמן רחצה טיפולי לתינוק,,0.00,100.00,false,1.00,99.90,0.00,true,0,
7290013539502,false,סטייל קרם לחות ארגן מרוקאי 400 מל,א.ל.ארמן ייצור תמרוקים ב,IL,קרם לחות לשיער ארגן מרוקאי,,0.00,100.00,false,1.00,30.90,0.00,true,0,
7290013539519,false,"מסכת הזנה ארגן מרוקאי סטייל 500 מ""ל",א.ל ארמן,IL,מסכת הזנה ארגן מרוקאי,,0.00,100.00,false,1.00,29.90,0.00,true,0,
7290013585257,false,ספרייט זירו בבקבוק אישי,החברה המרכזית להפצת משקאות בעמ,IL,ZERO משקה מוגז דל קלוריות בטעם למון ליים,,0.00,100.00,false,1.00,8.90,0.00,true,0,
7290013585677,false,"פריגת אקסטרא מנגו420מ""ל",מבשלות בירה בינלאומי,IL,EXTRA מנגו,,0.00,100.00,false,1.00,8.90,0.00,true,0,
7290013652157,false,"ד""ר פישר - נטורל קר מגבונים להסרת איפור לעור רגיל יבש 30 יח' * 3","פישר תעשיות פרמבצטיות בע""מ",,מגבונים להסרת איפור לעור רגיל/יבש שלישייה,,0.00,0.00,false,1.00,25.90,0.00,true,0,
7290013652164,false,"ד""ר פישר - נטורל קר מגבונים להסרת איפור לעור רגיש 30 יח' * 3","פישר תעשיות פרמצביטות בע""מ",,מגבונים להסרת איפור לעור רגיש שלישיה,,0.00,0.00,false,1.00,25.90,0.00,true,0,
7290013652171,false,"ד""ר פישר - נטורל קר מגבונים להסרת איפור לעור שמן מעורב 30 יח' * 3",פישר תעשיות פרמצבטיות בעמ,,מגבונים להסרת איפור לעור שמן/מעורב שלישיה,,0.00,0.00,false,1.00,25.90,0.00,true,0,
7290013652645,false,אוליביול Oliveyol קרם לטיפול ומניעת תפרחת חיתולים,פישר תעשיות פרמצבטיות בעמ,,משחה טיפולית,,0.00,0.00,false,1.00,35.90,0.35,true,0,
7290013652683,false,גנסיס ליקופן קרם לאזור העיניים והשפתיים,מדי פישר,,ANTI-WRINKLE LYCOPENE קרם לאיזור העיניים ושפתיים,,0.00,100.00,false,1.00,149.90,0.07,true,0,
7290013652775,false,מסכת הזנה לשיער רגיל-יבש Natural care,פישר מעבדות פרמצבטיות,IL,מסכת הזנה לשיער רגיל- יבש,,0.00,100.00,false,1.00,29.90,0.00,true,0,
<<<<<<< HEAD
7290013652782,false,נטורל קר קרם לחות לשיער מתולתל- יסמין ופרחי מגנוליה,פישר מעבדות פרמצבטיות,IL,קרם לחות לשיער מתולתל,,0.00,100.00,false,1.00,19.90,0.00,true,0,
7290013652805,false,"נטורל קר קרם לחות לשיער יבש צבוע פגום, 400 מ""ל",פישר מעבדות פרמצבטיות,IL,"קרם לחות לשיער יבש,צבוע ופגום",,0.00,100.00,false,1.00,19.90,0.00,true,0,
7290013652812,false,"נטורל קר קרם ידיים רגיל/יבש 150 מ""ל",פישר מעבדות פרמצבטיות בע,,קרם ידיים לעור יבש,,0.00,100.00,false,1.00,14.90,0.00,true,0,
7290013652829,false,קרם ידיים לעור יבש במיוחד Natural care,פישר מעבדות פרמצבטיות בע,,קרם ידיים לעור יבש במיוחד,,0.00,100.00,false,1.00,14.90,0.00,true,0,
7290013652980,false,ד.פ.נטורל קר קרם גוף רגיל/יבש-דובדבן,"ד""ר פישר Dr fischer",,קרם גוף לעור רגיל /יבש דובדבן,,0.00,100.00,false,1.00,23.90,0.00,true,0,
7290013652997,false,"ד""ר פישר - נטורל קר קרם גוף יבש במיוחד 450 מ""ל",פישר מעבדות פרמצבטיות,,קרם גוף לעור יבש במיוחד,,0.00,100.00,false,1.00,23.90,0.00,true,0,
=======
7290013652782,false,נטורל קר קרם לחות לשיער מתולתל- יסמין ופרחי מגנוליה,"פישר תעשיות פרמבצטיות בע""מ",IL,קרם לחות לשיער מתולתל,,0.00,100.00,false,1.00,19.90,0.00,true,0,
7290013652805,false,"נטורל קר קרם לחות לשיער יבש צבוע פגום, 400 מ""ל",פישר תעשיות פרמבצטיות בעמ,IL,"קרם לחות לשיער יבש,צבוע ופגום",,0.00,100.00,false,1.00,19.90,0.00,true,0,
7290013652812,false,"נטורל קר קרם ידיים רגיל/יבש 150 מ""ל",פישר תעשיות פרמבצטיות בעמ,,קרם ידיים לעור יבש,,0.00,100.00,false,1.00,14.90,0.00,true,0,
7290013652829,false,קרם ידיים לעור יבש במיוחד Natural care,פישר מעבדות פרמצבטיות בע,,קרם ידיים לעור יבש במיוחד,,0.00,100.00,false,1.00,14.90,0.00,true,0,
7290013652980,false,ד.פ.נטורל קר קרם גוף רגיל/יבש-דובדבן,פישר תעשיות פרמבצטיות בעמ,,קרם גוף לעור רגיל /יבש דובדבן,,0.00,100.00,false,1.00,23.90,0.00,true,0,
7290013652997,false,"ד""ר פישר - נטורל קר קרם גוף יבש במיוחד 450 מ""ל",פישר תעשיות פרמבצטיות בעמ,,קרם גוף לעור יבש במיוחד,,0.00,100.00,false,1.00,23.90,0.00,true,0,
>>>>>>> d048ac2f4f281c9d788043ab4e81b61b0dbe3743
7290013756343,false,לנסינו משחה לאמהות מניקות 40 גרם,מדי-קיור,,משחה לאמהות מניקות,,0.00,100.00,false,1.00,63.90,0.01,true,0,
7290013788962,false,לקטופיל מסכה טיפולית נגד קשקשים 250 מל,כ.צ.ט,,מסכה טיפולית נגד קשקשים,,0.00,100.00,false,1.00,49.90,0.00,true,0,
7290013847102,false,נתחי טונה בהירה בשמן - מארז שלישיה,דיפלומט מפיצים (1968) בעמ**,TR,נתחי טונה בהירה בשמן,,0.00,100.00,false,1.00,14.90,0.00,true,0,
7290013847812,false,נתחי טונה בהירה בשמן זית כתית מעולה Yellowfin,סטארקיסט דיפלומט היינץ,IL,נתחי טונה בהירה בשמן זית כתית מעולה,,0.00,100.00,false,1.00,10.90,0.00,true,0,
7290013848055,false,קרמה מן קרם גוף בניחוח גברי 400 מ' ל,קוסמופארם בע'\'\מ,IL,קרם גוף בניחוח גברי,,0.00,100.00,false,1.00,19.90,0.00,true,0,
7290013848062,false,"קרמה - שמפו וג'ל רחצה מנטה 2 ב-1 לגבר 400 מ""ל",החברה הדרומית,IL,MEN שמפו וג'ל רחצה מנטה 2 ב-1,,0.00,100.00,false,1.00,12.90,0.00,true,0,
7290013848345,false,מארז מטליות לחיטוי וניקוי יסודי אנטיבקטריאלי 99.9%,החברה הדרומית לשיווק בעמ,IL,99.9% מחטא מטליות לחיטוי ולניקוי יסודי,,0.00,0.00,false,1.00,19.90,6.63,true,0,
7290013848383,false,קרמה מן גל רחצה אקטיב בלוק 700 מל לגבר,החברה הדרומית לשיווק בעמ,,ג'ל רחצה אקטיב בלוק,,0.00,100.00,false,1.00,22.90,0.00,true,0,
7290013848758,false,מקסימה גל כביסה מרוכז בייבי 3ליטר סנסטיב,החברה הדרומית לשיווק בעמ,,בייבי ג'ל כביסה מרוכז סנסטיב,,0.00,1.00,false,1.00,32.90,10.96,true,0,
7290013859082,false,יאנג זיט אאוט מסכה לטיפול בעור הנוטה לפצעונים,סבוקלם Sebocalm,,יאנג זיט אאוט מסכה לטיפול בעור הנוטה לפצעונים,,0.00,100.00,false,1.00,74.90,0.05,true,0,
7290013859099,false,סבוקלם אינוביישן קרם יום נגד קמטים SPF25,טטרה פארם,,אינוביישן קרם יום נגד קמטים לעור רגיש SPF25 הגנה מקרני השמש,,0.00,100.00,false,1.00,199.90,0.03,true,0,
7290013859334,false,סבוקלם אינוביישן BB קרם נטורל,טטרה פארם,,אינוביישן BB קרם SPF20 בגוון 01 נטורל,,0.00,100.00,false,1.00,164.90,0.04,true,0,
7290013859341,false,סבוקלם אינוביישן BB קרם בז,טטרה פארם,,אינוביישן BB קרם SPF20 בגוון 02 בז',,0.00,100.00,false,1.00,164.90,0.04,true,0,
7290013859419,false,סבוקלם קלאסיק סבון פנים לעור רגיש 150 מל,סבוקלם Sebocalm,,סבון פנים לעור רגיש,,0.00,100.00,false,1.00,69.90,0.00,true,0,
7290013859518,false,סבוקלם אינוביישן BB קרם לייט בז,טטרה פארם,,אינוביישן BB קרם SPF20 בגוון 015 לייט בז',,0.00,100.00,false,1.00,164.90,0.04,true,0,
7290013859600,false,סבוקלם קלאסיק מי פנים לעור רגיש 200 מל,טטרה פארם,,מי פנים לעור רגיש,,0.00,100.00,false,1.00,69.90,0.00,true,0,
7290013859617,false,אינוביישן ג'ל לקונטור העיניים להפחתת סימני עייפות,סבוקלם Sebocalm,IL,אינוביישן ג'ל לקונטור העיניים להפחתת סימני עייפות תחת העיניים,,0.00,100.00,false,1.00,99.90,0.06,true,0,
7290013859648,false,סבוקלם קלאסיק קרם ידיים אינטינסיב ריפייר,טטרה פארם,,קרם ידיים אינטינסיב ריפייר,,0.00,100.00,false,1.00,59.90,0.01,true,0,
7290013859815,false,סבוקלם קלאסיק בין לילה 15 מל,טטרה פארם,IL,בין לילה משחה מרוכזת להרגעת אדמומיות בעור,,0.00,100.00,false,1.00,79.90,0.05,true,0,
7290013859952,false,סבוקלם קלאסיק קרם לילה עשיר 50 מל,טטרה פארם,IL,קרם לילה עשיר להזנת העור ולמניעת יובש לעור רגיש,,0.00,100.00,false,1.00,96.90,0.01,true,0,
7290013859969,false,סבוקלם אינוביישן מסכה אנזימטית 50 מל,טטרה פארם,IL,אינוביישן מסיכת פיליניג אנזימטית להתחדשות העור,,0.00,100.00,false,1.00,129.90,0.02,true,0,
7290013859976,false,סבוקלם קלאסיק קרם לחות 90 מל,טטרה פארם,IL,קרם לחות להרגעת עור אדמומי ומגרה,,0.00,100.00,false,1.00,96.90,0.01,true,0,
7290013859983,false,סבוקלם אינוביישן קרם לילה רטינול 50 מל,טטרה פארם,IL,אינוביישן קרם לילה רטינול להפחתת הקמטים ולשיפור מרקם העור,,0.00,100.00,false,1.00,199.90,0.03,true,0,
7290013863591,false,חלאבילין סטיק דאודורנט 60 מל,חלאבין,IL,חלאבילין דאודורנט סטיק,,0.00,100.00,false,1.00,21.90,0.00,true,0,
7290013986122,false,גנסיס יאנג מסכת חימר,General,,YOUNG מסכת חימר לספיחת שומנים,,0.00,100.00,false,1.00,59.90,0.00,true,0,
7290013986139,false,גנסיס יאנג גל לטיפול נקודתי ומהיר,General,,YOUNG ג'ל לטיפול נקודתי ומהיר בפגמי העור,,0.00,100.00,false,1.00,59.90,0.03,true,0,
7290013986146,false,גנסיס יאנג קרם גל לחות והגנה SPF30,פישר מעבדות פרמצבטיות בע,,YOUNG קרם ג'ל לחות SPF30 OIL FREE,,0.00,100.00,false,1.00,69.90,0.01,true,0,
7290013986153,false,גנסיס יאנג מי פנים למראה מט,פישר מעבדות פרמצבטיות בע,,YOUNG מי פנים למראה מט,,0.00,100.00,false,1.00,49.90,0.00,true,0,
7290013986160,false,גנסיס יאנג גל מקציף,פישר מעבדות פרמצבטיות בע,,YOUNG ג'ל מקציף אוייל-פרי,,0.00,100.00,false,1.00,49.90,0.00,true,0,
7290013986771,false,גנסיס מי פנים לעור רגיל 200 מל,פישר מעבדות פרמצבטיות בע,,CLEANSING מי פנים לעור רגיל,,0.00,100.00,false,1.00,29.90,0.00,true,0,
7290013986788,false,גנסיס מי פנים לעור מעורב-שמן 200 מל,פישר מעבדות פרמצבטיות בע,,CLEANSING מי פנים לעור מעורב-שמן,,0.00,100.00,false,1.00,29.90,0.00,true,0,
7290013986795,false,גנסיס מי פנים לעור יבש-יבש במיוחד 200 מל,פישר מעבדות פרמצבטיות בע,,CLEANSING מי פנים לעור יבש - יבש במיוחד,,0.00,100.00,false,1.00,29.90,0.00,true,0,
7290013986801,false,גנסיס תחליב ניקוי לעור רגיל 200 מל,פישר מעבדות פרמצבטיות בע,,CLEANSING תחליב פנים לעור רגיל,,0.00,100.00,false,1.00,29.90,0.00,true,0,
7290013986818,false,גנסיס תחליב ניקוי לעור יבש-יבש במיוחד200,פישר מעבדות פרמצבטיות בע,,CLEANSING תחליב ניקוי לעור יבש - יבש במיוחד,,0.00,100.00,false,1.00,29.90,0.00,true,0,
7290013986825,false,גנסיס גל ניקוי פעיל לעור מעורב-שמן 200 מ,פישר מעבדות פרמצבטיות בע,,CLEANSING ג'ל ניקוי פעיל לניקוי יסודי לעור מעורב-שמן,,0.00,100.00,false,1.00,29.90,0.00,true,0,
7290013986832,false,גנסיס מסיר איפור לכל סוגי העור 200 מל,"ד""\ר פישר",,CLEANSING מסיר איפור עדין לאיזור העיניים,,0.00,100.00,false,1.00,39.90,0.00,true,0,
7290013986849,false,גנסיס מסכת פילינג לכל סוגי העור 125 מל,General,,CLEANSING מסכת פיליניג לכל סוגי העור,,0.00,100.00,false,1.00,49.90,0.00,true,0,
7290013986856,false,גנסיס גל גרגרים לכל סוגי העור 150 מל,פישר מעבדות פרמצבטיות בע,,CLEANSING ג'ל פיליניג עדין לכל סוגי העור,,0.00,100.00,false,1.00,49.90,0.00,true,0,
7290014002944,false,גן קסום חליטת פירות וצמחים חמדת שקד 25 שקיקים,תה ויסוצקי (ישראל) בעמ,IL,חליטת צמחים חמדת שקד,,0.00,0.00,false,1.00,24.90,0.00,true,0,
7290014059085,false,"משחת שיניים סנסודיין 75 מ""ל פרימיום לשיקום והגנה","סמית קליין ביצ'ם בע""",,Repair & protect -משחת שיניים לשיקום עמוק,,0.00,100.00,false,1.00,21.90,0.00,true,0,
7290014059184,false,קורגה לשיניים תותבות36יח,גורי,,טבליות לניקוי שיניים תותבות,,0.00,0.00,false,1.00,30.90,0.00,true,0,
7290014059436,false,"משחת שיניים סנסודיין 75 מ""ל פרימיום לשיקום והגנה מלבינה 75 מ""ל","סמית קליין ביצ'ם בע""",,Repair & protect -משחת שיניים מלבינה לשיקום והגנה,,0.00,100.00,false,1.00,21.90,0.00,true,0,
7290014066359,false,לנדוור-קפסולות אספרסו בלנסד(06) - 10יח'12X יח,"קפה לנדוור בע""\מ",IL,קפסולות אספרסו בלנסד (06),,0.00,0.00,false,1.00,18.90,1.89,true,0,
7290014066366,false,לנדוור-קפסולות אספרסו ריסטרטו(08) - 10יח'12X יח,ש.שסטוביץ בעמ,IL,קפסולות אספרסו ריסטרטו (08),,0.00,0.00,false,1.00,18.90,1.89,true,0,
7290014066373,false,לנדוור-קפסולות אספרסו קלאסיק(09) - 10יח'12X יח,ש.שסטוביץ בעמ,IL,קפסולות אספרסו קלאסיק (09),,0.00,0.00,false,1.00,18.90,1.89,true,0,
7290014066380,false,לנדוור-קפסולות אספרסו סופרימו(10) - 10יח'12X יח,ש.שסטוביץ בעמ,IL,קפסולות אספרסו סופרימו (10),,0.00,0.00,false,1.00,18.90,1.89,true,0,
7290014066441,false,לנדוור-קפסולות אספרסו נטול קפאין(07) - 10יח'12X יח,ש.שסטוביץ בעמ,IL,קפסולות אספרסו נטול קפאין,,0.00,0.00,false,1.00,18.90,1.89,true,0,
7290014066526,false,לנדוור-קפסולות אספרסו תערובת הבית(11) - 10יח'12X יח,ש.שסטוביץ בעמ,IL,קפסולות אספרסו תערובת הבית (11),,0.00,0.00,false,1.00,18.90,1.89,true,0,
7290014066533,false,לנדוור-קפסולות אספרסו קלייה כפולה(12) - 10יח'12X יח,ש.שסטוביץ בעמ,IL,קפסולות אספרסו קלייה כפולה (12),,0.00,0.00,false,1.00,18.90,1.89,true,0,
7290014126473,false,בייבי ביס חטיף אורז בטעם תפוח,גואנז'ו יונג וואנט פ,CN,חטיפי אורז אפויים לתינוק בטעם תפוח,,0.00,100.00,false,1.00,14.90,0.00,true,0,
7290014204683,false,אלסבון 1 ליטר משאבה סגול פנינה רוזנבלום,פנינה רוזנבלום בעמ,IL,אל סבון נוזלי סגול,,0.00,1.00,false,1.00,15.90,15.90,true,0,
7290014204690,false,אלסבון 1 ליטר משאבה ורוד פנינה רוזנבלום,פנינה רוזנבלום בעמ,IL,אל סבון נוזלי ורוד,,0.00,1.00,false,1.00,15.90,15.90,true,0,
7290014204713,false,"תרסיס גוף מס' 2 250 מ""ל פנינה רוזנבלום",פנינה רוזנבלום בעמ,IL,תרסיס גוף,,0.00,100.00,false,1.00,29.90,0.00,true,0,
7290014258716,false,תרכובת מזון צמחי על בסיס חלבון סויה מגיל לידה,קבוצת אוסם סחר שותפות מוגבלת,IL,צמחי תרכובת מזון לתינוקות מגיל לידה ואילך,,0.00,100.00,false,1.00,49.90,0.00,true,0,
7290014258723,false,תרכובת מזון צמחי לתינוקות מגיל 0 עד גיל שנה,קבוצת אוסם סחר שותפות מוגבלת,IL,צמחי תרכובת מזון לתינוקות מגיל לידה ועד גיל שנה,,0.00,100.00,false,1.00,69.90,0.00,true,0,
7290014258730,false,תרכובת מזון צמחי לתינוקות מגיל 12 חודשים ואילך,קבוצת אוסם סחר שותפות מוגבלת,IL,צמחי תרכובת מזון המשך לפעוטות מגיל שנה ואילך,,0.00,100.00,false,1.00,69.90,0.00,true,0,
7290014331082,false,גורדן מברשת GREEN CLEAN סופט צבע ורוד,דנטלון,NO,מברשת שיניים רכה למבוגרים GREEN CLEAN סופט צבע ורוד,,0.00,0.00,false,1.00,12.90,0.00,true,0,
7290014331099,false,גורדן מברשת GREEN CLEAN סופט צבע כחול,דנטלון,NO,מברשת שיניים רכה למבוגרים GREEN CLEAN סופט צבע כחול,,0.00,0.00,false,1.00,12.90,0.00,true,0,
7290014331112,false,גורדן מברשת GREEN CLEAN לילדים סופט ורוד,דנטלון,NO,מברשת שיניים רכה במיוחד GREEN CLEAN לילדים גילאי 5-10 סופט צבע ורוד,,0.00,0.00,false,1.00,12.90,0.00,true,0,
7290014331198,false,משחת שיניים לשיני חלב גיל 2-6 במבי,דנטלון,SE,משחת שיניים לשיני חלב 2-6 שנים - במבי,,0.00,100.00,false,1.00,11.90,0.00,true,0,
7290014331204,false,משחת שיניים לשיני חלב גיל 2-6 דב לבן,דנטלון,SE,משחת שיניים לשיני חלב 2-6 שנים - דב לבן,,0.00,100.00,false,1.00,11.90,0.00,true,0,
7290014331211,false,משחת שיניים לשיני חלב 50 מל חד קרן,דנטלון,SE,משחת שיניים לשיני חלב 2-6 שנים - חד קרן,,0.00,100.00,false,1.00,11.90,0.00,true,0,
7290014331228,false,משחת שיניים לשיני חלב 50 מל פינגווין,דנטלון,SE,משחת שיניים לשיני חלב 2-6 שנים - פינגווין,,0.00,100.00,false,1.00,11.90,0.00,true,0,
7290014331235,false,משחת שיניים לשיניים קבועות 50 מל ארנב,דנטלון,SE,משחת שיניים לשיניים קבועות 6-12 שנים - ארנב,,0.00,100.00,false,1.00,11.90,0.00,true,0,
7290014331242,false,משחת שיניים לשיניים קבועות גיל6-12 שועל,דנטלון,SE,משחת שיניים לשיניים קבועות 6-12 שנים - שועל,,0.00,100.00,false,1.00,11.90,0.00,true,0,
7290014331259,false,משחת שיניים לשיניים קבועות 50 מל חד קרן,דנטלון,SE,משחת שיניים לשיניים קבועות 6-12 שנים - חד קרן,,0.00,100.00,false,1.00,11.90,0.00,true,0,
7290014331266,false,משחת שיניים לשיניים קבועות גיל6-12 עז,דנטלון,SE,משחת שיניים לשיניים קבועות 6-12 שנים - עז,,0.00,100.00,false,1.00,11.90,0.00,true,0,
7290014331358,false,גורדן מברשת GREEN CLEAN לתינוקות ירוק,דנטלון,MY,מברשת שיניים רכה במיוחד GREEN CLEAN לתינוקות גילאי 0-2 סופט צבע ירוק,,0.00,0.00,false,1.00,14.90,0.00,true,0,
7290014331372,false,גורדן מברשת CHANGE למבוגרים צבע מנטה,דנטלון,MY,מברשת CHANGE למבוגרים צבע מנטה,,0.00,0.00,false,1.00,21.90,0.00,true,0,
7290014331389,false,גורדן מברשת CHANGE למבוגרים צבע אדום,דנטלון,MY,מברשת CHANGE למבוגרים צבע אדום,,0.00,0.00,false,1.00,21.90,0.00,true,0,
7290014331396,false,גורדן מברשת CHANGE למבוגרים צבע ורוד,דנטלון,MY,מברשת CHANGE למבוגרים צבע ורוד,,0.00,0.00,false,1.00,21.90,0.00,true,0,
7290014331433,false,גורדן מברשת GREEN CLEAN לתינוקות אפור,דנטלון,MY,מברשת שיניים רכה במיוחד GREEN CLEAN לתינוקות גילאי 0-2 סופט צבע אפור,,0.00,0.00,false,1.00,14.90,0.00,true,0,
7290014331457,false,גורדן זוג מברשות שיניים לתינוקות0-2 כחול,General,MY,מברשת שיניים לגילאי 0-2 שנים,,0.00,0.00,false,1.00,19.90,0.00,true,0,
7290014331600,false,גורדן זוג מברשות שיניים לתינוקות0-2 ורוד,General,MY,מברשת שיניים לגילאי 0-2 שנים,,0.00,0.00,false,1.00,19.90,0.00,true,0,
7290014331624,false,גורדן מארז זוג מב.שיניים לילדים 3-5 כחול,General,MY,מארז מברשת שיניים לילדים 3-5 שנים,,0.00,0.00,false,1.00,19.90,0.00,true,0,
7290014331716,false,גורדן מארז זוג מב.שיניים לילדים 3-5 ורוד,General,MY,מארז מברשת שיניים לילדים 3-5 שנים,,0.00,0.00,false,1.00,19.90,0.00,true,0,
7290014331723,false,גורדן מארז זוג מב.שיניים לילדים 6-9 כחול,General,MY,מארז מברשות שיניים לילדים 6-9 שנים,,0.00,0.00,false,1.00,19.90,0.00,true,0,
7290014331730,false,גורדן מארז זוג מב.שיניים לילדים 6-9 ורוד,General,MY,מארז מברשות שיניים לילדים 6-9 שנים,,0.00,0.00,false,1.00,19.90,0.00,true,0,
7290014397163,false,"מטהר אוויר פרש הום פריחת השקד, ורד אנגלי וכותנה",החברה הדרומית לשיווק בעמ,IL,פרש הום מבשם אויר מילוי למכשיר אוטומטי בניחוח פלורל הרמוני,,0.00,100.00,false,1.00,15.90,0.00,true,0,
7290014397835,false,סנו - מט דוחה יתושים נוזלי מכשיר + מילוי 45 לילות,החברה הדרומית לשיווק בעמ,,,,0.00,0.00,false,1.00,39.90,0.00,true,0,
7290014397958,false,"סנו - די רולאון דוחה יתושים ממקור טבעי 50 מ""ל",החברה הדרומית לשיווק בעמ,,תחליב המכיל דוחה יתושים ממקור טבעי,,0.00,100.00,false,1.00,17.90,0.00,true,0,
7290014424081,false,פראנס ביוטי שעווה ברולר טיבעי,נורוליס,IT,שעווה ברולר טבעי - לשיער קצר וקוצני,,0.00,0.00,false,1.00,12.90,0.12,true,0,
7290014424098,false,פראנס ביוטי שעווה ברולר-ורוד,נורוליס,IT,שעווה ברולר ורוד - לשיער בינוני עד קשה,,0.00,0.00,false,1.00,12.90,0.12,true,0,
7290014424265,false,פראנס ביוטי רצועות נייר למריטת שעווה 50,נורוליס,IT,רצועות נייר למריטת שעווה,,0.00,0.00,false,1.00,12.90,0.25,true,0,
7290014424456,false,פראנס ביוטי שעווה מתקלפת לבנה,נורוליס,IT,שעווה מתקלפת לאיזורים עדינים לבנה - לשיער חזק,,0.00,100.00,false,1.00,49.90,0.00,true,0,
7290014424463,false,פראנס ביוטי שעווה מתקלפת ורודה,נורוליס,IT,שעווה מתקלפת לאיזורים עדינים ורודה - לשיער בינוני,,0.00,100.00,false,1.00,49.90,0.00,true,0,
<<<<<<< HEAD
7290014426061,false,משחת שיניים הלו קיטי בטעם ענבים לגיל 2-6,כצט נוביס,,"משחת שיניים בטעם ענבים, לגילאי 2-6 שנים",,0.00,100.00,false,1.00,11.90,0.00,true,0,
7290014426597,false,משחת שיניים ילדיים קיטי שחור 50 גרם,יושלם,,"משחת שיניים בטעם מנטה מעודן, לגילאי 6+ שנים",,0.00,100.00,false,1.00,11.90,0.00,true,0,
=======
7290014426061,false,משחת שיניים הלו קיטי בטעם ענבים לגיל 2-6,גורי ע.ע.ע. בע`מ,,"משחת שיניים בטעם ענבים, לגילאי 2-6 שנים",,0.00,100.00,false,1.00,11.90,0.00,true,0,
7290014426597,false,משחת שיניים לילדים כצט הלו קיטי 50 מל,גורי ע.ע.ע בעמ,,"משחת שיניים בטעם מנטה מעודן, לגילאי 6+ שנים",,0.00,100.00,false,1.00,11.90,0.00,true,0,
>>>>>>> d048ac2f4f281c9d788043ab4e81b61b0dbe3743
7290014454132,false,לאב ליין וויט דאודורנט ספריי,חלאבין,,לאבליין white דאודורנט ספריי,,0.00,100.00,false,1.00,21.90,0.00,true,0,
7290014454149,false,לאב ליין וויט דאודורנט רול און,חלאבין Halvin,,לאבליין white דאודורנט רול-און עד 48 שעות,,0.00,100.00,false,1.00,21.90,0.00,true,0,
7290014525016,false,עשיריית חטיף סלים פרוט מרבה יוגורט תות סלים דליס 18.2 גרם,ש.שסטוביץ בעמ,,חטיף דגנים בטעם יוגורט ותות שדה,,0.00,0.00,false,1.00,15.90,3.18,true,0,
7290014525290,false,חטיפי סלים דליס קריספי תות מרבה 125 גרם,סלים דליס Slim Delis,NL,קריספי חטיף עם מילוי בטעם תות שדה,,0.00,100.00,false,1.00,15.90,0.00,true,0,
7290014525306,false,חטיפי סלים דליס קריספי אוכמניות מרבה 125 גרם,סלים דליס Slim Delis,NL,קריספי חטיף עם מילוי בטעם אוכמניות,,0.00,100.00,false,1.00,15.90,0.00,true,0,
7290014525313,false,חטיפי סלים דליס קריספי שוקולד מרבה 125 גרם,סלים דליס Slim Delis,NL,קריספי חטיף עם מילוי בטעם שוקולד,,0.00,100.00,false,1.00,15.90,0.00,true,0,
7290014525573,false,מרבה שוקודליס עוגיות בציפוי שוקולד חלב מריר 176גר,הלמה הלום בי.וי,NL,שוקו דליס עוגיות מצופות שוקולד חלב במילוי קרם בטעם שוקולד,,0.00,100.00,false,1.00,12.90,0.00,true,0,
7290014525665,false,מרבה על חלל עוגיות קקאו וסוכריות שוק חלב 140 יח',ש.שסטוביץ בעמ,NL,עוגיות על חלל - עוגיות קקאו עם סוכריות שוקולד חלב צבעוניות,,0.00,100.00,false,1.00,10.90,0.00,true,0,
7290014525672,false,מרבה על חלל עוגיות קקאו וסוכריות שוקולד חלב 140 גרם,ש.שסטוביץ בעמ,NL,עוגיות על חלל - עוגיות עם סוכריות שוקולד חלב צבעוניות,,0.00,100.00,false,1.00,10.90,0.00,true,0,
7290014543072,false,חוברת צביעה 24 דפים דיסני פו הדוב יצירה,General,CN,,,0.00,0.00,false,1.00,14.90,14.90,true,0,
7290014543621,false,חוברת חברים מסביב לעולם (5003),General,CN,,,0.00,0.00,false,1.00,14.90,14.90,true,0,
7290014547322,false,סנסודין זוג מברשות שיניים שיקום כחול+תכל,גורי ע.ע.ע. בעמ,CN,מברשות שיניים שיקום והגנה,,0.00,0.00,false,1.00,29.90,14.95,true,0,
7290014608139,false,פיטוסטרים ספריי+שמפו מתנה לשיער דליל גבר,פרמה גורי,,פיטוסטרים ספריי+שמפו מתנה לשיער דליל גבר,,0.00,0.00,false,1.00,269.90,0.00,true,0,
7290014626058,false,"ולדה קרם קלנדולה החתלה, שלישיה 3 * 75 גרם",S.L.A (DR.SAMUELOV,,קרם קלנדולה החתלה לתינוק,,0.00,100.00,false,1.00,109.90,0.00,true,0,
7290014626249,false,"מארז זוג משחת שיניים לילדים 2*50 מ""ל",S.L.A (DR.SAMUELOV,,משחת שיניים לילדים זוג,,0.00,0.00,false,1.00,54.90,0.54,true,0,
7290014626546,false,"וולדה תחליב רחצה ושמפו, שלישיה 3 * 200 מ""ל",S.L.A (DR.SAMUELOV,DE,תחליב רחצה ושמפו קלנדולה לתינוק,,0.00,100.00,false,1.00,109.90,0.00,true,0,
7290014720008,false,נייטשר נאט שמפו לשיער רגיל 400 מל,נייטשר נאט Nature Nut,,שמפו לשיער רגיל היפואלרגני,,0.00,100.00,false,1.00,29.90,0.00,true,0,
7290014720015,false,נייטשר נאט שמפו לשיער יבש-פגום 400 מל,נייטשר נאט Nature Nut,,שמפו לשיער יבש-פגום,,0.00,100.00,false,1.00,29.90,0.00,true,0,
7290014720022,false,נייטשר נאט מרכך לשיער יבש-פגום 400 מל,נייטשר נאט Nature Nut,,מרכך לשיער יבש-פגום,,0.00,100.00,false,1.00,29.90,0.00,true,0,
7290014720039,false,נייטשר נאט קרם לחות לשיער יבש-פגום 400,נייטשר נאט Nature Nut,,קרם לחות ועיצוב לשיער יבש ופגום,,0.00,100.00,false,1.00,39.90,0.00,true,0,
7290014720046,false,נייטשר נאט מסכה לשיער יבש-פגום 250 מל,נייטשר נאט Nature Nut,,מסכה לשיער יבש-פגום,,0.00,100.00,false,1.00,39.90,0.00,true,0,
7290014720084,false,נייטשר נאט ג`ל רחצה 400 מ`ל,נייטשר נאט Nature Nut,,,,0.00,100.00,false,1.00,29.90,0.00,true,0,
7290014720107,false,נייטשר נאט שמפו לשיער רגיל 750 מל,נייטשר נאט Nature Nut,IL,שמפו לשיער רגיל,,0.00,100.00,false,1.00,47.90,0.00,true,0,
7290014720114,false,נייטשר נאט שמפו לשיער יבש-פגום 750 מל,נייטשר נאט Nature Nut,IL,שמפו לשיער יבש-פגום,,0.00,100.00,false,1.00,47.90,0.00,true,0,
7290014720121,false,שמפו טיפולי לשיער דליל ולחיזוק השיער,נייטשר נאט Nature Nut,IL,שמפו טיפולי לשיער דליל ולחיזוק השיער,,0.00,100.00,false,1.00,49.90,0.00,true,0,
7290014720183,false,נייטשר נאט סרום לשיער 50 מל,נייטשר נאט Nature Nut,IL,סרום לשיער סדרת האגוזים,,0.00,100.00,false,1.00,49.90,0.00,true,0,
7290014720206,false,לביוס- אבטיח,הרבה דרם,US,שפתון לטיפוח השפתיים בניחוח אבטיח,,0.00,0.00,false,1.00,18.90,0.00,true,0,
7290014720244,false,נייטשר נאט קרם לחות לפנים 50 מל,הרבה דרם,IL,קרם לחות לפנים לכל סוגי העור. סדרת הזרעים,,0.00,100.00,false,1.00,89.90,0.01,true,0,
7290014720381,false,לביוס - שפתון בטעם נענע,הרבה דרם,US,שפתון לטיפוח השפתיים - נענע,,0.00,0.00,false,1.00,18.90,0.00,true,0,
7290014720404,false,לביוס - שפתון בטעם וניל,הרבה דרם,US,שפתון לטיפוח השפתיים - וניל,,0.00,0.00,false,1.00,18.90,0.00,true,0,
7290014720411,false,לביוס - שפתון בטעם דובדבן,הרבה דרם,US,שפתון לטיפוח השפתיים - דובדבן,,0.00,0.00,false,1.00,18.90,0.00,true,0,
7290014720510,false,נייטשר נאט דאודורנט רול און 50 מל,נייטשר נאט Nature Nut,IL,דאודורנט רול און,,0.00,100.00,false,1.00,39.90,0.00,true,0,
7290014720558,false,שביט אובליפיחה מסכת קרטין לשיער 300 מל,הרבה דרם,IL,אובליפיחה מסכת קרטין,,0.00,100.00,false,1.00,59.90,0.00,true,0,
7290014720589,false,שביט אובליפיחה דאו רול און 60 מל ללא אלו,הרבה דרם,IL,אובליפיחה דאודורנט רול און ללא אלומיניום,,0.00,100.00,false,1.00,39.90,0.00,true,0,
7290014720602,false,שביט עץ התה דאו רול און 60 מל ללא אלו,הרבה דרם,IL,עץ התה דאודורנט רול און ללא אלומיניום,,0.00,100.00,false,1.00,39.90,0.00,true,0,
7290014720619,false,נייטשר נאט שמפו לשיער נגד קשקשים 400 מל,נייטשר נאט Nature Nut,IL,שמפו טיפולי נגד קשקשים,,0.00,100.00,false,1.00,39.90,0.00,true,0,
7290014720626,false,חוחובה זהב - קרם לחות אורגני,הרבה דרם,US,חוחובה זהב - קרם לחות אורגני,,0.00,100.00,false,1.00,179.90,0.03,true,0,
7290014720633,false,חוחובה זהב - קרם לילה אורגני,הרבה דרם,US,חוחובה זהב - קרם לילה אורגני,,0.00,100.00,false,1.00,199.90,0.03,true,0,
7290014720640,false,חוחובה זהב - קרם עיניים אורגני,הרבה דרם,US,חוחובה זהב - קרם עיניים אורגני,,0.00,100.00,false,1.00,179.90,0.05,true,0,
7290014720718,false,שביט דאו רולאון קליפת ארז ללא אלומיניום,הרבה דרם,IL,דאודורנט רול און ללא אלומיניום קליפת ארז,,0.00,100.00,false,1.00,39.90,0.00,true,0,
7290014720725,false,שביט דאו רולאון כותנה נורדית ללא אלומיני,הרבה דרם,IL,דאודורנט רול און ללא אלומיניום לנערות כותנה נורדית,,0.00,100.00,false,1.00,39.90,0.00,true,0,
7290014720800,false,נייטשר נאט קפסולות לטיפוח שיער שעבר החלק,הרבה דרם,IT,קפסולות לטיפוח שיער שעבר החלקה ועיצוב בחום,,0.00,0.00,false,1.00,59.90,1.99,true,0,
7290014720831,false,נייטשר נאט סבון פנים 150 מל,הרבה דרם,IL,סבון פנים,,0.00,100.00,false,1.00,49.90,0.00,true,0,
7290014720848,false,קמילוטרקט שמפו טיפולי סרפד רוזמרין 400 מ,קמילוטרקט,IL,שמפו טיפולי סרפד-רוזמרין,,0.00,100.00,false,1.00,59.90,0.00,true,0,
7290014720855,false,קמילוטרקט שמפו FREE סרפד רוזמרין 400 מל,קמילוטרקט,IL,שמפו FREE סרפד-רוזמרין,,0.00,100.00,false,1.00,64.90,0.00,true,0,
7290014720862,false,קמילוטרקט PLUS שמפו נגד קשקשים 400 מל,קמילוטרקט,IL,PLUS שמפו סרפד רוזמרין נגד קשקשים,,0.00,100.00,false,1.00,64.90,0.00,true,0,
7290014720879,false,קמילוטרקט FORTE שמפו לחיזוק השיער 400 מל,קמילוטרקט,IL,FORTE שמפו סרפד רוזמרין לחיזוק השיער,,0.00,100.00,false,1.00,79.90,0.00,true,0,
7290014720886,false,קמילוטרקט מרכך שיער ארגן רוזמרין 400 מל,קמילוטרקט,IL,מרכך שיער ארגן רוזמרין,,0.00,100.00,false,1.00,59.90,0.00,true,0,
7290014720893,false,קמילוטרקט אל סבון 400 מל,קמילוטרקט,IL,אל סבון קמומיל-מרוה,,0.00,100.00,false,1.00,39.90,0.00,true,0,
7290014720923,false,קמילוטרקט אינטימה דאו-פום 200 מל,הרבה דרם,IL,אינטימה DEO-FOAM קצף ניקוי למניעת ריחות,,0.00,100.00,false,1.00,59.90,0.00,true,0,
7290014720930,false,נייטשר נאט קרם לחות מגדיר תלתלים 200 מל,נייטשר נאט Nature Nut,IL,קרם לחות מגדיר תלתלים,,0.00,100.00,false,1.00,44.90,0.00,true,0,
7290014720954,false,נייטשר נאט מסכת בד לפנים,הרבה דרם,KP,מסכת בד לפנים,,0.00,0.00,false,1.00,19.90,0.00,true,0,
7290014720961,false,נייטשר נאט מסכת הידרוגל לפנים,הרבה דרם,KP,מסכת הידרוג'ל לפנים,,0.00,0.00,false,1.00,24.90,0.00,true,0,
7290014720978,false,קמילוטרקט פרו קרם מזין להחייאת השיער 120,הרבה דרם,IL,פרו - קרם מזין להחייאת השיער,,0.00,100.00,false,1.00,49.90,0.00,true,0,
7290014775466,false,פלקסיטול קרם ידיים לעור יבש 70 גרם,טעם טבע אלטמן,AU,קרם ידיים לעור יבש מאוד,,0.00,100.00,false,1.00,44.90,0.00,true,0,
7290014775473,false,פלקסיטול משחה לכף רגל 70 גרם,טעם טבע אלטמן,AU,משחה לכף הרגל,,0.00,100.00,false,1.00,54.90,0.00,true,0,
7290014800977,false,"אמול נטורל לתינוק .ח. 500 מ""ל",פישר תעשיות פרמבצטיות בעמ,,שמן רחצה טיפולי לתינוק,,0.00,100.00,false,1.00,99.90,0.00,true,0,
7290014855458,false,מגבוני בייביסיטר פרפורמנס ללא בישום מארז 72X4יח',בייביסיטר Babysitter,IL,מגבונים לחים לתינוק ללא בישום עבים במיוחד מארז,,0.00,0.00,false,1.00,19.90,4.97,true,0,
7290014901247,false,"שמפו קרטין לאחר החלקה ועיצוב בחום סטייל 750 מ""ל",א.ל. ארמן ייצור תמרו,,שמפו קרטין לאחר החלקה ועיצוב בחום,,0.00,100.00,false,1.00,29.90,0.00,true,0,
7290014901254,false,"מרכך קרטין לאחר החלקה ועיצוב בחום סטייל 750 מ""ל",א.ל ארמן ייצור תמרוק,,מרכך קרטין לאחר החלקה ועיצוב בחום,,0.00,100.00,false,1.00,29.90,0.00,true,0,
7290014901261,false,"מסכה קרטין לאחר החלקה ועיצוב בחום סטייל 500 מ""ל",א.ל ארמן ייצור תמרוק,,מסיכת קרטין לאחר החלקה ועיצוב בחום,,0.00,100.00,false,1.00,34.90,0.00,true,0,
7290014901308,false,משחת שיניים לשיניים רגישות Complete protection,"סמית קליין ביצ'ם בע""",,Complete protection - משחת שיניים להגנה מלאה,,0.00,100.00,false,1.00,21.90,0.00,true,0,
7290014901315,false,סנסודיין משחה הגנה מלאה אקסטרה פרש 75 מל,"סמית קליין ביצ'ם בע""",,Complete protection - משחת שיניים להגנה מלאה אקסטרה פרש,,0.00,100.00,false,1.00,21.90,0.00,true,0,
7290014901896,false,"מי פה סנסודיין מנטה מרענן 500 מ""ל",גלקסוסמיתקליין,GB,מי פה להקלה על רגישות בטעם מנטה,,0.00,100.00,false,1.00,27.90,0.00,true,0,
7290014949744,false,"אוטן טרופי ספריי יבש ל- 8שעות 100מ""ל",מיוצר עי קונדיטוריית,,תרסיס יבש דוחה יתושים פעיל 8 שעות,,0.00,0.00,false,1.00,19.90,0.19,true,0,
7290014949751,false,אוטן ג'וניור ג'ל דוחה יתושים לילדים,ג'נרל מילס סאן אדריא,,ג'ל דוחה יתושים לילדים,,0.00,0.00,false,1.00,19.90,0.19,true,0,
7290014949768,false,אוטן אפטר בייט 25 מ''ל,המאפיה של הרמן,IT,אפטר בייט ג'ל להרגעה מהירה של העור לאחר עקיצה,,0.00,100.00,false,1.00,19.90,0.00,true,0,
7290014952393,false,מאמי קר קרם טיפולי לתינוק ליובש וקור,General,IL,קרם טיפולי לתינוק ליובש וקור,,0.00,100.00,false,1.00,46.90,0.00,true,0,
7290014952584,false,ג'ל להרגעת העור - לכוויות ועקיצות יתושים,מאמי קר Mommy Care,IL,ג'ל להרגעת העור,,0.00,100.00,false,1.00,39.90,0.00,true,0,
7290014952775,false,מאמי קר סבון לניקוי בקבוקים 60מל TO GO,General,IL,"סבון טבעי מיוחד לניקוי בקבוקים,מוצצים ומשאבות חלב - TO GO",,0.00,100.00,false,1.00,13.90,0.00,true,0,
7290014952935,false,מאמי קייר מגבוני אף ופנים אקולוגים ומתכל,מאמי קר,IL,מגבוני אף ופנים,,0.00,0.00,false,1.00,13.90,0.57,true,0,
7290014952980,false,מאמי קייר קרם פנים לתינוק 60 מל,לה קרים,IL,קרם פנים לתינוק לעור רגיש למניעה וטיפול ביובש,,0.00,100.00,false,1.00,44.90,0.00,true,0,
<<<<<<< HEAD
7290014962521,false,"טפטפים משחת שיניים לילדים מגיל 2-6 50 מ""ל",כצט CTS,IL,משחת שיניים לילדים ג'ל עם פלורואיד בטעם ענבים לגלאי2-6,,0.00,100.00,false,1.00,12.90,0.00,true,0,
=======
7290014962521,false,"טפטפים משחת שיניים לילדים מגיל 2-6 50 מ""ל",גורי ע.ע.ע. בע`מ,IL,משחת שיניים לילדים ג'ל עם פלורואיד בטעם ענבים לגלאי2-6,,0.00,100.00,false,1.00,12.90,0.00,true,0,
>>>>>>> d048ac2f4f281c9d788043ab4e81b61b0dbe3743
7290014989689,false,בליסטקס ליפ בריליאנס,מדיליין פריגו,US,שפתון לשפתיים יבשות וסדוקות עם מסנני קרינה SPF 15,,0.00,100.00,false,1.00,15.90,0.04,true,0,
7290014989702,false,בליסטקס סטיק תפוז מנגו,מדיליין פריגו,US,שפתון תפוז מנגו SPF 15,,0.00,100.00,false,1.00,15.90,0.03,true,0,
7290015025942,false,"קרם ידיים קלאסי עם שמן שקדים פנג'ל 80 מ""ל",מיוצר עי קונדיטוריית,IL,קרם ידיים מועשר בשמן שקדים,,0.00,100.00,false,1.00,8.90,0.00,true,0,
7290015081627,false,אולטרסול FREE קרם גל לפנים SPF50 50,פישר מעבדות פרמצבטיות בע,,FREE קרם ג'ל לפנים 50SPF,,0.00,100.00,false,1.00,49.90,0.00,true,0,
7290015081634,false,אולטרסול FREE קרם גל לפנים SPF30 50,פישר מעבדות פרמצבטיות בע,,FREE קרם ג'ל לפנים SPF30,,0.00,100.00,false,1.00,44.90,0.00,true,0,
7290015081672,false,אולטרסול WET&GO ספריי רציף SPF50 200,פישר מעבדות פרמצבטיו,,WET'N GO ספריי שקוף לעור רטוב SPF50,,0.00,100.00,false,1.00,54.90,0.00,true,0,
7290015081689,false,אולטרסולWET&GO קידס ספריי רציף SPF50 200,פישר מעבדות פרמצבטיו,,WET'N GO ספריי שקוף לילדים לעור רטוב SPF50,,0.00,100.00,false,1.00,54.90,0.00,true,0,
7290015081726,false,אולטרסול FREE ספריי רציף תחליב SPF50 200,פישר מעבדות פרמצבטיות בע,,FREE ספריי תחליבי,,0.00,100.00,false,1.00,59.90,0.00,true,0,
7290015081948,false,אולטרסול ספורט MAX קרם גל לפנים 75 SPF50,פישר מעבדות פרמצבטיות בע,IL,ספורט מקס קרם ג'ל לפנים SPF50,,0.00,100.00,false,1.00,49.90,0.00,true,0,
<<<<<<< HEAD
7290015081955,false,"ד""ר פישר - אולטרסול ספורט מקס ספריי שקוף 200 מ""ל 50SPF",פישר מעבדות פרמצבטיות בע,IL,ספורט מקס ספריי שקוף SPF50,,0.00,100.00,false,1.00,59.90,0.00,true,0,
7290015155823,false,מחית תפוחי עץ חטיפטף ללא תוספת סוכר,פרוטה פודיווין איי.א,CZ,מחית תפוח עץ,,0.00,100.00,false,1.00,5.50,0.00,true,0,
7290015155830,false,מחית תפוחי עץ ובננה חטיפטף ללא תוספת סוכר,פרוטה פודווין איי.אס,CZ,מחית תפוח עץ ובננה,,0.00,100.00,false,1.00,5.50,0.00,true,0,
7290015155847,false,מחית סלט פירות חטיפטף ללא תוספת סוכר,פרוטה פודיווין איי.א,CZ,מחית סלט פירות,,0.00,100.00,false,1.00,5.50,0.00,true,0,
7290015156769,false,מחית פרינוק פאוץ' תפוח ואוכמניות 120 גרם,פרוטה פודווין איי.אס,CZ,מחית תפוח עץ ואוכמניות,,0.00,100.00,false,1.00,5.50,0.00,true,0,
7290015156776,false,מחית פירות טרופיים חטיפטף ללא תוספת סוכר,פרוטה פודווין איי.אס,CZ,מחית פירות טרופיים,,0.00,100.00,false,1.00,5.50,0.00,true,0,
7290015156790,false,מחית לפתן פירות חטיפטף ללא תוספת סוכר,פרוטה פודווין איי.אס,CZ,מחית לפתן פירות,,0.00,100.00,false,1.00,5.50,0.00,true,0,
7290015156813,false,פאוץ' מחית פירות מעורבים פרינוק 120 גרם,פרוטה פודווין איי.אס,CZ,מחית פירות מעורבים,,0.00,100.00,false,1.00,5.50,0.00,true,0,
=======
7290015081955,false,"ד""ר פישר - אולטרסול ספורט מקס ספריי שקוף 200 מ""ל 50SPF",פישר תעשיות פרמבצטיות בעמ,IL,ספורט מקס ספריי שקוף SPF50,,0.00,100.00,false,1.00,59.90,0.00,true,0,
7290015155823,false,מחית תפוחי עץ חטיפטף ללא תוספת סוכר,גורי מוצרי צריכה (1991) בעמ,CZ,מחית תפוח עץ,,0.00,100.00,false,1.00,5.50,0.00,true,0,
7290015155830,false,מחית תפוחי עץ ובננה חטיפטף ללא תוספת סוכר,גורי מוצרי צריכה (1991) בעמ,CZ,מחית תפוח עץ ובננה,,0.00,100.00,false,1.00,5.50,0.00,true,0,
7290015155847,false,מחית סלט פירות חטיפטף ללא תוספת סוכר,גורי מוצרי צריכה (1991) בעמ,CZ,מחית סלט פירות,,0.00,100.00,false,1.00,5.50,0.00,true,0,
7290015156769,false,מחית פרינוק פאוץ' תפוח ואוכמניות 120 גרם,גורי מוצרי צריכה (1991) בעמ,CZ,מחית תפוח עץ ואוכמניות,,0.00,100.00,false,1.00,5.50,0.00,true,0,
7290015156776,false,מחית פירות טרופיים חטיפטף ללא תוספת סוכר,גורי מוצרי צריכה (1991) בעמ,CZ,מחית פירות טרופיים,,0.00,100.00,false,1.00,5.50,0.00,true,0,
7290015156790,false,מחית לפתן פירות חטיפטף ללא תוספת סוכר,גורי מוצרי צריכה (1991) בעמ,CZ,מחית לפתן פירות,,0.00,100.00,false,1.00,5.50,0.00,true,0,
7290015156813,false,פאוץ' מחית פירות מעורבים פרינוק 120 גרם,גורי מוצרי צריכה (1991) בעמ,CZ,מחית פירות מעורבים,,0.00,100.00,false,1.00,5.50,0.00,true,0,
>>>>>>> d048ac2f4f281c9d788043ab4e81b61b0dbe3743
7290015190329,false,תפוח מסכת זהב לעיניים 24 קראט,General,KR,מסכת זהב לעיניים 24 קראט,,0.00,0.00,false,1.00,19.90,0.00,true,0,
7290015190343,false,תפוח מסכת זהב 24K ביו מגנטית 20 מל,General,IL,מסכת זהב 24K ביו מגנטית,,0.00,100.00,false,1.00,25.90,0.01,true,0,
7290015190350,false,תפוח מסכת פחם ביו מגנטית 20 מל,General,IL,מסכת פחם ביו מגנטית,,0.00,100.00,false,1.00,25.90,0.01,true,0,
7290015293624,false,קמיל בלו NATURE אל סבון ושמפו לתינוק 400,פישר תעשיות פרמבצטיות בעמ,IL,NATURE אל סבון ושמפו לתינוק 2IN1,,0.00,100.00,false,1.00,35.90,0.00,true,0,
7290015293631,false,מסיכה לשיער מתולתל יסמין ופרחי מגנוליה,"פישר תעשיות פרמבצטיות בע""מ",IL,מסכת החייאה לשיער מתולתל,,0.00,100.00,false,1.00,29.90,0.00,true,0,
7290015366250,false,"סטייל - ספריי קרטין לשיער 120 מ""ל",א.ל. ארמן,IL,ספריי קרטין להגנה מחום הפן,,0.00,100.00,false,1.00,34.90,0.00,true,0,
7290015366342,false,ספירה - מילוי נוזלי להרחקת יתושים 2 יח',גורי ע.ע.ע. בעמ,IT,2 יחידות מילוי נוזלי להרחקת יתושים,,0.00,0.00,false,1.00,24.90,0.00,true,0,
7290015366373,false,ספירה אנתוש דוחה יתושים לילדים ותינוקות,סאסא קוסמטיקס,IL,אנתוש KIDS תחליב דוחה יתושים לילדים ותינוקות,,0.00,100.00,false,1.00,17.90,0.00,true,0,
7290015366380,false,ספירה אנתוש ספריי דוחה יתושים 70 מל,סאסא קוסמטיקס,IL,אנתוש ספריי דוחה יתושים,,0.00,100.00,false,1.00,17.90,0.00,true,0,
7290015366663,false,"משחת שיניים מנטה עדין אקווה פרש 100 מ""ל",גלקסוסמיתקליין,,משחת שיניים מנטה עדין,,0.00,0.00,false,1.00,8.90,0.08,true,0,
7290015366670,false,משחת שיניים בטעם מנטה אקוהפרש (100 מל),גלקסוסמיתקליין,,משחת שיניים מנטה,,0.00,0.00,false,1.00,8.90,0.08,true,0,
7290015366717,false,"מסיכה לשיער ארגן קוקוס סטייל 500 מ""ל",א.ל ארמן יצור תמרוקים,IL,מסכת הזנה ארגן קוקוס,,0.00,100.00,false,1.00,29.90,0.00,true,0,
7290015366731,false,סטייל שמן ארגן קוקוס 120 מל,א.ל ארמן,IL,שמן ארגן קוקוס,,0.00,100.00,false,1.00,46.90,0.00,true,0,
7290015366748,false,"שמן לשיער ארגן קוקוס סטייל 120 מ""ל",א.ל ארמן,IL,שמן ארגן מרוקאי,,0.00,100.00,false,1.00,49.90,0.00,true,0,
7290015424882,false,פמינה מגבונים אינטימיים 20 יח TO GO,פמינה,,חמוציות TO GO היפואלרגני PH3.5,,0.00,0.00,false,1.00,14.90,0.74,true,0,
7290015435147,false,MF מארז 50 מסכות כירורגיות 3 שכבות,פינגרש,CN,מארז מסכות כירורגיות 3 שכבות,,0.00,0.00,false,1.00,14.90,0.29,true,0,
7290015470384,false,קרם ידיים מטפח אינטנסיב מועשר בשמן שקדים,אינטרקוסמא,IL,קרם ידיים מטפח אינטנסיב מועשר בשמן שקדים לטיפול בעור יבש,,0.00,0.00,false,1.00,12.90,0.12,true,0,
7290015493192,false,"נביעות+ רכיבי פרי אבטיח 0.5 מ""ל",החברה המרכזית להפצת משקאות בעמ,IL,נביעות+ רכיבי פרי בטעם אבטיח,,0.00,100.00,false,1.00,8.90,0.00,true,0,
7290015596008,false,דרמקסול תרחיץ טיפולי לעור בעייתי 500 גרם,מדי פישר,IL,תרחיץ טיפולי לעור בעייתי,,0.00,100.00,false,1.00,59.40,0.00,true,0,
7290015596817,false,"ד""ר פישר - אפקטיב קר קרם גוף מועשר בשמן קוקוס 450 מ""ל",פישר תעשיות פרמצבטיות בעמ,IL,קרם גוף מועשר בשמן קוקוס,,0.00,100.00,false,1.00,24.90,0.00,true,0,
7290015596831,false,"קרם גוף מעושר בשמן אבוקדו אפקטיב קר ד""ר פישר",פישר תעשיות פרמבצטיות בעמ,IL,קרם גוף מועשר בשמן אבוקדו,,0.00,100.00,false,1.00,24.90,0.00,true,0,
7290015733120,false,מטרנה גולד שלב 1 תרכובת מזון על בסיס חלבי,קבוצת אוסם סחר שותפות מוגבלת,IL,גולד תרכובת מזון לתינוקות על בסיס חלבי שלב 1,,0.00,100.00,false,1.00,74.90,0.00,true,0,
7290015733144,false,מטרנה גולד שלב 2 תרכובת מזון על בסיס חלבי,קבוצת אוסם סחר-שות.מוגבלת,IL,גולד תרכובת מזון המשך לתינוקות על בסיס חלבי שלב 2,,0.00,100.00,false,1.00,74.90,0.00,true,0,
7290015733168,false,מטרנה גולד שלב שלוש 700 ג',קבוצת אוסם סחר-שות.מוגבלת,IL,גולד תרכובת מזון המשך לתינוקות על בסיס חלבי שלב 3,,0.00,100.00,false,1.00,74.90,0.00,true,0,
7290015733182,false,מטרנה גולד שלב 1 400 גרם,מטרנה,IL,גולד תרכובת מזון לתינוקות על בסיס חלבי שלב 1,,0.00,100.00,false,1.00,47.90,0.00,true,0,
<<<<<<< HEAD
7290015733205,false,תרכובת מזון לתינוקות חלבי שלב 1 אקסטרה קר מהדרין,נסטלה,IL,אקסטרה קייר מהדרין תרכובת מזון לתינוקות שלב 1,,0.00,100.00,false,1.00,59.90,0.00,true,0,
7290015733229,false,תרכובת מזון לתינוקות חלבי שלב 2 אקסטרה קר מהדרין,מטרנה,IL,אקסטרה קייר מהדרין תרכובת מזון המשך לתינוקות שלב 2,,0.00,100.00,false,1.00,59.90,0.00,true,0,
7290015733243,false,מטרנה אקסטרה קייר מהדרין שלב 3 700 גרם,מטרנה תעשיות ש.מ.,IL,אקסטרה קייר מהדרין תרכובת מזון המשך לפעוטות שלב 3,,0.00,100.00,false,1.00,59.90,0.00,true,0,
7290015733427,false,מטרנה דייסת גם וגם וניל פרו12*300ג 2019,מולינו ניקולי s.p.a,IL,גם וגם דייסת וניל 6+,,0.00,100.00,false,1.00,19.90,0.00,true,0,
7290015733441,false,מטרנה דייסת גם וגם דגנים פרו 300 גר',מטרנה תעשיות ש.מ,IL,גם וגם דייסת דגנים מעורבים 6+,,0.00,100.00,false,1.00,19.90,0.00,true,0,
7290015733465,false,דייסת מטרנה גם וגם קרנפלור פרו 300 גרם,מטרנה תעשיות ש.מ,IL,גם וגם דייסת קורנפלור 6+,,0.00,100.00,false,1.00,19.90,0.00,true,0,
=======
7290015733205,false,תרכובת מזון לתינוקות חלבי שלב 1 אקסטרה קר מהדרין,קבוצת אוסם סחר שותפות מוגבלת,IL,אקסטרה קייר מהדרין תרכובת מזון לתינוקות שלב 1,,0.00,100.00,false,1.00,59.90,0.00,true,0,
7290015733229,false,תרכובת מזון לתינוקות חלבי שלב 2 אקסטרה קר מהדרין,קבוצת אוסם סחר שותפות מוגבלת,IL,אקסטרה קייר מהדרין תרכובת מזון המשך לתינוקות שלב 2,,0.00,100.00,false,1.00,59.90,0.00,true,0,
7290015733243,false,מטרנה אקסטרה קייר מהדרין שלב 3 700 גרם,קבוצת אוסם סחר שותפות מוגבלת,IL,אקסטרה קייר מהדרין תרכובת מזון המשך לפעוטות שלב 3,,0.00,100.00,false,1.00,59.90,0.00,true,0,
7290015733427,false,מטרנה דייסת גם וגם וניל פרו12*300ג 2019,קבוצת אוסם סחר שותפות מוגבלת,IL,גם וגם דייסת וניל 6+,,0.00,100.00,false,1.00,19.90,0.00,true,0,
7290015733441,false,מטרנה דייסת גם וגם דגנים פרו 300 גר`,קבוצת אוסם סחר שותפות מוגבלת,IL,גם וגם דייסת דגנים מעורבים 6+,,0.00,100.00,false,1.00,19.90,0.00,true,0,
7290015733465,false,דייסת מטרנה גם וגם קרנפלור פרו 300 גרם,קבוצת אוסם סחר שותפות מוגבלת,IL,גם וגם דייסת קורנפלור 6+,,0.00,100.00,false,1.00,19.90,0.00,true,0,
>>>>>>> d048ac2f4f281c9d788043ab4e81b61b0dbe3743
7290015733557,false,מטרנה גולד טו גו שלב 1 135 גרם,מטרנה תעשיות ש.מ.,IL,GOLD תרכובת מזון לתינוקות על בסיס חלבי שלב 1 מארז TO GO,,0.00,100.00,false,1.00,14.90,0.00,true,0,
7290015733915,false,"מטרנה א.ר. בד""ץ 400 גרם",מטרנה תעשיות ש.מ.,IL,A.R תרכובת מזון לתינוקות - החל מלידה ואלך,,0.00,100.00,false,1.00,45.90,0.00,true,0,
7290015733939,false,"תרכובת מזון A.R על בסיס חלבי בתוספת עמילן תפו""א ותירס",קבוצת אוסם סחר שותפות מוגבלת,IL,A.R תרכובת מזון לתינוקות - החל מלידה ואלך,,0.00,100.00,false,1.00,79.90,0.00,true,0,
7290015733977,false,תרכובת מזון קומפורט על בסיס חלבי דל לקטוז,קבוצת אוסם סחר שותפות מוגבלת,IL,קומפורט HM-O תרכובת מזון לתינוקות דל לקטוז,,0.00,100.00,false,1.00,69.90,0.00,true,0,
7290015793469,false,"קרם להקלה בגירוי, צריבה ותפרחת חיתולים לעור רגיש",אורה קרם,,משחה לתפרחת חיתולים,,0.00,100.00,false,1.00,19.90,0.00,true,0,
7290015793476,false,אורה קרם - משחה לתפרחת חיתולים,אורה קרם,IL,משחה לתפרחת חיתולים,,0.00,100.00,false,1.00,31.90,0.00,true,0,
7290015833134,false,גל אלכוהול בקבוק 200 מל,סופר-פארם,,ג'ל הגייני לניקוי הידיים 70% אלכוהול,,0.00,100.00,false,1.00,14.90,0.00,true,0,
7290015848862,false,"ד""ר פישר - אולטרסול תחליב 250 מ""ל 50SPF",פישר מעבדות פרמצבטיות בע,IL,תחליב הגנה SPF50,,0.00,100.00,false,1.00,54.90,0.00,true,0,
7290015848886,false,"ד""ר פישר - אולטרסול תחליב קידס 250 מ""ל 50SPF",פישר מעבדות פרמצבטיות בע,IL,תחליב הגנה לילדים SPF50,,0.00,100.00,false,1.00,54.90,0.00,true,0,
7290015848909,false,אולטרסול תחליב קידס 30/250,פישר מעבדות פרמצבטיות בע,IL,תחליב הגנה לילדים SPF30,,0.00,100.00,false,1.00,49.90,0.00,true,0,
7290015848923,false,אולטרסול תחליב הגנה מבוגרים 30/250,פישר מעבדות פרמצבטיות בע,IL,תחליב הגנה SPF30,,0.00,100.00,false,1.00,49.90,0.00,true,0,
7290015848947,false,אולטרסול תחליב250SPF50מל,פישר מעבדות פרמצבטיות בע,IL,תחליב הגנה +SPF50,,0.00,100.00,false,1.00,59.90,0.00,true,0,
7290015848961,false,"אולטרסול קרם פנים 75 מ""ל",פישר מעבדות פרמצבטיות בע,IL,קרם פנים +SPF50,,0.00,100.00,false,1.00,49.90,0.00,true,0,
7290015848978,false,"ד""ר פישר - אולטרסול קרם פנים 75 מ""ל 30SPF",פישר מעבדות פרמצבטיות בע,IL,קרם פנים SPF30,,0.00,100.00,false,1.00,29.90,0.00,true,0,
7290015848985,false,אולטרסול קרם פנים קידס 75/+50,פישר מעבדות פרמצבטיות בע,IL,קרם פנים לילדים +SPF50,,0.00,100.00,false,1.00,49.90,0.00,true,0,
7290015848992,false,"ד""ר פישר - אולטרסול קרם פנים קידס 75 מ""ל 50SPF",פישר מעבדות פרמצבטיות בע,IL,קרם פנים לילדים SPF50,,0.00,100.00,false,1.00,39.90,0.00,true,0,
7290015876124,false,סנסידיליי קרם לחות לעור יבש ומגורה,באייר OTC,DE,סנסידיילי קרם לחות לעור יבש ומגורה במיוחד,,0.00,100.00,false,1.00,119.90,0.00,true,0,
7290015876223,false,בפנטן - בייבי משחת החתלה 50 גרם שלשה,באייר OTC,DE,בייבי משחה למניעה וטיפול בתפרחת חיתולים- מארז שלישייה,,0.00,100.00,false,1.00,119.90,0.00,true,0,
7290016002003,false,סבוקלם בייבי קרם פנים לתינוק 50 מל,טטרה פארם,IL,BABY קרם פנים לתינוק,,0.00,100.00,false,1.00,54.90,0.01,true,0,
7290016002034,false,סבוקלם בייבי לאטופי קרם גוף 100 מל,טטרה פארם,IL,BABY לאטופי קרם גוף טיפולי,,0.00,0.00,false,1.00,89.90,0.89,true,0,
7290016002072,false,סבוקלם בייבי משחת החתלה 60 מל,טטרה פארם,IL,BABY משחת החתלה,,0.00,100.00,false,1.00,54.90,0.00,true,0,
7290016002140,false,סבוקלם קלאסיק כמוסות לעור בריא 30 כמוסות,טטרה פארם,IL,כמוסות לעור בריא תוסף תזונה לשיפור מראה העור,,0.00,0.00,false,1.00,99.90,3.33,true,0,
7290016002188,false,סבוקלם בייבי אל סבון ושמפו לתינוק 400 מל,סבוקלם Sebocalm,IL,BABY אל סבון ושמפו,,0.00,100.00,false,1.00,54.90,0.00,true,0,
7290016002355,false,סבוקלם בייבי שמן אמבט לתינוק 400 מל,טטרה פארם,IL,BABY שמן אמבט,,0.00,100.00,false,1.00,89.90,0.00,true,0,
7290016002379,false,סבוקלם קלאסיק מסיר איפור 150 מל,טטרה פארם,IL,מסיר איפור,,0.00,100.00,false,1.00,69.90,0.00,true,0,
7290016002829,false,סבוקלם קלאסיק מים מיסלריים 180 מל,טטרה פארם,IL,מים מיסלריים לניקוי,,0.00,100.00,false,1.00,79.90,0.00,true,0,
7290016094008,false,אולטרסול קרם פנים 50 75 מל,פישר תעשיות פרמבצטיות בעמ,IL,קרם פנים SPF50,,0.00,100.00,false,1.00,39.90,0.00,true,0,
7290016094015,false,"ד""ר פישר - אולטרסול קרם פנים קידס 75 מ""ל 30SPF",פישר מעבדות פרמצבטיות בע,IL,קרם פנים לילדים SPF30,,0.00,100.00,false,1.00,29.90,0.00,true,0,
7290016094022,false,"ד""ר פישר - אולטרסול ספריי שקוף 200 מ""ל 50SPF",פישר מעבדות פרמצבטיות בע,IL,ספריי רציף שקוף SPF50,,0.00,100.00,false,1.00,54.90,0.00,true,0,
7290016094046,false,אולטרסול ספריי תחליבי 50/200,פישר מעבדות פרמצבטיות בע,IL,ספריי רציף תחליבי SPF50,,0.00,100.00,false,1.00,54.90,0.00,true,0,
7290016094084,false,"אולטרסול מבוגרים קוליפה ספריי שקוף 30,200 SPF מ""ל",פישר מעבדות פרמצבטיות בע,IL,ספריי רציף שקוף SPF30,,0.00,100.00,false,1.00,49.90,0.00,true,0,
7290016094091,false,"אולטרסול קידס קוליפה ספריי שקוף SPF 30,200 מ""ל",פישר מעבדות פרמצבטיות בע,IL,ספריי רציף שקוף לילדים SPF30,,0.00,100.00,false,1.00,49.90,0.00,true,0,
7290016094138,false,אולטרסול FREE תחליב הגנה בשפופרת 50SPF,פישר מעבדות פרמצבטיות בע,IL,FREE תחליב הגנה SPF50,,0.00,100.00,false,1.00,59.90,0.00,true,0,
7290016094657,false,גנסיס אייג קונטרול קרם יום משקם,פישר מעבדות פרמצבטיות בע,IL,AGE CONTROL קרם יום משקם,,0.00,100.00,false,1.00,159.90,0.03,true,0,
7290016094664,false,גנסיס אייג קונטרול קרם לילה משקם,פישר מעבדות פרמצבטיות בע,IL,AGE CONTROL קרם לילה משקם,,0.00,100.00,false,1.00,159.90,0.03,true,0,
7290016094671,false,גנסיס אייג קונטרול סרום שמנים משקם,פישר מעבדות פרמצבטיות בע,IL,AGE CONTROL סרום שמנים משקם,,0.00,100.00,false,1.00,169.90,0.06,true,0,
7290016094695,false,אלכוג'ל לשמירה על הייגיינת הידיים 70% אלכוהול,"פישר תעשיות פרמבצטיות בע""מ",IL,אלכו-ג'ל H - ג'ל לשמירת על היגיינת הידיים 70% אלכוהול,,0.00,100.00,false,1.00,29.90,0.00,true,0,
7290016094817,false,"ד""ר פישר - אולטרסול ספריי שמן גזר 200 מ""ל 20SPF",פישר מעבדות פרמצבטיות בע,IL,ספריי שמן יבש וקליל SPF20,,0.00,100.00,false,1.00,49.90,0.00,true,0,
7290016094824,false,אולטרסול ספריי שמן יבש וקליל 20/200,פישר מעבדות פרמצבטיות בע,IL,ספריי שמן יבש וקליל SPF20,,0.00,100.00,false,1.00,49.90,0.00,true,0,
7290016094848,false,אולטרסול ספריי רציף שקוף 50/300 מוגדל,מדי פישר,IL,הגנה מוגברת ספריי שקוף SPF50,,0.00,100.00,false,1.00,44.90,0.00,true,0,
7290016094961,false,"ד""ר פישר - אולטרסול בייבינטורל קרם פנים 50 מ""ל 50SPF+",פישר מעבדות פרמצבטיות בע,IL,BabyNatural קרם פנים לתינוק +SPF50,,0.00,100.00,false,1.00,54.90,0.01,true,0,
7290016108132,false,417- קרם טבעוני אלסטי ייחודי לשעות הלילה,שסטוביץ,IL,קרם טבעוני אלסטי ייחודי לשעות הלילה,,0.00,100.00,false,1.00,300.00,0.06,true,0,
7290016108231,false,417- קרם עיניים חדשני למניעת קמטים 30 מל,שסטוביץ,IL,קרם עיניים חדשני למניעת קמטים,,0.00,100.00,false,1.00,210.00,0.07,true,0,
7290016108491,false,417- סרום פנים טיים ריברס 50 מל,שסטוביץ,IL,TIME REVERSE סרום פנים,,0.00,100.00,false,1.00,250.00,0.05,true,0,
7290016108507,false,417- קרם ייחודי ומתקדם להקלה והרגעה של ע,שסטוביץ,IL,קרם ייחודי ומתקדם להקלה והרגעה של עור מגורה,,0.00,0.00,false,1.00,120.00,1.20,true,0,
7290016108514,false,417- קרם ממצק גוון עור אחיד לצוואר 100 מ,שסטוביץ,IL,קרם ממצק גוון עור אחיד לצוואר,,0.00,0.00,false,1.00,145.00,1.45,true,0,
7290016108576,false,417- מינרל אקווה קרם לחות לפנים לעור שמן,שסטוביץ,IL,MINERAL AQUA קרם לחות לפנים לעור שמן,,0.00,100.00,false,1.00,195.00,0.03,true,0,
7290016108583,false,417- מי מיסלייר מינרליים לניקוי והסרת אי,שסטוביץ,IL,מי מיסלייר מינרליים לניקוי והסרת איפור,,0.00,100.00,false,1.00,110.00,0.00,true,0,
7290016108590,false,417- מינרל אקווה קרם לחות לפנים לעור רגי,שסטוביץ,IL,MINERAL AQUA קרם לחות לפנים לעור רגיל עד יבש,,0.00,100.00,false,1.00,195.00,0.03,true,0,
7290016108835,false,417- קרם אינטנס גוף לטיפול בצלוליט 200 מ,שסטוביץ,IL,קרם אינטנס גוף לטיפול בצלוליט,,0.00,100.00,false,1.00,119.00,0.00,true,0,
7290016108859,false,417- מסכה מהירה לחידוש העור ולספיחת רעלי,שסטוביץ,IL,מסכה מהירה לחידוש העור ולספיחת רעלים,,0.00,100.00,false,1.00,350.00,0.07,true,0,
7290016114300,false,נייר טואלט דו שכבתי אורך כפול לבן לילי 16 גלילים,קימברלי קלארק ישראל שיווק בעמ,IL,PURE נייר טואלט דו שכבתי לבן גליל כפול,,0.00,0.00,false,1.00,42.90,2.68,true,0,
7290016186178,false,טפטפים פרסטי לניקוי שיניים מהשן הראשונה,כצט CTS,IL,פרסטי טיפות לניקוי שיניים מהשן הראשונה לגילאי 3-24 חודשים,,0.00,100.00,false,1.00,29.90,0.01,true,0,
7290016186246,false,טפטפים בייבי באזז אפטרג'ל ג'ל למריחה לאחר עקיצות,כצט CTS,IL,בייבי באזז אפטר ג'ל,,0.00,100.00,false,1.00,32.90,0.00,true,0,
7290016186253,false,טפטפים בייבי באז שמנים ארומטיים,כ.צ.ט,IL,בייבי באזז שמנים ארומטיים לסביבת הפעוט,,0.00,100.00,false,1.00,29.90,0.02,true,0,
7290016186260,false,טפטפים בייבי באזז מגבוני,כ.צ.ט,IL,בייבי באזז מגבונים,,0.00,0.00,false,1.00,24.90,0.00,true,0,
7290016186277,false,בייבי באז רול און מכיל ציטרונלה לילדים ופעוטות,כצט CTS,IL,בייבי באזז רול און,,0.00,100.00,false,1.00,19.90,0.00,true,0,
7290016197600,false,דיפנד - תחבושת לנשים נורמל 12 יח',קימברלי קלארק ישראל שיווק בעמ,VN,Comfort-protect תחבושות לבריחת שתן נורמל,,0.00,0.00,false,1.00,21.90,1.82,true,0,
7290016197617,false,תחבושת לנשים אקסטרה דיפנד 10 יחידות,קימברלי קלארק ישראל שיווק בעמ,VN,Comfort-protect תחבושות לבריחת שתן אקסטרה,,0.00,0.00,false,1.00,21.90,2.19,true,0,
7290016197624,false,תחבושות לנשים סופר דיפנד 8 יחידות,קימברלי קלארק ישראל שיווק בעמ,VN,Comfort-protect תחבושות לבריחת שתן סופר,,0.00,0.00,false,1.00,21.90,2.73,true,0,
7290016197839,false,ניקול השקית החזקה 20 יח' XL,קימברלי קלארק ישראל שיווק בעמ,IL,שקיות אשפה חזקות במיוחד עם שרוך XL 75*68,,0.00,0.00,false,1.00,26.90,1.34,true,0,
7290016273090,false,סוכריה על מקל בטעם תות בננה 31 גרם,אוריגינל גורמה,US,סוכריה גדולה על מקל,,0.00,0.00,false,1.00,5.90,0.00,true,0,
7290016286304,false,פוד אפיל תבנית פאי בסיס נשלף 28 סמ,פיליפ חדד,IT,"תבנית פאי בסיס נשלף 28 ס""מ DOLCE ITALIANO",,0.00,0.00,false,1.00,39.90,0.00,true,0,
7290016299021,false,"ARGANIA מרכך טיפולי חומצה היאלרונית וקרטין ללא SLS ללא פארבן ללא מלחים ללא רכיבים מן החי 450 מ""ל",ארגניה יצור ושיווק,IL,מרכך טיפולי חומצה היאלורונית וקרטין,,0.00,100.00,false,1.00,39.90,0.00,true,0,
7290016299076,false,"ARGANIA שמפו טיפולי חומצה היאלרונית וקרטין ללא SLS ללא פארבן ללא מלחים ללא רכיבים מן החי 450 מ""ל",ארגניה יצור ושיווק,IL,שמפו טיפולי חומצה היאלורונית וקרטין,,0.00,100.00,false,1.00,39.90,0.00,true,0,
7290016299120,false,ארגניה גלייז לעיצוב השיער 400 מל,ארגניה,IL,"גלייז לעיצוב השיער לשיער מתולתל, מרדני או גלי",,0.00,100.00,false,1.00,44.90,0.00,true,0,
7290016299151,false,ארגניה סרום ארגן 100 מל,ארגניה יצור ושיווק,IL,סרום ארגן לכל סוגי השיער,,0.00,0.00,false,1.00,49.90,0.49,true,0,
7290016299168,false,"ARGANIA סרום קיק לחיזוק שורש השערה 100 מ""ל",ארגניה,IL,סרום קיק,,0.00,0.00,false,1.00,44.90,0.44,true,0,
7290016299199,false,ארגניה סרום חומצה היאלורונית וקרטין 100,ארגניה,IL,סרום חומצה היאלורונית וקרטין,,0.00,0.00,false,1.00,44.90,0.44,true,0,
7290016299205,false,ארגניה קרם ידיים קולגן לבנדר וחומצה היאל,ארגניה,IL,קרם ידיים קולגן לבנדר וחומצה היאלורונית,,0.00,0.00,false,1.00,14.90,0.14,true,0,
7290016299267,false,ארגניה גל רחצה קולגן לבנדר וחומצה היאלרו,ארגניה,IL,ג'ל רחצה קולגן לבנדר וחומצה היאלורונית,,0.00,100.00,false,1.00,29.90,0.00,true,0,
7290016299335,false,ארגניה קרם גוף קולגן לבנדר וחומצה היאלרו,ארגניה,IL,קרם גוף קולגן לבנדר וחומצה היאלורונית,,0.00,100.00,false,1.00,39.90,0.00,true,0,
7290016299359,false,"ARGANIA - מרכך ארגן לכל סוגי השיער ללא ס.ל.ס 450 מ""ל",ארגניה יצור ושיווק,IL,מרכך ארגן,,0.00,100.00,false,1.00,39.90,0.00,true,0,
7290016299397,false,ארגניה קרם רגליים קולגן לבנדר וחומצה היא,ארגניה,IL,קרם רגליים קולגן לבנדר וחומצה היאלורונית,,0.00,0.00,false,1.00,14.90,0.14,true,0,
7290016299403,false,"ARGANIA - קרם לחות לשיער המועשר בשמן קיק ללא ס.ל.ס 400 מ""ל",ארגניה,IL,קרם לחות קיק,,0.00,100.00,false,1.00,49.90,0.00,true,0,
7290016299618,false,"ARGANIA שמפו קיק ללא מלחים ,ללא SLS ,ללא פארבן 450 מ""ל",ארגניה יצור ושיווק,IL,שמפו קיק,,0.00,100.00,false,1.00,39.90,0.00,true,0,
7290016299625,false,ארגניה מסכת קיק ללא שטיפה 250 מל,ארגניה,IL,מסכת קיק ללא שטיפה,,0.00,100.00,false,1.00,44.90,0.00,true,0,
7290016299632,false,"ARGANIA - שמפו ארגן לכל סוגי השיער ללא ס.ל.ס 450 מ""ל",ארגניה יצור ושיווק,IL,שמפו ארגן,,0.00,100.00,false,1.00,39.90,0.00,true,0,
7290016299724,false,ארגניה ערכת קיק לגבות,ארגניה,IL,ערכה לטיפוח ועיצוב הגבה,,0.00,0.00,false,1.00,59.90,0.00,true,0,
7290016299755,false,"ARGANIA מרכך קיק ללא מלחים ,ללא SLS ,ללא פארבן 400 מ""ל",ארגניה יצור ושיווק,IL,מרכך קיק,,0.00,100.00,false,1.00,39.90,0.00,true,0,
7290016299878,false,"ARGANIA מסיכה טיפולית לשיער מעושר בחומצה האילרונית וקרטין ללא SLS 500 מ""ל",ארגניה יצור ושיווק,IL,מסיכה טיפולית חומצה היאלורונית וקרטין,,0.00,100.00,false,1.00,49.90,0.00,true,0,
7290016299885,false,"ARGANIA מסיכה קיק לחיזוק השורש והשיערה 500 מ""ל",שיווק TEVACOM,IL,מסכת קיק,,0.00,100.00,false,1.00,49.90,0.00,true,0,
7290016299892,false,"ARGANIA - מסיכה מקצועית לשיער קרטין וארגן 500 מ""ל",ארגניה יצור ושיווק,IL,מסכת ארגן קרטין,,0.00,100.00,false,1.00,49.90,0.00,true,0,
7290016319118,false,מגע הדבש שעווה מתקלפת לפנים 100 גרם,המאפיה של הרמן,IL,שעווה מתקלפת להסרת שיער לאזור הפנים,,0.00,0.00,false,1.00,29.90,0.29,true,0,
7290016319309,false,סבון נוזלי מאסק קלאסי+משאבה פמלי 1 ל,הנסיך- מפעל לייצור ט,IL,אל סבון קטיפתי מאסק מועשר בלחות,,0.00,1.00,false,1.00,13.90,13.90,true,0,
7290016321081,false,ס.טאץ נבר גרו אפ קרם יום לעור רגיל/מעורב,דנשר,IL,"NEVER GROW UP קרם יום להאטת סימני גיל, לעור רגיל עד מעורב",,0.00,100.00,false,1.00,79.90,0.01,true,0,
7290016321265,false,ס.טאץ קלין מוס לניקוי פנים 150 מל,דנשר,IL,CLEAN מוס לניקוי פנים,,0.00,100.00,false,1.00,34.90,0.00,true,0,
7290016321531,false,רצועות שעווה לגוף מגע הדבש אלוורה 12+3יח,שוורצקוף& הנקל דיסלד,IL,רצועות שעווה לרגליים ולגוף בתוספת אלוורה,,0.00,0.00,false,1.00,28.90,2.40,true,0,
7290016321661,false,פרש וואנס SENSITIVE מגבונים ללא בישום רביעייה 72 יחידות,עלבד משואות יצחק,IL,מגבונים לחים ללא בישום סנסיטיב,,0.00,0.00,false,1.00,18.90,4.72,true,0,
7290016321678,false,מגבונים לחים בניחוח מרענן עם תמציות קמומיל ואלוורה,עלבד משואות יצחק,IL,מגבונים לחים בניחוח מרענן נטורל,,0.00,0.00,false,1.00,18.90,4.72,true,0,
7290016321777,false,מגע הדבש רצועות שעווה לפנים אלוורה 20 יח,שוורצקוף& הנקל דיסלד,IL,רצועות שעווה לפנים שפה עליונה / לחיים / סנטר לעור עדין במיוחד בתוספת אלוורה,,0.00,0.00,false,1.00,28.90,1.80,true,0,
7290016329193,false,דרמקסול קרם גל לחות לעור בעייתי SPF30,מדי פישר,IL,קרם ג'ל לחות והגנה לעור בעייתי SPF30,,0.00,100.00,false,1.00,69.90,0.01,true,0,
7290016329261,false,סרקל מתיר קשרים ספריי רציףף 300 מ'ל,"פישר תעשיות פרמצביטות בע""מ",IL,ספריי מתיר קשרים לילדים,,0.00,100.00,false,1.00,34.90,0.00,true,0,
7290016329278,false,קמיל בלו מגבונים מילוי 64 יח רביעייה,"פישר תעשיות פרמצביטות בע""מ",IL,מגבונים רכים ועדינים לתינוק,,0.00,0.00,false,1.00,19.90,4.97,true,0,
7290016329308,false,"ד""ר פישר - סרקל קרם רוזמרין לשיער מתולתל 325 מ""ל","פישר תעשיות פרמצביטות בע""מ",IL,קרם רוזמרין לילדים לשיער מתולתל,,0.00,100.00,false,1.00,26.90,0.00,true,0,
7290016329315,false,סרקל ספריי מתיר קשרים לילדים לשיער מתולתל,"פישר תעשיות פרמבצטיות בע""מ",IL,ספריי מתיר קשרים לשיער מתולתל לילדים,,0.00,100.00,false,1.00,34.90,0.00,true,0,
7290016329865,false,ד.פישר אפקטיב קר קרם ידיים אינטנסיב,"ד""ר פישר Dr fischer",IL,קרם ידיים INTENSIVE TO GO,,0.00,100.00,false,1.00,8.90,0.00,true,0,
7290016329971,false,ד.פישר אפקטיב קר קרם ידיים אינטנסיב רליף,פישר תעשיות פרמבצטיות בעמ,IL,קרם ידיים INTENSIVE RELIEF TO GO,,0.00,100.00,false,1.00,8.90,0.00,true,0,
7290016429992,false,"ד""ר פישר - אלכוג'ל במארז סיליקון עם דמות 30 מ""ל",פישר תעשיות פרמצבטיות בעמ,IL,אלכו-ג'ל - ג'ל לשמירה על היגיינת הידיים במארז סיליקון עם דמות,,0.00,100.00,false,1.00,19.90,0.00,true,0,
7290016437010,false,שקמה פרו סקין מכנסונים סופגים M,חוגלה,IL,PRO SKIN מכנסונים סופגים מידה 38-40 M,,0.00,0.00,false,1.00,73.90,5.27,true,0,
7290016437416,false,דיפנד - גזרה גבוה תחתון מדיום נשים 18 יח',קימברלי קלארק ישראל שיווק בעמ,IL,"תחתונים סופגים לבריחת שתן, גזרה גבוהה לנשים M",,0.00,0.00,false,1.00,68.90,3.82,true,0,
7290016437423,false,דיפנד תחתון סופג L נשים 16 יח גזרה גבוהה,קימברלי קלארק ישראל שיווק בעמ,IL,"תחתונים סופגים לבריחת שתן, גזרה גבוהה לנשים L",,0.00,0.00,false,1.00,68.90,4.30,true,0,
7290016437430,false,דיפנד - גזרה גבוה תחתון אקסטרה לארג' נשים 16 יח',קימברלי קלארק ישראל שיווק בעמ,IL,"תחתונים סופגים לבריחת שתן, גזרה גבוהה לנשים XL",,0.00,0.00,false,1.00,68.90,4.92,true,0,
7290016437454,false,דיפנד - גזרה גבוה תחתון מדיום גברים 18 יח',קימברלי קלארק ישראל שיווק בעמ,IL,"תחתונים סופגים לבריחת שתן, גזרה גבוהה לגברים M",,0.00,0.00,false,1.00,68.90,3.82,true,0,
7290016437461,false,דיפנד - גזרה גבוה תחתון לארג' גברים 16 יח',קימברלי קלארק ישראל שיווק בעמ,IL,"תחתונים סופגים לבריחת שתן, גזרה גבוהה לגברים L",,0.00,0.00,false,1.00,68.90,4.30,true,0,
7290016437591,false,קוטקס - תחתונים סופגים לנשים לאחר לידה מדיום 8 יח',קימברלי קלארק ישראל שיווק בעמ,KR,תחתונים סופגים לנשים לאחר לידה M,,0.00,0.00,false,1.00,36.90,4.61,true,0,
7290016437607,false,קוטקס - תחתונים סופגים לנשים לאחר לידה לארג' 8 יח',קימברלי קלארק ישראל שיווק בעמ,KR,תחתונים סופגים לנשים לאחר לידה L,,0.00,0.00,false,1.00,36.90,4.61,true,0,
7290016437621,false,חיתולי האגיס פרידום דריי pants מידה 4 36 יחידות,קימברלי קלארק ישראל שיווק בעמ,CZ,"תחתוני חיתולים מידה 4, 9-14 ק""ג",,0.00,0.00,false,1.00,49.90,1.38,true,0,
7290016437645,false,חיתולי האגיס פרידום דריי pants מידה 5 34 יחידות,קימברלי קלארק ישראל שיווק בעמ,CZ,"תחתוני חיתולים מידה 5, 12-17 ק""ג",,0.00,0.00,false,1.00,49.90,1.55,true,0,
7290016437652,false,חיתולי האגיס פרידום דריי pants מידה 6 30 יחידות,קימברלי קלארק ישראל שיווק בעמ,CZ,"תחתוני חיתולים האגיס פנטס מידה 6, 15-25 ק""ג",,0.00,0.00,false,1.00,49.90,1.91,true,0,
7290016509304,false,סוד סבון לאסלה 4 כדוריותבניחוח לבנדר 50 ג',גורי שיווק בעמ,IL,סבון אסלה לבנדר,,0.00,100.00,false,1.00,9.90,0.00,true,0,
7290016509786,false,פרסיל גל לכביסה לבנה וצבעונית-ירוק 2.5 ל,גורי שיווק בעמ,IL,ג'ל לכביסה רגילה וצבעונית,,0.00,1.00,false,1.00,36.90,14.76,true,0,
7290016509830,false,ג'ל כביסה לבגדי תינוקות ובעלי עור רגיש Sensitive,גורי שיווק בעמ,IL,ג'ל לכביסה לבגדי תינוקות ובעלי עור רגיש,,0.00,1.00,false,1.00,36.90,14.76,true,0,
7290016546293,false,נשכן ג'ל מחליף צבעים,General,,,,0.00,0.00,false,1.00,19.90,19.90,true,0,
7290016546859,false,כדור קטן בצורות,General,IL,כדור קטן בצורות,,0.00,0.00,false,1.00,11.90,11.90,true,0,
7290016621341,false,אל סבון היגייני לניקוי יסודי קמיל Clean & Moisture,פישר תעשיות פרמצבטיות בעמ,IL,אל סבון לניקוי ולהעשרת העור בלחות. מועשר בחמאת שיאה,,0.00,1.00,false,1.00,15.90,15.90,true,0,
7290016621358,false,"ד""ר פישר - קמיל אל סבון ניקיון והזנה ורוד 1 ליטר","פישר תעשיות פרמבצטיות בע""מ",IL,אל סבון לניקוי ולהזנת העור. מועשר בויטמין E ושמן זית,,0.00,1.00,false,1.00,15.90,15.90,true,0,
7290016621365,false,אל סבון היגייני לניקוי יסודי קמיל Clean & Moisture,"פישר תעשיות פרמבצטיות בע""מ",IL,אל סבון לניקוי ולתחושת רעננות. מועשר בתמצית לבנדר,,0.00,1.00,false,1.00,15.90,15.90,true,0,
7290016621495,false,אולטרסול קידס קוליפה תחליב הגנה,פישר תעשיות פרמבצטיות בעמ,IL,KIDS תחליב הגנה לילדים +SPF50,,0.00,100.00,false,1.00,59.90,0.00,true,0,
7290016621600,false,קמיל בלו קרמאף מארז חורף,מדי פישר,IL,קרמאף מארז חורף הכולל: קרמאף ו-2 מגבונאף,,0.00,0.00,false,1.00,29.90,0.00,true,0,
7290016621624,false,אולטרסול ספריי שקוף קידס 50/300 מוגדל,מדי פישר,IL,KIDS ספריי שקוף לילדים 50SPF,,0.00,100.00,false,1.00,44.90,0.00,true,0,
7290016621631,false,אולטרסול ספורט ספריי שקוף 50/300 מוגדל,General,IL,SPORT MAX ספריי שקוף SPF50,,0.00,100.00,false,1.00,44.90,0.00,true,0,
7290016621952,false,קמיל בלו סנסיטיב קרם פנים לתינוק SPF30,פישר תעשיות פרמבצטיות בעמ,IL,BABY סנסטיב קרם פנים לתינוק SPF30,,0.00,100.00,false,1.00,34.90,0.00,true,0,
7290016692112,false,תערובת ציטרונלה להגנת העור רול און,מאמי קר Mommy Care,IL,רול און תערובת ציטרונלה,,0.00,100.00,false,1.00,39.90,0.00,true,0,
7290016692150,false,"סבון טבעי לניקוי בקבוקים, מוצצים ומשאבות חלב",מאמי קר Mommy Care,,"סבון טבעי מיוחד לניקוי בקבוקים,מוצצים ומשאבות חלב - אריזת חסכון",,0.00,100.00,false,1.00,47.90,0.00,true,0,
7290016692198,false,מאמי קייר משחת החתלה קלנדולה קלאסיק,מאמי קר Mommy Care,IL,משחת החתלה קלנדולה קלאסיק,,0.00,100.00,false,1.00,25.90,0.00,true,0,
7290016692501,false,מאמי קייר משחת החתלה קלנדולה קלאסיקTO GO,General,IL,קלנדולה קלאסיק משחת החתלה TO-GO,,0.00,100.00,false,1.00,6.90,0.00,true,0,
7290016747003,false,מורז X תוש תרסיס דוחה יתושים,SALA (MORAZ,IL,X תוש תרסיס דוחה יתושים ממקור צמחי,,0.00,100.00,false,1.00,49.90,0.00,true,0,
7290016747010,false,מורז X תוש רול און דוחה יתושים,מורז,IL,X תוש רול און דוחה יתושים ממקור צמחי,,0.00,100.00,false,1.00,49.90,0.00,true,0,
7290016747171,false,"קרם תינוקות להגנה מפני השמש 50מ""ל spf50",מורז,IL,קרם פוליגונום לפנים ולצוואר להגנה גבוהה מקרני השמש SPF50,,0.00,100.00,false,1.00,69.90,0.01,true,0,
7290016747188,false,"קרם טבעי להגנה מפני השמש 100מ""ל spf 50",מורז,IL,קרם פוליגונום לתינוקות להגנה גבוהה מקרני השמש SPF50,,0.00,100.00,false,1.00,69.90,0.01,true,0,
7290016747232,false,מורז אפקל שמן צמחי למריחה על האף 10 מל,SALA (MORAZ,IL,אפקל שמן צמחי למריחה על האף,,0.00,100.00,false,1.00,44.90,0.04,true,0,
7290016747492,false,מורז X תוש תחליב בתרסיס דוחה יתושים,מורז,IL,X תוש תחליב בתרסיס דוחה יתושים,,0.00,0.00,false,1.00,49.90,0.49,true,0,
7290016747560,false,מורז כינקר מארז טיפולי ספריי+שמפו,מורז,,כינקייר מארז לטיפול והשמדת כינים וביצי כינים המכיל: שמפו + ספריי ומסרק,,0.00,0.00,false,1.00,99.90,0.00,true,0,
7290016747591,false,מורז שמפו המפ צמחי לשיער רגיל 500 מל,מורז,IL,שמפו המפ צמחי לשיער רגיל,,0.00,100.00,false,1.00,49.90,0.00,true,0,
7290016747621,false,מורז גל אנטי אייגינג 50 מל +SPF30,מורז,IL,ג'ל אנטי אייג'ינג +SPF30,,0.00,100.00,false,1.00,119.90,0.02,true,0,
7290016747638,false,מורז מסכת בד אנטי אייגינג לפנים מארז*4,מורז,IL,מסכת בד אנטי אייג'ינג לפנים,,0.00,0.00,false,1.00,79.90,19.97,true,0,
7290016747645,false,מורז קרם לעיניים ולצוואר 50 מל,מורז,IL,קרם לעיניים ולצוואר מצמחי מרפא,,0.00,100.00,false,1.00,99.90,0.01,true,0,
7290016747652,false,מורז סרום לעור הפנים רימונים ופוליגונום,מורז,IL,סרום לעור הפנים רימונים ופוליגונום,,0.00,100.00,false,1.00,119.90,0.03,true,0,
7290016747713,false,מורז איקס דוזה תרסיס להגנה מהשמש SPF 50,מורז,IL,תרסיס X דוזה להגנה כפולה מקרני השמש SPF 50,,0.00,100.00,false,1.00,109.90,0.00,true,0,
7290016747720,false,מורז כפתן ספריי לנעליים 100 מל,מורז,NL,כפתן ספריי לנעליים לסיוע במניעת זיהומים ופטרת חוזרת,,0.00,0.00,false,1.00,59.90,0.59,true,0,
7290016866643,false,פרודונטקס מ.שיניים אקסטרה פרש 75 מל,פרודונטקס Parodontax,SK,משחת שיניים אקסטרה פרש,,0.00,100.00,false,1.00,32.90,0.00,true,0,
7290016866650,false,"פרודונטקס - משחת שיניים אוריג'ינל 75 מ""ל",פרודונטקס Parodontax,SK,משחת שיניים אורגינל,,0.00,100.00,false,1.00,32.90,0.00,true,0,
7290016866667,false,"פרודונטקס - משחת שיניים ללא פלאוריד 75 מ""ל",פרודונטקס Parodontax,SK,משחת שיניים ללא פלואוריד,,0.00,100.00,false,1.00,32.90,0.00,true,0,
7290016866674,false,"פרודונטקס - משחת שיניים מלבינה 75 מ""ל",פרודונטקס Parodontax,SK,משחת שיניים מלבינה,,0.00,100.00,false,1.00,32.90,0.00,true,0,
7290016866704,false,סטייל שמפו קרטין E 750 מל לשיקום שיער יב,גורי ע.ע.ע בעמ,IL,שמפו קרטין +ויטמין E לשיקום שיער יבש ופגום,,0.00,100.00,false,1.00,29.90,0.00,true,0,
7290016866711,false,סטייל מרכך קרטין E 750 מל לשיקום שיער יב,גורי ע.ע.ע בעמ,IL,מרכך קרטין +ויטמין E לשיקום שיער יבש ופגום,,0.00,100.00,false,1.00,29.90,0.00,true,0,
7290016866728,false,סטייל מסכה קרטין E 500 מל לשיקום שיער יב,גורי ע.ע.ע בעמ,IL,מסכת קרטין +ויטמין E לשיקום שיער יבש ופגום,,0.00,100.00,false,1.00,34.90,0.00,true,0,
7290016866735,false,סטייל קרם לחות קרטין E 400 מל לשיקום שיע,א.ל. ארמן,IL,קרם לחות קרטין +ויטמין E לשיקום שיער יבש ופגום,,0.00,100.00,false,1.00,35.90,0.00,true,0,
7290016912494,false,"ד""ר פישר - אפקטיב קר תרחיץ פנים לכל סוגי העור 180 מ""ל","פישר תעשיות פרמצביטות בע""מ",IL,תרחיץ פנים לכל סוגי העור,,0.00,100.00,false,1.00,17.90,0.00,true,0,
7290016912500,false,"ד""ר פישר - אפקטיב קר תרחיץ פנים לעור רגיש 180 מ""ל","פישר תעשיות פרמצביטות בע""מ",IL,תרחיץ פנים סנסיטיב לעור רגיש,,0.00,100.00,false,1.00,17.90,0.00,true,0,
7290016912609,false,"סרקל מסיכת הזנה לשיער ילדים 200 מ""ל",פישר תעשיות פרמבצטיות בעמ,IL,מסכת הזנה לשיער לילדים,,0.00,100.00,false,1.00,24.90,0.00,true,0,
7290016912616,false,סרקל שמפו לילדים לשיער בהיר - בלונדיני,פישר תעשיות פרמבצטיות בעמ,IL,שמפו לילדים לשיער בהיר - בלונדיני,,0.00,1.00,false,1.00,28.90,28.90,true,0,
7290016912623,false,סרקל מרכך לילדים לשיער בהיר - בלונדיני,פישר תעשיות פרמבצטיות בעמ,IL,מרכך לילדים לשיער בהיר - בלונדיני,,0.00,1.00,false,1.00,28.90,28.90,true,0,
7290017002101,false,פראנס ביוטי מכשיר חימום לרולר שעווה,נורוליס,CN,מכשיר חימום לרולר שעווה,,0.00,0.00,false,1.00,55.90,55.90,true,0,
7290017010038,false,Jez שטיפה אינטימה,נורוליס,IL,Your Intima Wash שטיפה אינטימה,,0.00,100.00,false,1.00,69.90,0.00,true,0,
7290017010366,false,Jez קרם אינטימה,נורוליס,IL,Your Intima Cream קרם אינטימה,,0.00,100.00,false,1.00,179.90,0.02,true,0,
7290017010953,false,Jez מגבונים אינטימיים,נורוליס,IL,Your Intima Wipes מגבונים אינטימיים,,0.00,0.00,false,1.00,59.90,1.99,true,0,
7290017012001,false,סבוקלם קלאסיק דאודורנט POWDER לעור רגיש,סבוקלם Sebocalm,IL,דאודורנט לעור רגיש בניחוח POWDER,,0.00,100.00,false,1.00,49.90,0.00,true,0,
7290017012018,false,יאנג מסכת בוץ לטיהור וספיחת עודפי שומן,סבוקלם Sebocalm,IL,יאנג מסכת בוץ לטיהור וספיחת עודפי שומן,,0.00,100.00,false,1.00,64.90,0.01,true,0,
7290017012049,false,סבוקלם קלאסיק קרם לחות עם הגנה מהשמש SPF,טטרה פארם,IL,קרם לחות עם הגנה מהשמש SPF30,,0.00,100.00,false,1.00,99.90,0.01,true,0,
7290017012070,false,סבוקלם קלאסיק דאודורנט לעור רגיש לגבר 70,סבוקלם Sebocalm,IL,דאודורנט לעור רגיש MEN,,0.00,100.00,false,1.00,49.90,0.00,true,0,
7290017012155,false,סבוקלם אינוביישן קרם עיניים זהב 15 מל,סבוקלם Sebocalm,IL,אינוביישן קרם עיניים זהב,,0.00,100.00,false,1.00,249.90,0.16,true,0,
7290017012193,false,סבוקלם קלאסיק קרם לחות עם הגנה מהשמש SPF,טטרה פארם,IL,קרם לחות עם הגנה מהשמש SPF50,,0.00,100.00,false,1.00,129.90,0.02,true,0,
7290017012261,false,אינוביישן תוסף מרוכז של חומצה היאלרונית,סבוקלם Sebocalm,IL,אינוביישן תוסף מרוכז של חומצה היאלרונית,,0.00,100.00,false,1.00,249.90,0.10,true,0,
7290017012445,false,מסכת בד קולגן למיצוק וגמישות העור,סבוקלם Sebocalm,IL,אינוביישן מסכת בד קולגן,,0.00,100.00,false,1.00,19.90,0.01,true,0,
7290017012469,false,מסכת בד פפטידים מסייעת לטיפול בקמטים,סבוקלם Sebocalm,IL,אינוביישן מסכת בד פפטידים,,0.00,100.00,false,1.00,19.90,0.01,true,0,
7290017012490,false,סבוקלם אינוביישן מסכת בד חומצה היאלורוני,טטרה פארם,IL,אינוביישן מסכת בד חומצה היאלרונית,,0.00,100.00,false,1.00,19.90,0.01,true,0,
7290017012506,false,מסכת בד אלוורה להענקת לחות מוגברת והרגעה,סבוקלם Sebocalm,IL,קלאסיק מסכת בד אלוורה,,0.00,100.00,false,1.00,19.90,0.01,true,0,
7290017012520,false,סבוקלם אינוביישן מסכת בד פנינים,סבוקלם Sebocalm,IL,אינוביישן מסכת בד פנינים,,0.00,100.00,false,1.00,19.90,0.01,true,0,
7290017012537,false,מסכת בד במבוק להרגעה ורענון הפנים,סבוקלם Sebocalm,IL,קלאסיק מסכת בד במבוק,,0.00,100.00,false,1.00,19.90,0.01,true,0,
7290017012568,false,סבוקלם יאנג מסכת בד פרח נר הלילה,טטרה פארם,IL,יאנג מסכת בד פרח נר הלילה,,0.00,100.00,false,1.00,19.90,0.01,true,0,
7290017012599,false,סבוקלם SEA&SUN ספריי הגנה 120 מל SPF50,טטרה פארם,IL,SEA&SUN ספריי תחליב הגנה מפני השמש SPF50,,0.00,100.00,false,1.00,119.90,0.00,true,0,
7290017012605,false,סבוקלם SEA&SUN קרם הגנה 60 מל מבוגרים,סבוקלם Sebocalm,IL,SEA&SUN קרם הגנה מפני השמש +SPF50,,0.00,100.00,false,1.00,99.90,0.01,true,0,
7290017012612,false,סבוקלם SEA&SUN קרם הגנה 60 מל ילדים,טטרה פארם,IL,KIDS SEA&SUN קרם הגנה מפני השמש +SPF50 לילדים,,0.00,100.00,false,1.00,99.90,0.01,true,0,
7290017012636,false,סבוקלם אינוביישן אולטרה קרם לחות ליום 50,טטרה פארם,KR,אינוביישן אולטרה קרם לחות ליום,,0.00,100.00,false,1.00,249.90,0.04,true,0,
7290017012643,false,סבוקלם אינוביישן קרם לילה משקם המועשר בק,טטרה פארם,KR,אינוביישן קרם לילה משקם המועשר בקולגן,,0.00,100.00,false,1.00,249.90,0.04,true,0,
7290017012773,false,טוני מולי מארז מסכות בד חמישייה,שסטוביץ,KR,מארז מסכות בד,,0.00,0.00,false,1.00,74.00,0.00,true,0,
7290017012780,false,שביט עץ התה קרם לחות טיפולי,הרבה דרם,IL,"עץ התה קרם לחות טיפולי לעור שמן, בעייתי ומעורב",,0.00,100.00,false,1.00,79.90,0.01,true,0,
7290017012940,false,סבוקלם סבון גוף אמלא וקפה ירוק 400 מל,טטרה פארם,IL,סבון גוף לעור רגיש מועשר באמלא וקפה ירוק,,0.00,100.00,false,1.00,59.90,0.00,true,0,
7290017012964,false,סבוקלם סבון גוף אסאי ופרחי צבר 400 מל,טטרה פארם,IL,סבון גוף לעור רגיש מועשר באסאי ופרחי צבר,,0.00,100.00,false,1.00,59.90,0.00,true,0,
7290017012988,false,סבוקלם בייבי קרם הגנה SPF50 50 מל,טטרה פארם,IL,BABY קרם הגנה מהשמש +SPF50,,0.00,100.00,false,1.00,79.90,0.01,true,0,
7290017031477,false,"סנסודיין משחת שיניים רפיד רליף להלבנה 75 מ""ל","סמיתקליין ביצ'ם בע""מ",GB,Rapid relief whitning - משחת שיניים לשיניים רגישות,,0.00,100.00,false,1.00,21.90,0.00,true,0,
7290017031569,false,סטייל שמפו קרטין פלוס 100 מל לשיקום שיער,גורי,IL,שמפו קרטין +ויטמין E לשיקום שיער יבש ופגום,,0.00,0.00,false,1.00,9.90,0.09,true,0,
7290017031576,false,סטייל מסכה קרטין פלוס 100 מל ל,גורי,IL,מסכה קרטין +ויטמין E לשיקום שיער יבש ופגום,,0.00,0.00,false,1.00,9.90,0.09,true,0,
7290017031583,false,סטייל מרכך קרטין פלוס 100 מל לשיקום שיער,גורי,IL,מרכך קרטין +ויטמין E לשיקום שיער יבש ופגום,,0.00,0.00,false,1.00,9.90,0.09,true,0,
7290017031705,false,"סנסודיין משחת שיניים קלין & פרש 75 מ""ל",גלקסוס סמית קליין,,Clean and fresh - משחת שיניים לנקיון ורעננות מתמשכת,,0.00,100.00,false,1.00,18.90,0.00,true,0,
7290017031811,false,פרודונטקס מברשת שיניים אקסטרא סופט א.זוג,גלקסוסמיתקליין,CN,מברשת שיניים אקסטרא סופט,,0.00,0.00,false,1.00,29.90,14.95,true,0,
7290017031859,false,"פרודונטקס - משחת שיניים אולטרא קלין 75 מ""ל","מאסטרפוד אוסטריה בע""מ",SK,משחת שיניים אולטרא קלין,,0.00,100.00,false,1.00,32.90,0.00,true,0,
7290017031927,false,שמפו סטיייל האמפ 750 מל,א.ל.ארמן ייצור תמרוקים ב,IL,שמפו HEMP OIL לכל סוגי השיער,,0.00,100.00,false,1.00,26.90,0.00,true,0,
7290017031934,false,סטייל מרכך האמפ 750 מל,א.ל. ארמן,IL,מרכך HEMP OIL לכל סוגי השיער,,0.00,100.00,false,1.00,26.90,0.00,true,0,
7290017088327,false,רבעיית מגבונים בייביסיטר אקסטרא סופט ללא בישום 64 יחידות,די.פי.אל בעמ,IL,מגבונים לחים לתינוק אקסטרא סופט ללא בישום מארז,,0.00,0.00,false,1.00,19.90,4.97,true,0,
7290017088815,false,בריז תחבושות לבריחת שתן נורמל 12 יח,שקד תבל בעמ,IT,תחבושות לבריחת שתן נורמל,,0.00,0.00,false,1.00,18.90,1.57,true,0,
7290017088822,false,BREEZE תחבושות לבריחת שתן אקסטרה (10 יח'),שקד תבל בעמ,IT,תחבושות לבריחת שתן אקסטרה,,0.00,0.00,false,1.00,18.90,1.89,true,0,
7290017088839,false,BREEZE תחבושות לבריחת שתן אקסטרה פלוס (8 יח'),שקד תבל בעמ,IT,תחבושות לבריחת שתן אקסטרה פלוס,,0.00,0.00,false,1.00,18.90,2.36,true,0,
7290017088846,false,BREEZE תחבושות לבריחת שתן מקסי (8 יח'),שקד תבל בעמ,IT,תחבושות לבריחת שתן מקסי,,0.00,0.00,false,1.00,18.90,2.36,true,0,
7290017088853,false,BREEZE תחתונים לבריחת שתן מידה M יח' 14,ניאופארם,IT,תחתונים סופגים לבריחת שתן M,,0.00,0.00,false,1.00,74.90,5.35,true,0,
7290017088860,false,BREEZE תחתונים לבריחת שתן מידה L יח' 14,ניאופארם,IT,תחתונים סופגים לבריחת שתן L,,0.00,0.00,false,1.00,74.90,5.35,true,0,
7290017088877,false,BREEZE תחתונים לבריחת שתן מידה XL יח' 14,ניאופארם,IT,תחתונים סופגים לבריחת שתן XL,,0.00,0.00,false,1.00,74.90,5.35,true,0,
7290017179087,false,צטאפיל תחליב לחות לעור רגיל עד יבש 236 מ,רפא,CA,תחליב לחות לעור רגיל עד יבש,,0.00,100.00,false,1.00,89.90,0.00,true,0,
7290017179094,false,צטאפיל רסטורדם תחליב לחות משקם 295 מל,צטאפיל Cetaphil,CA,פרו תחליב לחות לשיקום עור מגורה ויבש,,0.00,100.00,false,1.00,130.00,0.00,true,0,
7290017179124,false,צטאפיל רסטורדם תרחיץ ניקוי משקם 295 מל,צטאפיל Cetaphil,CA,פרו תרחיץ ניקוי לשיקום עור מגורה ויבש,,0.00,100.00,false,1.00,99.00,0.00,true,0,
7290017179209,false,צטאפיל מארז קצף ניקוי לפנים+קרם לחות,רפא,CA,מארז קצף ניקוי לפנים+קרם לחות SPF30,,0.00,0.00,false,1.00,179.90,0.00,true,0,
7290017179421,false,תחליב ניקוי עדין לעור יבש ורגיש - גוף ופנים,צטאפיל Cetaphil,CA,תחליב ניקוי עדין לעור רגיש ויבש,,0.00,100.00,false,1.00,99.90,0.00,true,0,
7290017179438,false,צטאפיל קרם לחות לשימוש יומיומי 450 גרם,רפא,CA,קרם לשימוש יומיומי להענקת לחות מתמשכת,,0.00,100.00,false,1.00,119.90,0.00,true,0,
7290017179452,false,צטאפיל פרו קרם לחות לילה לעור אדמומי,רפא,CA,פרו קרם לחות לילה לעור אדמומי,,0.00,100.00,false,1.00,99.90,0.01,true,0,
7290017285023,false,גנסיס אייג קונטרול מסכת עיניים למיצוק,General,IL,AGE CONTROL מסכת עיניים למיצוק והרמה,,0.00,100.00,false,1.00,159.90,0.05,true,0,
7290017285870,false,אולטרסול בייבי נטורל קרם פנים צורני פיל,מדי פישר,IL,בייבי נטורל קרם פנים צורני +SPF50 פיל,,0.00,100.00,false,1.00,34.90,0.01,true,0,
7290017285887,false,אולטרסול ספורט קרם פנים צורני 30/50 גלשן,פישר תעשיות פרמצבטיות בעמ,IL,ספורט מקס קרם פנים במתלה לתיק SPF50,,0.00,100.00,false,1.00,29.90,0.00,true,0,
7290017285894,false,"ד""ר פישר - אולטרסול קידס קרם פנים צורני 30 מ""ל 50SPF",פישר תעשיות פרמבצטיות בעמ,IL,קידס קרם פנים במתלה לתיק SPF50,,0.00,100.00,false,1.00,29.90,0.00,true,0,
7290017285993,false,אולטרסול ספריי רציף תחליבי ילדים 50+ 200,פישר מעבדות פרמצבטיות בע,IL,KIDS ספריי תחליבי +SPF50,,0.00,100.00,false,1.00,59.90,0.00,true,0,
7290017440071,false,גנסיס דיגיטל אייג קרם יום לעור רגיל-יבש,General,IL,DIGITAL AGE קרם יום מגן לעור רגיל-יבש SPF30,,0.00,100.00,false,1.00,159.90,0.03,true,0,
7290017440088,false,גנסיס דיגיטל אייג קרם יום לעור מעורב-שמן,General,IL,DIGITAL AGE קרם יום מגן לעור מעורב-שמן SPF30,,0.00,100.00,false,1.00,159.90,0.03,true,0,
7290017440095,false,גנסיס דיגיטל אייג קרם לילה 50 מל,General,IL,DIGITAL AGE קרם לילה משקם,,0.00,100.00,false,1.00,159.90,0.03,true,0,
7290017440101,false,גנסיס דיגיטל אייג פריימר סרום 30 מל,CHEMIPAL FISHER (BIO,IL,DIGITAL AGE פריימר סרום,,0.00,100.00,false,1.00,159.90,0.05,true,0,
7290017440170,false,אולטרסול ספריי רציף שקוף ילדים 50+ 200,פישר תעשיות,IL,KIDS ספריי שקוף +SPF50,,0.00,100.00,false,1.00,59.90,0.00,true,0,
7290017440231,false,סרקל שמפו לילדים לשיער מתולתל 1 ליטר,"פישר תעשיות פרמצביטות בע""מ",IL,שמפו לילדים לשיער מתולתל,,0.00,1.00,false,1.00,28.90,28.90,true,0,
7290017440248,false,סרקל מרכך לילדים לשיער מתולתל 1 ליטר,"פישר תעשיות פרמצביטות בע""מ",IL,מרכך לילדים לשיער מתולתל,,0.00,1.00,false,1.00,28.90,28.90,true,0,
7290017440279,false,"ד""ר פישר - קידס אל סבון ויטמינים 750 מ""ל",פישר תעשיות פרמצבטיות בעמ,IL,KIDS אל סבון ויטמינים,,0.00,100.00,false,1.00,16.90,0.00,true,0,
7290017440286,false,"ד""ר פישר - קידס מרכך ויטמינים 750 מ""ל","פישר תעשיות פרמצביטות בע""מ",IL,KIDS מרכך ויטמינים,,0.00,100.00,false,1.00,16.90,0.00,true,0,
7290017440309,false,"ד""ר פישר - קידס שמפו ויטמינים 750 מ""ל","פישר תעשיות פרמצביטות בע""מ",IL,KIDS שמפו ויטמינים,,0.00,100.00,false,1.00,16.90,0.00,true,0,
7290017440323,false,"ד""ר פישר - קידס שמפו + מרכך ויטמינים 750 מ""ל",פישר תעשיות פרמצבטיות בעמ,IL,KIDS שמפו+מרכך ויטמינים,,0.00,100.00,false,1.00,16.90,0.00,true,0,
7290017440682,false,ד.פישר בלונד שמפו לשיער בהיר,פישר תעשיות פרמבצטיות בעמ,IL,BLOND שמפו לשיער בהיר-בלונדיני,,0.00,100.00,false,1.00,29.90,0.00,true,0,
7290017440699,false,ד.פישר בלונד מרכך לשיער בהיר 400 מל,"פישר תעשיות פרמצביטות בע""מ",IL,BLOND מרכך לשיער בהיר-בלונדיני,,0.00,100.00,false,1.00,29.90,0.00,true,0,
7290017440705,false,יולקטין קרם ידיים טיפולי 50 מל TO-GO,מדי פישר,IL,קרם ידיים טיפולי לטיפול אינטנסיבי והקלה מיידית TO-GO,,0.00,100.00,false,1.00,19.90,0.00,true,0,
<<<<<<< HEAD
7290017440798,false,ד.פישר סילבר מרכך לשיער כסוף 400 מל,קולגייט פלמוליב,IL,SILVER מרכך לשיער כסוף,,0.00,100.00,false,1.00,29.90,0.00,true,0,
7290017440804,false,ד.פישר סילבר מסכת הזנה לשיער כסוף 300 מ,מדי פישר,IL,SILVER מסכת הזנה לשיער כסוף,,0.00,100.00,false,1.00,39.90,0.00,true,0,
7290017440965,false,אל סבון היגייני לניקוי יסודי ולהזנת העור clean & nourish,פישר מעבדות פרמצבטיות,IL,אל סבון לניקוי ולהזנת העור. מועשר בויטמין E ושמן זית,,0.00,1.00,false,1.00,15.90,15.90,true,0,
7290017457727,false,"סוד כחול מרכך כביסה מרוכז20%+בישום 900 מ""ל",הנקל סוד,IL,מרכך כביסה מרוכז כחול ניחוח מתמשך,,0.00,100.00,false,1.00,12.90,0.00,true,0,
7290017457734,false,"סוד ורוד מרכך כביסה מרוכז20%+בישום 900 מ""ל",הנקל סוד,IL,מרכך כביסה מרוכז ורוד ניחוח מתמשך,,0.00,100.00,false,1.00,12.90,0.00,true,0,
7290017457925,false,סוד מרכך כביסה מרוכז פרש קונטרול ורוד,הנקל סוד,IL,מרכך מרוכז לכביסה פרש קונטרול ורוד,,0.00,100.00,false,1.00,12.90,0.00,true,0,
7290017457932,false,סוד מרכך כביסה מרוכז פרש קונטרול כחול,הנקל סוד,IL,מרכך מרוכז לכביסה פרש קונטרול כחול,,0.00,100.00,false,1.00,12.90,0.00,true,0,
7290017513409,false,תה ירוק SUPER GREEN 87 גרםבטעם אוכמניות ואסאי,תה ויסוצקי,,SUPER GREEN תה ירוק צמחים סגולים,,0.00,0.00,false,1.00,26.90,0.00,true,0,
7290017513850,false,תה ירוק נענע 25 שקיקים בתוספת ויטמינים Cּּ+D,ויסוצקי ירוק,,תה ירוק נענע עם ויטמינים C ו-D,,0.00,0.00,false,1.00,26.90,1.07,true,0,
7290017637426,false,שמפו למניעת קשקשים מיקי בוגנים 500 מל,סאסא קוסמטיקס,IL,שמפו למניעת קשקשים ANTI DANDRUFF,,0.00,100.00,false,1.00,24.90,0.00,true,0,
7290017637532,false,שמפו לשיער בלונד בהיר מיקי בוגנים 500 מל,סאסא קוסמטיקס,IL,שמפו לשיער בלונד/בהיר BLOND,,0.00,100.00,false,1.00,39.90,0.00,true,0,
7290017637549,false,מרכך לשיער בלונד בהיר מיקי בוגנים 500 מל,סאסא קוסמטיקס,IL,מרכך לשיער בלונד/בהיר BLOND,,0.00,100.00,false,1.00,39.90,0.00,true,0,
7290017637556,false,שמפו לקרקפת שומנית מיקי בוגנים 500 מל,סאסא קוסמטיקס,IL,שמפו לקרקפת שומנית CLEANSING,,0.00,100.00,false,1.00,24.90,0.00,true,0,
7290017637563,false,שמפו לתלתלים מושלמים 500 מל מיקי בוגנים,סאסא קוסמטיקס,IL,שמפו לתלתלים מושלמים CURLS,,0.00,100.00,false,1.00,24.90,0.00,true,0,
7290017637570,false,מרכך לתלתלים מושלמים 500 מל מיקי בוגנים,סאסא קוסמטיקס,IL,מרכך לתלתלים מושלמים CURLS,,0.00,100.00,false,1.00,24.90,0.00,true,0,
7290017637587,false,קרם לתלתלים מושלמים 200 מל בוגנים,סאסא קוסמטיקס,IL,קרם לתלתלים מושלמים CURLS,,0.00,100.00,false,1.00,27.90,0.00,true,0,
7290017637594,false,שמפו יומיומי זיכרונות מתוקים 500 מל,סאסא קוסמטיקס,IL,שמפו לשיער רגיל SWEET MEMORIES EVERDAY,,0.00,100.00,false,1.00,24.90,0.00,true,0,
7290017637600,false,מרכך יומיומי זיכרונות מתוקים 500 מל,סאסא קוסמטיקס,IL,מרכך לשיער רגיל SWEET MEMORIES EVERDAY,,0.00,100.00,false,1.00,24.90,0.00,true,0,
7290017637617,false,מסיכת הזנה לשיער מיקי בוגנים 250 מל,סאסא קוסמטיקס,IL,מסיכת הזנה לשיער רגיל SWEET MEMORIES EVERDAY,,0.00,100.00,false,1.00,27.90,0.00,true,0,
7290017637624,false,מרכך יומיומי יסמין קסום 500 מל בוגנים,סאסא קוסמטיקס,IL,שמפו לשיער רגיל MAGICAL JASMINE EVERDAY,,0.00,100.00,false,1.00,24.90,0.00,true,0,
7290017637631,false,מרכך יומיומי יסמין קסום 500 מל בוגנים,סאסא קוסמטיקס,IL,מרכך לשיער רגיל MAGICAL JASMINE EVERDAY,,0.00,100.00,false,1.00,24.90,0.00,true,0,
7290017637648,false,מסיכת הזמנה לשיער מיקי בוגנים 250מל,סאסא קוסמטיקס,IL,מסיכת הזנה לשיער רגיל MAGICAL JASMINE EVERDAY,,0.00,100.00,false,1.00,27.90,0.00,true,0,
7290017637655,false,שמפו קרטין ללא מלח מיקי בוגנים 500 מל,סאסא קוסמטיקס,IL,שמפו ללא מלחים KERATIN,,0.00,100.00,false,1.00,29.90,0.00,true,0,
7290017637662,false,שמפו שימר להדגשת גוונים בהיר מיקי בוגנים 500 מל,סאסא קוסמטיקס,IL,שמפו להדגשת גוונים זהובים SHIMMER,,0.00,100.00,false,1.00,24.90,0.00,true,0,
7290017637679,false,מרכך שימר להדגשת גוונים בהיר מיקי בוגנים 500 מל,סאסא קוסמטיקס,IL,מרכך להדגשת גוונים זהובים SHIMMER,,0.00,100.00,false,1.00,24.90,0.00,true,0,
7290017637761,false,מרכך לשיער ללא מלחים 500מל מיקי בוגנים,General,IL,מרכך ללא מלחים KERATIN,,0.00,100.00,false,1.00,29.90,0.00,true,0,
=======
7290017440798,false,ד.פישר סילבר מרכך לשיער כסוף 400 מל,"פישר תעשיות פרמבצטיות בע""מ",IL,SILVER מרכך לשיער כסוף,,0.00,100.00,false,1.00,29.90,0.00,true,0,
7290017440804,false,ד.פישר סילבר מסכת הזנה לשיער כסוף 300 מ,"פישר תעשיות פרמבצטיות בע""מ",IL,SILVER מסכת הזנה לשיער כסוף,,0.00,100.00,false,1.00,39.90,0.00,true,0,
7290017440965,false,אל סבון היגייני לניקוי יסודי ולהזנת העור clean & nourish,"פישר תעשיות פרמבצטיות בע""מ",IL,אל סבון לניקוי ולהזנת העור. מועשר בויטמין E ושמן זית,,0.00,1.00,false,1.00,15.90,15.90,true,0,
7290017457727,false,"סוד כחול מרכך כביסה מרוכז20%+בישום 900 מ""ל",גורי שיווק בעמ,IL,מרכך כביסה מרוכז כחול ניחוח מתמשך,,0.00,100.00,false,1.00,12.90,0.00,true,0,
7290017457734,false,"סוד ורוד מרכך כביסה מרוכז20%+בישום 900 מ""ל",גורי שיווק בעמ,IL,מרכך כביסה מרוכז ורוד ניחוח מתמשך,,0.00,100.00,false,1.00,12.90,0.00,true,0,
7290017457925,false,סוד מרכך כביסה מרוכז פרש קונטרול ורוד,גורי שיווק בעמ,IL,מרכך מרוכז לכביסה פרש קונטרול ורוד,,0.00,100.00,false,1.00,12.90,0.00,true,0,
7290017457932,false,סוד מרכך כביסה מרוכז פרש קונטרול כחול,גורי שיווק בעמ,IL,מרכך מרוכז לכביסה פרש קונטרול כחול,,0.00,100.00,false,1.00,12.90,0.00,true,0,
7290017513409,false,תה ירוק SUPER GREEN 87 גרםבטעם אוכמניות ואסאי,תה ויסוצקי (ישראל) בעמ,,SUPER GREEN תה ירוק צמחים סגולים,,0.00,0.00,false,1.00,26.90,0.00,true,0,
7290017513850,false,תה ירוק נענע 25 שקיקים בתוספת ויטמינים Cּּ+D,תה ויסוצקי (ישראל) בעמ,,תה ירוק נענע עם ויטמינים C ו-D,,0.00,0.00,false,1.00,26.90,1.07,true,0,
7290017637426,false,שמפו למניעת קשקשים מיקי בוגנים 500 מל,סאסאטק אגשח בעמ - סאסא MB,IL,שמפו למניעת קשקשים ANTI DANDRUFF,,0.00,100.00,false,1.00,24.90,0.00,true,0,
7290017637532,false,שמפו לשיער בלונד בהיר מיקי בוגנים 500 מל,סאסאטק אגשח בעמ - סאסא MB,IL,שמפו לשיער בלונד/בהיר BLOND,,0.00,100.00,false,1.00,39.90,0.00,true,0,
7290017637549,false,מרכך לשיער בלונד בהיר מיקי בוגנים 500 מל,סאסאטק אגשח בעמ - סאסא MB,IL,מרכך לשיער בלונד/בהיר BLOND,,0.00,100.00,false,1.00,39.90,0.00,true,0,
7290017637556,false,שמפו CLEANSING לקרקפת שומנית מיקי בוגנים,סאסאטק אגשח בעמ - סאסא MB,IL,שמפו לקרקפת שומנית CLEANSING,,0.00,100.00,false,1.00,24.90,0.00,true,0,
7290017637563,false,שמפו לתלתלים מושלמים 500 מל מיקי בוגנים,סאסאטק אגשח בעמ - סאסא MB,IL,שמפו לתלתלים מושלמים CURLS,,0.00,100.00,false,1.00,24.90,0.00,true,0,
7290017637570,false,מרכך לתלתלים מושלמים 500 מל מיקי בוגנים,סאסאטק אגשח בעמ - סאסא MB,IL,מרכך לתלתלים מושלמים CURLS,,0.00,100.00,false,1.00,24.90,0.00,true,0,
7290017637587,false,קרם CURLS לתלתלים מושלמים מיקי בוגנים 20,סאסאטק אגשח בעמ - סאסא MB,IL,קרם לתלתלים מושלמים CURLS,,0.00,100.00,false,1.00,27.90,0.00,true,0,
7290017637594,false,שמפו יומיומי זיכרונות מתוקים 500 מל,סאסאטק אגשח בעמ - סאסא MB,IL,שמפו לשיער רגיל SWEET MEMORIES EVERDAY,,0.00,100.00,false,1.00,24.90,0.00,true,0,
7290017637600,false,מרכך יומיומי זיכרונות מתוקים 500 מל,סאסאטק אגשח בעמ - סאסא MB,IL,מרכך לשיער רגיל SWEET MEMORIES EVERDAY,,0.00,100.00,false,1.00,24.90,0.00,true,0,
7290017637617,false,מסיכת הזנה לשיער מיקי בוגנים 250 מל,סאסאטק אגשח בעמ - סאסא MB,IL,מסיכת הזנה לשיער רגיל SWEET MEMORIES EVERDAY,,0.00,100.00,false,1.00,27.90,0.00,true,0,
7290017637624,false,מרכך יומיומי יסמין קסום 500 מל בוגנים,סאסאטק אגשח בעמ - סאסא MB,IL,שמפו לשיער רגיל MAGICAL JASMINE EVERDAY,,0.00,100.00,false,1.00,24.90,0.00,true,0,
7290017637631,false,מרכך יומיומי יסמין קסום 500 מל בוגנים,סאסאטק אגשח בעמ - סאסא MB,IL,מרכך לשיער רגיל MAGICAL JASMINE EVERDAY,,0.00,100.00,false,1.00,24.90,0.00,true,0,
7290017637648,false,מסיכת הזנה לשיער רגיל מיקי בוגנים 250 מ,סאסאטק אגשח בעמ - סאסא MB,IL,מסיכת הזנה לשיער רגיל MAGICAL JASMINE EVERDAY,,0.00,100.00,false,1.00,27.90,0.00,true,0,
7290017637655,false,שמפו קרטין ללא מלח מיקי בוגנים 500 מל,סאסאטק אגשח בעמ - סאסא MB,IL,שמפו ללא מלחים KERATIN,,0.00,100.00,false,1.00,29.90,0.00,true,0,
7290017637662,false,שמפו שימר להדגשת גוונים בהיר מיקי בוגנים 500 מל,סאסטק מיקי בוגנים,IL,שמפו להדגשת גוונים זהובים SHIMMER,,0.00,100.00,false,1.00,24.90,0.00,true,0,
7290017637679,false,מרכך שימר להדגשת גוונים בהיר מיקי בוגנים 500 מל,סאסטק מיקי בוגנים,IL,מרכך להדגשת גוונים זהובים SHIMMER,,0.00,100.00,false,1.00,24.90,0.00,true,0,
7290017637761,false,מרכך לשיער ללא מלחים 500מל מיקי בוגנים,סאסאטק אגשח בעמ - סאסא MB,IL,מרכך ללא מלחים KERATIN,,0.00,100.00,false,1.00,29.90,0.00,true,0,
>>>>>>> d048ac2f4f281c9d788043ab4e81b61b0dbe3743
7290017708751,false,מדיסקין גל אלכוהול 150 מל,סופר-פארם,,מדיסקין גל אלכוהול,,0.00,100.00,false,1.00,13.90,0.00,true,0,
7290017871370,false,פמילי יהלום- סבון ידיים מועשר בשמן אבוקדו לניקוי וטיפוח עור הידיים,המאפיה של הרמן,TR,סבון לניקוי וטיפוח עור הידיים מועשר בשמן אבוקדו,,0.00,100.00,false,1.00,10.90,0.00,true,0,
7290017872001,false,"קרם החתלה פרשוואנס שמן זית ופרופוליס 100 סמ""ק","דנשר (1963) בע,מ",IL,קרם החתלה לתינוק שמן זית ופרופוליס,,0.00,0.00,false,1.00,12.90,0.12,true,0,
7290017872018,false,"קרם החתלה פרשוואנס קמומיל וקלנדולה 100 סמ""ק","דנשר (1963) בע,מ",IL,קרם החתלה לתינוק קמומיל וקלנדולה,,0.00,0.00,false,1.00,12.90,0.12,true,0,
7290017872056,false,פמלי אל סבון 3*1 הסדרה הלבנה-מעורב 500 גרם*3,אברנסל קוסמטיקס,TR,אל סבון מפנק מעורב קמומיל/מאסק/קוקוס,,0.00,1.00,false,1.00,16.90,11.26,true,0,
7290017872230,false,פרש וונס מגבונים נטורל 100 יח דיספנסר,פרש וואנס Fresh Ones,IL,מגבונים לחים בניחוח מרענן נטורל עם דיספנסר,,0.00,0.00,false,1.00,10.90,0.10,true,0,
7290017872728,false,שעווה למיקרוגל 500 ג-מועשרת בחימר ורוד,דנשר,IL,שעווה לחימום במיקרוגל - מועשרת בחימר ורוד,,0.00,100.00,false,1.00,27.90,0.00,true,0,
7290017872742,false,שעווה למיקרוגל 500 ג-מועשרת בשמן המפ,דנשר,IL,שעווה לחימום במיקרוגל - מועשרת בשמן המפ,,0.00,100.00,false,1.00,27.90,0.00,true,0,
7290017872872,false,בייביביס חטיפי דגנים אפויים לתינוקות בטעם גזר וסלק,טאטא גלובל בוורג'ס,,חטיפי דגנים אפויים לתינוקות בטעם גזר וסלק,,0.00,100.00,false,1.00,14.90,0.00,true,0,
7290017872957,false,אדג' - מכשיר גילוח רב פעמי ידית + 3 סכינים לעור רגיש,"דנשר (1963) בע,מ",US,מכשיר גילוח רב פעמי ידית+ 3 סכינים לעור רגיש,,0.00,0.00,false,1.00,69.90,69.90,true,0,
7290017872964,false,אדג' - מכשיר גילוח רב פעמי ידית + 3 סכינים לחות מוגברת,"דנשר (1963) בע,מ",US,מכשיר גילוח רב פעמי ידית+ 3 סכינים לחות מוגברת,,0.00,0.00,false,1.00,69.90,69.90,true,0,
7290017872971,false,אדג' - 4 סכיני גילוח לעור רגיש,"דנשר (1963) בע,מ",US,סכיני גילוח לעור רגיש,,0.00,0.00,false,1.00,49.90,12.47,true,0,
7290017873152,false,"זוג דאק נוזל לאסלות בניחוח ים 750X2 מ""ל",דנשר,NL,ג'ל לניקוי מתקדם ניחוח לבנדר,,0.00,100.00,false,1.00,19.90,0.00,true,0,
7290017917030,false,"ד""ר פישר - אולטרסול ספריי שמן קוקוס 200 מ""ל 20SPF",פישר מעבדות פרמצבטיות,IL,ספריי שמן SPF20 שמן קוקוס,,0.00,100.00,false,1.00,39.90,0.00,true,0,
7290017917054,false,יולקטין קרם כף רגל טיפולי אקסטרה 15%,מדי פישר,IL,קרם כף רגל טיפולי אקסטרה 15%,,0.00,100.00,false,1.00,79.90,0.00,true,0,
7290017917085,false,"ד""ר פישר - יולקטין חמאת גוף טיפולית 200 מ""ל",מדי פישר,IL,חמאת גוף טיפולית לעור יבש במיוחד,,0.00,100.00,false,1.00,59.90,0.00,true,0,
7290017917184,false,אולטרסול גל אלוורה פורטה 200 מל,פישר תעשיות,IL,ג'ל אלוורה פורטה לטיפול והרגעה מיידית,,0.00,100.00,false,1.00,39.90,0.00,true,0,
7290017917382,false,אל סבון היגייני לניקוי יסודי ולהרגע העור clean & calm,"פישר תעשיות פרמבצטיות בע""מ",IL,אל סבון היגייני לניקוי יסודי ולהרגעת העור מועשר בויטמין E ובתמצית אלוורה,,0.00,1.00,false,1.00,15.90,15.90,true,0,
7290017917399,false,מגבונים לסיוע בטיפול ובמניעת תפרחת חיתולים קמיל בלו,"פישר תעשיות פרמצביטות בע""מ",IL,סנסיטיב מגבונים לסיוע בטיפול ובמניעת תפרחת חיתולים,,0.00,0.00,false,1.00,14.90,0.14,true,0,
7290017917450,false,קמיל בלו סנסיטיב אל סבון ושמפו לתינוק קמומיל ואלוורה,"פישר תעשיות פרמצביטות בע""מ",IL,סנסיטיב אל סבון ושמפו לתינוק מועשר בצמחי מרפא,,0.00,1.00,false,1.00,32.90,32.90,true,0,
7290017917467,false,קמיל בלו סנסטי בשיבולת שועל אל סבון טיפולי לתינוק,"פישר תעשיות פרמצביטות בע""מ",IL,סנסיטיב שיבולת שועל אל סבון טיפולי לתינוק,,0.00,1.00,false,1.00,32.90,32.90,true,0,
7290017917542,false,"ד""ר פישר שמפו בלונד ללא תוספת מלחים 400 מ""ל","פישר תעשיות פרמצביטות בע""מ",IL,BLOND שמפו לשיער בהיר-בלונדיני ללא תוספת מלח,,0.00,100.00,false,1.00,39.90,0.00,true,0,
7290017917559,false,ד.פישר בלונד מסכת הזנה לשיער בהיר 300 מל,פישר תעשיות פרמבצטיות בעמ,IL,BLOND מסכת הזנה לשיער בהיר-בלונדיני,,0.00,100.00,false,1.00,39.90,0.00,true,0,
7290017917566,false,ד.פישר סילבר שמפו לשיער כסוף ללא מלח,פישר תעשיות פרמצבטיות בעמ,IL,SILVER שמפו לשיער כסוף ללא תוספת מלח,,0.00,100.00,false,1.00,39.90,0.00,true,0,
7290017917573,false,אולטרסול קידס ספריי תחליבי SPF50 200,פישר מעבדות פרמצבטיות בע,IL,ספריי תחליבי לילדים 50,,0.00,100.00,false,1.00,54.90,0.00,true,0,
7290017917580,false,אולטרסול ספקטרום קרם פנים +50 50 מל,פישר מעבדות פרמצבטיות בע,IL,אולטרסול ספקטרום קרם פנים +SPF50,,0.00,100.00,false,1.00,59.90,0.01,true,0,
7290017917597,false,אולטרסול ספקטרום תחליב גוף +50 200 מל,פישר מעבדות פרמצבטיות בע,IL,ספקטרום תחליב הגנה +SPF50,,0.00,100.00,false,1.00,69.90,0.00,true,0,
7290017917603,false,"ד""ר פישר - אולטרסול ספקטרום ספריי שקוף 200 מ""ל 50SPF+",פישר מעבדות פרמצבטיות בע,IL,ספקטרום ספריי שקוף +SPF50,,0.00,100.00,false,1.00,69.90,0.00,true,0,
7290017917610,false,אולטרסול ספקטרום ספריי תחליבי +50 200 מל,פישר מעבדות פרמצבטיות בע,IL,ספקטרום ספריי תחליבי +SPF50,,0.00,100.00,false,1.00,69.90,0.00,true,0,
7290017917757,false,"ד""ר פישר EFFECTIVE CARE קרם גוף בשמן כותנה 450 מ""ל","פישר תעשיות פרמצביטות בע""מ",IL,קרם גוף מועשר בשמן כותנה,,0.00,100.00,false,1.00,24.90,0.00,true,0,
7290017917764,false,"ד""ר פישר - אפקטיב קר קרם גוף מועשר בשמן ארגן 450 מ""ל",פישר תעשיות פרמצבטיות בעמ,IL,קרם גוף מועשר בשמן ארגן,,0.00,100.00,false,1.00,24.90,0.00,true,0,
7290017917931,false,יולקטין קרם ידיים טיפולי פורטה 10%,מדי פישר,IL,קרם ידיים טיפולי פורטה 10%,,0.00,0.00,false,1.00,49.90,0.49,true,0,
7290017917986,false,"ד""ר פישר - אולטרסול בייבינטורל תחליב גוף 125 מ""ל 50SPF+",פישר תעשיות פרמבצטיות בעמ,IL,בייבינטורל תחליב הגנה לתינוק +SPF50,,0.00,100.00,false,1.00,59.90,0.00,true,0,
7290017917993,false,אולטרסול FREE ספריי שקוף SPF50 200,מדי פישר,IL,FREE ספריי שקוף 50SPF,,0.00,100.00,false,1.00,59.90,0.00,true,0,
7290017928432,false,מקלות גריסיני קראנץ' פרג מאיר בייגל 175 גרם,מאיר את בייגל,IL,גריסיני קראנץ' עם פרג,,0.00,100.00,false,1.00,11.90,0.00,true,0,
<<<<<<< HEAD
7290017928449,false,שטוחלה פרו מלח מאיר בייגל 170 גרם,מאיר את בייגל,IL,בייגלה שטוח'לה PRO עם מלח,,0.00,100.00,false,1.00,11.90,0.00,true,0,
7290017928821,false,מקלות גריסיני קלאסי מאיר בייגל 200 גרם,מאיר את בייגל,IL,גריסיני קלאסי,,0.00,100.00,false,1.00,11.90,0.00,true,0,
7290017946283,false,דיאדרמין מים מסילרים לעור רגיל 3 ב-1,הנקל סוד,SI,מים מסילרים לעור רגיל 3 ב-1,,0.00,100.00,false,1.00,39.90,0.00,true,0,
7290017946979,false,פרסיל גל לכביסה דיפ קלין מנטרל ריחות 2.4,"הנקל סוד בע""\מ",IL,ג'ל לכביסה פעולת היגיינה ונטרול ריחות לא נעימים,,0.00,1.00,false,1.00,36.90,15.37,true,0,
=======
7290017928449,false,בייגלה שטוחלה פרו מלח 170 גר`מאיר בייגל,מאיר את בייגל,IL,בייגלה שטוח'לה PRO עם מלח,,0.00,100.00,false,1.00,11.90,0.00,true,0,
7290017928821,false,מקלות גריסיני קלאסי מאיר בייגל 200 גרם,מאיר את בייגל,IL,גריסיני קלאסי,,0.00,100.00,false,1.00,11.90,0.00,true,0,
7290017946283,false,דיאדרמין מים מסילרים לעור רגיל 3 ב-1,הנקל סוד,SI,מים מסילרים לעור רגיל 3 ב-1,,0.00,100.00,false,1.00,39.90,0.00,true,0,
7290017946979,false,פרסיל גל לכביסה דיפ קלין מנטרל ריחות 2.4,גורי שיווק בעמ,IL,ג'ל לכביסה פעולת היגיינה ונטרול ריחות לא נעימים,,0.00,1.00,false,1.00,36.90,15.37,true,0,
>>>>>>> d048ac2f4f281c9d788043ab4e81b61b0dbe3743
7290018028476,false,פרובן קרם רגליים טיפולי 75 מל,General,IL,קרם רגליים טיפולי,,0.00,100.00,false,1.00,129.00,0.01,true,0,
7290018028483,false,פרובן קרם ידיים טיפולי 75 מל,General,IL,קרם ידיים טיפולי,,0.00,100.00,false,1.00,89.00,0.01,true,0,
7290018043592,false,אול אין משקה מי חלבון בטעם אפרסק-500 מל,שטיינרייזר גטראנקה,IT,אול אין משקה מי חלבון בטעם אפרסק,,0.00,100.00,false,1.00,15.90,0.00,true,0,
7290018043608,false,אול אין משקה מי חלבון פירות יער -500 מל,שטיינרייזר גטראנקה,IT,אול אין משקה מי חלבון בטעם פירות יער,,0.00,100.00,false,1.00,15.90,0.00,true,0,
7290018067604,false,ספרינג גל הגייני לידיים 120 מל,General,IL,ג'ל הגייני לידיים,,0.00,100.00,false,1.00,24.90,0.00,true,0,
7290018080061,false,מברשת אצבע דו צדדית מסיליקון,מאמי קר Mommy Care,CN,מברשת אצבע דו צדדית מסיליקון לצחצוח השיניים ועיסוי החניכיים,,0.00,0.00,false,1.00,19.90,0.00,true,0,
7290018080160,false,מאמי קר מגבוני קלנדולה היפואלרגנים *4,מאמי קר,IL,מגבוני קלנדולה היפואלרגנים,,0.00,0.00,false,1.00,23.90,5.97,true,0,
7290018080252,false,מאמי קר משחת החתלה טיפולית פורטה 80 מל,מאמי קר Mommy Care,IL,משחת החתלה טיפולית פורטה למניעה וטיפול בתפרחת חיתולים,,0.00,100.00,false,1.00,34.90,0.00,true,0,
7290018080276,false,מאמי קר רפידות הנקה 60 יחידות,מאמי קר Mommy Care,CN,רפידות הנקה חד פעמיות,,0.00,0.00,false,1.00,49.90,0.83,true,0,
7290018080511,false,מאמי קייר שמפו קמומיל לתינוק 400 מל,מאמי קר Mommy Care,IL,שמפו קמומיל עדין לתינוק,,0.00,100.00,false,1.00,35.90,0.00,true,0,
7290018080528,false,מאמי קייר סבון קמומיל לתינוק 400 מל,General,IL,סבון קמומיל עדין לתינוק,,0.00,100.00,false,1.00,35.90,0.00,true,0,
7290018080542,false,מאמי קר מברשת שיניים בננה מסיליקון,General,CN,מברשת בננה מסיליקון לצחצוח השיניים,,0.00,0.00,false,1.00,39.90,0.00,true,0,
7290018080559,false,מאמי קר מברשת שיניים מסיליקון לתינוק,General,CN,מברשת שיניים לתינוק מסיליקון רך ואיכותי,,0.00,0.00,false,1.00,28.90,0.00,true,0,
7290018080702,false,מאמי קר תרמוס נירוסטה 580 מל,General,CN,תרמוס נירוסטה,,0.00,0.00,false,1.00,119.00,0.00,true,0,
7290018096116,false,חוברת צביעה מיקי ומכוניות המירוץ צביעה א,General,CN,חוברת צביעה מיקי ומכוניות המירוץ צביעה אומנותית לפי מספר 18 דפים (9066),,0.00,0.00,false,1.00,14.90,14.90,true,0,
7290018096185,false,חוברת צביעה 24 דפים דיסני פו הדובון יציר,General,CN,,,0.00,0.00,false,1.00,14.90,14.90,true,0,
7290018096888,false,חוברת צביעה מולאן - אלבום צביעה עם נצנצ1,General,CN,,,0.00,0.00,false,1.00,14.90,14.90,true,0,
7290018096895,false,חוברת צביעה מולאן - אלבום צביעה עם נצנצ2,General,CN,,,0.00,0.00,false,1.00,14.90,14.90,true,0,
7290018096901,false,חוברת צביעה מולאן - צביעה עם מדבקות מנצ1,General,CN,,,0.00,0.00,false,1.00,14.90,14.90,true,0,
7290018096918,false,חוברת צביעה מולאן - צביעה עם מדבקות מנצ2,General,CN,,,0.00,0.00,false,1.00,14.90,14.90,true,0,
7290018104002,false,פיליפס ONE BLADE מכשיר לפנים ולגוף 60,כמיפל,ID,"ONE BLADE, מכשיר לעיצוב זיפים וגילוח לפנים ולגוף 60 דקות פעולה",,0.00,0.00,false,1.00,339.90,0.00,true,0,
7290018104675,false,פיליפס ONE BLADE מכשיר פנים וגוף 30,כמיפל,ID,"ONE BLADE, מכשיר לעיצוב זיפים וגילוח פנים וגוף 30 דקות פעולה",,0.00,0.00,false,1.00,249.90,0.00,true,0,
7290018132067,false,נאן סופרים שלב 1 700 גרם,מטרנה תעשיות ש.מ,IL,סופרים תרכובת מזון לתינוקות שלב 1,,0.00,100.00,false,1.00,92.90,0.00,true,0,
7290018132081,false,נאן סופרים שלב 3 700 גרם,מטרנה תעשיות ש.מ,IL,סופרים תרכובת מזון המשך לפעוטות שלב 3,,0.00,100.00,false,1.00,92.90,0.00,true,0,
7290018132104,false,נאן סופרים שלב 2 700 גרם,מטרנה תעשיות ש.מ,IL,סופרים תרכובת מזון המשך לתינוקות שלב 2,,0.00,100.00,false,1.00,92.90,0.00,true,0,
7290018132340,false,"מטרנה גולד בד""ץ שלב 1 700 גרם",קבוצת אוסם סחר שותפות מוגבלת,IL,"גולד תרכובת מזון לתינוקות על בסיס חלבי שלב 1 כשרות בד""ץ",,0.00,100.00,false,1.00,74.90,0.00,true,0,
7290018132388,false,"מטרנה גולד בד""ץ שלב 2 700 גרם",קבוצת אוסם סחר שותפות מוגבלת,IL,"גולד תרכובת מזון המשך לתינוקות על בסיס חלבי שלב 2 כשרות בד""ץ",,0.00,100.00,false,1.00,74.90,0.00,true,0,
7290018132425,false,מטרנה גולד בדץ שלב 3 700 גרם,קבוצת אוסם סחר שותפות מוגבלת,IL,"גולד תרכובת מזון המשך לפעוטות על בסיס חלבי שלב 3 כשרות בד""ץ",,0.00,100.00,false,1.00,74.90,0.00,true,0,
7290018132487,false,"מטרנה גולד טו גו שלב 2 135גר בד""ץ",קבוצת אוסם סחר-שות.מוגבלת,IL,"גולד תרכובת מזון המשך לתינוקות על בסיס חלבי שלב 2 כשרות בד""ץ מארז TO GO",,0.00,100.00,false,1.00,14.90,0.00,true,0,
7290018156056,false,"ד""ר פישר - אולטרסול סטיק לפנים להגנה מהשמש 13 גרם",פישר מעבדות פרמצבטיות בע,IL,סטיק לפנים להגנה מהשמש +SPF50,,0.00,100.00,false,1.00,49.90,0.03,true,0,
7290018156063,false,"ד""ר פישר - אולטרסול קידס סטיק לפנים לילדים 13 גרם",פישר תעשיות פרמבצטיות בעמ,IL,סטיק לפנים לילדים להגנה מהשמש +50,,0.00,100.00,false,1.00,49.90,0.03,true,0,
7290018156445,false,אולטרסול בייבי נטורל סטיק לתינוק להגנה50,מדי פישר,IL,בייבינטורל סטיק לתינוק להגנה מהשמש +SPF50,,0.00,100.00,false,1.00,49.90,0.03,true,0,
7290018156452,false,גנסיס סאן קרם יום מגן +BB בתוספת גוון מד,מדי פישר,IL,SUN קרם יום מגן +BB בתוספת גוון מדיום,,0.00,100.00,false,1.00,64.90,0.01,true,0,
7290018156469,false,גנסיס סאן קרם יום מגן +BB בתוספת גוון בה,מדי פישר,IL,SUN קרם יום מגן +BB בתוספת גוון בהיר,,0.00,100.00,false,1.00,64.90,0.01,true,0,
7290018156506,false,אולטרסול קרם פנים SPF50 טו גו 30 מל,General,IL,קרם פנים SPF50 טו גו,,0.00,100.00,false,1.00,19.90,0.00,true,0,
7290018156568,false,אולטרסול MED קרם פנים לחות SPF50+ 24H,מדי פישר,IL,קרם פנים לחות 24H להגנה גבוהה מאוד מהשמש +SPF50 לעור רגיש,,0.00,100.00,false,1.00,79.90,0.01,true,0,
7290018156575,false,אולטרסול MED תחליב גוף SPF50+,מדי פישר,IL,תחליב גוף להגנה גבוהה מאוד מהשמש +SPF50 לעור רגיש,,0.00,100.00,false,1.00,89.90,0.00,true,0,
7290018156582,false,אולטרסול MED קרם פנים משקם,מדי פישר,IL,קרם פנים משקם עוצמתי לאחר החשיפה לשמש לעור רגיש,,0.00,100.00,false,1.00,79.90,0.01,true,0,
7290018156612,false,יולקטין SEBO גל מקציף לפנים לעור רגיש,מדי פישר,IL,SEBO ג'ל מקציף לפנים לעור רגיש,,0.00,100.00,false,1.00,69.90,0.00,true,0,
7290018156629,false,יולקטין SEBO קרם יום לעור רגיש,מדי פישר,IL,SEBO קרם יום לעור רגיש,,0.00,100.00,false,1.00,99.90,0.01,true,0,
7290018156636,false,יולקטין SEBO קרם לילה לעור רגיש,מדי פישר,IL,SEBO קרם לילה לעור רגיש,,0.00,100.00,false,1.00,99.90,0.01,true,0,
7290018156735,false,"ד""ר פישר - יולקטין קרם ידיים משאבה 230 מ""ל",מדי פישר,IL,קרם ידיים טיפולי לטיפול אינטנסיבי והקלה מיידי,,0.00,100.00,false,1.00,72.90,0.00,true,0,
7290018156780,false,אלכו קרם היגיינת ידיים75,מדי פישר,IL,אלכו-ג'ל קרם ג'ל לשמירה על היגיינת הידיים מועשר בלחות 2ב1 פרש,,0.00,100.00,false,1.00,19.90,0.00,true,0,
7290018156834,false,אולטרסול ספורט MAX קרם פנים 50 SPF50,מדי פישר,IL,ספורט מקס קרם פנים לספורט ימי +SPF50,,0.00,100.00,false,1.00,49.90,0.00,true,0,
7290018156841,false,אולטרסול MED ספריי שקוף SPF50+,מדי פישר,IL,ספריי שקוף להגנה גבוהה מאוד מהשמש +SPF50 לעור רגיש,,0.00,100.00,false,1.00,89.90,0.00,true,0,
7290018156858,false,אולטרסול MED קרם פנים מינרלי SPF50+,מדי פישר,IL,קרם פנים מינרלי להגנה גבוהה מאוד מהשמש +SPF50 לעור רגיש,,0.00,100.00,false,1.00,79.90,0.01,true,0,
7290018182635,false,קרפרי מגן תחתון מקסי לארג 48 יח,פארמה דיל,IT,מגני תחתון פלוס לארג' ניחוח עדין,,0.00,0.00,false,1.00,14.90,0.31,true,0,
7290018266441,false,חוברת צביעה מיקי וחברים- אתגר הפסיפס9209,General,CN,,,0.00,0.00,false,1.00,14.90,14.90,true,0,
7290018279052,false,פיור אויל מלח אנגלי טהור 500 גרם,תמר שיווק,IL,מלח אנגלי טהור,,0.00,100.00,false,1.00,54.90,0.00,true,0,
7290018343296,false,אלכוג`ל הגיינת הידיים 100 מלפישר,פישר תעשיות פרמצבטיות בעמ,IL,אלכו-ג'ל H - ג'ל לשמירת על היגיינת הידיים 70% אלכוהול,,0.00,0.00,false,1.00,9.90,0.09,true,0,
7290018343319,false,"ד""ר פישר שמפו לשיער מתולתל -400 מ""ל PERFECT CURLS",פישר תעשיות פרמצבטיות בעמ,IL,PERFECT CURLS שמפו לשיער מתולתל,,0.00,100.00,false,1.00,29.90,0.00,true,0,
7290018343326,false,"ד""ר פישר מרכך לשיער מתולתל -400 מ""ל PERFECT CURLS",פישר תעשיות פרמצבטיות בעמ,IL,PERFECT CURLS מרכך לשיער מתולתל,,0.00,100.00,false,1.00,29.90,0.00,true,0,
7290018343333,false,"ד""ר פישר - פרפקט קרלס מסכת הזנה לשיער מתולתל 300 מ""ל",פישר תעשיות פרמצבטיות בעמ,IL,PERFECT CURLS מסכת הזנה לשיער מתולתל,,0.00,100.00,false,1.00,39.90,0.00,true,0,
7290018343340,false,"ד""ר פישר - שמפו משקם לאחר החלקה ללא תוספת מלח 400 מ""ל","פישר תעשיות פרמבצטיות בע""מ",IL,SMOOTH&REPAIR שמפו משקם לאחר החלקה ללא תוספת מלח,,0.00,100.00,false,1.00,39.90,0.00,true,0,
7290018343357,false,"ד""ר פישר SMOOTH & REPAIR מרכך משקם לאחר החלקה או עיצוב בחום",פישר תעשיות פרמצבטיות בעמ,IL,SMOOTH&REPAIR מרכך משקם לאחר החלקה ללא תוספת מלח,,0.00,100.00,false,1.00,39.90,0.00,true,0,
7290018343364,false,"ד""ר פישר - מסכת הזנה משקמת לאחר החלקה ללא תוספת מלח 300 מ""ל",פישר תעשיות פרמבצטיות בעמ,IL,SMOOTH&REPAIR מסכת הזנה משקמת לאחר החלקה ללא תוספת מלח,,0.00,100.00,false,1.00,39.90,0.00,true,0,
7290018343388,false,"ספריי אלכו גל 100 מ""ל",מדי פישר,IL,אלכו-ג'ל ספריי לשמירה על היגיינת הידיים SENSITIVE,,0.00,0.00,false,1.00,19.90,0.19,true,0,
7290018343630,false,ד.פישר אפקטיב קר קרם גוף מועשר חמאת קקאו,פישר תעשיות פרמבצטיות בעמ,IL,קרם גוף מועשר בחמאת קקאו,,0.00,100.00,false,1.00,24.90,0.00,true,0,
7290018343692,false,פישר אלכוג'ל פרמה וויפס  70% אלכוהול – 60מגבונים,פישר תעשיות פרמבצטיות בעמ,IL,פארמה וויפס מגבונים אנטי בקטריאליים לניקוי ולחיטוי משטחים ואביזרים 70% אלכוהול גדולים ועבים במיוחד,,0.00,0.00,false,1.00,24.90,0.41,true,0,
7290018344101,false,חטיף חלבון בטעם קקאו וקפה 50 ג' VEG PROTEIN,אבאל יזמות בעמ,IL,חטיף חלבון אפונה קקאו קפה,,0.00,0.00,false,1.00,10.00,0.20,true,0,
7290018344125,false,חטיף חלבון אגוזי לוז קקאו טבע ירוק 50 גר,אבאל יזמות בעמ,IL,חטיף חלבון אפונה אגוזי לוז קקאו,,0.00,0.00,false,1.00,10.00,0.20,true,0,
7290018344996,false,חטיף מולטי ויטמין שוקולד קפה ללא סוכר 24,נורוליס,IL,חטיף מולטי ויטמין שוקולד קפה ללא סוכר,,0.00,0.00,false,1.00,9.00,0.37,true,0,
7290018440247,false,תה צ'אי שקדים0 25 שקיקים ויסוצקי,תה ויסוצקי (ישראל) בעמ,IL,חווית הצ'אי שקדים,,0.00,0.00,false,1.00,24.90,0.00,true,0,
7290018440254,false,תה צ'אי קרמל מלוח 25 שקיקים ויסוצקי,תה ויסוצקי (ישראל) בעמ,IL,חווית הצ'אי קרמל מלוח,,0.00,0.00,false,1.00,24.90,0.00,true,0,
7290018440391,false,תה ירוק מאטה נענע גוארנה ויסוצקי 25 יחידות,תה ויסוצקי (ישראל) בעמ,IL,MATE תה ירוק מאטה נענע וגוארנה,,0.00,0.00,false,1.00,32.90,0.00,true,0,
7290018440407,false,תה ירוק מאטה קקאו לוז ויסוצקי 25 יחידות,תה ויסוצקי (ישראל) בעמ,IL,MATE תה ירוק מאטה בטעם קקאו ואגוזי לוז,,0.00,0.00,false,1.00,32.90,0.00,true,0,
7290018493045,false,"קרם ידיים מועשר בשמן קוקוס ד""ר פישר 100 מ""ל",פישר תעשיות פרמבצטיות בעמ,IL,קרם ידיים מועשר בשמן קוקוס הקלה מיידית לעור רגיל-יבש,,0.00,0.00,false,1.00,15.90,0.15,true,0,
7290018493069,false,"אפקטיב קר קרם ידייםמועשר בשמן כותנה ד""ר פישר 100 מ""ל",פישר תעשיות פרמצבטיות בעמ,IL,קרם ידיים מועשר בשמן כותנה,,0.00,0.00,false,1.00,15.90,0.15,true,0,
7290018493076,false,"אפקטיב קר קרם ידייםמועשר בשמן ארגן ד""ר פישר 100 מ""ל",פישר תעשיות פרמצבטיות בעמ,IL,קרם ידיים מועשר בשמן ארגן,,0.00,0.00,false,1.00,15.90,0.15,true,0,
7290018493144,false,קמיל קלין &נוריש אל סבון מועשר בשמן ארגן 1 ליטר,"פישר תעשיות פרמצביטות בע""מ",IL,אל סבון היגייני לניקוי יסודי ולהרגעת העור מועשר בשמן ארגן,,0.00,1.00,false,1.00,15.90,15.90,true,0,
7290018493151,false,אולטרסול FREE קידס ספריי שקוף SPF50 200,מדי פישר,IL,FREE ספריי שקוף לילדים SPF50,,0.00,100.00,false,1.00,59.90,0.00,true,0,
7290018493359,false,ד.פישר אפקטיב קר קרם גוף מועשר בשמן המפ,"פישר תעשיות פרמבצטיות בע""מ",IL,קרם גוף מועשר בשמן המפ,,0.00,100.00,false,1.00,24.90,0.00,true,0,
7290018493571,false,אולטרסול רול און להגנה מהשמשSPF+50 ספורט,General,IL,רול און להגנה מהשמש 50+SPF ספורט מקס,,0.00,100.00,false,1.00,39.90,0.00,true,0,
7290018493588,false,אולטרסול רול און להגנה מהשמש50+SPF ילדים,General,IL,רול און להגנה מהשמש 50+SPF לילדים,,0.00,100.00,false,1.00,39.90,0.00,true,0,
7290018493700,false,"סבון ידיים ויטמינים לילדים כחול 500 מ""ל ד""ר פישר",פישר תעשיות פרמבצטיות בעמ,IL,KIDS אל סבון ויטמינים לידיים - בריח האהוב,,0.00,100.00,false,1.00,12.90,0.00,true,0,
7290018493748,false,"ד""ר פישר - מגבונים להסרת איפור אקסטרה סופט 30 יח' * 3",פישר תעשיות פרמבצטיות בעמ,IL,EFFECTIVE CARE מגבוני הסרת איפור אקסטרה סופט לכל סוגי העור,,0.00,0.00,false,1.00,29.90,0.00,true,0,
7290018493915,false,"ד""ר פישר - שמן גוף לתינוק מעושר בשמן שקדים 200 מ""ל",פישר תעשיות פרמצבטיות בעמ,IL,סנסיטיב שמן גוף לתינוק מועשר בשמן שקדים,,0.00,100.00,false,1.00,17.90,0.00,true,0,
7290018493977,false,קמיל לניקוי והרגעת העור מועשר בשיבולת שועל 1 ל',"פישר תעשיות פרמצבטיות בע""מ",IL,אל סבון לניקוי ולתחושת רעננות. מועשר בתמצית שיבולת שועל,,0.00,1.00,false,1.00,15.90,15.90,true,0,
7290018510629,false,417- מארז הכרות קרם ידיים + קרם רגליים,שסטוביץ,IL,מארז היכרות קרם ידיים + קרם רגליים,,0.00,0.00,false,1.00,75.00,0.00,true,0,
7290018516324,false,פאוץ' פרינוק תפוח עץ עם שיבולת שועל 120 גרם,גורי מוצרי צריכה (1991) בעמ,CZ,ארוחת תפוח עץ עם שיבולת שועל,,0.00,100.00,false,1.00,5.50,0.00,true,0,
7290018516331,false,פאוץ' פרינוק תפוח בננה ושיבולת שועל 120 גרם,גורי מוצרי צריכה (1991) בעמ,CZ,ארוחת תפוח עץ ובננה עם שיבולת שועל,,0.00,100.00,false,1.00,5.50,0.00,true,0,
7290018516348,false,מחית פרינוק פאוץ' שיבולת שועל סלט פירות 120 גרם,גורי מוצרי צריכה (1991) בעמ,CZ,ארוחת סלט פירות עם שיבולת שועל,,0.00,100.00,false,1.00,5.50,0.00,true,0,
7290018516355,false,מחיט תפוח עץ ושבולות שועל 190 ג' פרינוק גוניור,גורי מוצרי צריכה (1991) בעמ,CZ,ארוחת תפוח עץ עם שיבולת שועל,,0.00,100.00,false,1.00,6.50,0.00,true,0,
7290018516362,false,מחיט תפוח עץ בננה ושבולות שועל 190 ג' פרינוק גוניור,גורי מוצרי צריכה (1991) בעמ,CZ,ארוחת תפוח עץ ובננה עם שיבולת שועל,,0.00,100.00,false,1.00,6.50,0.00,true,0,
7290018516379,false,מחיט סלט פירות ושבולות שועל 190 ג' פרינוק גוניור,גורי מוצרי צריכה (1991) בעמ,CZ,ארוחת סלט פירות עם שיבולת שועל,,0.00,100.00,false,1.00,6.50,0.00,true,0,
7290018777190,false,חטיף ספירולינה בטעם קקאו קוקוס 40 גר`,אבאל יזמות בעמ,IL,חטיף ספירולינה קקאו קוקוס,,0.00,0.00,false,1.00,10.00,0.25,true,0,
7290018777268,false,חטיף חלבון בננה קקאו טבע ירוק 50 גרם,"ממתקי השלום בעולם בע""\מ\",IL,חטיף חלבון אפונה קקאו בננה,,0.00,0.00,false,1.00,10.00,0.20,true,0,
7290018830000,false,סאן אנד שיין -קרם הגנה מינרלי 50+SPF,K-CARE,US,קרם הגנה מינרלי +SPF50,,0.00,100.00,false,1.00,89.90,0.01,true,0,
7290018830048,false,סאן & שיין מוס הגנה מינרלי 50+ SPF,K-CARE,US,מוס הגנה מינרלי לעור הפנים והגוף +SPF50,,0.00,100.00,false,1.00,99.00,0.00,true,0,
7290018830192,false,קייקר מארז רולר לפנים+ אבן גוואשה,K-CARE,CN,מארז רולר דו צדדי ואבן גוואשה העשויים רוז קוורץ K&Care Organics,,0.00,0.00,false,1.00,159.90,0.00,true,0,
7290018830598,false,בוטאו קרם הגנה מנרלי לתינוקות וילדים,K-CARE,IL,קרם הגנה מינרלי לתינוקות וילדים,,0.00,100.00,false,1.00,89.90,0.01,true,0,
7290018830635,false,בוטאו קצף הגנה מנרלי בייבי,K-CARE,IL,קצף הגנה מינרלי בייבי,,0.00,0.00,false,1.00,99.00,0.99,true,0,
7290018830710,false,מארז שמן ויטמין C + שמן ויטמין E 32000,K-CARE,US,מארז שמן ויטמין C + שמן ויטמין E לשגרת טיפוח לילה,,0.00,0.00,false,1.00,268.90,0.00,true,0,
7290018830796,false,בוטאו משחת החתלה,K-CARE,IL,משחת החתלה,,0.00,100.00,false,1.00,49.90,0.00,true,0,
7290018830833,false,בוטאו קצף הגנה מנרלי קידס,K-CARE,IL,קצף הגנה מינרלי קידס,,0.00,0.00,false,1.00,99.00,0.99,true,0,
7290018830963,false,בוטאו שמפו קצף לשיער וקרקפת התינוק,K-CARE,IL,שמפו קצף לשיער וקרקפת התינוק,,0.00,100.00,false,1.00,59.90,0.00,true,0,
7290018830994,false,בוטאו משחת שיניים לילדים לשיני חלב - תות,K-CARE,IL,משחת שיניים לילדים לשני חלב בטעם תות,,0.00,100.00,false,1.00,35.90,0.00,true,0,
7290018855072,false,417- קרם לחות לידיים מהדורת חג 100 מל,שסטוביץ,IL,קרם לחות לידיים מהדורת חג,,0.00,0.00,false,1.00,70.00,0.70,true,0,
7290018855126,false,417- ערכת בוץ לטיפוח הגוף,שסטוביץ,IL,MY BODY FIRMING BEAUTY ROUTINE סט בוץ טהור מים המלח + חמאת בוץ עשירה + קרם אינטנס גוף,,0.00,0.00,false,1.00,219.00,0.00,true,0,
7290018855270,false,417- סט סרום לפנים + קרם למיצוק העור,שסטוביץ,IL,סט סרום לפנים + קרם למיצוק והתחדשות העור,,0.00,0.00,false,1.00,229.00,0.00,true,0,
<<<<<<< HEAD
7290018893005,false,"חטיפי בייגלה אפוי בטעם חרדל ודבש, 160 גרם",צ'וקטה Chocketa,RO,בייגלה בתוספת חרדל ודבש,,0.00,100.00,false,1.00,8.90,0.00,true,0,
7290018893272,false,צוקטה בונבוניירה צדפות בלגי יוגטה 125 גרם,נאטראג'\אקאלי,BE,צדפי שוקולד,,0.00,0.00,false,1.00,16.90,0.00,true,0,
7290018893296,false,עוגיות חמאה מצופות שוקולד בעיטורי שוקולד לבן 100 ג',דיסטרופר אוליבייר,RO,עוגיות חמאה מצופות שוקולד חלב מעולה בעיטורי שוקולד לבן,,0.00,0.00,false,1.00,11.90,0.11,true,0,
7290018893494,false,עלי וופל דקים בטעם חמאה ציוקטה 100 גר,דיסטרופר אוליבייר,NL,עוגיות עלי וופל חמאה דקות ופריכות עשירות בחמאה,,0.00,0.00,false,1.00,11.90,0.11,true,0,
7290018893517,false,צ'וקטה בייגלה שטוח מצופה שוקולד מריר 80 גרם,צ'וקטה Chocketa,RO,חטיף בייגלה אפוי מצופה שוקולד מריר,,0.00,100.00,false,1.00,8.90,0.00,true,0,
7290018893654,false,חטיפי בייגלה דקיקים ופריכים מלח צ'וקטה 200 ג',צ'וקטה Chocketa,RO,בייגלה בתוספת מלח,,0.00,100.00,false,1.00,8.90,0.00,true,0,
7290018893708,false,עוגיות סנדוויץ' במילוי קרם בטעם שוקולד,צ'וקטה Chocketa,ES,עוגיות סנדוויץ' במילוי קרם בטעם שוקולד,,0.00,0.00,false,1.00,8.90,0.03,true,0,
7290018893753,false,צוקטה וופל חמאה בטעם לימון 100 גרם,שסטוביץ,BE,וופל חמאה בטעם לימון,,0.00,0.00,false,1.00,11.90,0.11,true,0,
7290018893852,false,חטיפי בייגלה דקיקים ופריכים שומשום צ'וקטה 200 ג',צ'וקטה Chocketa,RO,בייגלה בתוספת שומשום,,0.00,100.00,false,1.00,8.90,0.00,true,0,
7290018921029,false,"ד""ר פישר - קמיל בלו מגבוני סנסיטיב 64 יח' * 4",פישר מעבדות פרמצבטיות בע,IL,"סנסיטיב מגבונים רכים, עבים ועדינים",,0.00,0.00,false,1.00,21.90,0.00,true,0,
7290018921067,false,"ד""ר פישר - אפקטיב קר תחליב רחצה שמן שקדים 700 מ""ל",פישר מעבדות פרמצבטיות בע,IL,תחליב רחצה לגוף מועשר בשמן שקדים,,0.00,100.00,false,1.00,17.90,0.00,true,0,
7290018921203,false,"קמיל בלו קרם החתלה קמומיל 120 ג' ד""ר פישר",פישר מעבדות פרמצבטיות בע,IL,קרם החתלה קמומיל,,0.00,100.00,false,1.00,18.90,0.00,true,0,
=======
7290018893005,false,"חטיפי בייגלה אפוי בטעם חרדל ודבש, 160 גרם",ש.שסטוביץ בעמ,RO,בייגלה בתוספת חרדל ודבש,,0.00,100.00,false,1.00,8.90,0.00,true,0,
7290018893272,false,צוקטה בונבוניירה צדפות בלגי יוגטה 125 גרם,ש. שסטוביץ בע`מ,BE,צדפי שוקולד,,0.00,0.00,false,1.00,16.90,0.00,true,0,
7290018893296,false,עוגיות חמאה מצופות שוקולד בעיטורי שוקולד לבן 100 ג',דיסטרופר אוליבייר,RO,עוגיות חמאה מצופות שוקולד חלב מעולה בעיטורי שוקולד לבן,,0.00,0.00,false,1.00,11.90,0.11,true,0,
7290018893494,false,עלי וופל דקים בטעם חמאה ציוקטה 100 גר,דיסטרופר אוליבייר,NL,עוגיות עלי וופל חמאה דקות ופריכות עשירות בחמאה,,0.00,0.00,false,1.00,11.90,0.11,true,0,
7290018893517,false,צ'וקטה בייגלה שטוח מצופה שוקולד מריר 80 גרם,ש.שסטוביץ בעמ,RO,חטיף בייגלה אפוי מצופה שוקולד מריר,,0.00,100.00,false,1.00,8.90,0.00,true,0,
7290018893654,false,חטיפי בייגלה דקיקים ופריכים מלח צ'וקטה 200 ג',ש.שסטוביץ בעמ,RO,בייגלה בתוספת מלח,,0.00,100.00,false,1.00,8.90,0.00,true,0,
7290018893708,false,עוגיות סנדוויץ' במילוי קרם בטעם שוקולד,ש.שסטוביץ בעמ,ES,עוגיות סנדוויץ' במילוי קרם בטעם שוקולד,,0.00,0.00,false,1.00,8.90,0.03,true,0,
7290018893753,false,עלי וופל חמאה בטעם לימון 100 גר` צוקטה,ש.שסטוביץ בעמ,BE,וופל חמאה בטעם לימון,,0.00,0.00,false,1.00,11.90,0.11,true,0,
7290018893852,false,חטיפי בייגלה דקיקים ופריכים שומשום צ'וקטה 200 ג',ש.שסטוביץ בעמ,RO,בייגלה בתוספת שומשום,,0.00,100.00,false,1.00,8.90,0.00,true,0,
7290018921029,false,"ד""ר פישר - קמיל בלו מגבוני סנסיטיב 64 יח' * 4","פישר תעשיות פרמבצטיות בע""מ",IL,"סנסיטיב מגבונים רכים, עבים ועדינים",,0.00,0.00,false,1.00,21.90,0.00,true,0,
7290018921067,false,"ד""ר פישר - אפקטיב קר תחליב רחצה שמן שקדים 700 מ""ל","פישר תעשיות פרמצביטות בע""מ",IL,תחליב רחצה לגוף מועשר בשמן שקדים,,0.00,100.00,false,1.00,17.90,0.00,true,0,
7290018921203,false,"קמיל בלו קרם החתלה קמומיל 120 ג' ד""ר פישר","פישר תעשיות פרמבצטיות בע""מ",IL,קרם החתלה קמומיל,,0.00,100.00,false,1.00,18.90,0.00,true,0,
>>>>>>> d048ac2f4f281c9d788043ab4e81b61b0dbe3743
7290018921241,false,קמיל בלו סנסיטיב שמפו TO GO 100 מל,מדי פישר,IL,סנסיטיב שמפו לתינוק TO GO,,0.00,0.00,false,1.00,9.90,0.09,true,0,
7290018921265,false,"תחליב רחצה מועשר בתמצית אלוורה 700 מ""ל אפקטיב קר","פישר תעשיות פרמצבטיות בע""מ",IL,תחליב רחצה לגוף מועשר בתמצית אלוורה,,0.00,100.00,false,1.00,17.90,0.00,true,0,
7290018921449,false,קמיל בלו מגבונים תפרחת חיתולים רביעייה,"פישר תעשיות פרמבצטיות בע""מ",IL,"סנסיטיב מגבונים רכים, עבים ועדינים - מסייעים במניעת תפרחת חיתולים",,0.00,0.00,false,1.00,24.90,0.00,true,0,
7290018921456,false,"ד""ר פישר - אפקטיב קר תחליב רחצה שמן כותנה 700 מ""ל","פישר תעשיות פרמבצטיות בע""מ",IL,תחליב רחצה לגוף מועשר בשמן כותנה,,0.00,100.00,false,1.00,17.90,0.00,true,0,
7290018921609,false,"ד""ר פישר - קמיל בלו קרם החתלה קלנדולה 120 גרם","פישר תעשיות פרמצבטיות בע""מ",IL,קרם החתלה קלנדולה,,0.00,100.00,false,1.00,21.90,0.00,true,0,
7290018921630,false,סרקל שמפו לילדים TO-GO 100 מל,מדי פישר,IL,שמפו רוזמרין לילדים TO GO,,0.00,0.00,false,1.00,9.90,0.09,true,0,
7290018921654,false,"ד""ר פישר - אפקטיב קר תחליב רחצה תמצית לוונדר 700 מ""ל","פישר תעשיות פרמצבטיות בע""מ",IL,תחליב רחצה לגוף מועשר בתמצית לבנדר,,0.00,100.00,false,1.00,17.90,0.00,true,0,
7290018921807,false,"קמיל בלו משחת החתלה צמחי מרפא 120 ג' ד""ר פישר","פישר תעשיות פרמצבטיות בע""מ",IL,קרם החתלה צמחי מרפא,,0.00,100.00,false,1.00,21.90,0.00,true,0,
7290018921838,false,סרקל מרכך לילדים TO-GO 100 מל,מדי פישר,IL,מרכך רוזמרין לילדים TO GO,,0.00,0.00,false,1.00,9.90,0.09,true,0,
<<<<<<< HEAD
7290018921852,false,"תחליב רחצה מועשר בשמן ארגן 700 מ""ל אפקטיב קר",פישר מעבדות פרמצבטיות בע,IL,תחליב רחצה לגוף מועשר בשמן ארגן,,0.00,100.00,false,1.00,17.90,0.00,true,0,
7290019074090,false,"ד""ר פישר - קמיל בלו אקסטרה סופט אל סבון לתינוק 500 מ""ל",פישר מעבדות פרמצבטיות בע,IL,EXTRA SOFT אל סבון לתינוק,,0.00,100.00,false,1.00,22.90,0.00,true,0,
=======
7290018921852,false,"תחליב רחצה מועשר בשמן ארגן 700 מ""ל אפקטיב קר","פישר תעשיות פרמצבטיות בע""מ",IL,תחליב רחצה לגוף מועשר בשמן ארגן,,0.00,100.00,false,1.00,17.90,0.00,true,0,
7290019074090,false,"ד""ר פישר - קמיל בלו אקסטרה סופט אל סבון לתינוק 500 מ""ל","פישר תעשיות פרמצביטות בע""מ",IL,EXTRA SOFT אל סבון לתינוק,,0.00,100.00,false,1.00,22.90,0.00,true,0,
>>>>>>> d048ac2f4f281c9d788043ab4e81b61b0dbe3743
7290019074199,false,אולטרסול ספריי שמן אגוזים ובקבוק משאבה,מדי פישר,IL,ספריי שמן אגוזים בבקבוק משאבה 20SPF,,0.00,100.00,false,1.00,39.90,0.00,true,0,
7290019074250,false,אפקטיב קר תחליב רחצה לידיים - שמן אלוורה,מדי פישר,IL,תחליב רחצה לידיים מועשר בשמן אלוורה,,0.00,100.00,false,1.00,11.90,0.00,true,0,
7290019074298,false,"ד""ר פישר - קמיל בלו אקסטרה סופט שמפו לתינוק 500 מ""ל","פישר תעשיות פרמצביטות בע""מ",IL,EXTRA SOFT שמפו לתינוק,,0.00,100.00,false,1.00,22.90,0.00,true,0,
7290019074380,false,אולטרסול רול און להגנה מהשמש 50+SPF,General,IL,רול און להגנה מהשמש 50+SPF,,0.00,100.00,false,1.00,39.90,0.00,true,0,
7290019074441,false,אולטרסול ספריי שמן גזר בקבוק משאבה SPF20,מדי פישר,IL,ספריי שמן גזר בבקבוק משאבה 20SPF,,0.00,100.00,false,1.00,39.90,0.00,true,0,
7290019074458,false,אפקטיב קר תחליב רחצה לידיים - שמן שקדים,מדי פישר,IL,תחליב רחצה לידיים מועשר בשמן שקדים,,0.00,100.00,false,1.00,11.90,0.00,true,0,
7290019074502,false,קמיל בלו NATURE קרם גוף לתינוק שפופרת 24,פישר תעשיות פרמבצטיות בעמ,IL,NATURE קרם גוף לתינוק,,0.00,100.00,false,1.00,24.90,0.00,true,0,
7290019074649,false,גנסיס אייג קונטרול סט קרם יום+ק.לילה+סרו,General,IL,AGE CONTROL סט קרם יום משקם + קרם לילה משקם + סרום שמנים משקם,,0.00,0.00,false,1.00,249.90,0.00,true,0,
7290019074656,false,אפקטיב קר תחליב רחצה לידיים - שמן כותנה,מדי פישר,IL,תחליב רחצה לידיים מועשר בשמן כותנה,,0.00,100.00,false,1.00,11.90,0.00,true,0,
7290019074885,false,"ד""ר פישר - קמיל בלו אקסטרה סופט קרם גוף לתינוק 500 מ""ל","פישר תעשיות פרמצביטות בע""מ",IL,EXTRA SOFT קרם גוף לתינוק,,0.00,100.00,false,1.00,29.90,0.00,true,0,
7290019075004,false,אולטרסול גל הגנה שקוף לפנים SPF50 50,מדי פישר,IL,ג'ל הגנה שקוף לפנים SPF50,,0.00,100.00,false,1.00,54.90,0.01,true,0,
7290019075103,false,קמיל בלו אקסטרה סופט שמפו לתינוק 1 ליטר,"פישר תעשיות פרמצביטות בע""מ",IL,EXTRA SOFT שמפו לתינוק,,0.00,1.00,false,1.00,32.90,32.90,true,0,
7290019075202,false,אולטרסול קידס גל הגנה שקוף לפניםSPF50 50,מדי פישר,IL,KIDS ג'ל הגנה שקוף לפנים SPF50 לילדים,,0.00,100.00,false,1.00,54.90,0.01,true,0,
7290019075400,false,"אפקטיב קר תחליב רחצה מועשר בשיבולת שועל 700 מ""ל","פישר תעשיות פרמבצטיות בע""מ",IL,תחליב רחצה לגוף מועשר בשיבולת שועל,,0.00,100.00,false,1.00,17.90,0.00,true,0,
7290019075479,false,"ד""ר פישר - קמיל בלו קלאסיק שמפו לתינוק 1 ליטר","פישר תעשיות פרמבצטיות בע""מ",IL,קלאסיק שמפו ללא דמעות לתינוקות ולעור עדין,,0.00,1.00,false,1.00,28.90,28.90,true,0,
7290019075608,false,"אפקטיב קר תחליב רחצה מועשר בתה ירוק ויסמין 700 מ""ל","פישר תעשיות פרמבצטיות בע""מ",IL,תחליב רחצה לגוף מועשר בתה ירוק ויטמין,,0.00,100.00,false,1.00,17.90,0.00,true,0,
7290019075899,false,קמיל בלו אקסטרה סופט אל סבון לתינוק 1 ליטר,"פישר תעשיות פרמצביטות בע""מ",IL,EXTRA SOFT אל סבון לתינוק,,0.00,1.00,false,1.00,32.90,32.90,true,0,
7290019232155,false,"חליטת ""לילה טוב"" קמומיל לבנדר ו25 שקיקים ויסוצקי",תה ויסוצקי (ישראל) בעמ,IL,GOOD NIGHT - לילה טוב חליטת קמומיל ולבנדר,,0.00,0.00,false,1.00,21.90,0.87,true,0,
7290019232162,false,"חליטת ""לילה טוב"" קמומיל מליסה 25 שקיקים ויסוצקי",תה ויסוצקי (ישראל) בעמ,IL,GOOD NIGHT - לילה טוב חליטת קמומיל ומליסה,,0.00,0.00,false,1.00,21.90,0.87,true,0,
7290019232179,false,ויסוצקי פלוס תה ירוק נענע עם ויטמינים,תה ויסוצקי (ישראל) בעמ,IL,STAY WELL תה ירוק עם ויטמינים C ו-D - נענע,,0.00,0.00,false,1.00,21.90,0.87,true,0,
7290019232186,false,תה ירוק לימונית לואיזהSTAY WELL 25 שקיקים ויסוצקי,תה ויסוצקי (ישראל) בעמ,IL,STAY WELL תה ירוק עם ויטמינים C ו-D - לימונית ולואיזה,,0.00,0.00,false,1.00,21.90,0.87,true,0,
7290019232193,false,תה ירוק לימונית ג'ינג'ר STAY WELL שקיקים 25 ויסוצקי,תה ויסוצקי (ישראל) בעמ,IL,STAY WELL תה ירוק עם ויטמינים C ו-D - לימונית וג'ינג'ר,,0.00,0.00,false,1.00,21.90,0.87,true,0,
7290100086902,false,"סופט טאץ מארז חוחובה סרום 30 מ""ל זוג",סופט טאץ',,סרום חוחבה סט,,0.00,0.00,false,1.00,129.00,0.00,true,0,
<<<<<<< HEAD
7290100240137,false,"תרסיס ריחני למייבש כחול בדין 500 מ""ל","זוהר דליה, קיבוץ דליה, 1",,תרסיס ריחני למייבש הכביסה כחול,,0.00,100.00,false,1.00,21.90,0.00,true,0,
7290100240144,false,"תרסיס ריחני למייבש ורוד בדין 500 מ""ל","זוהר דליה, קיבוץ דליה, 1",,תרסיס מרכך למייבש כביסה ורוד,,0.00,100.00,false,1.00,21.90,0.00,true,0,
7290100243671,false,"מרכך כביסה מרוכז אקסטרה כחול בדין 960 מ""ל",יוניליוור סנאיי וי טיקאר,,מרכך כביסה מרוכז בדין אקסטרה כחול,,0.00,100.00,false,1.00,19.90,0.00,true,0,
=======
7290100240137,false,"תרסיס ריחני למייבש כחול בדין 500 מ""ל",יוניליוור ישראל שיווק בע`מ,,תרסיס ריחני למייבש הכביסה כחול,,0.00,100.00,false,1.00,21.90,0.00,true,0,
7290100240144,false,"תרסיס ריחני למייבש ורוד בדין 500 מ""ל",יוניליוור ישראל שיווק בע`מ,,תרסיס מרכך למייבש כביסה ורוד,,0.00,100.00,false,1.00,21.90,0.00,true,0,
7290100243671,false,"מרכך כביסה מרוכז אקסטרה כחול בדין 960 מ""ל",יוניליוור ישראל שיווק בע`מ,,מרכך כביסה מרוכז בדין אקסטרה כחול,,0.00,100.00,false,1.00,19.90,0.00,true,0,
>>>>>>> d048ac2f4f281c9d788043ab4e81b61b0dbe3743
7290100410516,false,דר עור פיגמנט סרום טיפולי לפיגמנטציה50מל,"ד""ר עור DOCTOR OR",IL,PIGMENT-OR סרום טיפולי לפיגמנטציה,,0.00,100.00,false,1.00,219.90,0.04,true,0,
7290100410745,false,סימילאק אדבנס פלוס מארז 8 בקבוקים שלב 1,General,US,סימילאק שלב 1 מארז בקבוקים מוכנים להאכלה,,0.00,100.00,false,1.00,43.90,0.00,true,0,
7290100412244,false,דר עור מגבוני אנטי אייג'ינג לניקוי הפנים,ניאופארם,IL,ANTI AGING מגבוני ניקוי והסרת איפור לפנים ולעיניים,,0.00,0.00,false,1.00,19.90,0.82,true,0,
7290100412473,false,דר עור מן שמפו לטיפול ומניעת קשקשים,"ד""ר עור DOCTOR OR",IL,MEN שמפו לטיפול ולמניעת קשקשים,,0.00,100.00,false,1.00,59.90,0.00,true,0,
7290100412497,false,MEN תחליב לחות טיפולי לאחר גילוח לפנים ולקרחת,"ד""ר עור DOCTOR OR",IL,MEN תחליב לחות טיפולי לאחר גילוח לפנים ולקרחת,,0.00,100.00,false,1.00,99.90,0.01,true,0,
7290100412503,false,MEN OR תחליב לחות לעור הפנים והקרחת 50 SPF30מל,ניאופארם,IL,MEN תחליב לחות לעור הפנים והקרחת SPF30,,0.00,100.00,false,1.00,139.90,0.02,true,0,
7290100412718,false,"תרחיץ פנים קלאסק מאסק דר עור 150 מ""ל","אמיליה קוסמטיקס בע""מ",IL,ג'ל ניקוי פנים קלאסי היפואלרגני בניחוח מאסק,,0.00,100.00,false,1.00,24.90,0.00,true,0,
7290100412732,false,תחליב גוף לעור יבש פרחי בר דר עור 400 מל,"אמיליה קוסמטיקס בע""מ",IL,תחליב גוף לעור יבש בניחוח פרחי בר,,0.00,100.00,false,1.00,33.90,0.00,true,0,
7290100412756,false,"קרם ידיים לעור יבש פרחי בר ד""ר עור 100 מ""ל","אמיליה קוסמטיקס בע""מ",IL,קרם ידיים לעור יבש בניחוח פרחי בר,,0.00,0.00,false,1.00,13.90,0.13,true,0,
7290100412794,false,דר עור פילינג עדין לפנים קלאסי מאסק 150,"אמיליה קוסמטיקס בע""מ",IL,פילינג עדין לפנים קלאסי היפואלרגני בניחוח מאסק,,0.00,100.00,false,1.00,24.90,0.00,true,0,
7290100412800,false,"תחליב רחצה לעור יבש וילד פלאור דר עור 700 מ""ל","אמיליה קוסמטיקס בע""מ",IL,תחליב רחצה לעור יבש בניחוח פרחי בר,,0.00,100.00,false,1.00,19.90,0.00,true,0,
7290100412817,false,קרם רגליים לעור יבש פרחי בר דר עור 100 מ,"אמיליה קוסמטיקס בע""מ",IL,קרם רגליים לעור יבש בניחוח פרחי בר,,0.00,0.00,false,1.00,14.90,0.14,true,0,
7290100412831,false,תחליב רחצה אנטי אייג'ינג בניחוח וניל טרופי,"אמיליה קוסמטיקס בע""מ",IL,תחליב רחצה אנטי אייג'ינג בניחוח וניל מעודן,,0.00,100.00,false,1.00,19.90,0.00,true,0,
7290100412848,false,DR OR תחליב גוף אנטי אייגינג וניל מעודן 400 מל,"אמיליה קוסמטיקס בע""מ",IL,תחליב גוף אנטי אייג'ינג בניחוח וניל מעודן,,0.00,100.00,false,1.00,33.90,0.00,true,0,
7290100413463,false,ACU-OR שפתון טיפולי לשפתיים יבשות ולהגנה מהשמש,"ד""ר עור DOCTOR OR",IL,ACU-OR שפתון טיפולי לשפתיים יבשות ולהגנה מהשמש SPF50+,,0.00,100.00,false,1.00,39.90,0.08,true,0,
7290100413500,false,דר עור אוילי קרם לחות לעור מעורב עד שמן,ניאופארם,IL,OILY -OR קרם לחות ליום לעור מעורב עד שמן SPF15,,0.00,100.00,false,1.00,99.90,0.01,true,0,
7290100413524,false,דר עור דריי נוטריק קרם יום לעור יבש,"ד""ר עור DOCTOR OR",IL,DRY-OR נוטריק קרם יום לעור יבש SPF20,,0.00,100.00,false,1.00,149.90,0.02,true,0,
7290100413531,false,RENEW-OR קרם יום אנטי אייג'ינג לעור בוגר +30,"ד""ר עור DOCTOR OR",,RENEW-OR קרם יום אנטי אייג'ינג לעור בוגר +30 SPF15,,0.00,100.00,false,1.00,149.90,0.02,true,0,
7290100413548,false,דר עור קלאסיק קרם לחות עם מקדם הגנהSPF30,"ד""ר עור DOCTOR OR",IL,CLASSIC-OR קרם לחות עם מקדם הגנהSPF30,,0.00,100.00,false,1.00,104.90,0.02,true,0,
7290100413586,false,RETIN-OR קרם יום אנטי אייג'ינג לעור בוגר +45,"ד""ר עור DOCTOR OR",IL,RETIN-OR קרם יום אנטי אייג'ינג לעור בוגר +45 SPF15,,0.00,100.00,false,1.00,199.90,0.03,true,0,
7290100620106,false,-417 פילינג מקציף לטיפול בצלוליט 330 גרם,General,IL,פילינג מקציף לטיפול בצלוליט,,0.00,100.00,false,1.00,210.00,0.00,true,0,
7290100620205,false,417- תרסיס ביוטי להגנה מפני השמש SPF 50,שסטוביץ,IL,תרסיס ביוטי להגנה מפני השמש SPF 50,,0.00,100.00,false,1.00,62.40,0.00,true,0,
7290100620236,false,417- חלב פנים להזנה וניקוי 350 מל,שסטוביץ,IL,חלב פנים להזנה וניקוי,,0.00,100.00,false,1.00,145.00,0.00,true,0,
7290100620243,false,417- מי טונר מינרלים ללחות וניקוי 350 מל,שסטוביץ,IL,מי טונר מינרלים ללחות וניקוי,,0.00,100.00,false,1.00,145.00,0.00,true,0,
7290100620250,false,417- קרם לחות ארומטי ומרענן לגוף 350 מל,שסטוביץ,IL,קרם לחות ארומטי ומרענן לגוף,,0.00,100.00,false,1.00,99.00,0.00,true,0,
7290100620366,false,417- מסכת בוץ ממצקת ומטהרת מועשרת בחומצה,שסטוביץ,IL,מסכת בוץ ממצקת ומטהרת מועשרת בחומצה הילאורינית,,0.00,100.00,false,1.00,39.00,0.01,true,0,
7290100620380,false,417- מסכת בוץ למיצוק וזוהר 100 מל,שסטוביץ,IL,מסכת בוץ למיצוק וזוהר,,0.00,0.00,false,1.00,150.00,1.50,true,0,
7290100620397,false,417- מסיכת בוץ לניקוי רעלנים 100 מל,שסטוביץ,IL,מסיכת בוץ לניקוי רעלנים,,0.00,0.00,false,1.00,110.00,1.10,true,0,
7290100620861,false,417- שמפו מינרלים משקם ומזיןן 350 מל,שסטוביץ,IL,שמפו מינרלים משקם ומזיןן,,0.00,100.00,false,1.00,90.00,0.00,true,0,
7290100620878,false,417- שמפו בוץ אינטנסיבי לשיקום והענקת נפ,שסטוביץ,IL,שמפו בוץ אינטנסיבי לשיקום והענקת נפח,,0.00,100.00,false,1.00,90.00,0.00,true,0,
7290100621042,false,417- חמאת בוץ עשירה לגוף לידיים ולרגליים,General,IL,חמאת בוץ עשירה לגוף לידיים ולרגליים,,0.00,0.00,false,1.00,80.00,0.80,true,0,
7290100621134,false,-417 קרם לילה לגוון עור אחיד ומואר,General,IL,קרם לילה לגוון עור אחיד ומואר,,0.00,100.00,false,1.00,270.00,0.05,true,0,
7290100622148,false,417- גל ניקוי ממריץ לעור 100 מל,שסטוביץ,IL,ג'ל ניקוי ממריץ לעור,,0.00,100.00,false,1.00,70.00,0.00,true,0,
7290100622155,false,417- מלח אמבט מים המלח להזנה והרגעת העור,שסטוביץ,IL,מלח אמבט מים המלח להזנה והרגעת העור,,0.00,100.00,false,1.00,55.00,0.00,true,0,
7290100623763,false,417- קרם לילה דיטוקס מאזן לחויות 50 מל,שסטוביץ,IL,קרם לילה דיטוקס מאזן לחויות,,0.00,100.00,false,1.00,195.00,0.03,true,0,
7290100623770,false,417- גל ניקוי מקציף לפנים מועשר בגרגירי,שסטוביץ,IL,ג'ל ניקוי מקציף לפנים מועשר בגרגירי לופה,,0.00,100.00,false,1.00,99.00,0.00,true,0,
7290100628775,false,417- מסיכת בוץ משקמת ומזינה לשיער ולקרקפ,שסטוביץ,IL,מסיכת בוץ משקמת ומזינה לשיער ולקרקפת,,0.00,100.00,false,1.00,99.00,0.00,true,0,
7290100628898,false,417- קרם ייחודי למילוי טיפול והחלקה מייד,שסטוביץ,IL,קרם ייחודי למילוי טיפול והחלקה מיידית של קמטי הבעה והתבגרות,,0.00,100.00,false,1.00,420.00,0.14,true,0,
7290100629147,false,417- מסיכה מתקלפת לפנים לכל סוגי העור,שסטוביץ,IL,מסיכה מתקלפת לפנים לכל סוגי העור,,0.00,100.00,false,1.00,110.00,0.01,true,0,
7290100629192,false,417- ערכת טיפוח מושלמת לעיניים,שסטוביץ,IL,ערכת טיפוח מושלמת לעיניים סום לעיניים + קרם עיניים,,0.00,0.00,false,1.00,340.00,0.00,true,0,
7290100629666,false,417- סרום משקם לעיניים פפטיד 30 מל,שסטוביץ,IL,PEPTIDE סרום משקם לעיניים,,0.00,100.00,false,1.00,240.00,0.08,true,0,
7290100629680,false,417- קרם לאחר גילוח 100 מל,שסטוביץ,IL,קרם לאחר גילוח,,0.00,0.00,false,1.00,120.00,1.20,true,0,
7290100629710,false,417- סרום מולטי אקטיב לפנים 50 מל,שסטוביץ,IL,TIME CONTROL-ACTIVE סרום לפנים,,0.00,100.00,false,1.00,240.00,0.04,true,0,
7290100629734,false,417- קרם לילה משקם A,שסטוביץ,IL,קרם לילה משקם A,,0.00,100.00,false,1.00,240.00,0.04,true,0,
7290100629802,false,417- בוץ לגוף 500 גרם,שסטוביץ,IL,בוץ לגוף,,0.00,100.00,false,1.00,55.00,0.00,true,0,
7290100629833,false,417- פילינג גוף ארומטי מאזן  אוקינוס,שסטוביץ,IL,פילינג גוף ארומטי מאזן  אוקינוס,,0.00,100.00,false,1.00,110.00,0.00,true,0,
7290100629864,false,417- חמאת גוף ארומאטית להזנה עשירה  אוק,שסטוביץ,IL,חמאת גוף ארומאטית להזנה עשירה  אוקינוס,,0.00,100.00,false,1.00,100.00,0.00,true,0,
7290100629888,false,417- קרם הזנה מרגיע לרגליים 100 מל,שסטוביץ,IL,קרם הזנה מרגיע לרגליים,,0.00,0.00,false,1.00,70.00,0.70,true,0,
7290100629895,false,417- קרם לחות אנטי אוקסידנט לידיים 100 מ,שסטוביץ,IL,קרם לחות אנטי אוקסידנט לידיים,,0.00,0.00,false,1.00,70.00,0.70,true,0,
7290100629918,false,417- סבון לניקוי וגוון עור אחיד 200 מל,שסטוביץ,IL,סבון לניקוי וגוון עור אחיד,,0.00,100.00,false,1.00,190.00,0.00,true,0,
7290100629949,false,417- סבון מינרלים לניקוי והענקת לחות לפנ,שסטוביץ,IL,סבון מינרלים לניקוי והענקת לחות לפנים ולגוף,,0.00,100.00,false,1.00,35.00,0.00,true,0,
7290100629970,false,417- סבון בוץ מטהר לניקוי עמוק ומראה מט,שסטוביץ,IL,סבון בוץ מטהר לניקוי עמוק ומראה מט לפנים ולגוף,,0.00,100.00,false,1.00,35.00,0.00,true,0,
7290100630099,false,417- מסכת בוץ משקמת לפנים 50 מל,שסטוביץ,IL,מסכת בוץ משקמת לפנים,,0.00,100.00,false,1.00,380.00,0.07,true,0,
7290100653463,false,"פלמוליב - ארומה ג'ל רחצה מסאז' 500 מ""ל",קולגייט-פלמוליב,,ארומה סנסיישן ג'ל רחצה עם גרגירי פילינג,"מ""ל",500.00,100.00,false,1.00,19.90,0.00,true,0,
7290100653586,false,"דאודורנט ג'ל פרש פיוזן 24/7 ליידי ספיד סטיק 65 מ""ל",ליידי ספיד סטיק Lady Speed Stick,US,דאודורנט ג'ל פרש פיוז'ן 24/7 ורוד,,0.00,100.00,false,1.00,14.90,0.00,true,0,
7290100659090,false,פרי חטיפים ללא גלוטן ותוספת סוכר מארז 5 תמרים וקינמון,טבעית מוצרים מן הטבע בעמ,IL,חטיף דגנים תמרים וקינמון,,0.00,0.00,false,1.00,19.90,3.98,true,0,
7290100687109,false,במבה במילוי קרם נוגט 60ג' אסם,קבוצת אוסם סחר-שות.מוגבלת,,חטיף בוטנים במילוי קרם נוגט,,0.00,100.00,false,1.00,6.90,0.00,true,0,
7290100858592,false,אבקת קקאו עלית שקית 150 ג',הנסיך- מפעל לייצור ט,IL,אבקת קקאו דל שומן,,0.00,100.00,false,1.00,9.90,0.00,true,0,
7290100921593,false,מנקה אסלה סוד 4 כדוריות לאסלה לימון נתלה 50 ג',גורי שיווק בעמ,,סבון אסלה לימון,,0.00,100.00,false,1.00,9.90,0.00,true,0,
7290100924631,false,מרכך כביסה מרוכז לבגדי תינוקות ובעלי עור רגיש,גורי שיווק בעמ,IL,מרכך כביסה לבגדיי תינוקות ובעלי עור רגיש,,0.00,100.00,false,1.00,12.90,0.00,true,0,
7290100924693,false,סבון סוד 4 כדוריות מוצק כחול אקטיבי-אקנומיקה 50ג',גורי שיווק בעמ,HU,סבון אסלה כחול אקטיבי אקונומיקה,,0.00,100.00,false,1.00,9.90,0.00,true,0,
7290100925676,false,קולור קאצר 20 דפים לוכדי צבע למכונת כביס,גורי שיווק בעמ,IE,דפים לוכדי צבע למכונת כביסה,,0.00,0.00,false,1.00,19.90,0.99,true,0,
7290101486688,false,חטיף דגנים עם שוקולד ללא גלוטן וסוכר פרי 5*20 גרם,טבעית מוצרים מן הטבע בעמ,,חטיף דגנים עם שוקולד ואגוזים,,0.00,0.00,false,1.00,19.90,3.98,true,0,
7290101488248,false,"ליידי ספיד סטיק - דאודורנט רול און לאישה ורוד פרש פיושן 50 מ""ל",ליידי ספיד סטיק Lady Speed Stick,IT,דאודורנט רול און פרש פיוז'ן 24/7,,0.00,100.00,false,1.00,14.90,0.00,true,0,
7290101488286,false,"ליידי ספיד סטיק - דאודורנט ספריי לאישה 24/7 פרש פיוזן ורוד 150 מ""ל",ליידי ספיד סטיק Lady Speed Stick,RU,24/7 דאודורנט ספריי פרש פיוזן,,0.00,100.00,false,1.00,14.90,0.00,true,0,
7290101488316,false,ליידי ספיד סטיק - דאודורנט סטיק לאישה ללא סימן ורוד סטיק 65 גרם,ליידי ספיד סטיק Lady Speed Stick,US,דאודורנט סטיק ללא סימן ורוד,,0.00,100.00,false,1.00,29.90,0.00,true,0,
7290101488323,false,ליידי ספיד סטיק - דאודורנט סטיק לאישה ללא סימן ירוק סטיק 65 גרם,ליידי ספיד סטיק Lady Speed Stick,,דאודורנט סטיק פאודר פרש,,0.00,100.00,false,1.00,29.90,0.00,true,0,
7290101551027,false,קפסולות קפה אספרסו חזק במיוחד 14 עלית 10 יח',הנסיך- מפעל לייצור ט,IL,קפסולות קפה עשיר וארומטי 14,,0.00,0.00,false,1.00,18.90,1.89,true,0,
<<<<<<< HEAD
7290101863410,false,"סיליט באנג ספריי ניקוי עוצמתי מכיל אקונומיקה 750 מ""ל",סיליט באנג Cillit Bang,,ניקוי עוצמתי מכיל אקונומיקה,,0.00,100.00,false,1.00,16.90,0.00,true,0,
7290101864127,false,"ספריי להסרת כתמים 750 מ""ל וניש קליה",קליה וניש Kalia Vanish,,אוקסי אקשן ספריי להסרת כתמים לפני הכנסה למכונת הכביסה,,0.00,100.00,false,1.00,19.90,0.00,true,0,
7290101865261,false,"פיניש נוזל הברקה למדיח 800 מ""ל",רקיט בנקיזר,,נוזל הברקה לכלים מבריקים ויבשים,,0.00,100.00,false,1.00,24.90,0.00,true,0,
7290101866633,false,וניש קליה גל להסרת כתמים 3 ליטר אוקסיפרש,קליה וניש Kalia Vanish,IL,ג'ל אוקסי פרש להסרת כתמים,,0.00,1.00,false,1.00,29.90,9.96,true,0,
7290101868958,false,פיניש נוזל הברקה למדיח בניחוח לימון,רקיט בנקיזר,PL,נוזל הברקה לכלים מבריקים ויבשים בניחוח לימון,,0.00,100.00,false,1.00,24.90,0.00,true,0,
7290101869726,false,ג'ל מרוכז למדיח הכל ב-1 פיניש 1 ליטר,רקיט בנקיזר,PL,ALL IN 1 MAX ג'ל מרוכז למדיח,,0.00,1.00,false,1.00,49.90,49.90,true,0,
7290101869788,false,"אירוויק ספריי אוטומטי מילוי בניחוח אואזיס 250 מ""ל*",איירוויק Air Wick,HU,מילוי מכשיר ספריי אוטומטי אואזיס,,0.00,100.00,false,1.00,19.90,0.00,true,0,
7290101869795,false,"מטהר אוויר אירוויק ספריי מילוי חלום ליל קיץ 250 מ""ל",איירוויק Air Wick,HU,מילוי מכשיר ספריי אוטומטי חלום ליל קיץ,,0.00,100.00,false,1.00,19.90,0.00,true,0,
7290101869818,false,"אירוויק מכשיר חשמלי+מילוי בניחוח חלום ליל קיץ 19 מ""ל",איירוויק Air Wick,HU,מפיץ ריח חשמלי חלום ליל קיץ,,0.00,0.00,false,1.00,31.90,0.00,true,0,
7290101869825,false,"אירוויק מילוי למכשיר חשמלי בניחוח אואזיס 19 מ""ל",איירוויק Air Wick,HU,מילוי מכשיר חשמלי אואזיס,,0.00,100.00,false,1.00,24.90,0.01,true,0,
7290101869917,false,"אירוויק מילוי מבשם אויר אטומטי היער הקסום 19 מ""ל",איירוויק Air Wick,HU,מילוי מכשיר ספריי אוטומטי היער הקסום,,0.00,100.00,false,1.00,19.90,0.00,true,0,
7290101869962,false,"אירוויק מקלות ריחניים בניחוח חלום ליל קיץ 30 מ""ל",איירוויק Air Wick,HU,LIFE SCENTS מקלות ריחניים בניחוח חלום ליל קיץ,,0.00,100.00,false,1.00,19.90,0.00,true,0,
=======
7290101863410,false,"סיליט באנג ספריי ניקוי עוצמתי מכיל אקונומיקה 750 מ""ל",רקיט בנקיזר (ניר איסט) בעמ,,ניקוי עוצמתי מכיל אקונומיקה,,0.00,100.00,false,1.00,16.90,0.00,true,0,
7290101864127,false,ספריי להסרת כתמים וניש קליה (750 מל),רקיט בנקיזר (ניר איסט) בעמ,,אוקסי אקשן ספריי להסרת כתמים לפני הכנסה למכונת הכביסה,,0.00,100.00,false,1.00,19.90,0.00,true,0,
7290101865261,false,נוזל הברקה למדיח כלים פיניש (800 מל),רקיט בנקיזר (ניר איסט) בעמ,,נוזל הברקה לכלים מבריקים ויבשים,,0.00,100.00,false,1.00,24.90,0.00,true,0,
7290101866633,false,וניש קליה גל להסרת כתמים 3 ליטר אוקסיפרש,רקיט בנקיזר (ניר איסט) בעמ,IL,ג'ל אוקסי פרש להסרת כתמים,,0.00,1.00,false,1.00,29.90,9.96,true,0,
7290101868958,false,פיניש נוזל הברקה למדיח בניחוח לימון,רקיט בנקיזר (ניר איסט) בעמ,PL,נוזל הברקה לכלים מבריקים ויבשים בניחוח לימון,,0.00,100.00,false,1.00,24.90,0.00,true,0,
7290101869726,false,ג'ל מרוכז למדיח הכל ב-1 פיניש 1 ליטר,רקיט בנקיזר (ניר איסט) בעמ,PL,ALL IN 1 MAX ג'ל מרוכז למדיח,,0.00,1.00,false,1.00,49.90,49.90,true,0,
7290101869788,false,"אירוויק ספריי אוטומטי מילוי בניחוח אואזיס 250 מ""ל*",רקיט בנקיזר (ניר איסט) בעמ,HU,מילוי מכשיר ספריי אוטומטי אואזיס,,0.00,100.00,false,1.00,19.90,0.00,true,0,
7290101869795,false,"מטהר אוויר אירוויק ספריי מילוי חלום ליל קיץ 250 מ""ל",רקיט בנקיזר (ניר איסט) בעמ,HU,מילוי מכשיר ספריי אוטומטי חלום ליל קיץ,,0.00,100.00,false,1.00,19.90,0.00,true,0,
7290101869818,false,"אירוויק מכשיר חשמלי+מילוי בניחוח חלום ליל קיץ 19 מ""ל",רקיט בנקיזר (ניר איסט) בעמ,HU,מפיץ ריח חשמלי חלום ליל קיץ,,0.00,0.00,false,1.00,31.90,0.00,true,0,
7290101869825,false,"אירוויק מילוי למכשיר חשמלי בניחוח אואזיס 19 מ""ל",רקיט בנקיזר (ניר איסט) בעמ,HU,מילוי מכשיר חשמלי אואזיס,,0.00,100.00,false,1.00,24.90,0.01,true,0,
7290101869917,false,"אירוויק מילוי מבשם אויר אטומטי היער הקסום 19 מ""ל",רקיט בנקיזר (ניר איסט) בעמ,HU,מילוי מכשיר ספריי אוטומטי היער הקסום,,0.00,100.00,false,1.00,19.90,0.00,true,0,
7290101869962,false,"אירוויק מקלות ריחניים בניחוח חלום ליל קיץ 30 מ""ל",רקיט בנקיזר (ניר איסט) בעמ,HU,LIFE SCENTS מקלות ריחניים בניחוח חלום ליל קיץ,,0.00,100.00,false,1.00,19.90,0.00,true,0,
>>>>>>> d048ac2f4f281c9d788043ab4e81b61b0dbe3743
7290102060764,false,מרידול מברשת שיניים אריזת זוג,יבואן ומשווק: ש. שסט,,מברשות שיניים לחניכיים רגישות,,0.00,0.00,false,1.00,39.90,19.95,true,0,
7290102060979,false,"אלמקס משחת שיניים למניעת עששת 100מ""ל",יבואן ומשווק: ש. שסט,,משחת שיניים למניעת עששת,,0.00,0.00,false,1.00,17.90,0.17,true,0,
7290102062195,false,"משחת שיניים לילדים לגילאי 6-12 אלמקס 75 מ""ל",יבואן ומשווק: ש. שסט,,משחת שיניים לילדים ג'וניור לגילאי 6-12,,0.00,100.00,false,1.00,17.90,0.00,true,0,
7290102747351,false,לייף שפתון פרופוליס סטיק 25SPF,לייף,,שפתון פרופוליס טיפולי בארומת דבש,,0.00,0.00,false,1.00,14.90,0.00,true,0,
7290102748747,false,לייף טלק לתינוק 150 גרם,גלעם,,טלק לתינוק,,0.00,100.00,false,1.00,11.90,0.00,true,0,
7290103091460,false,אדם בייסיק דאורדורנט ספריי לגבר 200 מל,ש. שסטוביץ בע`מ,IL,BASICS דאודורנט ספריי לגבר,"מ""ל",200.00,100.00,false,1.00,17.90,0.00,true,0,
7290103120658,false,דאודורנט ספיד סטיק גל שחור 85 גרם,הנסיך- מפעל לייצור ט,,דאודורנט ג'ל קול נייט 24/7,,0.00,100.00,false,1.00,31.90,0.00,true,0,
7290103124588,false,"סבון נוזלי ארומה בניחוח לבנדר פטצ'ולי פלמוליב 750 מ""ל",הנסיך- מפעל לייצור ט,TR,"ארומה סנסיישן סבון רחצה מועשר בתמציות לבנדר, ילנג- ילנג והל",,0.00,100.00,false,1.00,23.90,0.00,true,0,
7290103124601,false,"תחליב רחצה נוזל חלב ודבש משאבה 750מ""ל פלמוליב",הנסיך- מפעל לייצור ט,,תחליב רחצה מועשר ברכיבים איכותיים של חלב ודבש,,0.00,100.00,false,1.00,23.90,0.00,true,0,
7290103126797,false,"משחת שיניים קולגייט סנסיטיב פרו רליף 75 מ""ל",הנסיך- מפעל לייצור ט,,משחה לשיניים רגישות,,0.00,100.00,false,1.00,25.90,0.00,true,0,
7290103128739,false,בלונס מקלות אוזניים לתינוק 56 יחידות,הנסיך- מפעל לייצור ט,,מקלוני כותנה לתינוק,,0.00,0.00,false,1.00,7.90,0.39,true,0,
7290103129378,false,ספיד סטיק - דאודורנט ג'ל לגבר איקס 5 85 גרם,הנסיך- מפעל לייצור ט,,דאודורנט ג'ל הגנה משולבת X5,,0.00,100.00,false,1.00,31.90,0.00,true,0,
7290103129392,false,ליידי ספיד סטיק פרש אסנס פרח הפרזיה סטיק 65 גר,ליידי ספיד סטיק Lady Speed Stick,,דאודורנט סטיק פרש אנד אסנס בניחוח פרח הפרזיה,,0.00,100.00,false,1.00,29.90,0.00,true,0,
7290103129408,false,ליידי ספיד סטיק - דאודורנט סטיק לאישה פרש אסנס פריחת הפרדס 65 גרם,ליידי ספיד סטיק Lady Speed Stick,,דאודורנט סטיק פרש אנד אסנס פריחת הפרדס,,0.00,100.00,false,1.00,29.90,0.00,true,0,
7290103333294,false,"גייד סרום עם תמצית רימונים 30 מ""ל",דניה,,HYDRA SUBLIME תמצית רימונים,,0.00,100.00,false,1.00,109.00,0.03,true,0,
7290103337056,false,גייד הידרה אסנשייל פיור קלרטה 75 מל,דניה,,PURE CLARTE HYDRA ESSENTIAL קרם יום,,0.00,100.00,false,1.00,99.00,0.01,true,0,
7290103337322,false,גייד גל ניקוי פנים לעור רגיל-יבש ורד 200,דניה,,GENTLE ג'ל ניקוי לפנים לעור רגיל-יבש,,0.00,100.00,false,1.00,45.00,0.00,true,0,
7290103337353,false,גייד גל ניקוי פנים לעור מעורב-שמן ורד200,דניה,,GENTLE ג'ל ניקוי לפנים לעור מעורב-שמן,,0.00,100.00,false,1.00,45.00,0.00,true,0,
7290103401429,false,קפה קצב ברזילאי אוריגינס 200 גר,הנסיך- מפעל לייצור ט,IL,פלטינום ברזיל קפה נמס מיובש בהקפאה,,0.00,100.00,false,1.00,29.90,0.00,true,0,
7290103430153,false,לייף קיסמי מברשת רכים מגומי,אידיאל,,Dental קיסמי מברשת רכים מגומי,,0.00,0.00,false,1.00,44.90,1.12,true,0,
7290103430535,false,לייף סכיני גילוח דו להבי חמישייה נשים,פרסונה,,סכיני גילוח חד פעמיים 2 להבים עם פס לחות וויטמין E ולהבים בציפוי קרמי,,0.00,0.00,false,1.00,14.90,2.98,true,0,
7290103430542,false,לייף סכיני גילוח דו להבי חמישייה גברים,פרסונה,,סכיני גילוח חד פעמיים 2 להבים עם פס לחות וויטמין E ולהבים בציפוי קרמי,,0.00,0.00,false,1.00,14.90,2.98,true,0,
7290103430573,false,לייף סכיני גילוח חד פעמי תלת להביים לאשה,פרסונה,,סכיני גילוח חד פעמיים 3 להבים עם ראש מתכוונן ולהבים בציפוי קרמי,,0.00,0.00,false,1.00,21.90,5.47,true,0,
7290103430580,false,לייף סכיני גילוח חד פעמי תלת להביים לגבר,פרסונה,,סכיני גילוח חד פעמיים 3 להבים עם פס לחות מועשר בשמנים בוטניים וראש גילוח מתכוונן,,0.00,0.00,false,1.00,21.90,5.47,true,0,
7290103431631,false,לייף זוג ראשים למברשת חשמלית-ירוק,יניר מערכות,,Dental ראש החלפה למברשת שיניים חשמלית,,0.00,0.00,false,1.00,19.90,9.95,true,0,
7290103431976,false,לייף קיסמי אוזניים פלסטיק 200 יח,ח.א.ייבוא ושיווק,,מקלוני צמר גפן מקלוני פלסטיק,,0.00,0.00,false,1.00,4.90,0.02,true,0,
7290103435448,false,לייף שמן לתינוק 400 מל,אמיליה קוסמטיקס,,שמן לתינוק,,0.00,100.00,false,1.00,21.90,0.00,true,0,
7290103436018,false,סאנדיי גל אקונומיקה מרוכזת לימון 750 מל,זוהר דליה,,ג'ל אקונומיקה מבושם ומרוכז בניחוח לימון,,0.00,100.00,false,1.00,12.90,0.00,true,0,
7290103436063,false,לייף מברשת אינטרדנטלית בצורת קונוס,אידיאל,,Dental קיסם מברשת לניקוי יסודי בין השיניים קונוס,,0.00,0.00,false,1.00,24.90,4.15,true,0,
7290103436087,false,לייף מברשת אינטרדנטלית MINI 3 ממ,אידיאל,,Dental קיסם מברשת לניקוי יסודי בין השיניים מיני צר,,0.00,0.00,false,1.00,24.90,4.15,true,0,
7290103436094,false,לייף מברשת אינטרדנטלית MICRO 2 ממ,אידיאל,,Dental קיסם מברשת לניקוי יסודי בין השיניים מיקרו צר במיוחד,,0.00,0.00,false,1.00,24.90,4.15,true,0,
7290103436483,false,לייף מכנסוני לילה 15 יח XXL,DPL,,מכנסוני לילה מידה 46-52 XXL,,0.00,0.00,false,1.00,64.90,4.32,true,0,
7290103436797,false,סאנדיי 9 מטליות רב שימושיות 3 צבעים,מ.א.מטליות,,מטליות רב שימושיות,,0.00,0.00,false,1.00,11.90,1.32,true,0,
7290103436803,false,סאנדיי 3 מטליות מיקרופייבר לשיש 3 צבעים,מ.א.מטליות,,מטליות מיקרופייבר לניקוי כללי,,0.00,0.00,false,1.00,12.90,4.30,true,0,
7290103436810,false,סאנדיי מטלית פלא מיקרופייבר לרצפה 50*75,מ.א.מטליות,,מטלית מיקרופייבר לרצפה,,0.00,0.00,false,1.00,11.90,0.00,true,0,
7290103437985,false,סאנדיי מגבונים אישיים להסרת כתמים 20 יח,DPL,,מגבונים אישיים להסרת כתמים,,0.00,0.00,false,1.00,16.90,0.84,true,0,
7290103438333,false,לייף קרם לשיזוף עצמי 180 מל,General,,קרם לשיזוף עצמי,,0.00,100.00,false,1.00,39.90,0.00,true,0,
7290103439057,false,לייף קוצץ שיערות אף ואוזן,רייס,CN,מכשיר לעיצוב וקיצוץ שיער האף והאוזניים,,0.00,0.00,false,1.00,64.90,13.52,true,0,
7290103439705,false,לייף זוג ראשים למברשת חשמלית-כחול,יניר מערכות,,Dental ראשי החלפה למברשת שיניים חשמלית,,0.00,0.00,false,1.00,19.90,9.95,true,0,
7290103440398,false,לייף מכנסוני יום 15 יח XL,DPL,,מכנסוני יום מידה 42-46 XL,,0.00,0.00,false,1.00,64.90,4.32,true,0,
7290103440404,false,לייף מכנסוני לילה 15 יח L,DPL,,מכנסוני לילה מידה 40-42 L,,0.00,0.00,false,1.00,64.90,4.32,true,0,
7290103440411,false,לייף מכנסוני לילה 15 יח XL,DPL,,מכנסוני לילה מידה 42-46 XL,,0.00,0.00,false,1.00,64.90,4.32,true,0,
7290103440596,false,לייף מברשת שיניים לתינוקות,טריזה,,Dental מברשת שיניים לפעוטות 0-3,,0.00,0.00,false,1.00,13.90,0.00,true,0,
7290103441722,false,לייף מגבוני אף 30 יחידות,DPL,,מגבוני אף עדינים לתינוק מעושרים באלוורה,,0.00,0.00,false,1.00,7.90,0.26,true,0,
7290103443122,false,לייף מדבקות אף חדש,General,,מדבקות לניקוי נקבוביות האף,,0.00,0.00,false,1.00,24.90,0.00,true,0,
7290103443139,false,לייף מדבקות אף ומצח,זר הייטק,,מדבקות לניקוי האף והמצח,,0.00,0.00,false,1.00,34.90,0.00,true,0,
7290103443146,false,לייף מדבקות אף שמן עץ התה,זר הייטק,,מדבקות אף עץ התה לניקוי נקבוביות,,0.00,0.00,false,1.00,24.90,0.00,true,0,
7290103443245,false,לייף מגבונים להסרת איפור - חדש,DPL,,מגבונים להסרת איפור פנים ועיניים,,0.00,0.00,false,1.00,9.90,0.00,true,0,
7290103444976,false,לייף OIL CONTROL מגבונים לספיגת שומן מעו,General,,OIL CONTROL מגבונים לספיגת שומן מעורב,,0.00,0.00,false,1.00,18.90,0.00,true,0,
7290103446246,false,לייף קיסמי עץ 100 יחידות,אידיאל,,Dental קיסמי עץ דו צדדיים בטעם מנטה,,0.00,0.00,false,1.00,19.90,0.19,true,0,
7290103446253,false,לייף קיסם משולב מנטה משופר,אידיאל,,Dental קיסם משולב מנטה משופר,,0.00,0.00,false,1.00,11.90,0.28,true,0,
7290103446260,false,לייף קיסם משולב רגיל משופר,אידיאל,,Dental קיסם משולב רגיל משופר,,0.00,0.00,false,1.00,11.90,0.28,true,0,
7290103446277,false,לייף חוט דנטלי רגיל,אידיאל,,Dental חוט דנטלי עם שעווה בתוספת פלואוריד,,0.00,1.00,false,1.00,18.90,0.37,true,0,
7290103446284,false,לייף חוט דנטלי מנטה,אידיאל,,Dental חוט דנטלי עם שעווה בתוספת פלואוריד בטעם מנטה,,0.00,1.00,false,1.00,18.90,0.37,true,0,
7290103446291,false,לייף מנקה לשון חדש,אידיאל,,Dental מנקה לשון,,0.00,0.00,false,1.00,26.90,0.00,true,0,
7290103446314,false,לייף מנקה לשון ללא זיפים חדש,אידיאל,,Dental מנקה לשון ללא זיפים,,0.00,0.00,false,1.00,19.90,0.00,true,0,
7290103447236,false,לייף משחה לתותבות 40 גרם,זר הייטק,,Dental משחת הדבקה לשיניים תותבות,,0.00,100.00,false,1.00,31.90,0.00,true,0,
7290103449766,false,לייף סכיני גילוח חד פעמי 5 להבי גבר,פרסונה,,סכיני גילוח חד פעמיים 5 להבים עם פס לחות וויטמין E טרימר ולהבים בציפוי קרמי,,0.00,0.00,false,1.00,28.90,9.63,true,0,
7290103449773,false,לייף סכיני גילוח חד פעמי 5 להבי אשה,פרסונה,,סכיני גילוח חד פעמיים 5 להבים עם פס לחות וויטמין E ולהבים בציפוי קרמי,,0.00,0.00,false,1.00,28.90,9.63,true,0,
7290104068539,false,מאסט פליפטופ מלון ואבטיח ללא גרעינים,שטראוס גרופ בע`מ,,גומי לעיסה ללא סוכר בטעם אבטיח מלון,,0.00,100.00,false,1.00,4.90,0.00,true,0,
7290104261145,false,FIFI שמפו מרענן לשיער מתולתל וגלי,General,IL,שמפו מרענן לשיער מתולתל וגלי,,0.00,100.00,false,1.00,34.90,0.00,true,0,
7290104261190,false,FIFI מרכך מזין לשיער מתולתל וגלי,General,IL,מרכך מזין לשיער מתולתל וגלי,,0.00,100.00,false,1.00,34.90,0.00,true,0,
7290104261206,false,FIFI מסיכת הזנה לשיער,General,IL,מסיכת הזנה לשיער,,0.00,100.00,false,1.00,69.90,0.00,true,0,
7290104261237,false,FIFI קרם לחות לשיער לבניית תלתלים מעוצבי,General,IL,קרם לחות לשיער לבניית תלתלים מעוצבים,,0.00,100.00,false,1.00,49.90,0.00,true,0,
7290104261251,false,FIFI קרם לחות עם גלייז 50/50 לטיפול וייצ,General,IL,קרם לחות עם גלייז 50/50 לטיפול ייצוב והגדרת תלתלים,,0.00,100.00,false,1.00,49.90,0.00,true,0,
7290104261268,false,FIFI גלייז חוחובה לעיצוב ופיסול תלתלים,General,IL,גלייז חוחובה לעיצוב ופיסול תלתלים תוך כדי ייבוש,,0.00,100.00,false,1.00,49.90,0.00,true,0,
7290104261282,false,FIFI ספריי נפח,General,IL,ספריי נפח,,0.00,100.00,false,1.00,59.90,0.00,true,0,
7290104342868,false,"סבון פנים טיפולי עץ התה לניקוי עור שמן, בעייתי ומעורב",שביט SHAVIT,IL,סבון פנים עץ התה,,0.00,100.00,false,1.00,49.90,0.00,true,0,
7290104342899,false,שביט אובליפיחה שמפו צמחי טיפולי 500 מל,הרבה דרם,IL,אובליפיחה שמפו צמחי טיפולי,,0.00,100.00,false,1.00,49.90,0.00,true,0,
7290104342936,false,שביט עץ התה שמפו לטיפול קשקשים 500 מל,שביט SHAVIT,IL,עץ התה שמפו לטיפול בקשקשים,,0.00,100.00,false,1.00,58.00,0.00,true,0,
7290104342943,false,סבון הגייני עץ התה למניעת גירויים ויובש,שביט SHAVIT,IL,סבון היגייני עץ התה למניעת גירויים ויובש,,0.00,100.00,false,1.00,57.50,0.00,true,0,
7290104343292,false,"סבון גוף עדין עץ התה לעור במראה גמיש, בריא ורענן",שביט SHAVIT,IL,עץ התה סבון גוף עדין,,0.00,100.00,false,1.00,57.90,0.00,true,0,
7290104960239,false,תחליב רחצה בניחוח קמומיל נקה (7507 מל),טרופיקל דגיל תעשיות קוסמ,,תחליב רחצה קמומיל,,0.00,100.00,false,1.00,12.90,0.00,true,0,
7290104960253,false,נקה 7 ארומה תחליב רחצה לבנדר ענוג 750,טרופיקל דגיל תעשיות קוסמ,,תחליב רחצה לבנדר,,0.00,100.00,false,1.00,12.90,0.00,true,0,
7290104960970,false,דאודורנט ספריי טיטניום מטאל Titanium Metal,אמיליה קוסמטיקס בעמ,,דאודורנט ספריי מטאל לגבר,,0.00,100.00,false,1.00,16.90,0.00,true,0,
7290104961229,false,"מי פנים לניקוי, הסרה ורענון הפנים לעור רגיל או יבש",קרליין Careline,,מי פנים לעור יבש/רגיל,,0.00,100.00,false,1.00,39.90,0.00,true,0,
7290104961441,false,סקין גארד ספריי שמן גזר SPF15 200 מל,מיוצר עי : אמיליה קוסמטי,,ספריי שמן גזר SPF15,,0.00,100.00,false,1.00,39.90,0.00,true,0,
7290104961878,false,"שמפו לשיער קרטין אינטנס פורמולה 400 מ""ל נטורל",החברה הדרומית לשיווק בעמ,,שמפו לשיער אינטנס קרטין טהור,,0.00,100.00,false,1.00,29.90,0.00,true,0,
7290104961885,false,מרכך קרטין טהור לשיער שעבר החלקה או עיצוב בחום,החברה הדרומית לשיווק בעמ,,מרכך לשיער אינטנס קרטין טהור,,0.00,100.00,false,1.00,29.90,0.00,true,0,
7290104961892,false,מסכת קרטין טהור לשיער שעבר החלקה או עיצוב בחום,החברה הדרומית לשיווק בעמ,,מסכת קרטין טהור לשיער לעבר החלקה או עיצוב בחום,,0.00,100.00,false,1.00,39.90,0.00,true,0,
7290104961908,false,נ.פורמולה קרטין אינטנס סרום לשיער 145 מל,נטורל פורמולה Natural Formula,,סרום לשיער אינטנס קרטין טהור,,0.00,100.00,false,1.00,49.90,0.00,true,0,
7290104961939,false,קרליין BB פרפקט קר קרם בהיר,קרליין,,BB PERFECT קרם בהיר,,0.00,100.00,false,1.00,89.90,0.01,true,0,
7290104961946,false,קרליין BB פרפקט קר קרם מדיום,קרליין,,BB PERFECT קרם מדיום,,0.00,100.00,false,1.00,89.90,0.01,true,0,
7290104962073,false,דאודורנט ספריי גוף טיטניום גולד Titanium Gold,החברה הדרומית לשיווק בעמ,,דאודורנט ספריי גולד,,0.00,100.00,false,1.00,16.90,0.00,true,0,
7290104962127,false,קרליין נושם לנערות דאו סטיק 50 מל,החברה הדרומית לשיווק בעמ,,דאודורנט סטיק נושם לנערות,,0.00,100.00,false,1.00,19.90,0.00,true,0,
7290104962134,false,דאודורנט קרליין רול און נושם לנערות ללא אלומיניום,החברה הדרומית לשיווק בעמ,,דאודורנט רול און נושם לבנות,,0.00,100.00,false,1.00,13.90,0.00,true,0,
7290104962370,false,קרליין אנטי גרויטי סרום,קרליין,,ANTI GRAVITY סרום,,0.00,100.00,false,1.00,49.90,0.01,true,0,
7290104962509,false,נ.פורמולה קרם הגנה קרטין אינטנס,החברה הדרומית לשיווק בעמ,,קרם הגנה קרטין טהור אינטנס,,0.00,100.00,false,1.00,39.90,0.00,true,0,
7290104962578,false,דאודורנט ספריי נושם + אינביזיבל ללא סימנים לבנים,החב הדרומית לשיווק,IL,דאודורנט ספריי נושם INVISIBLE ללא סימנים לבנים,,0.00,100.00,false,1.00,13.90,0.00,true,0,
7290104962660,false,"קרליין - נושם דאודורנט ספריי לאישה ללא אלומיניום 200 מ""ל",החברה הדרומית לשיווק בעמ,IL,דאו ספריי+ 0% אלומיניום,,0.00,100.00,false,1.00,13.90,0.00,true,0,
7290104962684,false,"קרליין - נושם דאודורנט רול און לאישה ללא אלומיניום 75 מ""ל",החברה הדרומית לשיווק בעמ,IL,דאו רול און +0% אלומיניום,,0.00,100.00,false,1.00,13.90,0.00,true,0,
7290104962707,false,קרליין 25 מגבונים להסרת איפור דיספנסר,קרליין,IL,מגבונים להסרת איפור דיספנסר,,0.00,0.00,false,1.00,14.90,0.00,true,0,
7290104962721,false,"קרליין - קרם יום רב תועלת רויואל 50 מ""ל",קרל.איפור/טיפוח,IL,REVIVAL קרם יום רב תועלתי,,0.00,100.00,false,1.00,150.00,0.03,true,0,
7290104962752,false,"סקינגארד ג'ל הגנה שקוף לפנים לעור רגיש 60 מ""ל",מיוצר עי : אמיליה קוסמטי,IL,אינוויזבל 50 SPF ג'ל הגנה שקוף לפנים,,0.00,100.00,false,1.00,49.90,0.00,true,0,
7290104962844,false,"שמפו אמפולה לטיפול אינטנסיבי לשיער יבש, צבוע ופגום",נטורל פורמולה Natural Formula,IL,שמפו אמפולה אינטנס לשיער יבש צבוע ופגום במיוחד,,0.00,100.00,false,1.00,29.90,0.00,true,0,
7290104962851,false,"מרכך אמפולה לטיפול אינטנסיבי לשיער יבש, צבוע ופגום",נטורל פורמולה Natural Formula,IL,מרכך אמפולה אינטנס לשיער יבש צבוע ופגום במיוחד,,0.00,100.00,false,1.00,29.90,0.00,true,0,
7290104962868,false,"מסכת אמפולה לטיפול אינטנסיבי לשיער יבש, צבוע ופגום",נטורל פורמולה Natural Formula,IL,מסכה אמפולה אינטנס לשיער יבש צבוע ופגום במיוחד,,0.00,100.00,false,1.00,39.90,0.00,true,0,
7290104962875,false,"סרום אמפולה לטיפול אינטנסיבי לשיער יבש, צבוע ופגום",החברה הדרומית לשיווק בעמ,IL,אמפולה אינטנס סרום לשיער,,0.00,100.00,false,1.00,49.90,0.00,true,0,
7290104962882,false,"קרליין - סבון פנים עם מברשת ניקוי 150 מ""ל","קוסמופארם בע""\מ.",IL,סבון פנים עם מברשת ניקוי,,0.00,100.00,false,1.00,44.90,0.00,true,0,
7290104963124,false,קרליין מים מיסליירים להסרת איפור,@@@ החב הדרומית לשיווק בעמ,IL,מים מיסליירים להסרת איפור,,0.00,100.00,false,1.00,39.90,0.00,true,0,
7290104963155,false,סופטקר - שמן לתינוקות 500 מל,החברה הדרומית לשיווק בעמ,IL,שמן גוף לתינוק לעור רגיש,,0.00,100.00,false,1.00,25.90,0.00,true,0,
7290104963223,false,סופטקר - אל סבון עדין לתינוק לעור רגיש 1 ליטר,החברה הדרומית לשיווק בעמ,IL,אל סבון עדין לתינוק קלאסי לעור רגיש,,0.00,1.00,false,1.00,19.90,19.90,true,0,
7290104963674,false,קרליין יאנג-פילינג גרגירים לפנים לעור,אגיס,IL,YOUNG פילינג גרגירים לפנים לעור רגיל-שמן,,0.00,100.00,false,1.00,34.90,0.00,true,0,
7290104963902,false,קרליין אורבן דיפנס קרם לחות והגנה 50 מל,פאר פארם בעמ,IL,URBAN DEFENSE קרם לחות והגנה SPF25,,0.00,100.00,false,1.00,69.90,0.01,true,0,
7290104963919,false,קרליין אורבן דיפנס קרם לילה 50 מל,פאר פארם בעמ,IL,URBAN DEFENSE קרם לילה,,0.00,100.00,false,1.00,69.90,0.01,true,0,
7290104963926,false,קרליין אורבן דיפנס קרם סרום 30 מל,פאר פארם.,IL,URBAN DEFENSE סרום,,0.00,100.00,false,1.00,69.90,0.02,true,0,
7290104963933,false,קרליין שמן 360 לטיפול וטיפוח הפנים והגוף,קרליין,IL,PERFECT CARE שמן 360 לטיפול וטיפוח הפנים והגוף,,0.00,0.00,false,1.00,59.90,0.59,true,0,
7290104963940,false,מגבוני פחם שחורים להסרת איפור פנים ועיניים,@@@ החב הדרומית לשיווק בעמ,IL,מגבוני פחם שחורים להסרת איפור פנים ועיניים,,0.00,0.00,false,1.00,14.90,0.59,true,0,
7290104963957,false,"קרליין - תרחיץ פנים אויל פרי 300 מ""ל",General,IL,OIL FREE תרחיץ פנים,,0.00,100.00,false,1.00,39.90,0.00,true,0,
7290104963964,false,קרליין יאנג תרחיץ פנים גל לניקוי פנים,General,IL,YOUNG תרחיץ פנים ג'ל לניקוי הפנים,,0.00,100.00,false,1.00,39.90,0.00,true,0,
7290104963988,false,סקינגארד רול און הגנה לילדים SPF50 70 מל,מיוצר עי : אמיליה קוסמטי,IL,KIDS רול און להגנה גבוהה SPF50,,0.00,100.00,false,1.00,24.90,0.00,true,0,
7290104963995,false,קרליין אויל פרי-פילינג גרגרים לעור שמן,אגיס,IL,OIL FREE פילינג גרגרים לעור שמן ובעייתי,,0.00,100.00,false,1.00,34.90,0.00,true,0,
7290104964008,false,"סקינגארד - ספריי תחליב הגנה מהשמש לילדים 300 מ""ל SPF30",מיוצר עי : אמיליה קוסמטי,IL,SPF30 KIDS ספריי תחליב לילדים,,0.00,100.00,false,1.00,49.90,0.00,true,0,
<<<<<<< HEAD
7290104964015,false,"סקינגארד - סטיק הגנה לפנים 50 מ""ל SPF50",מיוצר עי : אמיליה קוסמטי,IL,סטיק הגנה שקוף לפנים SPF50,,0.00,100.00,false,1.00,49.90,0.04,true,0,
=======
7290104964015,false,"סקינגארד - סטיק הגנה לפנים 50 מ""ל SPF50",החברה הדרומית לשיווק בעמ,IL,סטיק הגנה שקוף לפנים SPF50,,0.00,100.00,false,1.00,49.90,0.04,true,0,
>>>>>>> d048ac2f4f281c9d788043ab4e81b61b0dbe3743
7290104964022,false,סקין גארד ספריי שקוף SPF50 קידס בוב ספוג,מיוצר עי : אמיליה קוסמטי,IL,ספריי שקוף לילדים לעור רטוב SPF50 בוב ספוג,,0.00,100.00,false,1.00,49.90,0.00,true,0,
7290104964053,false,"קרליין - סבון פנים עם מברשת ניקוי יאנג 150 מ""ל",@@@ החב הדרומית לשיווק בעמ,IL,YOUNG ג'ל לניקוי הפנים עם מברשת ניקוי ייחודית,,0.00,100.00,false,1.00,44.90,0.00,true,0,
7290104964084,false,"קרליין - מולטי אפקט קרם יום 50 מ""ל 25SPF",@@@ החב הדרומית לשיווק בעמ,IL,MULTI EFFECT קרם יום SPF25,,0.00,100.00,false,1.00,44.90,0.00,true,0,
7290104964091,false,"קרליין - מולטי אפקט קרם לילה 50 מ""ל",@@@ החב הדרומית לשיווק בעמ,IL,MULTI EFFECT קרם לילה,,0.00,100.00,false,1.00,44.90,0.00,true,0,
7290104964107,false,"קרליין - מולטי אפקט קרם עיניים 30 מ""ל",פאר פארם בעמ,IL,MULTI EFFECT קרם עיניים,,0.00,100.00,false,1.00,44.90,0.01,true,0,
7290104964183,false,"קרליין - ג'ל שקוף ליבוש פצעים אויל פרי 10 מ""ל",אגיס,IL,OIL FREE ג'ל שקוף לייבוש פצעים,,0.00,100.00,false,1.00,49.90,0.04,true,0,
7290104964190,false,קרליין קליר סקין מסכה מתחממת,קרל.איפור/טיפוח,IL,CLEAR SKIN מסכה מתחממת,,0.00,0.00,false,1.00,64.90,0.64,true,0,
7290104964206,false,ג'ל מיסלרי להסרת איפור וניקוי הפנים והעיניים,אמיליה קוסמטיקס,IL,MICELLE CLEANSING GELג'ל מיסלרי להסרת איפור,,0.00,100.00,false,1.00,39.90,0.00,true,0,
7290104964213,false,"קרליין - פילינג פנים לניקוי עמוק 150 מ""ל",@@@ החב הדרומית לשיווק בעמ,IL,CLEAR SKIN דאבל סקראב פילינג לניקוי עמוק,,0.00,100.00,false,1.00,34.90,0.00,true,0,
7290104964220,false,קרליין קליר סקין גל מרענן לניקוי הפנים,@@@ החב הדרומית לשיווק בעמ,IL,CLEAR SKIN ג'ל מרענן לניקוי פנים,,0.00,100.00,false,1.00,39.90,0.00,true,0,
7290104964244,false,"קרליין - ספריי מייק אפ לרגליים לייט 150 מ""ל",אמיליה קוסמטיקס,IL,מייק אפ לרגליים - לייט,,0.00,100.00,false,1.00,74.90,0.00,true,0,
7290104964251,false,"תרחיץ פנים פעולה משולשת מסכה, פילינג וניקוי",@@@ החב הדרומית לשיווק בעמ,IL,CLEAR SKIN תרחיץ פנים עם פעולה משולשת,,0.00,100.00,false,1.00,34.90,0.00,true,0,
7290104964381,false,נ.פורמולה מארז 4 אמפולות קרטין,נטורל פורמולה Natural Formula,IL,אמפולות קרטין טהור,,0.00,0.00,false,1.00,49.90,12.47,true,0,
7290104964565,false,קרליין מסכה מתקלפת לניקוי לכל סוגי העור,פאר פארם בעמ,IL,מסכה מתקלפת ניקוי וטיהור לכל סוגי העור,,0.00,100.00,false,1.00,49.90,0.00,true,0,
7290104964572,false,קרליין מסכה מתקלפת לחות והזנה לכל סוגי ה,פאר פארם בעמ,IL,מסכה מתקלפת לחות והזנה לכל סוגי העור,,0.00,100.00,false,1.00,49.90,0.00,true,0,
7290104964664,false,"סקינגארד - ספריי שקוף בניחוח קוקוס ליים 200 מ""ל SPF30",אמיליה קוסמטיקס בעמ,IL,ספריי שקוף SPF30 בניחוח קוקוס-ליים,,0.00,100.00,false,1.00,39.90,0.00,true,0,
7290104964671,false,"סקינגארד - ספריי שקוף בניחוח אננס ליצ'י 200 מ""ל SPF30",אמיליה קוסמטיקס בעמ,IL,ספריי שקוף 30 SPF בניחוח אננס-ליצ'י,,0.00,100.00,false,1.00,39.90,0.00,true,0,
7290104964725,false,סטיק הגנה שקוף SPF50 לפנים לילדים 13 ג' סקין גארד,החב הדרומית לשיווק,IL,KIDS סטיק הגנה שקוף לפנים SPF50 לילדים,,0.00,100.00,false,1.00,49.90,0.04,true,0,
7290104964763,false,"קרליין - ספלאש קרם לחות ליום 50 מ""ל 20SPF",קרליין Careline,IL,SPLASH קרם לחות ליום SPF 20,,0.00,100.00,false,1.00,79.90,0.01,true,0,
7290104964770,false,"קרליין - ספלאש קרם לילה 50 מ""ל",קרליין Careline,IL,SPLASH קרם לחות ללילה,,0.00,100.00,false,1.00,79.90,0.01,true,0,
7290104964787,false,קרליין ספלאש קרם עיניים 30 מל,אגיס,IL,SPLASH קרם עיניים,,0.00,100.00,false,1.00,79.90,0.02,true,0,
7290104964794,false,"קרליין - ספלאש סרום 30 מ""ל",אגיס,IL,SPLASH סרום,,0.00,100.00,false,1.00,79.90,0.02,true,0,
7290104964800,false,"קרליין - קרם רב תכליתי המפ 50 מ""ל",אגיס,IL,HEMP קרם רב תכליתי,,0.00,100.00,false,1.00,79.90,0.01,true,0,
7290104964862,false,"קרליין - מסכת לחות המפ 120 מ""ל",אגיס,IL,HEMP מסכת לחות והזנה,,0.00,100.00,false,1.00,49.90,0.00,true,0,
7290104964916,false,קרליין - מגבונים להסרת איפור דו פאזי 25 יח',קוסמופארם,IL,מגבוני דו פאזי להסרת איפור,,0.00,0.00,false,1.00,14.90,0.00,true,0,
7290104964947,false,"קרלין - תרחיץ ניקוי פנים ויטמין סי 300 מ""ל","קוסמופארם בע""\מ",IL,תרחיץ ניקוי ויטמין C,,0.00,100.00,false,1.00,34.90,0.00,true,0,
7290104964954,false,קרליין מסכת בד זהב למיצוק וזוהר לעור,קרליין,IL,מסכת בד זהב למיצוק וזוהר לעור,,0.00,100.00,false,1.00,10.00,0.00,true,0,
7290104964961,false,קרליין מסכת בד ויטמין C למראה עור אחיד ו,קרליין,IL,מסכת בד ויטמין C למראה עור אחיד וקורן,,0.00,100.00,false,1.00,10.00,0.00,true,0,
7290104965104,false,"קרליין - פרו רטינול מתקן קרם לילה 50 מ""ל",General,IL,PRO RETINOL קרם לילה מתקן,,0.00,100.00,false,1.00,69.90,0.01,true,0,
7290104965111,false,"קרליין - פרו קולגן ממצק קרם יום 50 מ""ל",General,IL,PRO COLLAGE קרם יום ממצק,,0.00,100.00,false,1.00,69.90,0.01,true,0,
7290104965647,false,קרליין דאו רול און נושם סוויט קיס לנערות,החברה הדרומית לשיווק בעמ,IL,דאודורנט רול און נושם סוויט קיס לנערות,,0.00,100.00,false,1.00,13.90,0.00,true,0,
7290104965654,false,קרליין נושם דאו סטיק סוויט קיס לנערות 50,החברה הדרומית לשיווק בעמ,IL,דאודורנט סטיק נושם לנערות סוויט קיס,,0.00,100.00,false,1.00,19.90,0.00,true,0,
7290104969850,false,"קרליין - פרו קולגן בוסטר 30 מ""ל",אגיס,IL,BOOSTER סרום קולגן,,0.00,100.00,false,1.00,69.90,0.02,true,0,
7290104969867,false,"קרליין - רטינול בוסטר 30 מ""ל",אגיס,IL,BOOSTER סרום רטינול,,0.00,100.00,false,1.00,69.90,0.02,true,0,
7290104969874,false,"קרליין - ויטמין סי בוסטר 30 מ""ל",אגיס,IL,BOOSTER סרום ויטמין c,,0.00,100.00,false,1.00,69.90,0.02,true,0,
7290104969881,false,קרליין בוסטר סרום חומצה היאלורונית 30 מל,אגיס,IL,BOOSTER סרום חומצה היאלורונית,,0.00,100.00,false,1.00,69.90,0.02,true,0,
7290104969898,false,קרליין היילו טק קרם עיניים ושפתיים 10 מל,General,IL,HAYLU TEC קרם עיניים ושפתיים,,0.00,100.00,false,1.00,79.90,0.07,true,0,
7290104969904,false,קרליין היילו טק קרם יום ולילה 50 מל,General,IL,HAYLU TEC קרם יום ולילה,,0.00,100.00,false,1.00,79.90,0.01,true,0,
7290104969911,false,"קרליין - סי פאוור קרם עיניים 30 מ""ל",@@@ החב הדרומית לשיווק בעמ,IL,C POWER קרם עיניים ויטמין C,,0.00,100.00,false,1.00,59.90,0.01,true,0,
7290104969928,false,"קרליין - סי פאוור קרם לילה 50 מ""ל",פאר פארם בעמ,IL,C POWER קרם לילה ויטמין C,,0.00,100.00,false,1.00,59.90,0.01,true,0,
7290104969935,false,"קרליין - סי פאוור קרם יום 50 מ""ל",פאר פארם בעמ,IL,C POWER קרם יום ויטמין C,,0.00,100.00,false,1.00,59.90,0.01,true,0,
7290104969942,false,קרליין היילו טק קפסולות חומצה היאלורונית,General,CN,HAYLU TEC קפסולות חומצה היאלורונית,,0.00,100.00,false,1.00,79.90,0.07,true,0,
7290104969959,false,"קרליין - פאוור סי מסיכה ויטמין סי 120 מ""ל",אגיס,IL,C POWER מסכת יופי ויטמין C,,0.00,100.00,false,1.00,59.90,0.00,true,0,
7290104969966,false,קרליין היילו טק מסכת לחות 100 מל,General,IL,HAYLU TEC מסכת לחות,,0.00,0.00,false,1.00,79.90,0.79,true,0,
7290105360250,false,קפסולות 09 עשיר וארומטי למכונת נספרסו עלית 10יח',הנסיך- מפעל לייצור ט,IL,קפסולות קפה עשיר וארומטי 9,,0.00,0.00,false,1.00,18.90,1.89,true,0,
7290105360328,false,קפסולות אספרסו חזק למכונות נספרסו 10 יח',הנסיך- מפעל לייצור ט,IL,קפסולות קפה חזק ועוצמתי 10,,0.00,0.00,false,1.00,18.90,1.89,true,0,
7290105360335,false,קפסולות אספרסו למכונות נספרסו 50 גר,הנסיך- מפעל לייצור ט,IL,קפסולות קפה עדין וקטיפתי 7,,0.00,0.00,false,1.00,18.90,1.89,true,0,
7290105363602,false,מקלות כיף כף קלאסי עלית (40 גרם),שולן צ'\יקולטה גידה סאן.,,מקלות שוקולד,,0.00,100.00,false,1.00,5.90,0.00,true,0,
7290105430441,false,פלמוליב ס.נוזלי סחלב שחור 750 מל משאבה,הנסיך- מפעל לייצור ט,,תחליב רחצה מועשר בתמציות סחלב שחור ואלוורה,,0.00,100.00,false,1.00,23.90,0.00,true,0,
7290105430458,false,"פלמוליב - תחליב רחצה נטורלס שקדים 750 מ""ל",הנסיך- מפעל לייצור ט,,תחליב רחצה מועשר בתמציות שקדים ואלוורה,,0.00,100.00,false,1.00,23.90,0.00,true,0,
7290105431516,false,מארז חטיף פריי תמרים ובוטנים ללא גלוטן ותוספת סוכר 125 גרם,טבעית מוצרים מן הטבע בעמ,IL,חטיף תמרים ובוטנים,,0.00,100.00,false,1.00,19.90,0.00,true,0,
7290105433961,false,"ליידי ספיד סטיק לסס פרש אסנס ספריי דובדבן, 150 מ""ל",קולגייט-פלמוליב,RU,דאודורנט ספריי פרש אנד אסנס קול פנטזי,,0.00,100.00,false,1.00,14.90,0.00,true,0,
7290105433985,false,ליידי ספיד סטיק פרש אסנס פריחת הדובדבן סטיק 65 גר,ליידי ספיד סטיק Lady Speed Stick,,פרש אנד אסנס דאודורנט סטיק בניחוח פריחת הדובדבן,,0.00,100.00,false,1.00,29.90,0.00,true,0,
7290105434029,false,"ספיד סטיק - דאודורנט ספריי לגבר נוטרו פאואר 150 מ""ל",הנסיך- מפעל לייצור ט,RU,דאודורנט ספריי נוטרו פאואר,,0.00,100.00,false,1.00,14.90,0.00,true,0,
7290105434050,false,ספיד סטיק - דאודורנט סטיק לגבר XL ירוק רגיולר 85 גרם,קולגייט פלמוליב,US,דאודורנט סטיק XL לגבר,,0.00,100.00,false,1.00,31.90,0.00,true,0,
7290105434067,false,ספיד סטיק - דאודורנט סטיק לגבר XL אושן סרף 85 גרם,קולגייט פלמוליב,US,דאודורנט סטיק XL אושן סרף,,0.00,100.00,false,1.00,31.90,0.00,true,0,
7290105436382,false,חטיף פרי תמרים קשיו ללא תוספת סוכר וגלוטן 5 יח,טבעית מוצרים מן הטבע בעמ,IL,חטיף תמרים ואגוזי קשיו,,0.00,100.00,false,1.00,19.90,0.00,true,0,
7290105968777,false,פריכיות 5 דגנים עם תחתית שוקולד מריר 70 גרם,"טחנת האבן תעשיות בע""",,פריכיות 5 דגנים עם תחתית שוקולד מריר,,0.00,100.00,false,1.00,8.90,0.00,true,0,
7290105999054,false,ג'ו - קפסולות קרים אלומיניום תערובת אולטרא,נורוליס,IL,קפסולות אלומיניום תערובת אולטרה חוזק,,0.00,0.00,false,1.00,18.90,1.89,true,0,
7290105999214,false,ג'ו - קפסולות קרים אלומיניום תערובת טריאסטה,נורוליס,IL,קפסולות אלומיניום תערובת טריאסטה,,0.00,0.00,false,1.00,18.90,1.89,true,0,
7290105999221,false,קפסולות קרים אלומיניום תערובת נטול קפאין,נורוליס,IL,קפסולות אלומיניום תערובת נטול קפאין,,0.00,0.00,false,1.00,18.90,1.89,true,0,
7290105999238,false,ג'ו - קפסולות קרים אלומיניום תערובת אקסטרה,נורוליס,IL,קפסולות אלומיניום תערובת אקסטרה חוזק,,0.00,0.00,false,1.00,18.90,1.89,true,0,
7290105999245,false,ג'ו - קפסולות קרים אלומיניום תערובת קובה,נורוליס,IL,קפסולות אלומיניום תערובת קובה,,0.00,0.00,false,1.00,18.90,1.89,true,0,
7290105999252,false,ג'ו - קפסולות קרים אלומיניום תערובת קולומביה,נורוליס,IL,קפסולות אלומיניום תערובת קולומביה,,0.00,0.00,false,1.00,18.90,1.89,true,0,
7290105999269,false,ג'ו - קפסולות קרים אלומיניום תערובת קוסטה ריקה,נורוליס,IL,קפסולות אלומיניום תערובת קוסטה ריקה,,0.00,0.00,false,1.00,18.90,1.89,true,0,
7290105999306,false,קפסולות קרים אלומיניום תערובת גו קלאסי,נורוליס,IL,קפסולות אלומיניום תערובת ג'ו קלאסי,,0.00,0.00,false,1.00,18.90,1.89,true,0,
7290106290785,false,גייד חלב פנים ומי פנים בתכשיר אחד 200 מל,דניה,,חלב פנים ומי פנים בתכשיר אחד,,0.00,100.00,false,1.00,45.00,0.00,true,0,
7290106293151,false,גייד גולד פרימיום קרם יום 50 מל,דניה,,GOLD PREMIUM קרם יום,,0.00,100.00,false,1.00,219.00,0.04,true,0,
7290106293212,false,גייד מסיר איפור לעיניים 125 מל,דניה,,מסיר איפור לעיניים,,0.00,100.00,false,1.00,59.00,0.00,true,0,
7290106294493,false,גייד מי פנים לניקוי ורענון העור 200 מל,דניה,IL,GENTLE TONING מי פנים לניקוי ורענון העור,,0.00,100.00,false,1.00,45.00,0.00,true,0,
7290106294509,false,גייד מי פנים לניקוי וטיהור העור 200 מל,דניה,IL,PURIFYING TONING מי פנים לניקוי וטיהור העור,,0.00,100.00,false,1.00,45.00,0.00,true,0,
7290106295742,false,גייד תרחיץ גרגרים עדין 200 מל,דניה,IL,GENTLE SCRUB תרחיץ גרגירים עדין,,0.00,100.00,false,1.00,59.00,0.00,true,0,
7290106295759,false,גייד גל לטיפול נקודתי חדש 15 מל,דניה,IL,ג'ל לטיפול נקודתי,,0.00,100.00,false,1.00,49.00,0.03,true,0,
7290106296909,false,גייד קצף ניקוי מרגיע 150 מל,דניה,IL,SOOTHING קצף ניקוי מרגיע,,0.00,100.00,false,1.00,49.00,0.00,true,0,
7290106297272,false,גייד גולד פרימיום קרם לילה 50 מל,דניה,CH,GOLD PREMIUM קרם לילה,,0.00,100.00,false,1.00,219.00,0.04,true,0,
7290106297289,false,גייד גולד פרימיום קרם עיניים 15 מל,דניה,CH,GOLD PREMIUM קרם עיניים,,0.00,100.00,false,1.00,169.00,0.11,true,0,
7290106297647,false,גייד שמן הידרה סובלים שמן טיפולי 30 מל,דניה,IL,HYDRA SUBLIME שמן טיפולי ללילה תמצית רימונים,,0.00,100.00,false,1.00,119.00,0.03,true,0,
7290106299542,false,גייד מגבונים להסרת איפור לעיניים ולפנים,דניה,IL,מגבונים להסרת איפור לעיניים ולפנים,,0.00,0.00,false,1.00,35.00,0.00,true,0,
7290106520066,false,"רבע לשבע שוקולד חלב במילוי אגוזים עלית 160 גרם בד""צ","הגביע מוצרי וופלים בע""\מ",,רבע לשבע גלילי ופל בציפוי שוקולד חלב מעולה במילויי קרם אגוזים,,0.00,100.00,false,1.00,13.90,0.00,true,0,
7290106525368,false,גלילי וופל רבע לשבע אין סייד אוט 125 גר,"הגביע מוצרי וופלים בע""\מ",IL,רבע לשבע INSIDE OUT,,0.00,100.00,false,1.00,13.00,0.00,true,0,
7290106525399,false,קפסולות 06 ברזיל למכונות נספרסו עלית 10יח',הנסיך- מפעל לייצור ט,IL,קפסולות קפה 100% ברזיל 6,,0.00,0.00,false,1.00,18.90,1.89,true,0,
7290106571921,false,פיטנס עוגיות עם חמוציות נסטלה (180 גרם),קבוצת אוסם סחר שותפות מוגבלת,,פיטנס עוגיות עם חמוציות,,0.00,100.00,false,1.00,11.90,0.00,true,0,
7290106658479,false,עלית וופל בטעם טורטית אגוזים 360גר,"שטראוס גרופ בע""\מ",IL,חטיף ופל מצופה עם קרם שקדים,,0.00,100.00,false,1.00,4.90,0.00,true,0,
7290106663183,false,צ'יטוס חטיף טעם גבינה 65ג,שטראוס פריטו ליי בעמ,IL,חטיף תירס בטעם גבינה,,0.00,100.00,false,1.00,3.90,0.00,true,0,
7290106669857,false,קפסולות אספרסו בטעם וניל עלית 10 יחידות,הנסיך- מפעל לייצור ט,IL,קפסולות קפה בטעם וניל V,,0.00,0.00,false,1.00,18.90,1.89,true,0,
7290106727984,false,"כיף כף פצפצים בגביע 135 גרם ""עלית""",שולן צ'\יקולטה גידה סאן.,TR,פצפצים חטיף ביסקוויט במילוי קרם בטעם שוקולד,,0.00,100.00,false,1.00,11.90,0.00,true,0,
7290106820227,false,BYNETA שמן שיזוף קטיפתי SPF15,לילית,IT,MYKONOS DREAMS שמן שיזוף קטיפתי SPF15,,0.00,100.00,false,1.00,99.00,0.01,true,0,
7290106820302,false,BYNETA מוס לשיזוף עצמי- גוון אקסטרה דארק,לילית,IT,מוס לשיזוף עצמי - EXTRA DARK,,0.00,100.00,false,1.00,129.00,0.00,true,0,
7290106820319,false,BYNETA מוס לשיזוף עצמי- גוון דארק,לילית,IT,מוס לשיזוף עצמי - DARK,,0.00,100.00,false,1.00,129.00,0.00,true,0,
7290106820326,false,BYNETA ספריי לשיזוף עצמי לפנים ולגוף 125,לילית,IT,SELF TANNING ספריי לשיזוף עצמי,,0.00,100.00,false,1.00,149.00,0.01,true,0,
7290106820333,false,BYNETA כפפה למריחת מוצרי שיזוף עצמי,לילית,IT,כפפה למריחת מוצרי שיזוף עצמי,,0.00,0.00,false,1.00,35.00,0.00,true,0,
7290106950658,false,לייף קנקן 2 ליטר עם סופר ידני כולל פילטר,קנדי חשמל ונכסים,,קנקן עם סופר ידני כולל פילטר מתקדם,,0.00,0.00,false,1.00,73.90,0.00,true,0,
7290106950689,false,לייף פילטר מתקדם שלישיה,קנדי חשמל ונכסים,,פילטר מתקדם אקווה אופטימה,,0.00,0.00,false,1.00,79.90,0.00,true,0,
7290106951068,false,לייף מקלוני אוזניים קופסא 400 יח,ח.א.ייבוא ושיווק,,מקלוני צמר גפן מקלוני פלסטיק,,0.00,0.00,false,1.00,9.90,0.02,true,0,
7290106951938,false,לייף רול און רגיל 50 מל,אמיליה קוסמטיקס,,דוחה יתושים למריחה על הגוף,,0.00,100.00,false,1.00,17.90,0.00,true,0,
7290106951945,false,לייף רול און ילדים 50 מל,אמיליה קוסמטיקס,,דוחה יתושים לתינוקות וילדים למריחה על הגוף,,0.00,100.00,false,1.00,17.90,0.00,true,0,
7290106951969,false,לייף תרסיס מתז 70 מל,אמיליה קוסמטיקס,,תרסיס דוחה יתושים בניחוח לבנדר,,0.00,100.00,false,1.00,17.90,0.00,true,0,
7290106952140,false,לייף מקלוני עץ שקית 100 יח ח.א יבוא ושיו,ח.א.ייבוא ושיווק,,מקלוני צמר גפן מקלוני עץ,,0.00,0.00,false,1.00,2.90,0.02,true,0,
7290106952638,false,לייף קיסמים קופסה 500 יח,ח.א.ייבוא ושיווק,,מקלוני צמר גפן מתפרק ל 4 קופסאות נפרדות,,0.00,0.00,false,1.00,13.90,0.02,true,0,
7290106954434,false,לייף מקלוני עץ שקית 300 יח ח.א יבוא ושיו,ח.א.ייבוא ושיווק,,מקלוני צמר גפן מקלוני עץ,,0.00,0.00,false,1.00,8.90,0.02,true,0,
7290106955431,false,סאנדיי כפפות S-M,EGM השקעות בעמ,,כפפות גומי רב פעמיות לניקיון S-M,,0.00,0.00,false,1.00,7.90,3.95,true,0,
7290106955615,false,לייף קיסמי מברשת דו צדדיים 100 יח,אידיאל,,DENTAL קסמי מברשת דו צדדיים,,0.00,0.00,false,1.00,19.90,0.19,true,0,
7290106955950,false,סאנדיי כפפות L-XL,EGM השקעות בעמ,,כפפות גומי רב פעמיות לניקיון L-XL,,0.00,0.00,false,1.00,7.90,3.95,true,0,
7290106956445,false,לייף צמרונים לתיקון איפור-70 יחידות,ח.א.ייבוא ושיווק,CN,צמרונים לתיקון ולהסרת איפור,,0.00,0.00,false,1.00,7.90,0.00,true,0,
7290106956568,false,לייף שעוונית עבה למיטת ילדים 2014,איתן,,שעוונית עבה למיטת ילדים,,0.00,0.00,false,1.00,28.90,28.90,true,0,
7290106956575,false,לייף סדין ניילון למיטת תינוק 2014,איתן,,סדין ניילון למיטת תינוק,,0.00,0.00,false,1.00,21.90,21.90,true,0,
7290106956582,false,לייף סדין ניילון למיטת ילדים 2014,איתן,,סדין ניילון למיטת ילדים,,0.00,0.00,false,1.00,23.90,23.90,true,0,
7290106959286,false,לייף מברשת פרו אינטרדנטל שלישיה,טריזה,CH,DENTAL מברשת שיניים פרו אינטרדנטלי סופט-מדיום,,0.00,0.00,false,1.00,25.90,8.63,true,0,
7290106959293,false,לייף מברשת שיניים קומפורט ווייט זוג,טריזה,CH,DENTAL מברשת שיניים קומפורט וויט סופט-מדיום,,0.00,0.00,false,1.00,19.90,9.95,true,0,
7290106960404,false,לייף סכיני גילוח חד פעמי,פרסונה,IL,סכיני גילוח חד פעמיים 2 להבים מועשרים בפסי אלוורה ושמן עץ התה- לקו ביקיני,,0.00,0.00,false,1.00,19.90,3.98,true,0,
7290106960930,false,לייף מקלוני אזניים שקית 100 יח ח.א יבוא,General,CN,מקלוני צמר גפן מקלוני פלסטיק,,0.00,0.00,false,1.00,2.90,0.02,true,0,
7290106961562,false,לייף חיתולי שחיה M בייביס 12 יח,ONTEX,,חיתולי שחייה מידה M,,0.00,0.00,false,1.00,26.90,2.24,true,0,
7290106961579,false,לייף חיתולי שחיה L בייביס 11 יח,ONTEX,,חיתולי שחייה מידה L,,0.00,0.00,false,1.00,26.90,2.44,true,0,
7290106962613,false,לייף קרם גוף עשיר לעור יבש במיוחד 350 מל,שיק תעשיות תמרוקים,,קרם גוף עשיר לעור יבש,,0.00,100.00,false,1.00,24.90,0.00,true,0,
7290106962804,false,לייף בייביז שמן אמבט טיפולי 500 מל,3OL,IL,שמן אמבטיה טיפולי לתינוק,,0.00,100.00,false,1.00,64.90,0.00,true,0,
7290106964389,false,לייף מים מינרלים 0.33 דיסני ילדים שישיה,אדיר,,מים מינרלים טבעיים לילדים בדמויות דיסני 0.330 ליטר,,0.00,1.00,false,1.00,12.90,6.51,true,0,
7290106964525,false,לייף סכיני גילוח חד פעמיים 12 יח נשים,פרסונה,IL,סכיני גילוח חד פעמיים 2 להבים עם פס לחות וויטמין E ולהבים בציפוי קרמי,,0.00,0.00,false,1.00,22.90,1.90,true,0,
7290106964532,false,לייף סכיני גילוח חד פעמיים 12 יח גברים,פרסונה,IL,סכיני גילוח חד פעמיים 2 להבים עם פס לחות וויטמין E ולהבים בציפוי קרמי,,0.00,0.00,false,1.00,22.90,1.90,true,0,
7290106964549,false,לייף וולנס סוכרלוז ממתיק בטעם סוכר 100 ש,לייף,IL,סוכרלוז ממתיק,,0.00,0.00,false,1.00,24.90,0.24,true,0,
7290106965935,false,לייף סטרונג-הייר מרכך 250 מל,לייף,IL,מרכך שיער סטרונג-הייר ללא SLS/SLES,,0.00,100.00,false,1.00,29.90,0.00,true,0,
7290106965942,false,לייף סטרונג-הייר מסכה 250 מל,לייף,IL,מסיכת שיער מקצועית,,0.00,100.00,false,1.00,39.90,0.00,true,0,
7290106965959,false,לייף סטרונג-הייר אקטיב אמפולות,לייף,IL,אמפולות סטרונג-הייר אקטיב לטיפול בשיער דליל,,0.00,0.00,false,1.00,119.90,14.98,true,0,
7290106965966,false,לייף זבנג שמפו להיגיינת הראש 400 מל,לייף,IL,Z שמפו זבנג,,0.00,100.00,false,1.00,29.90,0.00,true,0,
7290106967656,false,סאנדיי OXY ספריי מסיר כתמים 750 מל,לייף,IL,OXY ספריי מסיר כתמים,,0.00,100.00,false,1.00,12.90,0.00,true,0,
7290106969117,false,לייף שישיית מים מינרלים 500 מל מור.אלפים,General,IT,מים מינרליים טבעיים,,0.00,1.00,false,1.00,12.90,4.30,true,0,
7290106969780,false,סאנדיי נוזל לניקוי רצפה עם ווקס אביב 2 ל,סאסא-טק,IL,נוזל רצפות בתוספת ווקס בניחוח פרחי אביב,,0.00,1.00,false,1.00,16.90,8.45,true,0,
<<<<<<< HEAD
7290107280549,false,"סנו - K400 קוטל זבובים ויתושים 300 מ""ל","סנו מפעלי ברונוס בע""מ",IL,K 400 זבובים ויתושים,,0.00,100.00,false,1.00,12.90,0.00,true,0,
7290107280570,false,סנו - מקסימה ג'ל כביסה מרוכז לכביסה צבעונית 3 ליטר,מיוצר עי קונדיטוריית,IL,ג'ל כביסה מרוכז מיקס אנד ווש לכביסה צבעונית,,0.00,1.00,false,1.00,32.90,10.96,true,0,
7290107280662,false,"סנו מקסימה בייבי אבקת לכביסה 1.25 ק""ג",סנו מקסימה,IL,בייבי אבקת כביסה מרוכזת לבגדי תינוקות ולבעלי עור רגיש,,0.00,1.00,false,1.00,14.90,11.92,true,0,
7290107280723,false,נוזל לניקוי כלים סנו ספארק Spark בניחוח לימון רענן,סנו כימיקלים,IL,נוזל כלים בניחוח לימון,,0.00,100.00,false,1.00,9.90,0.00,true,0,
7290107280761,false,נוזל לניקוי כלים בניחוח לימון רענן סנו ספארק Spark,מיוצר עי קונדיטוריית,IL,נוזל לניקוי כלים בניחוח לימון מרענן,,0.00,1.00,false,1.00,12.90,12.90,true,0,
=======
7290107280549,false,"סנו - K400 קוטל זבובים ויתושים 300 מ""ל",החברה הדרומית לשיווק בעמ,IL,K 400 זבובים ויתושים,,0.00,100.00,false,1.00,12.90,0.00,true,0,
7290107280570,false,סנו - מקסימה ג'ל כביסה מרוכז לכביסה צבעונית 3 ליטר,החברה הדרומית לשיווק בעמ,IL,ג'ל כביסה מרוכז מיקס אנד ווש לכביסה צבעונית,,0.00,1.00,false,1.00,32.90,10.96,true,0,
7290107280662,false,"סנו מקסימה בייבי אבקת לכביסה 1.25 ק""ג",סנו מקסימה,IL,בייבי אבקת כביסה מרוכזת לבגדי תינוקות ולבעלי עור רגיש,,0.00,1.00,false,1.00,14.90,11.92,true,0,
7290107280723,false,נוזל לניקוי כלים סנו ספארק Spark בניחוח לימון רענן,החברה הדרומית לשיווק בעמ,IL,נוזל כלים בניחוח לימון,,0.00,100.00,false,1.00,9.90,0.00,true,0,
7290107280761,false,נוזל לניקוי כלים בניחוח לימון רענן סנו ספארק Spark,החברה הדרומית לשיווק בעמ,IL,נוזל לניקוי כלים בניחוח לימון מרענן,,0.00,1.00,false,1.00,12.90,12.90,true,0,
>>>>>>> d048ac2f4f281c9d788043ab4e81b61b0dbe3743
7290107544481,false,אורנה 19קרם להסרת שיער קלאסי 80 מל,אלפא קוסמטיקה,IL,קרם להסרת שיער אורגינל,,0.00,100.00,false,1.00,24.90,0.00,true,0,
7290107544498,false,קרם להסרת שיער לקו ביקיני אורנה 19 80 ג',אלפא קוסמטיקה,IL,קרם להסרת שיער לקו הביקיני,,0.00,100.00,false,1.00,24.90,0.00,true,0,
7290107544504,false,קרם להסרת שיער לעור רגיש אורנה 19 80 ג',אלפא קוסמטיקה,IL,קרם להסרת שיער לעור רגיש,,0.00,100.00,false,1.00,24.90,0.00,true,0,
7290107544528,false,אורנה 19 דפילטור לפנים 2021,אלפא,IL,קרם להסרת שיער מהפנים,,0.00,100.00,false,1.00,24.90,0.01,true,0,
7290107545365,false,אורנה 19 קרם גוף ונילה אנד סולט,אלפא קוסמטיקה,IL,קרם גוף ונילה אנד סולט,,0.00,100.00,false,1.00,24.90,0.00,true,0,
<<<<<<< HEAD
7290107646154,false,"חטיף קוקומן פצפוצים תלמה 126 גרם מארז 6 יחידות בד""צ",יוניליוור ישראל מזון בעמ,IL,חטיף דגנים קוקומן,,0.00,0.00,false,1.00,15.90,2.65,true,0,
7290107646376,false,סיף מטליות לחות לניקוי כללי בניחוח לימון,עלבד משואות יצחק בעמ,IL,מטליות לניקוי כללי בניחוח לימון,,0.00,0.00,false,1.00,10.90,0.00,true,0,
7290107646826,false,"חטיף שוגי שוקו תלמה 156 גרם מארז 6 יחידות בד""צ",יוניליוור ישראל מזון בעמ,IL,חטיף דגנים שוגי בטעם שוקולד,,0.00,0.00,false,1.00,15.90,2.65,true,0,
7290107646833,false,תלמה שוגי חטיף דגנים פצפוצי שוקולד שישי,יוניליוור ישראל מזון בעמ,IL,חטיף דגנים שוגי עם שוקולד לבן ושוקולד חלב,,0.00,0.00,false,1.00,15.90,2.65,true,0,
7290107646918,false,רוטב עגבניות ופלפלים לשקשוקה 415 ג' קנור,קונסורזיו קאסאלאסקו דל פ,IL,רוטב עגבניות ופלפלים לשקשוקה,,0.00,100.00,false,1.00,12.90,0.00,true,0,
7290107647366,false,דומסטוס סבון אסלה 5 הפועלות בניחות ליים 3 יח' * 55 ג',יוניליוור ניקיון,PL,סבון אסלה 5 הפעולות שלישייה בניחוח ליים,,0.00,0.00,false,1.00,19.90,6.63,true,0,
=======
7290107646154,false,"חטיף קוקומן פצפוצים תלמה 126 גרם מארז 6 יחידות בד""צ",יוניליוור ישראל שיווק בע`מ,IL,חטיף דגנים קוקומן,,0.00,0.00,false,1.00,15.90,2.65,true,0,
7290107646376,false,סיף מטליות לחות לניקוי כללי בניחוח לימון,"יוניליוור ישראלשיווק בע""מ",IL,מטליות לניקוי כללי בניחוח לימון,,0.00,0.00,false,1.00,10.90,0.00,true,0,
7290107646826,false,"חטיף שוגי שוקו תלמה 156 גרם מארז 6 יחידות בד""צ",יוניליוור ישראל שיווק בע`מ,IL,חטיף דגנים שוגי בטעם שוקולד,,0.00,0.00,false,1.00,15.90,2.65,true,0,
7290107646833,false,תלמה שוגי חטיף דגנים פצפוצי שוקולד שישי,יוניליוור ישראל שיווק בע`מ,IL,חטיף דגנים שוגי עם שוקולד לבן ושוקולד חלב,,0.00,0.00,false,1.00,15.90,2.65,true,0,
7290107646918,false,רוטב עגבניות ופלפלים לשקשוקה 415 ג' קנור,יוניליוור ישראל שיווק בע`מ,IL,רוטב עגבניות ופלפלים לשקשוקה,,0.00,100.00,false,1.00,12.90,0.00,true,0,
7290107647366,false,דומסטוס סבון אסלה 5 הפועלות בניחות ליים 3 יח' * 55 ג',יוניליוור ישראל שיווק בע`מ,PL,סבון אסלה 5 הפעולות שלישייה בניחוח ליים,,0.00,0.00,false,1.00,19.90,6.63,true,0,
>>>>>>> d048ac2f4f281c9d788043ab4e81b61b0dbe3743
7290107931397,false,כיף כף פצפוצים במילוי שוקולד 40 גרם,שולן צ'\יקולטה גידה סאן.,IL,פצפצים,,0.00,100.00,false,1.00,5.90,0.00,true,0,
7290107937627,false,מסטיק מאסט Must קוביות ללא סוכר בטעם מנטה עדינה,שטראוס גרופ בע`מ,IL,קוביות גומי לעיסה ללא סוכר בטעם ספירמינט,,0.00,100.00,false,1.00,11.90,0.00,true,0,
7290107937634,false,צנצנית מסטיק מאסט קוביות פפירמינט 58 ג' עלית,שטראוס גרופ בע`מ,IL,קוביות גומי לעיסה ללא סוכר בטעם פפרמינט,,0.00,100.00,false,1.00,11.90,0.00,true,0,
7290107937641,false,צנצנת קוביות בזוקה גומי לעיסה 58גר,שטראוס גרופ בע`מ,IL,קוביות גומי לעיסה ללא סוכר בטעם בזוקה,,0.00,100.00,false,1.00,11.90,0.00,true,0,
7290107937856,false,קפסולות 11חזק למכונות נספרסו עלית 10יח',הנסיך- מפעל לייצור ט,IL,קפסולות קפה 100% גואטמלה 11,,0.00,0.00,false,1.00,18.90,1.89,true,0,
7290107951104,false,בפלות ופלים ארוכים בטעם שוקולד,"שטראוס גרופ בע""\מ",IL,בפלות - ופלים ארוכים בטעם שוקולד,,0.00,100.00,false,1.00,4.90,0.00,true,0,
7290107956895,false,קפסולות טעם קרמל למכונות נספרסו 50גר,שטראוס קפה בי.וי.,IL,קפסולות קפה בטעם קרמל C,,0.00,0.00,false,1.00,18.90,1.89,true,0,
7290107956901,false,קפסולות בטעם אגוזים למכונת נספרסו עלית 10 יחידות,שטראוס קפה בי.וי.,IL,קפסולות קפה בטעם אגוזי לוז N,,0.00,0.00,false,1.00,18.90,1.89,true,0,
7290107956925,false,קפסולות 13 אוגנדה למכונת נספרסו עלית 10יח',שטראוס קפה בי.וי.,IL,קפסולות קפה עשיר 100% אוגנדה 13,,0.00,0.00,false,1.00,18.90,1.89,true,0,
7290107956932,false,קפסולות אספרסו אידונזיה למכונות 50 גר,שטראוס קפה בי.וי.,IL,קפסולות קפה 100% אינדונזיה 12,,0.00,0.00,false,1.00,18.90,1.89,true,0,
7290107970129,false,"ליידי ספיד סטיק - דאודורנט רול און לאישה פרש אסנס סחלב שחור 50 מ""ל",הנסיך- מפעל לייצור ט,IT,דאודורנט רול און פרש אנד אסנס בניחוח סחלב,,0.00,100.00,false,1.00,14.90,0.00,true,0,
7290107971522,false,חטיף בוטנים ושקדים עם שוקולד מריר ופיסטוק,אמקו סאם מילס ספול.,CZ,חטיף בוטנים ושקדים עם שוקולד מריר מעולה ופיסטוק ללא גלוטן,,0.00,100.00,false,1.00,19.90,0.00,true,0,
7290107971539,false,פרי חטיף בוטנים וקשיו עם שוקולד מריר 125 גרם,אמקו סאם מילס ספול.,CZ,חטיף בוטנים וקשיו עם שוקולד מריר מעולה ללא גלוטן,,0.00,100.00,false,1.00,19.90,0.00,true,0,
7290107971751,false,מי פה קולגייט טוטל ללא אלכוהול פפרמינט,יבואן ומשווק: ש. שסט,PL,מי פה טוטאל כחול מנטה 12 שעות הגנה ללא אלכוהול,,0.00,100.00,false,1.00,34.90,0.00,true,0,
7290107973014,false,"סבון ידיים משאבה פלמוליב חלב ודבש 300 מ""ל",הנסיך- מפעל לייצור ט,TR,סבון ידיים מועשר בתמציות חלב ודבש,,0.00,100.00,false,1.00,11.90,0.00,true,0,
7290107973038,false,"סבון ידיים משאבה פלמוליב אקווריום 300 מ""ל",הנסיך- מפעל לייצור ט,TR,סבון ידיים אקווריום להזנת העור,,0.00,100.00,false,1.00,11.90,0.00,true,0,
7290107973311,false,קולגייט מברשת שיניים 360 פחם זהב זוג,הנסיך- מפעל לייצור ט,CN,מברשת שיניים סיבי פחם וזהב 360 אופטיק ווייט לניקוי כל חלל הפה,,0.00,0.00,false,1.00,39.90,0.00,true,0,
7290107974301,false,ליידי ספיד סטיק - דאודורנט ג'ל לאישה אלוורה 45 גרם,ליידי ספיד סטיק Lady Speed Stick,US,דאודורנט ג'ל הגנת אלוורה,,0.00,100.00,false,1.00,14.90,0.00,true,0,
7290107974646,false,מרידול נשימה רעננה שטיפת פה 400 מל,הנסיך- מפעל לייצור ט,PL,מי פה לנשימה רעננה יעילות מוכחת קלינית,,0.00,100.00,false,1.00,34.90,0.00,true,0,
7290107975278,false,דאודורנט סטיק עם הגנת אלוורה Aloe Protection,ליידי ספיד סטיק Lady Speed Stick,US,דאודורנט סטיק עם אלוורה,,0.00,100.00,false,1.00,25.90,0.00,true,0,
7290107975285,false,דאו לנערות תות מתוק ליידי ספיד סטיק 65 ג,ליידי ספיד סטיק Lady Speed Stick,US,דאודורנט סטיק נערות תות מתוק,,0.00,100.00,false,1.00,29.90,0.00,true,0,
7290107975292,false,ליידי ספיד סטיק - דאודורנט סטיק נערות ורוד 65 גרם,ליידי ספיד סטיק Lady Speed Stick,US,דאודורנט סטיק נערות קראש ורוד,,0.00,100.00,false,1.00,29.90,0.00,true,0,
7290107975346,false,ספיד סטיק - דאודורנט ג'ל לגבר כוח הטבע 85 גרם,קולגייט-פלמוליב,US,דאודורנט ג'ל כח הטבע,,0.00,100.00,false,1.00,31.90,0.00,true,0,
7290107975360,false,ליידי ספיד סטיק פיור פרשנס ג'ל נשים 65ג',ליידי ספיד סטיק Lady Speed Stick,US,דאודורנט ג'ל פיור פרשנס 24/7,,0.00,100.00,false,1.00,14.90,0.00,true,0,
7290107975544,false,"קולגייט משחת שיניים סמיילס ברבי לגילאי 6 50מ""ל",קולגייט- פלמוליב,PL,משחת שיניים ילדים ברבי לגילאי 6+ לשיניים חזקות בטעם פירות,,0.00,100.00,false,1.00,15.90,0.00,true,0,
<<<<<<< HEAD
7290107976589,false,"שטיפת פה קולגייט אופטיק וייט 250 מ""ל",שסטוביץ,PL,מי פה אופטיק ווייט ללא אלכוהול למראה חיוך זוהר,,0.00,100.00,false,1.00,19.90,0.00,true,0,
=======
7290107976589,false,"שטיפת פה קולגייט אופטיק וייט 250 מ""ל",ש.שסטוביץ בעמ,PL,מי פה אופטיק ווייט ללא אלכוהול למראה חיוך זוהר,,0.00,100.00,false,1.00,19.90,0.00,true,0,
>>>>>>> d048ac2f4f281c9d788043ab4e81b61b0dbe3743
7290107976848,false,פלמוליב סבון מוצק קמומיל רביעייה 360 ג,קולגייט-פלמוליב,TR,סבון מוצק מועשר בתמציות קמומיל וויטמין E,,0.00,100.00,false,1.00,19.90,0.00,true,0,
7290107977456,false,"פלמוליב - ג'ל רחצה ושמפו ספורט לגבר 750 מ""ל",קולגייט פלמוליב,TR,ג'ל רחצה ושמפו ספורט לגבר 2ב1 עם משאבה,,0.00,100.00,false,1.00,23.90,0.00,true,0,
7290107977753,false,"משחת שיניים פרודונט אקספרס 75 מ""ל ""מרידול""",קולגייט פלמוליב,PL,משחת שיניים לחניכיים רגישות פרודונט אקספרט יעילות מוכחת קלינית,,0.00,100.00,false,1.00,25.90,0.00,true,0,
7290107978637,false,"מרידול משחת שיניים 75 מ""ל כשל""פ-מרכז",קולגייט פלמוליב,PL,משחת שיניים מסייעת בטיפול ומניעה של בעיות חניכיים,,0.00,100.00,false,1.00,21.90,0.00,true,0,
7290108073645,false,אקדח בועות סבון -מיניונים,שמחה זה אנחנו,CN,אקדח בועות סבון-מיניונים,,0.00,0.00,false,1.00,24.90,0.00,true,0,
<<<<<<< HEAD
7290108201284,false,איירוויק מקלות ריחניים בניחוח לבנדר מתוק,איירוויק Air Wick,HU,LIFE SCENTS מקלות ריחניים בניחוח לבנדר מתוק,,0.00,0.00,false,1.00,19.90,0.00,true,0,
7290108201802,false,"ספריי דטול לחיטוי בניחוח כביסה 400 מ""ל",רקיט בנקיזר,US,ספריי חיטוי בניחוח כביסה,,0.00,100.00,false,1.00,26.90,0.00,true,0,
7290108350210,false,סנו סושי 30 שקיות אשפה XL חזקות במיוחד,מיוצר עי קונדיטוריית,IL,"סושי EXTRA שקיות אשפה חזקות במיוחד 65*75 ס""מ",,0.00,0.00,false,1.00,25.90,0.86,true,0,
7290108350616,false,סנו - מקסימה מרכך כביסה מרוכז פריחה כחולה 1 ליטר,"סנו מפעלי ברונוס בע""\מ",IL,Inspirations blue blossom מרכך כביסה בבישום עוצמתי,,0.00,1.00,false,1.00,17.90,17.90,true,0,
7290108350623,false,מרכך כביסה סופר מרוכז סופט סילק מקסימה 1 ל' סנו,"סנו מפעלי ברונוס בע""\מ",IL,INSPIRATIONS SOFT SILK מרכך בבישום עוצמתי ורוד,,0.00,1.00,false,1.00,17.90,17.90,true,0,
=======
7290108201284,false,איירוויק מקלות ריחניים בניחוח לבנדר מתוק,רקיט בנקיזר (ניר איסט) בעמ,HU,LIFE SCENTS מקלות ריחניים בניחוח לבנדר מתוק,,0.00,0.00,false,1.00,19.90,0.00,true,0,
7290108201802,false,"ספריי דטול לחיטוי בניחוח כביסה 400 מ""ל",רקיט בנקיזר (ניר איסט) בעמ,US,ספריי חיטוי בניחוח כביסה,,0.00,100.00,false,1.00,26.90,0.00,true,0,
7290108350210,false,סנו סושי 30 שקיות אשפה XL חזקות במיוחד,החברה הדרומית לשיווק בעמ,IL,"סושי EXTRA שקיות אשפה חזקות במיוחד 65*75 ס""מ",,0.00,0.00,false,1.00,25.90,0.86,true,0,
7290108350616,false,סנו - מקסימה מרכך כביסה מרוכז פריחה כחולה 1 ליטר,החברה הדרומית לשיווק בעמ,IL,Inspirations blue blossom מרכך כביסה בבישום עוצמתי,,0.00,1.00,false,1.00,17.90,17.90,true,0,
7290108350623,false,מרכך כביסה סופר מרוכז סופט סילק מקסימה 1 ל' סנו,החברה הדרומית לשיווק בעמ,IL,INSPIRATIONS SOFT SILK מרכך בבישום עוצמתי ורוד,,0.00,1.00,false,1.00,17.90,17.90,true,0,
>>>>>>> d048ac2f4f281c9d788043ab4e81b61b0dbe3743
7290108350722,false,אורביטול גוניור משחת שיניים בוב ספוג 70ג,טרופיקל דגיל תעשיות קוסמ,IL,משחת שיניים לילדים עם פלואוריד למניעת עששת בוב ספוג בטעם ענבים מרענן גילאי +6,,0.00,100.00,false,1.00,11.90,0.00,true,0,
7290108350746,false,אורביטול מברשת שיניים פיות חשמלית,החברה הדרומית,CN,מברשת שיניים לילדים עם סוללות - פיות,,0.00,0.00,false,1.00,39.90,0.00,true,0,
7290108351538,false,סנופרש הום מבשם לבית בניחוח מרכך כביסה ב,סנו מפעלי ברונוס בעמn,IL,פרש הום מבשם לבית בניחוח מרכך כביסה בלו בלוסום,,0.00,100.00,false,1.00,12.90,0.00,true,0,
7290108351552,false,"סנו - ג'ט לניקוי כללי בתוספת חומץ בניחוח לבנדר 750 מ""ל",החברה הדרומית לשיווק בעמ,IL,JET+ לניקוי כללי בתוספת חומץ לניקוי והברקה בקלות בניחוח לבנדר,,0.00,100.00,false,1.00,12.90,0.00,true,0,
7290108351569,false,מבשם ומרכך למייבש כביסה Baby לתינוקות ולעור רגיש,החברה הדרומית לשיווק בעמ,IL,BABY מבשם ומרכך למייבש כביסה,,0.00,100.00,false,1.00,18.90,0.00,true,0,
7290108351613,false,סנו ריצפז פרש הום 2 ליטר בניחוח מלון חלומי,החברה הדרומית לשיווק בעמ,IL,פרש הום מלון חלומי,,0.00,1.00,false,1.00,21.90,10.95,true,0,
7290108351620,false,סנו פרש NO.2 לוכד ריחות רעים,"סנו מפעלי ברונוס בע""\מ",IL,פרש NO.2 לוכד ריחות רעים להתזה באסלה לפני... ניחוח לימון,,0.00,100.00,false,1.00,14.90,0.00,true,0,
<<<<<<< HEAD
7290108351699,false,סנו - ג'ט מטליות לחות לניקוי כללי בתוספת חומץ לבנדר שלישיה,סנו מפעלי ברונוס על,IL,JET+ מטליות לחות לניקוי כללי בתוספת חומץ להברקה בקלות,,0.00,0.00,false,1.00,19.90,0.13,true,0,
7290108351767,false,סנו פרש מכשיר אוטומטי + מילוי בלו אייר,"יצרן מכשיר: זובלה, ש",IL,סנו פרש מכשיר אוטומטי + מילוי בלו אייר,,0.00,0.00,false,1.00,44.90,44.90,true,0,
7290108351804,false,מרכך כביסה סופר מרוכז Gentl Breeze סנו מקסימה 1 ליטר,מיוצר עי קונדיטוריית,,מרכך כביסה ג'נטל בריז,,0.00,1.00,false,1.00,17.90,17.90,true,0,
7290108351811,false,מרכך כביסה סופר מרוכז Floral touch סנו מקסימה 1 ליטר,מיוצר עי קונדיטוריית,,מרכך כביסה פלורל טאצ',,0.00,1.00,false,1.00,17.90,17.90,true,0,
7290108351972,false,סנופרש הום מבשם לבית בניחוח מלון בוטיק,מיוצר עי קונדיטוריית,IL,פרש הום מבשם לבית ולטקסטיל בניחוח מלון בוטיק,,0.00,100.00,false,1.00,12.90,0.00,true,0,
7290108351989,false,סנופרש הום מבשם לבית בניחוח מלון מפנק,מיוצר עי קונדיטוריית,IL,פרש הום מבשם לבית ולטקסטיל בניחוח מלון מפנק,,0.00,100.00,false,1.00,12.90,0.00,true,0,
7290108351996,false,"חיטוי בייבי 99.9% לחיטוי וניקוי בסביבת תינוקות 750 מ""ל","סנו מפעלי ברונוס בע""\מ",IL,בייבי 99.9% תרסיס חיטוי וניקוי בסביבת התינוק,,0.00,0.00,false,1.00,14.90,0.00,true,0,
7290108352047,false,אורביטול - צמד מברשות שיניים 808 + חוט דנטלי במתנה,החברה הדרומית,CN,מברשות שיניים Pro-Hygienist 808 עם סיבים דקים ורכים במיוחד לחניכיים ושיניים רגישות+חוט דנטלי,,0.00,0.00,false,1.00,19.90,0.00,true,0,
7290108352054,false,אורביטול - צמד מברשות שיניים 980 + חוט דנטלי במתנה,החברה הדרומית,CN,מברשות שיניים Pro-Hygienist 980 עם סיבים דקים ורכים במיוחד לניקוי עמוק בין השיניים+חוט דנטלי,,0.00,0.00,false,1.00,19.90,0.00,true,0,
7290108352078,false,"שטיפת פה protective salt אורביטול 500 מ""ל",טרופיקל דגיל תעשיות,IL,שטיפת פה PROTECTIVE SALT,,0.00,100.00,false,1.00,24.90,0.00,true,0,
7290108352092,false,משחת שיניים אורביטול פרוטקטיב סולט בטעם מנטה,טרופיקל דגיל תעשיות קוסמ,IL,משחת שיניים PROTECTIVE SALT,,0.00,100.00,false,1.00,15.90,0.00,true,0,
7290108352108,false,משחת שיניים אורביטול רעננות חריפה 145 גר,טרופיקל דגיל תעשיות קוסמ,IL,משחת שיניים SHOCKING FRESH,,0.00,100.00,false,1.00,12.90,0.00,true,0,
7290108352214,false,סנו - מקסימה קפסולות כביסה בניחוח בריזה מרעננת 40 יח',טרופיקל דגיל תעשיות,IL,קפסולות לכביסה FRESH BREEZE,,0.00,0.00,false,1.00,34.90,0.87,true,0,
7290108352221,false,סנופרש הום מבשם נוזלי בניחוח מלון מפנק,סנו מפעלי ברונוס בעמ,IL,פרש הום מבשם לבית ולטקסטיל בניחוח מלון מפנק,,0.00,100.00,false,1.00,12.90,0.00,true,0,
7290108352252,false,נוזל לניקוי כלים מתאים לניקוי ירקות ופירות סנו ספארק,"סנו מפעלי ברונוס בע""\מ",IL,נוזל לניקוי כלים ללא בושם וללא צבע. מתאים לניקוי ירקות ופירות,,0.00,1.00,false,1.00,12.90,12.90,true,0,
7290108352269,false,סנו מטליות לחיטוי ולניקוי בדלי 400 יחידו,החברה הדרומית,IL,מטליות לחיטוי ולניקוי,,0.00,0.00,false,1.00,32.90,0.08,false,0,
7290108352290,false,שלישיית מטליות לחיטוי ולניקוי יסודי לחדר האמבטיה סדרת 99.9%,מיוצר עי קונדיטוריית,IL,99.9% מטליות לחיטוי ולניקוי יסודי לחדר האמבטיה,,0.00,0.00,false,1.00,19.90,0.00,true,0,
7290108352320,false,"מבשם אויר סנו פרש הום בניחוח כותנה מלטפת 350 מ""ל",מיוצר עי קונדיטוריית,IL,פרש הום מבשם לבית ולטקסטיל בניחוח מלון בוטיק,,0.00,100.00,false,1.00,12.90,0.00,true,0,
7290108352337,false,"סנו - פרש מילוי למטהר אוויר מלון מפנק 250 מ""ל",מיוצר עי קונדיטוריית,IL,פרש הום מבשם אויר מילוי למכשיר אוטומטי בניחוח מלון מפנק,,0.00,100.00,false,1.00,15.90,0.00,true,0,
7290108352344,false,"פרש מבשם אויר אוטומטי בניחוח לבנדר סנו 250 מ""ל",מיוצר עי קונדיטוריית,IL,פרש הום מבשם אויר מילוי למכשיר אוטומטי בניחוח מלון בוטיק,,0.00,100.00,false,1.00,15.90,0.00,true,0,
7290108352382,false,מטליות לחות אישיות לחיטוי משטחים ואביזרים 99.9 % 20 יחי,טרופיקל דגיל תעשיות,IL,99.9% מטליות לחות אישיות לחיטוי משטחים ואביזרים לשמירה על ההגיינה,,0.00,0.00,false,1.00,9.90,0.49,true,0,
=======
7290108351699,false,סנו - ג'ט מטליות לחות לניקוי כללי בתוספת חומץ לבנדר שלישיה,החברה הדרומית לשיווק בעמ,IL,JET+ מטליות לחות לניקוי כללי בתוספת חומץ להברקה בקלות,,0.00,0.00,false,1.00,19.90,0.13,true,0,
7290108351767,false,סנו פרש מכשיר אוטומטי לבישום אוויר blue,החברה הדרומית לשיווק בעמ,IL,סנו פרש מכשיר אוטומטי + מילוי בלו אייר,,0.00,0.00,false,1.00,44.90,44.90,true,0,
7290108351804,false,מרכך כביסה סופר מרוכז Gentl Breeze סנו מקסימה 1 ליטר,החברה הדרומית לשיווק בעמ,,מרכך כביסה ג'נטל בריז,,0.00,1.00,false,1.00,17.90,17.90,true,0,
7290108351811,false,מרכך כביסה סופר מרוכז Floral touch סנו מקסימה 1 ליטר,החברה הדרומית לשיווק בעמ,,מרכך כביסה פלורל טאצ',,0.00,1.00,false,1.00,17.90,17.90,true,0,
7290108351972,false,סנופרש הום מבשם לבית בניחוח מלון בוטיק,החברה הדרומית לשיווק בעמ,IL,פרש הום מבשם לבית ולטקסטיל בניחוח מלון בוטיק,,0.00,100.00,false,1.00,12.90,0.00,true,0,
7290108351989,false,סנופרש הום מבשם לבית בניחוח מלון מפנק,החברה הדרומית לשיווק בעמ,IL,פרש הום מבשם לבית ולטקסטיל בניחוח מלון מפנק,,0.00,100.00,false,1.00,12.90,0.00,true,0,
7290108351996,false,"חיטוי בייבי 99.9% לחיטוי וניקוי בסביבת תינוקות 750 מ""ל",החברה הדרומית לשיווק בעמ,IL,בייבי 99.9% תרסיס חיטוי וניקוי בסביבת התינוק,,0.00,0.00,false,1.00,14.90,0.00,true,0,
7290108352047,false,אורביטול - צמד מברשות שיניים 808 + חוט דנטלי במתנה,החברה הדרומית לשיווק בעמ,CN,מברשות שיניים Pro-Hygienist 808 עם סיבים דקים ורכים במיוחד לחניכיים ושיניים רגישות+חוט דנטלי,,0.00,0.00,false,1.00,19.90,0.00,true,0,
7290108352054,false,אורביטול - צמד מברשות שיניים 980 + חוט דנטלי במתנה,החברה הדרומית לשיווק בעמ,CN,מברשות שיניים Pro-Hygienist 980 עם סיבים דקים ורכים במיוחד לניקוי עמוק בין השיניים+חוט דנטלי,,0.00,0.00,false,1.00,19.90,0.00,true,0,
7290108352078,false,"שטיפת פה protective salt אורביטול 500 מ""ל",החברה הדרומית לשיווק בעמ,IL,שטיפת פה PROTECTIVE SALT,,0.00,100.00,false,1.00,24.90,0.00,true,0,
7290108352092,false,משחת שיניים אורביטול פרוטקטיב סולט בטעם מנטה,טרופיקל דגיל תעשיות קוסמ,IL,משחת שיניים PROTECTIVE SALT,,0.00,100.00,false,1.00,15.90,0.00,true,0,
7290108352108,false,משחת שיניים אורביטול רעננות חריפה 145 גר,טרופיקל דגיל תעשיות קוסמ,IL,משחת שיניים SHOCKING FRESH,,0.00,100.00,false,1.00,12.90,0.00,true,0,
7290108352214,false,סנו - מקסימה קפסולות כביסה בניחוח בריזה מרעננת 40 יח',החברה הדרומית לשיווק בעמ,IL,קפסולות לכביסה FRESH BREEZE,,0.00,0.00,false,1.00,34.90,0.87,true,0,
7290108352221,false,סנופרש הום מבשם נוזלי בניחוח מלון מפנק,החברה הדרומית לשיווק בעמ,IL,פרש הום מבשם לבית ולטקסטיל בניחוח מלון מפנק,,0.00,100.00,false,1.00,12.90,0.00,true,0,
7290108352252,false,נוזל לניקוי כלים מתאים לניקוי ירקות ופירות סנו ספארק,החברה הדרומית לשיווק בעמ,IL,נוזל לניקוי כלים ללא בושם וללא צבע. מתאים לניקוי ירקות ופירות,,0.00,1.00,false,1.00,12.90,12.90,true,0,
7290108352269,false,סנו מטליות לחיטוי ולניקוי בדלי 400 יחידו,החברה הדרומית לשיווק בעמ,IL,מטליות לחיטוי ולניקוי,,0.00,0.00,false,1.00,32.90,0.08,false,0,
7290108352290,false,שלישיית מטליות לחיטוי ולניקוי יסודי לחדר האמבטיה סדרת 99.9%,החברה הדרומית לשיווק בעמ,IL,99.9% מטליות לחיטוי ולניקוי יסודי לחדר האמבטיה,,0.00,0.00,false,1.00,19.90,0.00,true,0,
7290108352320,false,"מבשם אויר סנו פרש הום בניחוח כותנה מלטפת 350 מ""ל",החברה הדרומית לשיווק בעמ,IL,פרש הום מבשם לבית ולטקסטיל בניחוח מלון בוטיק,,0.00,100.00,false,1.00,12.90,0.00,true,0,
7290108352337,false,"סנו - פרש מילוי למטהר אוויר מלון מפנק 250 מ""ל",החברה הדרומית לשיווק בעמ,IL,פרש הום מבשם אויר מילוי למכשיר אוטומטי בניחוח מלון מפנק,,0.00,100.00,false,1.00,15.90,0.00,true,0,
7290108352344,false,"פרש מבשם אויר אוטומטי בניחוח לבנדר סנו 250 מ""ל",החברה הדרומית לשיווק בעמ,IL,פרש הום מבשם אויר מילוי למכשיר אוטומטי בניחוח מלון בוטיק,,0.00,100.00,false,1.00,15.90,0.00,true,0,
7290108352382,false,מטליות לחות אישיות לחיטוי משטחים ואביזרים 99.9 % 20 יחי,החברה הדרומית לשיווק בעמ,IL,99.9% מטליות לחות אישיות לחיטוי משטחים ואביזרים לשמירה על ההגיינה,,0.00,0.00,false,1.00,9.90,0.49,true,0,
>>>>>>> d048ac2f4f281c9d788043ab4e81b61b0dbe3743
7290108352412,false,"סנו - פרש הום מבשם לבית ולטקסטיל ורד אנגלי ועלים 300 מ""ל",מיוצר עי קונדיטוריית,IL,פרש הום English Rose & Fresh leaves מבשם לבית ולטקסטיל,,0.00,100.00,false,1.00,13.90,0.00,true,0,
7290108352429,false,מטהר אוויר סנו פרש הום נוזלי כחול ארומטי,סנו מפעלי ברונוס בעמ,IL,פרש הום wild wood & berries מבשם לבית ולטקסטיל,,0.00,100.00,false,1.00,13.90,0.00,true,0,
7290108352450,false,ריצפז פרש הום בניחוח מרכך כביסה בלו בלוסום,החברה הדרומית לשיווק בעמ,IL,תרכיז לניקוי כל סוגי הרצפות בניחוח מרכך כביסה BLUE BLOSSOM,,0.00,1.00,false,1.00,24.90,12.45,true,0,
7290108352498,false,מכשיר אוטומטי מעוצב ואלגנטי עם מילוי מלון בוטיק סנו פרש,החברה הדרומית לשיווק בעמ,IL,סנו פרש מכשיר אוטומטי + מילוי מלון בוטיק,,0.00,0.00,false,1.00,44.90,44.90,true,0,
7290108352535,false,סנו - מקסימה דפי בישום לחים למייבש הכביסה בניחוח מרכך כביסה,טרופיגל דגיל תעשיות קוסמ,IL,דפי בישום לחים למייבש הכביסה,,0.00,0.00,false,1.00,13.90,0.69,true,0,
<<<<<<< HEAD
7290108352641,false,סנו סושי מטלית הפלא לניקוי כללי במארז שלישייה,סנו מפעלי ברונוס.,IL,מטלית מיקרופייבר לניקוי כללי,,0.00,0.00,false,1.00,14.90,4.96,true,0,
7290108352672,false,צמד מטליות הפלא לרצפה מיקרפייבר סנו סושי,סנו מפעלי ברונוס.,CN,מטלית מיקרופייבר לריצפה,,0.00,0.00,false,1.00,19.90,9.95,true,0,
7290108352801,false,"שקיות אשפה לפחים קטנים 45 * 56 ס""מ סנו סושי 100 יחידות","סנו מפעלי ברונוס בע""מ",IL,"סושי שקיות לפחים קטנים 56X45 ס""מ S",,0.00,0.00,false,1.00,19.90,0.19,true,0,
7290108352900,false,מגבות נייר בגליל כפול סנו סושי 12=6 גלילים,סנו מפעלי ברונוס בעמ,IL,מגבות הפלא גליל כפול,,0.00,0.00,false,1.00,22.90,3.81,true,0,
7290108353006,false,סנו סושי - שקיות אוכל נקשרות 250 יחידות XL,מיוצר עי קונדיטוריית,IL,סושי שקיות אוכל נקשרות XL,,0.00,0.00,false,1.00,12.90,0.05,true,0,
7290108353099,false,ממחטות אף במארז ניילון סנו סופט 5 יח' * 100 דף,טרופיקל דגיל תעשיות,IL,סופט ממחטות נייר דו שכבתיות נשלפות אחת אחת,,0.00,0.00,false,1.00,13.90,0.00,true,0,
7290108353389,false,"אורביטול - מי פה ג'וניור לגילאי 8+ 250 מ""ל",קוסמופארם בעמ,IL,ג'וניור שטיפת פה לילדים 8+,,0.00,100.00,false,1.00,17.90,0.00,true,0,
7290108353396,false,צמד מברשות שיניים עם סיבים דקים ורכים במיוחד,יבואן ומשווק: ש. שסט,IL,מברשות שיניים Pro-Hygienist 980 עם סיבים דקים ורכים במיוחד לניקוי עמוק בין השיניים אקסטרא סופט,,0.00,0.00,false,1.00,19.90,0.00,true,0,
7290108353426,false,צמד מברשות שיניים לחניכיים ושיניים רגישות,יבואן ומשווק: ש. שסט,IL,מברשות שיניים לחניכיים ושיניים רגישות אקסטרא סופט,,0.00,0.00,false,1.00,19.90,0.00,true,0,
=======
7290108352641,false,סנו סושי מטלית הפלא לניקוי כללי במארז שלישייה,החברה הדרומית לשיווק בעמ,IL,מטלית מיקרופייבר לניקוי כללי,,0.00,0.00,false,1.00,14.90,4.96,true,0,
7290108352672,false,צמד מטליות הפלא לרצפה מיקרפייבר סנו סושי,החברה הדרומית לשיווק בעמ,CN,מטלית מיקרופייבר לריצפה,,0.00,0.00,false,1.00,19.90,9.95,true,0,
7290108352801,false,"שקיות אשפה לפחים קטנים 45 * 56 ס""מ סנו סושי 100 יחידות",החברה הדרומית לשיווק בעמ,IL,"סושי שקיות לפחים קטנים 56X45 ס""מ S",,0.00,0.00,false,1.00,19.90,0.19,true,0,
7290108352900,false,מגבות נייר בגליל כפול סנו סושי 12=6 גלילים,החברה הדרומית לשיווק בעמ,IL,מגבות הפלא גליל כפול,,0.00,0.00,false,1.00,22.90,3.81,true,0,
7290108353006,false,סנו סושי - שקיות אוכל נקשרות 250 יחידות XL,החברה הדרומית לשיווק בעמ,IL,סושי שקיות אוכל נקשרות XL,,0.00,0.00,false,1.00,12.90,0.05,true,0,
7290108353099,false,ממחטות אף במארז ניילון סנו סופט 5 יח' * 100 דף,החברה הדרומית לשיווק בעמ,IL,סופט ממחטות נייר דו שכבתיות נשלפות אחת אחת,,0.00,0.00,false,1.00,13.90,0.00,true,0,
7290108353389,false,"אורביטול - מי פה ג'וניור לגילאי 8+ 250 מ""ל",החברה הדרומית לשיווק בעמ,IL,ג'וניור שטיפת פה לילדים 8+,,0.00,100.00,false,1.00,17.90,0.00,true,0,
7290108353396,false,צמד מברשות שיניים עם סיבים דקים ורכים במיוחד,החברה הדרומית לשיווק בעמ,IL,מברשות שיניים Pro-Hygienist 980 עם סיבים דקים ורכים במיוחד לניקוי עמוק בין השיניים אקסטרא סופט,,0.00,0.00,false,1.00,19.90,0.00,true,0,
7290108353426,false,צמד מברשות שיניים לחניכיים ושיניים רגישות,החברה הדרומית לשיווק בעמ,IL,מברשות שיניים לחניכיים ושיניים רגישות אקסטרא סופט,,0.00,0.00,false,1.00,19.90,0.00,true,0,
>>>>>>> d048ac2f4f281c9d788043ab4e81b61b0dbe3743
7290108353433,false,שטיפת פה לרעננות מתמשכת מנטה עדין Protect & Fresh,"קוסמופארם בע""\מ",IL,שטיפת פה PROTECT&FRESH לרעננות מתמשכת,,0.00,100.00,false,1.00,19.90,0.00,true,0,
7290108353440,false,אורביטול מברשות שיניים נאנו לחניכיים 2יח,החברה הדרומית לשיווק בעמ,CN,"מברשות שיניים 12,000 סיבים לחניכיים מודלקות ומדממות",,0.00,0.00,false,1.00,29.90,0.00,true,0,
7290108353471,false,סנובון מוצק לאסלה DESIGN בניחוח ספא,החברה הדרומית לשיווק בעמ,IL,סבון אסלה DESIGN ניחוח ספא,,0.00,0.00,false,1.00,7.90,7.90,true,0,
7290108353488,false,סנו - סנובון מעוצב בניחוח סחלב פראי,מיוצר עי קונדיטוריית,IL,סבון אסלה DESIGN ניחוח סחלב פראי,,0.00,0.00,false,1.00,7.90,7.90,true,0,
<<<<<<< HEAD
7290108353648,false,סנו סושי - שקיות אוכל מנייר 70 יחידות,איי טיי אריזות טורקיה,TR,"סושי שקיות אוכל מנייר XL גודל 15X27 ס""מ",,0.00,0.00,false,1.00,10.90,0.00,true,0,
7290108353716,false,"קרמה - תחליב רחצה חימר פיטאיה 500 מ""ל","קוסמופארם בע""\מn\",IL,תחליב רחצה חימר פיטאיה,,0.00,100.00,false,1.00,13.90,0.00,true,0,
7290108353723,false,"קרמה - תחליב רחצה חימר תה ירוק 500 מ""ל","קוסמופארם בע""\מn\",IL,תחליב רחצה חימר תה ירוק,,0.00,100.00,false,1.00,13.90,0.00,true,0,
7290108353730,false,"קרמה - תחליב רחצה חימר אוכמניות כחולות 500 מ""ל","קוסמופארם בע""\מn\",IL,תחליב רחצה חימר אוכמניות כחולות,,0.00,100.00,false,1.00,13.90,0.00,true,0,
7290108353778,false,"נקה 7 - תחליב רחצה שוודיה בניחוח פיטנגו 750 מ""ל","אמיליה קוסמטיקס בע""מ",IL,תחליב רחצה שוודיה בניחוח פיטנגו,,0.00,100.00,false,1.00,12.90,0.00,true,0,
7290108353792,false,"נקה 7 - תחליב רחצה יפן בניחוח פריחת הדובדבן 750 מ""ל","אמיליה קוסמטיקס בע""מ",IL,תחליב רחצה יפן בניחוח פריחת הדובדבן,,0.00,100.00,false,1.00,12.90,0.00,true,0,
7290108353808,false,"תחליב רחצה מדגסקר נקה 7 בניחוח אמבר 750 מ""ל","אמיליה קוסמטיקס בע""מ",IL,תחליב רחצה מדגסקר בניחוח אמבר,,0.00,100.00,false,1.00,12.90,0.00,true,0,
7290108353815,false,"תחליב רחצה מדיטציה בניחוח פצ'ולי לבנדר+משאבה 600 מ""ל","קוסמופארם בע""\מ",IL,SPA תחליב רחצה מדיטציה בניחוח פצ'ולי לבנדר,,0.00,100.00,false,1.00,17.90,0.00,true,0,
7290108353891,false,"קרמה - דאודורנט רול און לאישה קרמה מאסק 75 מ""ל","קוסמופארם בע""\מ",IL,דאודורנט רול און מאסק,,0.00,100.00,false,1.00,13.90,0.00,true,0,
7290108353907,false,"קרמה - דאודורנט רול און לאישה קרמה קלאסי 75 מ""ל","קוסמופארם בע""\מ",IL,דאודורנט רול און קלאסי,,0.00,100.00,false,1.00,13.90,0.00,true,0,
7290108353952,false,"קרמה - דאודורנט ספריי לאישה קרמה קלאסי 150 מ""ל",מיוצר עי : אמיליה קוסמטי,IL,דאודורנט ספריי קלאסי,,0.00,100.00,false,1.00,13.90,0.00,true,0,
7290108353969,false,"קרמה - דאודורנט ספריי לאישה קרמה מאסק 150 מ""ל",מיוצר עי : אמיליה קוסמטי,IL,דאודורנט ספריי מאסק,,0.00,100.00,false,1.00,13.90,0.00,true,0,
7290108353983,false,"קרמה - קרם גוף קרמה קלאסי 500 מ""ל",טרופיקל דגיל תעשיות,IL,קרם גוף קלאסי,,0.00,100.00,false,1.00,24.90,0.00,true,0,
7290108353990,false,"קרמה - קרם גוף קרמה מאסק 500 מ""ל",טרופיקל דגיל תעשיות,IL,קרם גוף מאסק,,0.00,100.00,false,1.00,24.90,0.00,true,0,
7290108354034,false,"סבון ידיים קרמה חמאת שיאה וקוקוי 300 מ""ל",טרופיקל דגיל תעשיות,IL,סבון ידיים חמאת שיאה וקוקוי,,0.00,100.00,false,1.00,9.90,0.00,true,0,
7290108354263,false,אורביטול גוניור משחת שיניים חד קרן 70גרם,טרופיקל דגיל תעשיות קוסמ,IL,משחת שיניים לילדים עם פלואוריד למניעת עששת חד קרן בטעם ענבים מרענן גילאי +6,,0.00,100.00,false,1.00,11.90,0.00,true,0,
7290108354270,false,מרכך כביסה מרוכז בבישום עוצמתי 1 ל' סנו מקסימה,מיוצר עי קונדיטוריית,,מרכך כביסה CALM,,0.00,1.00,false,1.00,17.90,17.90,true,0,
7290108354416,false,"תחליב רחצה יוגה, בניחוח ברגמוט 600מ""ל קרימה","קוסמופארם בע""\מ",IL,SPA תחליב רחצה יוגה בניחוח ברגמוט,,0.00,100.00,false,1.00,17.90,0.00,true,0,
7290108354430,false,"שמפו כיף לשיקום והזנה שמן קוקוס וקרטין 700 מ""ל",קוסמופארם בעמ,IL,כיף שמפו לשיקום והזנה עם שמן קוקוס וקרטין,,0.00,100.00,false,1.00,12.90,0.00,true,0,
7290108354447,false,"מרכך כיף לשיקום והזנה שמן קוקוס וקרטין 700 מ""ל",גוד פוד פרודקטס S.p,IL,מרכך לשיקום והזנה עם שמן קוקוס וקרטין,,0.00,100.00,false,1.00,12.90,0.00,true,0,
7290108354461,false,קרליין 10 שמפו חימר לכל סוגי השיער 700 מ,החברה הדרומית,IL,שמפו חימר לכל סוגי השיער,,0.00,100.00,false,1.00,13.90,0.00,true,0,
7290108354478,false,קרליין 10 מרכך חימר לכל סוגי השיער 700 מ,החברה הדרומית,IL,מרכך חימר לכל סוגי השיער,,0.00,100.00,false,1.00,13.90,0.00,true,0,
7290108354485,false,"קרליין מרכך 10 לשיער שמן ארגן 700 מ""ל","קוסמופארם בע""\מ",IL,מרכך 10 שמן ארגן,,0.00,100.00,false,1.00,13.90,0.00,true,0,
7290108354492,false,"קרליין שמפו 10 לשיער שמן ארגן 700 מ""ל","קוסמופארם בע""\מ",IL,שמפו 10 שמן ארגן,,0.00,100.00,false,1.00,13.90,0.00,true,0,
7290108354591,false,"תחליב רחצה בניחוח מי קקטוס ושמן באבאסו 750 מ""ל נקה 7","אמיליה קוסמטיקס בע""מ",IL,BIO תחליב רחצה מי קקטוס ושמן באבאסו,,0.00,100.00,false,1.00,12.90,0.00,true,0,
7290108354706,false,"קרמה - תחליב רחצה מאסק 500 מ""ל","קוסמופארם בע""\מ",IL,תחליב רחצה בניחוח מאסק,,0.00,100.00,false,1.00,13.90,0.00,true,0,
7290108354836,false,קרם ידיים מרוכז לידיים יבשות מאוד בבישום עדין,קוסמופארם,IL,קרם ידיים מרוכז בישום עדין,,0.00,0.00,false,1.00,14.90,0.14,true,0,
7290108354850,false,"דאורדוראנט רול און קרמה בריזת ים 75 מ""ל",החברה הדרומית,IL,דאודורנט רול און בריזת ים,,0.00,100.00,false,1.00,13.90,0.00,true,0,
7290108354911,false,"שמפו, ג'ל רחצה וגילוח מועשר בתמצית אלוורה",טרופיקל דגיל תעשיות,IL,שמפו וג'ל רחצה וגילוח 3 ב-1 מועשר בתמצית אלוורה,,0.00,100.00,false,1.00,22.90,0.00,true,0,
7290108355055,false,לחו.לשיער מקצועי גלייז נטורל פורמולה 400,נטורל פורמולה Natural Formula,IL,לחות עם גלייז,,0.00,100.00,false,1.00,29.90,0.00,true,0,
7290108355062,false,לחו.לשיער מקצועי קרטין נטורל פורמולה 400,אמיליה קוסמטיקס,IL,לחות עם קרטין,,0.00,100.00,false,1.00,29.90,0.00,true,0,
7290108355079,false,לחו.לשיער מקצועי קוקוס נטורל פורמולה 400,החברה הדרומית,IL,לחות עם שמן קוקוס,,0.00,100.00,false,1.00,29.90,0.00,true,0,
7290108355086,false,"גלייז מקצועי לשיער נטורל פורמולה 350 מ""ל",נטורל פורמולה Natural Formula,IL,גלייז מקצועי,,0.00,100.00,false,1.00,39.90,0.00,true,0,
=======
7290108353648,false,סנו סושי - שקיות אוכל מנייר 70 יחידות,החברה הדרומית לשיווק בעמ,TR,"סושי שקיות אוכל מנייר XL גודל 15X27 ס""מ",,0.00,0.00,false,1.00,10.90,0.00,true,0,
7290108353716,false,"קרמה - תחליב רחצה חימר פיטאיה 500 מ""ל",החברה הדרומית לשיווק בעמ,IL,תחליב רחצה חימר פיטאיה,,0.00,100.00,false,1.00,13.90,0.00,true,0,
7290108353723,false,"קרמה - תחליב רחצה חימר תה ירוק 500 מ""ל",החברה הדרומית לשיווק בעמ,IL,תחליב רחצה חימר תה ירוק,,0.00,100.00,false,1.00,13.90,0.00,true,0,
7290108353730,false,"קרמה - תחליב רחצה חימר אוכמניות כחולות 500 מ""ל",החברה הדרומית לשיווק בעמ,IL,תחליב רחצה חימר אוכמניות כחולות,,0.00,100.00,false,1.00,13.90,0.00,true,0,
7290108353778,false,"נקה 7 - תחליב רחצה שוודיה בניחוח פיטנגו 750 מ""ל",החברה הדרומית לשיווק בעמ,IL,תחליב רחצה שוודיה בניחוח פיטנגו,,0.00,100.00,false,1.00,12.90,0.00,true,0,
7290108353792,false,"נקה 7 - תחליב רחצה יפן בניחוח פריחת הדובדבן 750 מ""ל",החברה הדרומית לשיווק בעמ,IL,תחליב רחצה יפן בניחוח פריחת הדובדבן,,0.00,100.00,false,1.00,12.90,0.00,true,0,
7290108353808,false,"תחליב רחצה מדגסקר נקה 7 בניחוח אמבר 750 מ""ל",החברה הדרומית לשיווק בעמ,IL,תחליב רחצה מדגסקר בניחוח אמבר,,0.00,100.00,false,1.00,12.90,0.00,true,0,
7290108353815,false,"תחליב רחצה מדיטציה בניחוח פצ'ולי לבנדר+משאבה 600 מ""ל",החב. הדרומית לשיווק,IL,SPA תחליב רחצה מדיטציה בניחוח פצ'ולי לבנדר,,0.00,100.00,false,1.00,17.90,0.00,true,0,
7290108353891,false,"קרמה - דאודורנט רול און לאישה קרמה מאסק 75 מ""ל",החברה הדרומית לשיווק בעמ,IL,דאודורנט רול און מאסק,,0.00,100.00,false,1.00,13.90,0.00,true,0,
7290108353907,false,"קרמה - דאודורנט רול און לאישה קרמה קלאסי 75 מ""ל",החברה הדרומית לשיווק בעמ,IL,דאודורנט רול און קלאסי,,0.00,100.00,false,1.00,13.90,0.00,true,0,
7290108353952,false,"קרמה - דאודורנט ספריי לאישה קרמה קלאסי 150 מ""ל",החברה הדרומית לשיווק בעמ,IL,דאודורנט ספריי קלאסי,,0.00,100.00,false,1.00,13.90,0.00,true,0,
7290108353969,false,"קרמה - דאודורנט ספריי לאישה קרמה מאסק 150 מ""ל",החברה הדרומית לשיווק בעמ,IL,דאודורנט ספריי מאסק,,0.00,100.00,false,1.00,13.90,0.00,true,0,
7290108353983,false,"קרמה - קרם גוף קרמה קלאסי 500 מ""ל",החברה הדרומית לשיווק בעמ,IL,קרם גוף קלאסי,,0.00,100.00,false,1.00,24.90,0.00,true,0,
7290108353990,false,"קרמה - קרם גוף קרמה מאסק 500 מ""ל",החברה הדרומית לשיווק בעמ,IL,קרם גוף מאסק,,0.00,100.00,false,1.00,24.90,0.00,true,0,
7290108354034,false,"סבון ידיים קרמה חמאת שיאה וקוקוי 300 מ""ל",החברה הדרומית לשיווק בעמ,IL,סבון ידיים חמאת שיאה וקוקוי,,0.00,100.00,false,1.00,9.90,0.00,true,0,
7290108354263,false,אורביטול גוניור משחת שיניים חד קרן 70גרם,טרופיקל דגיל תעשיות קוסמ,IL,משחת שיניים לילדים עם פלואוריד למניעת עששת חד קרן בטעם ענבים מרענן גילאי +6,,0.00,100.00,false,1.00,11.90,0.00,true,0,
7290108354270,false,מרכך כביסה מרוכז בבישום עוצמתי 1 ל' סנו מקסימה,החברה הדרומית לשיווק בעמ,,מרכך כביסה CALM,,0.00,1.00,false,1.00,17.90,17.90,true,0,
7290108354416,false,"תחליב רחצה יוגה, בניחוח ברגמוט 600מ""ל קרימה",החברה הדרומית לשיווק בעמ,IL,SPA תחליב רחצה יוגה בניחוח ברגמוט,,0.00,100.00,false,1.00,17.90,0.00,true,0,
7290108354430,false,"שמפו כיף לשיקום והזנה שמן קוקוס וקרטין 700 מ""ל",החברה הדרומית לשיווק בעמ,IL,כיף שמפו לשיקום והזנה עם שמן קוקוס וקרטין,,0.00,100.00,false,1.00,12.90,0.00,true,0,
7290108354447,false,"מרכך כיף לשיקום והזנה שמן קוקוס וקרטין 700 מ""ל",החברה הדרומית לשיווק בעמ,IL,מרכך לשיקום והזנה עם שמן קוקוס וקרטין,,0.00,100.00,false,1.00,12.90,0.00,true,0,
7290108354461,false,קרליין 10 שמפו חימר לכל סוגי השיער 700 מ,החב הדרומית לשיווק,IL,שמפו חימר לכל סוגי השיער,,0.00,100.00,false,1.00,13.90,0.00,true,0,
7290108354478,false,קרליין 10 מרכך חימר לכל סוגי השיער 700 מ,החב הדרומית לשיווק,IL,מרכך חימר לכל סוגי השיער,,0.00,100.00,false,1.00,13.90,0.00,true,0,
7290108354485,false,"קרליין מרכך 10 לשיער שמן ארגן 700 מ""ל",החברה הדרומית לשיווק בעמ,IL,מרכך 10 שמן ארגן,,0.00,100.00,false,1.00,13.90,0.00,true,0,
7290108354492,false,"קרליין שמפו 10 לשיער שמן ארגן 700 מ""ל",החברה הדרומית לשיווק בעמ,IL,שמפו 10 שמן ארגן,,0.00,100.00,false,1.00,13.90,0.00,true,0,
7290108354591,false,"תחליב רחצה בניחוח מי קקטוס ושמן באבאסו 750 מ""ל נקה 7",החברה הדרומית לשיווק בעמ,IL,BIO תחליב רחצה מי קקטוס ושמן באבאסו,,0.00,100.00,false,1.00,12.90,0.00,true,0,
7290108354706,false,"קרמה - תחליב רחצה מאסק 500 מ""ל",החברה הדרומית לשיווק בעמ,IL,תחליב רחצה בניחוח מאסק,,0.00,100.00,false,1.00,13.90,0.00,true,0,
7290108354836,false,קרם ידיים מרוכז לידיים יבשות מאוד בבישום עדין,החברה הדרומית לשיווק בעמ,IL,קרם ידיים מרוכז בישום עדין,,0.00,0.00,false,1.00,14.90,0.14,true,0,
7290108354850,false,"דאורדוראנט רול און קרמה בריזת ים 75 מ""ל",החברה הדרומית לשיווק בעמ,IL,דאודורנט רול און בריזת ים,,0.00,100.00,false,1.00,13.90,0.00,true,0,
7290108354911,false,"שמפו, ג'ל רחצה וגילוח מועשר בתמצית אלוורה",החברה הדרומית לשיווק בעמ,IL,שמפו וג'ל רחצה וגילוח 3 ב-1 מועשר בתמצית אלוורה,,0.00,100.00,false,1.00,22.90,0.00,true,0,
7290108355055,false,לחו.לשיער מקצועי גלייז נטורל פורמולה 400,החברה הדרומית לשיווק בעמ,IL,לחות עם גלייז,,0.00,100.00,false,1.00,29.90,0.00,true,0,
7290108355062,false,לחו.לשיער מקצועי קרטין נטורל פורמולה 400,החברה הדרומית לשיווק בעמ,IL,לחות עם קרטין,,0.00,100.00,false,1.00,29.90,0.00,true,0,
7290108355079,false,לחו.לשיער מקצועי קוקוס נטורל פורמולה 400,החברה הדרומית לשיווק בעמ,IL,לחות עם שמן קוקוס,,0.00,100.00,false,1.00,29.90,0.00,true,0,
7290108355086,false,"גלייז מקצועי לשיער נטורל פורמולה 350 מ""ל",החברה הדרומית לשיווק בעמ,IL,גלייז מקצועי,,0.00,100.00,false,1.00,39.90,0.00,true,0,
>>>>>>> d048ac2f4f281c9d788043ab4e81b61b0dbe3743
7290108355093,false,נ.פורמולה ווליום אינטנס שמפו נפח 400 מל,General,IL,ווליום אינטנס שמפו נפח,,0.00,100.00,false,1.00,29.90,0.00,true,0,
7290108355147,false,תחליב רחצה שמנהי הזנה נקה (7507 מל),טרופיקל דגיל תעשיות קוסמ,IL,תחליב רחצה שמני הזנה,,0.00,100.00,false,1.00,12.90,0.00,true,0,
7290108355178,false,"קרמה - קרם ידיים חמאת שיאה וקוקוי 100 מ""ל",החברה הדרומית לשיווק בעמ,IL,קרם ידיים מזין חמאת שיאה וקוקוי לעור יבש,,0.00,0.00,false,1.00,9.90,0.09,true,0,
7290108355185,false,"נטורל מסיכת קרטין אינטנס למניעת קשקשים 350 מ""ל",החברה הדרומית לשיווק בעמ,IL,מסכת קרטין טהור מונעת קשקשים,,0.00,100.00,false,1.00,39.90,0.00,true,0,
7290108355192,false,"מרכך קרטין אינטנס למניעת קשקשים נטורל פורמולה 400 מ""ל",החברה הדרומית לשיווק בעמ,IL,אינטנס מרכך קרטין טהור מונע קשקשים,,0.00,100.00,false,1.00,29.90,0.00,true,0,
7290108355208,false,"שמפו קרטין אינטנס למניעת קשקשים נטורל 400 מ""ל",החברה הדרומית לשיווק בעמ,IL,אינטנס שמפו קרטין טהור מונע קשקשים,,0.00,100.00,false,1.00,29.90,0.00,true,0,
7290108355307,false,"נקה 7 - שמפו סירוק קל רוזמרין 750 מ""ל",החברה הדרומית לשיווק בעמ,IL,סירוק קל שמפו,,0.00,100.00,false,1.00,12.90,0.00,true,0,
7290108355314,false,מרכך לסירוק קל בתוספת רוזמרין,החברה הדרומית לשיווק בעמ,IL,סירוק קל מרכך,,0.00,100.00,false,1.00,12.90,0.00,true,0,
7290108355383,false,נ.פורמולה מרכך פיגמנט בלונד,החברה הדרומית,IL,מרכך פיגמנט בלונד,,0.00,100.00,false,1.00,24.90,0.00,true,0,
7290108355451,false,"קרמה - דאודורנט רול און לאישה קרמה ורד ווניל 75 מ""ל",החב הדרומית לשיווק,IL,דאודורנט רול און ורד ווניל,,0.00,100.00,false,1.00,13.90,0.00,true,0,
7290108355482,false,"קרמה - דאודורנט רול און לאישה קרמה לבנדר ואקליפטוס 75 מ""ל",החברה הדרומית לשיווק בעמ,IL,דאודורנט רול און לבנדר ומגנוליה,,0.00,100.00,false,1.00,13.90,0.00,true,0,
7290108355543,false,"קרמה - דאודורנט ספריי לאישה נרולי מגנוליה 150 מ""ל",החברה הדרומית לשיווק בעמ,IL,דאודורנט ספריי נרולי מגנוליה,,0.00,100.00,false,1.00,13.90,0.00,true,0,
7290108355697,false,"קרליין - בודי מיסט פיור לוב 250 מ""ל",החברה הדרומית,IL,PURE LOVE מבשם גוף,,0.00,100.00,false,1.00,39.90,0.00,true,0,
7290108355703,false,"קרליין - בודי מיסט סטולן קיס 250 מ""ל",החברה הדרומית,IL,STOLEN KISS מבשם גוף,,0.00,100.00,false,1.00,39.90,0.00,true,0,
7290108355727,false,"קרליין קרם גוף מבושם PURE LOVE שפופרת 250 מ""ל",החברה הדרומית,IL,קרליין PURE LOVE קרם גוף מבושם שפופרת,,0.00,100.00,false,1.00,24.90,0.00,true,0,
7290108355734,false,"קרליין קרם גוף מבושם KISS STOLEN שפופרת 250 מ""ל",החברה הדרומית,IL,קרליין STOLEN KISS קרם גוף מבושם שפופרת,,0.00,100.00,false,1.00,24.90,0.00,true,0,
<<<<<<< HEAD
7290108355802,false,"תחליב רחצה קרמה ורד ווניל 700 מ""ל",גוד פוד פרודקטס S.p,IL,תחליב רחצה ורד ווניל,,0.00,100.00,false,1.00,18.90,0.00,true,0,
=======
7290108355802,false,"תחליב רחצה קרמה ורד ווניל 700 מ""ל",החברה הדרומית לשיווק בעמ,IL,תחליב רחצה ורד ווניל,,0.00,100.00,false,1.00,18.90,0.00,true,0,
>>>>>>> d048ac2f4f281c9d788043ab4e81b61b0dbe3743
7290108356014,false,"כיף תחליב רחצה בניחות מסקרפונה ופירות יער 700 מ""ל",החברה הדרומית,IL,תחליב רחצה בניחוח גלידת מסקרפונה ופירות יער,,0.00,100.00,false,1.00,12.90,0.00,true,0,
7290108356021,false,כיף תחליב רחצה בניחוח גלידת קרם עוגיות,החברה הדרומית לשיווק בעמ,IL,תחליב רחצה בניחוח גלידת קרם עוגיות,,0.00,100.00,false,1.00,12.90,0.00,true,0,
7290108356083,false,כיף תחליב רחצה בניחוח גלידת סורבה מנגו,החברה הדרומית,IL,תחליב רחצה בניחוח גלידת סורבה מנגו,,0.00,100.00,false,1.00,12.90,0.00,true,0,
7290108356090,false,קרמה תרחיץ גל לשטיפה אינטימית 220 מל,קוסמופארם בעמ,IL,תרחיץ ג'ל לשטיפה אינטימית,,0.00,100.00,false,1.00,19.90,0.00,true,0,
<<<<<<< HEAD
7290108356106,false,כיף תחליב רחצה חלב שקדים 700 מל,החברה הדרומית,IL,תחליב רחצה חלב שקדים,,0.00,100.00,false,1.00,12.90,0.00,true,0,
7290108356113,false,"כיף תחליב רחצה דבש 700 מ""ל-מרכז",קוסמופארם בעמ,IL,תחליב רחצה חלב ודבש,,0.00,100.00,false,1.00,12.90,0.00,true,0,
7290108356168,false,"כיף - תחליב רחצה אוקיינוס 700 מ""ל",גוד פוד פרודקטס S.p,IL,תחליב רחצה אוקיינוס,,0.00,100.00,false,1.00,12.90,0.00,true,0,
7290108356182,false,כיף אל סבון תאנה ותה ירוק 1 ליטר משאבה,קוסמופארם בע'\'\מ,IL,אל סבון קטיפתי תאנה ותה ירוק,,0.00,1.00,false,1.00,14.90,14.90,true,0,
7290108356274,false,"כיף - מוס רחצה בניחוח תותים ושמנת 150 מ""ל",החברה הדרומית,IL,כיף מוס רחצה בניחוח תותים ושמנת,,0.00,100.00,false,1.00,12.90,0.00,true,0,
7290108356298,false,"כיף - מוס רחצה בניחוח קרם עוגיות 150 מ""ל",קוסטר אירוסול,IL,כיף מוס רחצה בניחוח קרם עוגיות,,0.00,100.00,false,1.00,12.90,0.00,true,0,
7290108356465,false,נ.פורמולה ווליום אינטנס מרכך נפח 400 מל,החברה הדרומית,IL,ווליום אינטנס מרכך נפח,,0.00,100.00,false,1.00,29.90,0.00,true,0,
7290108356489,false,"כיף - תחליב רחצה אפרסק וחמאת מורומורו 700 מ""ל",קוסמופארם בעמ,IL,תחליב רחצה אפרסק וחמאת מורומורו,,0.00,100.00,false,1.00,12.90,0.00,true,0,
7290108356496,false,כיף אל סבון קטיפתי מועשר בשמן מקדמיה 500,החברה הדרומית,IL,אל סבון קטיפתי מועשר בשמן מקדמיה,,0.00,100.00,false,1.00,7.90,0.00,true,0,
7290108356519,false,קרליין שמפו 10למניעת קשקשים 700מל,"קוסמופארם בע""\מ",IL,שמפו 10 לשיער רגיל,,0.00,100.00,false,1.00,13.90,0.00,true,0,
7290108356526,false,"קרליין - שמפו 10 לשיער יבש 700 מ""ל","קוסמופארם בע""\מ",IL,שמפו 10 לשיער יבש,,0.00,100.00,false,1.00,13.90,0.00,true,0,
7290108356533,false,קרוליין 10 שמפו לשיער מתולתל 700 מל,"קוסמופארם בע""\מ",IL,שמפו 10 לשיער מתולתל,,0.00,100.00,false,1.00,13.90,0.00,true,0,
7290108356540,false,קרוליין 10 שמפו לשיער צבוע 700 מל,"קוסמופארם בע""\מ",IL,שמפו 10 לשיער צבוע,,0.00,100.00,false,1.00,13.90,0.00,true,0,
7290108356564,false,"קרליין - מרכך 10 לשיער רגיל 700 מ""ל","קוסמופארם בע""\מn\",IL,מרכך 10 לשיער רגיל,,0.00,100.00,false,1.00,13.90,0.00,true,0,
7290108356571,false,"קרליין - מרכך 10 לשיער יבש 700 מ""ל","קוסמופארם בע""\מ",IL,מרכך 10 לשיער יבש,,0.00,100.00,false,1.00,13.90,0.00,true,0,
7290108356588,false,קרוליין 10 מרכך לשיער מתולתל 700 מל,"קוסמופארם בע""\מ",IL,מרכך 10 לשיער מתולתל,,0.00,100.00,false,1.00,13.90,0.00,true,0,
7290108356595,false,"קרליין מרכך 10 לשיער צבוע 700 מ""ל","קוסמופארם בע""\מ",IL,מרכך 10 לשיער צבוע,,0.00,100.00,false,1.00,13.90,0.00,true,0,
7290108357004,false,כיף שמפו ורד ושמן קוקוי לרכות וברק,טרופיקל דגיל תעשיות,IL,שמפו ורד ושמן קוקוי לרכות וברק,,0.00,100.00,false,1.00,12.90,0.00,true,0,
7290108357011,false,כיף קונדישינר לשיער שמן קוקוי 700 מל,טרופיקל דגיל תעשיות,IL,מרכך ורד ושמן קוקוי לרכות וברק,,0.00,100.00,false,1.00,12.90,0.00,true,0,
7290108357028,false,"תחליב רחצה כיף ורד ושמן קוקוי 700 מ""ל",קוסמופארם בעמ,IL,ורד ושמן קוקוי תחליב רחצה,,0.00,100.00,false,1.00,12.90,0.00,true,0,
7290108357042,false,"קרליין - נושם ביו דאודורנט רול און 75 מ""ל Citrus Blossoms לאישה","קוסמופארם בע""\מ",IL,נושם BIO דאו רולאון Citrus Blossoms,,0.00,100.00,false,1.00,13.90,0.00,true,0,
7290108357059,false,"קרליין - נושם ביו דאודורנט רול און 75 מ""ל Secret Garden לאישה","קוסמופארם בע""\מ",IL,נושם BIO דאו רולאון Secret Garden,,0.00,100.00,false,1.00,13.90,0.00,true,0,
7290108357073,false,"קרליין - נושם ביו דאודורנט ספריי 150 מ""ל Blossoms Citrus לאישה",קוסטר אירוסול,IL,נושם BIO דאו ספריי Citrus Blossoms,,0.00,100.00,false,1.00,13.90,0.00,true,0,
7290108357080,false,"קרליין - נושם ביו דאודורנט ספריי 150 מ""ל Secret Garden לאישה",קוסטר אירוסול,IL,נושם BIO דאו ספריי Secret Garden,,0.00,100.00,false,1.00,13.90,0.00,true,0,
7290108357097,false,"קרליין - נושם ביו דאודורנט ספריי 150 מ""ל Velvet Rose לאישה",קוסטר אירוסול,IL,נושם BIO דאו ספריי Velvet Rose,,0.00,100.00,false,1.00,13.90,0.00,true,0,
7290108357110,false,"קרליין - נושם ביו דאודורנט רול און 75 מ""ל Valvet Rose לאישה","קוסמופארם בע""\מ",IL,נושם BIO דאו רולאון Velvet Rose,,0.00,100.00,false,1.00,13.90,0.00,true,0,
7290108357189,false,"מבשם ומרכך למייבש הכביסה מקסימה פלורל 750 מ""ל סנו","סנו מפעלי ברונוס בע""\מ",IL,מבשם ומרכך למייבש כביסה FLORAL TOUCH,,0.00,100.00,false,1.00,18.90,0.00,true,0,
7290108357226,false,"אוקסיגן POWER אבקה לכביסה לבנה והסרת כתמים 1.4 ק""ג סנו",החברה הדרומית,IL,POWER אבקה להסרת כתמים קשים הלבנה עוצמתית לכביסה לבנה,,0.00,1.00,false,1.00,39.90,28.50,true,0,
7290108357257,false,סנו - פרש מכשיר אוטומטי לבישום אוויר בתוספת מילוי אולטרא פרש,"יצרן מכשיר: זובלה, יצרן",IL,סנו פרש מכשיר אוטומטי + מילוי ניחוח מרכך כביסה אולטרה פרש,,0.00,0.00,false,1.00,44.90,44.90,true,0,
7290108357264,false,"פרש אוטומטי מילוי בניחוח מרכך הכביסה אולטרה 375 מ""ל סנו",סנו מפעלי ברונוס בעמ,IL,פרש הום מבשם אויר מילוי למכשיר אוטומטי בניחוח מרכך כביסה אולטרה פרש,,0.00,100.00,false,1.00,15.90,0.00,true,0,
7290108357295,false,"מרסס אוקסיג'ן מסיר כתמים סנו לכביסה לבנה 750 מ""ל",החברה הדרומית,IL,POWER מסיר כתמים עוצמתי לכביסה לבנה,,0.00,100.00,false,1.00,16.90,0.00,true,0,
7290108357301,false,"סנו - K300 קוטל חרקים תיקנים ונמלים 300 מ""ל","סנו מפעלי ברונוס בע""\מ",IL,K300 לקטילה מיידית ומתמשכת,,0.00,100.00,false,1.00,12.90,0.00,true,0,
7290108357394,false,"תחליב רחצה קרמה חלב ודבש 700 מ""ל",קוסמופארם בע'\'\מ,IL,תחליב רחצה חלב ודבש,,0.00,100.00,false,1.00,18.90,0.00,true,0,
7290108357400,false,"תחליב רחצה קרמה לבנדר ואקליפטוס 700 מ""ל",קוסמופארם בעמ,IL,תחליב רחצה לבנדר ואקליפטוס,,0.00,100.00,false,1.00,18.90,0.00,true,0,
7290108357417,false,"קרמה - קרם גוף קרמה ורד ווניל 500 מ""ל",טרופיקל דגיל תעשיות,IL,קרם גוף ורד ווניל,,0.00,100.00,false,1.00,24.90,0.00,true,0,
7290108357424,false,"קרם גוף קרמה נרולי ומגנוליה 500 מ""ל",קוסמופארם בע'\'\מ,IL,קרם גוף נרולי ומגנוליה,,0.00,100.00,false,1.00,24.90,0.00,true,0,
7290108357448,false,"קרמה - קרם גוף קרמה לבנדר ואקליפטוס 500 מ""ל",קוסמופארם בע'\'\מ,IL,קרם גוף לבנדר ואקליפטוס,,0.00,100.00,false,1.00,24.90,0.00,true,0,
7290108357707,false,"כיף שמפו לשיער רגיל- תפוח זרעי צ'יה 700 מ""ל",גוד פוד פרודקטס S.p,IL,שמפו לשיער רגיל תפוח וזרעי צ'יה,,0.00,100.00,false,1.00,12.90,0.00,true,0,
7290108357769,false,"מרכך לשיער רגיל תפוח וזרעי צ'יה 700 מ""ל כיף",גוד פוד פרודקטס S.p,IL,מרכך לשיער רגיל תפוח וזרעי צ'יה,,0.00,100.00,false,1.00,12.90,0.00,true,0,
7290108357837,false,כיף אל סבון 1 ליטר ג'נסינג שקית מילוי + פקק,"קוסמופארם בע""\מ",IL,שקית מילוי אל סבון קטיפתי אצות ים,,0.00,1.00,false,1.00,11.90,11.90,true,0,
7290108357851,false,"כיף - ג'ל רחצה אליקסיר אוילס מועשר בשמן קוקוס 700 מ""ל","קוסמופארם בע""\מ",IL,ג'ל רחצה Elixir Oils מועשר בשמן קוקוס,,0.00,100.00,false,1.00,12.90,0.00,true,0,
7290108357868,false,"כיף - ג'ל רחצה אליקסיר אויל מועשר בשמן מקדמיה 700 מ""ל","קוסמופארם בע""\מ",IL,ג'ל רחצה Elixir Oils מועשר בשמן מקדמיה,,0.00,100.00,false,1.00,12.90,0.00,true,0,
7290108357875,false,"כיף - שמפו לחות מוגברת עם אפרסק וחמאת מורומורו 700 מ""ל",קוסמופארם בעמ,IL,שמפו לחות מוגברת אפרסק וחמאת מורומורו,,0.00,100.00,false,1.00,12.90,0.00,true,0,
7290108357882,false,"כיף - מרכך לחות מוגברת עם אפרסק וחמאת מורומורו 700 מ""ל",קוסמופארם בעמ,IL,מרכך לחות מוגברת אפרסק וחמאת מורומורו,,0.00,100.00,false,1.00,12.90,0.00,true,0,
7290108358070,false,"תחליב רחצה קרמה קלאסי 700 מ""ל",גוד פוד פרודקטס S.p,IL,תחליב רחצה קלאסי,,0.00,100.00,false,1.00,18.90,0.00,true,0,
7290108358087,false,"תחליב רחצה קרמה מאסק 700 מ""ל",גוד פוד פרודקטס S.p,IL,תחליב רחצה מאסק,,0.00,100.00,false,1.00,18.90,0.00,true,0,
7290108358094,false,"קרמה - תחליב רחצה חמאת שיאה וקוקוי 500 מ""ל","קוסמופארם בע""\מn\",IL,תחליב רחצה חמאת שיאה וקוקוי,,0.00,100.00,false,1.00,13.90,0.00,true,0,
7290108358117,false,"פרש הום מקלות ריחניים לבית בניחוח כביסה רעננה 100 מ""ל",החברה הדרומית,IL,פרש הום מקלות ריחניים בניחוח כביסה רעננה,,0.00,0.00,false,1.00,23.90,0.23,true,0,
7290108359008,false,סושי שקיות זיפר עם סליידר 15 יח לארג',החברה הדרומית,CN,שקיות זיפר עם סליידר L,,0.00,0.00,false,1.00,13.90,0.00,true,0,
7290108359015,false,סושי שקיות זיפר עם סליידר 20 יח מדיום,החברה הדרומית,CN,שקיות זיפר עם סליידר M,,0.00,0.00,false,1.00,13.90,0.00,true,0,
7290108359824,false,"כיף - בייבי כיף קרם 500 מ""ל",קוסמופארם בעמ,IL,SENSITIVE קרם גוף,,0.00,100.00,false,1.00,24.90,0.00,true,0,
7290108359831,false,"כיף - בייבי כיף שמן 500 מ""ל","מיוצר ומשווק ע""י קוס",IL,SENSITIVE שמן גוף,,0.00,100.00,false,1.00,26.90,0.00,true,0,
7290108359855,false,"שמפו אל דמע בייבי כיף+משאבה 750 מ""ל",גוד פוד פרודקטס S.p,IL,SENSITIVE שמפו אל דמע,,0.00,100.00,false,1.00,19.90,0.00,true,0,
7290108359879,false,"אלסבון בייבי כיף+משאבה 750 מ""ל",קוסמופארם בעמ,IL,SENSITIVE אל סבון,,0.00,100.00,false,1.00,17.90,0.00,true,0,
=======
7290108356106,false,כיף תחליב רחצה חלב שקדים 700 מל,החברה הדרומית לשיווק בעמ,IL,תחליב רחצה חלב שקדים,,0.00,100.00,false,1.00,12.90,0.00,true,0,
7290108356113,false,תחליב רחצה כיף ניחוח דבש 700 מל,החברה הדרומית לשיווק בעמ,IL,תחליב רחצה חלב ודבש,,0.00,100.00,false,1.00,12.90,0.00,true,0,
7290108356168,false,תחליב רחצה כיף ניחוח אוקיינס700 מל,החברה הדרומית לשיווק בעמ,IL,תחליב רחצה אוקיינוס,,0.00,100.00,false,1.00,12.90,0.00,true,0,
7290108356182,false,אל סבון נוזלי כיף תאנה ותה ירוק (1ליטר),החברה הדרומית לשיווק בעמ,IL,אל סבון קטיפתי תאנה ותה ירוק,,0.00,1.00,false,1.00,14.90,14.90,true,0,
7290108356274,false,"כיף - מוס רחצה בניחוח תותים ושמנת 150 מ""ל",החברה הדרומית לשיווק בעמ,IL,כיף מוס רחצה בניחוח תותים ושמנת,,0.00,100.00,false,1.00,12.90,0.00,true,0,
7290108356298,false,"כיף - מוס רחצה בניחוח קרם עוגיות 150 מ""ל",החברה הדרומית לשיווק בעמ,IL,כיף מוס רחצה בניחוח קרם עוגיות,,0.00,100.00,false,1.00,12.90,0.00,true,0,
7290108356465,false,נ.פורמולה ווליום אינטנס מרכך נפח 400 מל,החברה הדרומית,IL,ווליום אינטנס מרכך נפח,,0.00,100.00,false,1.00,29.90,0.00,true,0,
7290108356489,false,"כיף - תחליב רחצה אפרסק וחמאת מורומורו 700 מ""ל",החברה הדרומית לשיווק בעמ,IL,תחליב רחצה אפרסק וחמאת מורומורו,,0.00,100.00,false,1.00,12.90,0.00,true,0,
7290108356496,false,כיף אל סבון קטיפתי מועשר בשמן מקדמיה 500,החברה הדרומית,IL,אל סבון קטיפתי מועשר בשמן מקדמיה,,0.00,100.00,false,1.00,7.90,0.00,true,0,
7290108356519,false,קרליין שמפו 10למניעת קשקשים 700מל,החברה הדרומית לשיווק בעמ,IL,שמפו 10 לשיער רגיל,,0.00,100.00,false,1.00,13.90,0.00,true,0,
7290108356526,false,"קרליין - שמפו 10 לשיער יבש 700 מ""ל",החברה הדרומית לשיווק בעמ,IL,שמפו 10 לשיער יבש,,0.00,100.00,false,1.00,13.90,0.00,true,0,
7290108356533,false,קרוליין 10 שמפו לשיער מתולתל 700 מל,החברה הדרומית לשיווק בעמ,IL,שמפו 10 לשיער מתולתל,,0.00,100.00,false,1.00,13.90,0.00,true,0,
7290108356540,false,קרוליין 10 שמפו לשיער צבוע 700 מל,החברה הדרומית לשיווק בעמ,IL,שמפו 10 לשיער צבוע,,0.00,100.00,false,1.00,13.90,0.00,true,0,
7290108356564,false,"קרליין - מרכך 10 לשיער רגיל 700 מ""ל",החברה הדרומית לשיווק בעמ,IL,מרכך 10 לשיער רגיל,,0.00,100.00,false,1.00,13.90,0.00,true,0,
7290108356571,false,"קרליין - מרכך 10 לשיער יבש 700 מ""ל",החברה הדרומית לשיווק בעמ,IL,מרכך 10 לשיער יבש,,0.00,100.00,false,1.00,13.90,0.00,true,0,
7290108356588,false,קרוליין 10 מרכך לשיער מתולתל 700 מל,החברה הדרומית לשיווק בעמ,IL,מרכך 10 לשיער מתולתל,,0.00,100.00,false,1.00,13.90,0.00,true,0,
7290108356595,false,"קרליין מרכך 10 לשיער צבוע 700 מ""ל",החברה הדרומית לשיווק בעמ,IL,מרכך 10 לשיער צבוע,,0.00,100.00,false,1.00,13.90,0.00,true,0,
7290108357004,false,כיף שמפו ורד ושמן קוקוי לרכות וברק,החברה הדרומית לשיווק בעמ,IL,שמפו ורד ושמן קוקוי לרכות וברק,,0.00,100.00,false,1.00,12.90,0.00,true,0,
7290108357011,false,כיף קונדישינר לשיער שמן קוקוי 700 מל,החברה הדרומית לשיווק בעמ,IL,מרכך ורד ושמן קוקוי לרכות וברק,,0.00,100.00,false,1.00,12.90,0.00,true,0,
7290108357028,false,"תחליב רחצה כיף ורד ושמן קוקוי 700 מ""ל",החברה הדרומית לשיווק בעמ,IL,ורד ושמן קוקוי תחליב רחצה,,0.00,100.00,false,1.00,12.90,0.00,true,0,
7290108357042,false,"קרליין - נושם ביו דאודורנט רול און 75 מ""ל Citrus Blossoms לאישה",החברה הדרומית לשיווק בעמ,IL,נושם BIO דאו רולאון Citrus Blossoms,,0.00,100.00,false,1.00,13.90,0.00,true,0,
7290108357059,false,"קרליין - נושם ביו דאודורנט רול און 75 מ""ל Secret Garden לאישה",החברה הדרומית לשיווק בעמ,IL,נושם BIO דאו רולאון Secret Garden,,0.00,100.00,false,1.00,13.90,0.00,true,0,
7290108357073,false,"קרליין - נושם ביו דאודורנט ספריי 150 מ""ל Blossoms Citrus לאישה",החברה הדרומית לשיווק בעמ,IL,נושם BIO דאו ספריי Citrus Blossoms,,0.00,100.00,false,1.00,13.90,0.00,true,0,
7290108357080,false,"קרליין - נושם ביו דאודורנט ספריי 150 מ""ל Secret Garden לאישה",החברה הדרומית לשיווק בעמ,IL,נושם BIO דאו ספריי Secret Garden,,0.00,100.00,false,1.00,13.90,0.00,true,0,
7290108357097,false,"קרליין - נושם ביו דאודורנט ספריי 150 מ""ל Velvet Rose לאישה",החברה הדרומית לשיווק בעמ,IL,נושם BIO דאו ספריי Velvet Rose,,0.00,100.00,false,1.00,13.90,0.00,true,0,
7290108357110,false,"קרליין - נושם ביו דאודורנט רול און 75 מ""ל Valvet Rose לאישה",החברה הדרומית לשיווק בעמ,IL,נושם BIO דאו רולאון Velvet Rose,,0.00,100.00,false,1.00,13.90,0.00,true,0,
7290108357189,false,"מבשם ומרכך למייבש הכביסה מקסימה פלורל 750 מ""ל סנו",החברה הדרומית לשיווק בעמ,IL,מבשם ומרכך למייבש כביסה FLORAL TOUCH,,0.00,100.00,false,1.00,18.90,0.00,true,0,
7290108357226,false,"אוקסיגן POWER אבקה לכביסה לבנה והסרת כתמים 1.4 ק""ג סנו",החברה הדרומית לשיווק בעמ,IL,POWER אבקה להסרת כתמים קשים הלבנה עוצמתית לכביסה לבנה,,0.00,1.00,false,1.00,39.90,28.50,true,0,
7290108357257,false,סנו - פרש מכשיר אוטומטי לבישום אוויר בתוספת מילוי אולטרא פרש,החברה הדרומית לשיווק בעמ,IL,סנו פרש מכשיר אוטומטי + מילוי ניחוח מרכך כביסה אולטרה פרש,,0.00,0.00,false,1.00,44.90,44.90,true,0,
7290108357264,false,"פרש אוטומטי מילוי בניחוח מרכך הכביסה אולטרה 375 מ""ל סנו",החברה הדרומית לשיווק בעמ,IL,פרש הום מבשם אויר מילוי למכשיר אוטומטי בניחוח מרכך כביסה אולטרה פרש,,0.00,100.00,false,1.00,15.90,0.00,true,0,
7290108357295,false,"מרסס אוקסיג'ן מסיר כתמים סנו לכביסה לבנה 750 מ""ל",החברה הדרומית לשיווק בעמ,IL,POWER מסיר כתמים עוצמתי לכביסה לבנה,,0.00,100.00,false,1.00,16.90,0.00,true,0,
7290108357301,false,"סנו - K300 קוטל חרקים תיקנים ונמלים 300 מ""ל",החברה הדרומית לשיווק בעמ,IL,K300 לקטילה מיידית ומתמשכת,,0.00,100.00,false,1.00,12.90,0.00,true,0,
7290108357394,false,"תחליב רחצה וניל ופלפל ורוד קרמה 700מ""ל",החברה הדרומית לשיווק בעמ,IL,תחליב רחצה חלב ודבש,,0.00,100.00,false,1.00,18.90,0.00,true,0,
7290108357400,false,"תחליב רחצה קרמה לבנדר ואקליפטוס 700 מ""ל",החברה הדרומית לשיווק בעמ,IL,תחליב רחצה לבנדר ואקליפטוס,,0.00,100.00,false,1.00,18.90,0.00,true,0,
7290108357417,false,"קרמה - קרם גוף קרמה ורד ווניל 500 מ""ל",החברה הדרומית לשיווק בעמ,IL,קרם גוף ורד ווניל,,0.00,100.00,false,1.00,24.90,0.00,true,0,
7290108357424,false,"קרם גוף קרמה נרולי ומגנוליה 500 מ""ל",החב הדרומית לשיווק,IL,קרם גוף נרולי ומגנוליה,,0.00,100.00,false,1.00,24.90,0.00,true,0,
7290108357448,false,"קרמה - קרם גוף קרמה לבנדר ואקליפטוס 500 מ""ל",החברה הדרומית לשיווק בעמ,IL,קרם גוף לבנדר ואקליפטוס,,0.00,100.00,false,1.00,24.90,0.00,true,0,
7290108357707,false,"כיף שמפו לשיער רגיל- תפוח זרעי צ'יה 700 מ""ל",החברה הדרומית לשיווק בעמ,IL,שמפו לשיער רגיל תפוח וזרעי צ'יה,,0.00,100.00,false,1.00,12.90,0.00,true,0,
7290108357769,false,"מרכך לשיער רגיל תפוח וזרעי צ'יה 700 מ""ל כיף",החברה הדרומית לשיווק בעמ,IL,מרכך לשיער רגיל תפוח וזרעי צ'יה,,0.00,100.00,false,1.00,12.90,0.00,true,0,
7290108357837,false,כיף אל סבון 1 ליטר ג'נסינג שקית מילוי + פקק,החברה הדרומית לשיווק בעמ,IL,שקית מילוי אל סבון קטיפתי אצות ים,,0.00,1.00,false,1.00,11.90,11.90,true,0,
7290108357851,false,"כיף - ג'ל רחצה אליקסיר אוילס מועשר בשמן קוקוס 700 מ""ל",החברה הדרומית לשיווק בעמ,IL,ג'ל רחצה Elixir Oils מועשר בשמן קוקוס,,0.00,100.00,false,1.00,12.90,0.00,true,0,
7290108357868,false,"כיף - ג'ל רחצה אליקסיר אויל מועשר בשמן מקדמיה 700 מ""ל",החברה הדרומית לשיווק בעמ,IL,ג'ל רחצה Elixir Oils מועשר בשמן מקדמיה,,0.00,100.00,false,1.00,12.90,0.00,true,0,
7290108357875,false,"כיף - שמפו לחות מוגברת עם אפרסק וחמאת מורומורו 700 מ""ל",החברה הדרומית לשיווק בעמ,IL,שמפו לחות מוגברת אפרסק וחמאת מורומורו,,0.00,100.00,false,1.00,12.90,0.00,true,0,
7290108357882,false,"כיף - מרכך לחות מוגברת עם אפרסק וחמאת מורומורו 700 מ""ל",החברה הדרומית לשיווק בעמ,IL,מרכך לחות מוגברת אפרסק וחמאת מורומורו,,0.00,100.00,false,1.00,12.90,0.00,true,0,
7290108358070,false,"תחליב רחצה קרמה קלאסי 700 מ""ל",החברה הדרומית לשיווק בעמ,IL,תחליב רחצה קלאסי,,0.00,100.00,false,1.00,18.90,0.00,true,0,
7290108358087,false,"תחליב רחצה קרמה מאסק 700 מ""ל",החברה הדרומית לשיווק בעמ,IL,תחליב רחצה מאסק,,0.00,100.00,false,1.00,18.90,0.00,true,0,
7290108358094,false,"קרמה - תחליב רחצה חמאת שיאה וקוקוי 500 מ""ל",החברה הדרומית לשיווק בעמ,IL,תחליב רחצה חמאת שיאה וקוקוי,,0.00,100.00,false,1.00,13.90,0.00,true,0,
7290108358117,false,"פרש הום מקלות ריחניים לבית בניחוח כביסה רעננה 100 מ""ל",החברה הדרומית לשיווק בעמ,IL,פרש הום מקלות ריחניים בניחוח כביסה רעננה,,0.00,0.00,false,1.00,23.90,0.23,true,0,
7290108359008,false,סושי שקיות זיפר עם סליידר 15 יח לארג',החברה הדרומית לשיווק בעמ,CN,שקיות זיפר עם סליידר L,,0.00,0.00,false,1.00,13.90,0.00,true,0,
7290108359015,false,סושי שקיות זיפר עם סליידר 20 יח מדיום,החברה הדרומית לשיווק בעמ,CN,שקיות זיפר עם סליידר M,,0.00,0.00,false,1.00,13.90,0.00,true,0,
7290108359824,false,"כיף - בייבי כיף קרם 500 מ""ל",החברה הדרומית לשיווק בעמ,IL,SENSITIVE קרם גוף,,0.00,100.00,false,1.00,24.90,0.00,true,0,
7290108359831,false,בייבי שמן לתינוק לעור עדין כיף (500 מל),החברה הדרומית לשיווק בעמ,IL,SENSITIVE שמן גוף,,0.00,100.00,false,1.00,26.90,0.00,true,0,
7290108359855,false,"שמפו אל דמע בייבי כיף+משאבה 750 מ""ל",החברה הדרומית לשיווק בעמ,IL,SENSITIVE שמפו אל דמע,,0.00,100.00,false,1.00,19.90,0.00,true,0,
7290108359879,false,"אלסבון בייבי כיף+משאבה 750 מ""ל",החברה הדרומית לשיווק בעמ,IL,SENSITIVE אל סבון,,0.00,100.00,false,1.00,17.90,0.00,true,0,
>>>>>>> d048ac2f4f281c9d788043ab4e81b61b0dbe3743
7290108450057,false,לייף חטיף אורז אפוי בטעם בננה לתינוקות 6,גלעם,IL,חטיף אורז אפוי בטעם בננה לתינוקות 6+ חודשים,,0.00,100.00,false,1.00,12.90,0.00,true,0,
7290108450071,false,סאנדיי 60 שקיות אשפה סטנדרטית,EGM השקעות בעמ,CN,שקיות אשפה עם שרוך,,0.00,0.00,false,1.00,18.90,0.31,true,0,
7290108450088,false,סאנדיי 40 שקיות אשפה חזקות במיוחד,EGM השקעות בעמ,CN,"שקיות אשפה חזקות במיוחד עם שרוך 65*53 ס""מ",,0.00,0.00,false,1.00,21.90,0.54,true,0,
7290108450842,false,לייף מארז מגבונים להסרת איפור חמישיה,DPL,,מארז מגבונים להסרת איפור,,0.00,0.00,false,1.00,34.90,0.00,true,0,
7290108450859,false,לייף קידס ספיידרמן אלסבון 700 מל לילדים,ארמן,IL,אל סבון לילדים ספיידרמן,,0.00,100.00,false,1.00,13.90,0.00,true,0,
7290108450866,false,לייף קידס ספיידרמן שמפו 700 מל לילדים,ארמן,IL,שמפו לילדים ספיידרמן,,0.00,100.00,false,1.00,13.90,0.00,true,0,
7290108450873,false,לייף קידס אלסבון פרוזן 2 700 מל,ארמן,IL,אל סבון לילדים פרוזן -תכלת,,0.00,100.00,false,1.00,13.90,0.00,true,0,
7290108450880,false,לייף קידס פרוזן שמפו לסירוק קל 700 מל,ארמן,IL,שמפו פרוזן לילדים מתיר קשרים,,0.00,100.00,false,1.00,13.90,0.00,true,0,
7290108450897,false,לייף קידס פרוזן מרכך לסירוק קל 700 מל,ארמן,IL,מרכך לילדים אנה ואלזה מתיר קשרים,,0.00,100.00,false,1.00,13.90,0.00,true,0,
7290108451139,false,לייף מברשת חשמלית לילדים-ספיידרמן כחול,יניר מערכות,CN,DENTAL מברשת שיניים חשמלית לילדים ספיידרמן כחול,,0.00,0.00,false,1.00,39.90,0.00,true,0,
7290108451146,false,לייף זוג ראשים למברשת חשמלית צומצום ורוד,יניר מערכות,CN,DENTAL ראשים למברשת שיניים חשמלית לילדים- צומצום ורוד,,0.00,0.00,false,1.00,19.90,9.95,true,0,
7290108451153,false,לייף מארז זוג ראשים למברשת לילדים-ספיידר,יניר מערכות,CN,DENTAL ראשים למברשת שיניים לילדים-ספיידרמן,,0.00,0.00,false,1.00,19.70,9.85,true,0,
7290108451436,false,לייף משחת שיניים להלבנת שיניים,זר הייטק,BG,DENTAL משחת שיניים להלבנה,,0.00,0.00,false,1.00,13.90,0.13,true,0,
7290108451511,false,לייף טמפון ללא מוליך סופר 32 יח,עלבד,IL,טמפונים ללא מוליך סופר,,0.00,0.00,false,1.00,17.90,0.55,true,0,
7290108451986,false,סאנדיי מגבונים לריכוך ובישום כביסה 20 יח,General,IL,מגבונים לחים לבישום ולריכוך כביסה,,0.00,0.00,false,1.00,9.90,0.49,true,0,
7290108452082,false,לייף עוגיות קלות מקמח מלא ללא תוספת סוכר,לייף,IL,עוגיות קלות מחיטה מלאה ללא תוספת סוכר,,0.00,100.00,false,1.00,13.90,0.00,true,0,
7290108452150,false,לייף פד ספיגה 14 יח' SUPER,ONTEX,BE,Everyday תחבושת לבריחת שתן סופר,,0.00,0.00,false,1.00,17.90,1.27,true,0,
7290108452174,false,לייף פד ספיגה 10 יח EXTRA +,ONTEX,BE,Everyday תחבושת לבריחת שתן אקסטרה+,,0.00,0.00,false,1.00,17.90,1.79,true,0,
7290108452181,false,לייף פד ספיגה 10 יח' NIGHT,ONTEX,BE,Everyday תחבושת לבריחת שתן ללילה,,0.00,0.00,false,1.00,17.90,1.79,true,0,
7290108452396,false,לייף סילון מים דנטלי לניקוי השיניים והפה,לייף,CN,סילון מים דנטלי,,0.00,0.00,false,1.00,229.90,0.00,true,0,
7290108452464,false,לייף מברשת שיניים לילדים-צומצום,טריזה,CH,DENTAL מברשת שיניים לילדים 3+ שנים,,0.00,0.00,false,1.00,13.90,0.00,true,0,
7290108453058,false,לייף בייביז קרם פנים סנסיטיב לתינוקות100,אמיליה קוסמטיקס,IL,קרם פנים לתינוק היפואלרגני לעור רגיש,,0.00,0.00,false,1.00,18.90,0.18,true,0,
7290108455557,false,לייף קיסמי שיניים עם קצה טייפ רחב,ח.נ.ה,CN,DENTAL קיסמי שיניים עם קצה טייפ דנטלי,,0.00,0.00,false,1.00,12.90,0.32,true,0,
7290108456363,false,לייף שעוות ליפגלוס להסרת שיער מהפנים,זר הייטק,IL,לייף שעוות ליפגלוס להסרת שיער מהפנים,,0.00,0.00,false,1.00,24.90,24.90,true,0,
7290108456370,false,לייף מארז רביעיית מברשות EASY CLEAN,טריזה,CH,DENTAL EASY CLEAN מברשות שיניים,,0.00,0.00,false,1.00,14.90,3.72,true,0,
7290108456417,false,לייף רצועות שעווה ביקיני ושחי אלוורה 12,זר הייטק,ES,רצועות שעווה להסרת שיער קו ביקיני ובית השחי מועשרות באלוורה וארגן,,0.00,0.00,false,1.00,12.90,1.07,true,0,
7290108456448,false,לייף שעוות מיקרו אלוורה,דר מלומד,IL,שעווה קרה למיקרוגל להסרת שיער מועשרת באלוורה,,0.00,100.00,false,1.00,21.90,0.00,true,0,
7290108456455,false,לייף שעוות מיקרו דבש ופרופוליס,דר מלומד,IL,שעווה קרה למיקרוגל להשרת שיער מועשרת בדבש דבורים טהור ובפרופוליס,,0.00,100.00,false,1.00,21.90,0.00,true,0,
7290108456462,false,לייף שעוות מיקרו לנערות,דר מלומד,IL,"שעווה קרה למיקרוגל להסרת שיער מותאמת לנערות מועשרת בקלנדולה, קמומיל ואלוורה",,0.00,100.00,false,1.00,21.90,0.00,true,0,
7290108456493,false,לייף שעוות פח אלוורה,קאליר,IL,שעווה קרה להסרת שיער מאזורי הגוף לעור עדין מועשרת באלוורה,,0.00,100.00,false,1.00,21.90,0.00,true,0,
7290108456509,false,לייף שעווה לפנים אלוורה,שוורץ,IL,שעווה להסרת שיער מעור הפנים ומאזורים עדינים מועשרת באלוורה,,0.00,0.00,false,1.00,21.90,0.21,true,0,
7290108456707,false,סאנדיי 15 שקיות זיפר כפול גדולות,General,CN,שקיות זיפר כפול סגירה הרמטית לשימוש רב פעמי,,0.00,0.00,false,1.00,12.90,0.86,true,0,
7290108456714,false,סאנדיי 20 שקיות זיפר כפול בינוניות,General,CN,שקיות זיפר כפול סגירה הרמטית לשימוש רב פעמי,,0.00,0.00,false,1.00,12.90,0.64,true,0,
7290108457834,false,לייף קרם פטרולטום טהור 100% HYDRO,אמיליה קוסמטיקס,IL,HYDRO+ פטרולטום טהור לעור ולשפתיים,,0.00,0.00,false,1.00,12.90,0.12,true,0,
7290108457841,false,לייף תחתוני רשת L רביעיה,איתן,CN,תחתוני רשת L,,0.00,0.00,false,1.00,18.90,4.72,true,0,
7290108457858,false,לייף תחתוני רשת XL רביעיה,איתן,CN,תחתוני רשת XL,,0.00,0.00,false,1.00,18.90,4.72,true,0,
7290108457865,false,לייף תחתוני נייר L-XL שביעיה,איתן,IL,לייף תחתוני נייר L-XL,,0.00,0.00,false,1.00,11.90,1.70,true,0,
7290108457940,false,סאנדיי מגן אסלה ניילון 20 יח,איתן,CN,כיסוי אסלה ניילון,,0.00,0.00,false,1.00,14.90,0.74,true,0,
7290108457957,false,סאנדיי אסלונית נייר 10 יח,איתן,CN,כיסויי נייר למושב האסלה נשטפים באסלה,,0.00,0.00,false,1.00,11.90,1.19,true,0,
7290108458220,false,לייף אול אין חטיף חלבון קרם עוגיות 50 גר,מדיטרנד,NL,ALL IN חטיף חלבון בטעם קרם עוגיות,,0.00,100.00,false,1.00,13.90,0.00,true,0,
7290108458251,false,לייף אול אין חטיף חלבון בננה טופי 60 ג,מדיטרנד,NL,ALL IN חטיף חלבון בטעם בננה טופי,,0.00,100.00,false,1.00,13.90,0.00,true,0,
7290109314327,false,לייף סבון אינטימי פרוביוטי מבושם במיוחד,ארמן,IL,סבון אינטימי מבושם במיוחד מועשר באבוקדו,,0.00,100.00,false,1.00,21.90,0.00,true,0,
7290109314334,false,לייף סבון אינטימי פרוביוטי אלוורה 250 מל,ארמן,IL,סבון אינטימי עדין מועשר באלוורה,,0.00,100.00,false,1.00,21.90,0.00,true,0,
7290109314341,false,לייף סבון אינטימי פרוביוטי נערות 250 מל,ארמן,IL,סבון אינטימי עדין לנערות מועשר בחמוציות,,0.00,100.00,false,1.00,21.90,0.00,true,0,
7290109314358,false,לייף סבון מוס אינטימי פרוביוטי 250 מל,ארמן,IL,סבון מוס אינטימי עדין במיוחד מועשר בקמומיל,,0.00,100.00,false,1.00,21.90,0.00,true,0,
7290109314419,false,לייף סכין גילוח חד פעמי 5 להבי 2 יח נשים,פרסונה,CN,סכיני גילוח חד פעמיים 5 להבים עם פס לחות גדול וויטמין E ואלוורה. להבים בציפוי קרמי,,0.00,0.00,false,1.00,19.90,9.95,true,0,
7290109314709,false,לייף מגבונים אינטימיים סשט 20 יח,עלבד,IL,מגבונים אינטימיים באריזה אישית מועשר באלוורה,,0.00,0.00,false,1.00,13.90,0.69,true,0,
7290109314723,false,לייף מגבונים אינטימיים נשטפים 20 יח,עלבד,IL,מגבוני הגיינה נשית נשטפים באסלה מועשרים באלוורה,,0.00,0.00,false,1.00,13.90,0.69,true,0,
7290109314846,false,לייף בייביז רפידות הנקה 30 יח לבן,איתן,CN,רפידות הנקה לבנות,,0.00,0.00,false,1.00,16.90,0.56,true,0,
7290109314853,false,סאפורה עוגיות ביסקוויט קרמל תוספת קינמון,EGM השקעות בעמ,IT,עוגיות ביסקוויט בטעם קרמל,,0.00,100.00,false,1.00,14.90,0.00,true,0,
7290109314860,false,לייף בייביז רפידות הנקה 50 יח לבן,איתן,CN,רפידות הנקה לבנות,,0.00,0.00,false,1.00,26.90,0.53,true,0,
7290109315027,false,לייף זוג מגיני שמש שחורים,לייף,CN,מגני שמש לרכב זוג בצבע שחור,,0.00,0.00,false,1.00,44.90,22.45,true,0,
7290109315119,false,לייף שלישיית סבונים 500 מל צהוב,לייף,IL,סבון נוזלי לידיים קלין דיי וויט טי-צהוב,,0.00,100.00,false,1.00,14.90,0.00,true,0,
7290109315126,false,לייף שלישיית סבונים 500 מל מעורבים,לייף,IL,סבון נוזלי לידיים קלין דיי-מעורב-צהוב סגול ורוד,,0.00,100.00,false,1.00,14.90,0.00,true,0,
7290109315133,false,לייף שלישיית סבונים 500 מל כחול פרש,לייף,IL,סבון נוזלי לידיים קלין דיי פרש סגול,,0.00,100.00,false,1.00,14.90,0.00,true,0,
7290109315140,false,לייף שלישיית סבונים 500 מל ורוד,לייף,IL,סבון נוזלי לידיים קלין דיי בלוסום-ורוד,,0.00,100.00,false,1.00,14.90,0.00,true,0,
7290109315423,false,לייף תחבושות היגייניות עבות וארוכות 12יח,ONTEX,BE,תחבושות היגייניות עבות וארוכות במיוחד,,0.00,0.00,false,1.00,19.90,1.65,true,0,
7290109316086,false,לייף חיתולי גמילה 20 יח 5 גוניור,ONTEX,BE,"חיתולי גמילה מידה 5 11-18 ק""ג גו'ניור",,0.00,0.00,false,1.00,29.90,1.49,true,0,
7290109316093,false,לייף חיתולי גמילה 19 יח 6 XL,ONTEX,BE,"חיתולי גמילה מידה 6 15+ ק""ג XL",,0.00,0.00,false,1.00,29.90,1.57,true,0,
7290109316802,false,לייף מים מינרלים טבעיים 1 ליטר,General,IT,מים מינרלים טבעיים H2O,,0.00,1.00,false,1.00,4.90,4.90,true,0,
7290109316819,false,לייף מים מינרלים טבעיים מוגזים 1 ליטר,General,IT,מים מינרלים טבעיים מוגזים,,0.00,1.00,false,1.00,4.90,4.90,true,0,
7290109316826,false,לייף מים מינרלים טבעיים 1 ליטר-שישייה,General,IT,מים מינרלים טבעיים,,0.00,1.00,false,1.00,14.90,2.48,true,0,
7290109317380,false,לייף שביעיית טישו ניילון לבן -מארז ענק,General,IL,ממחטות מנייר טישו דו שכבתי,,0.00,0.00,false,1.00,17.90,2.55,true,0,
7290109317410,false,לייף סדיניות למבוגרים לכיסוי 20 יח 60*90,ONTEX,BE,סדיניות חד פעמיות להגנה על המזרן,,0.00,0.00,false,1.00,46.90,2.34,true,0,
7290109317656,false,לייף טישו פוקט שישייה לבנדר,ישראפייפר,IT,ממחטות נייר רכות טישו פוקט לבנדר,,0.00,0.00,false,1.00,6.90,1.15,true,0,
7290109317663,false,לייף טישו פוקט שישייה מנטול מלבן,ישראפייפר,IT,טישו פוקט מנטול,,0.00,0.00,false,1.00,6.90,1.15,true,0,
7290109317700,false,לייף חמישיית טישו ניילון לבן,שניב,IL,ממחטות נייר רכות טישו דו שכבתי - לבן,,0.00,0.00,false,1.00,13.90,2.78,true,0,
7290109317717,false,לייף חמישיית טישו ניילון צבעוני,שניב,IL,ממחטות נייר רכות טישו דו שכבתי - צבעוני,,0.00,0.00,false,1.00,13.90,2.78,true,0,
7290109317816,false,לייף מדבקות אף לגבר,זר הייטק,KR,מדבקות אף לגבר,,0.00,0.00,false,1.00,24.90,0.00,true,0,
7290109317823,false,לייף משחת שיניים טריפלקס 100 מל,לייף,IL,DENTAL טריפלקס משחת שיניים בעלת פעולה משולשת,,0.00,0.00,false,1.00,6.90,0.06,true,0,
7290109318028,false,לייף חמאת גוף מינרלית 250 מל,אינטרקוסמא,IL,חמאת גוף מינרלית,,0.00,100.00,false,1.00,29.90,0.00,true,0,
7290109318035,false,לייף פילינג גוף מינרלי 250 מל,אינטרקוסמא,IL,פיליניג גוף מינרלי,,0.00,100.00,false,1.00,34.90,0.00,true,0,
7290109318189,false,לייף משחת שיניים פרוטקט בתוספת קמומיל,3OL,IL,DENTAL משחת שיניים PROTECT,,0.00,100.00,false,1.00,11.90,0.00,true,0,
7290109318332,false,לייף בייביז סל רשת לעגלה-שחור,לייף,CN,סל רשת לעגלת תינוק שחור מיננה,,0.00,0.00,false,1.00,39.90,39.90,true,0,
7290109318349,false,לייף בייביז סל רשת לעגלה-אפור,לייף,CN,סל רשת לעגלת תינוק אפור מיננה,,0.00,0.00,false,1.00,39.90,39.90,true,0,
7290109318356,false,לייף סדיניות לילדים לשמירה על הסדין 10יח,ONTEX,BE,סדיניות לילה חד פעמיות למניעת הרטבת המזרן למיטת ילדים 180X90,,0.00,0.00,false,1.00,25.90,2.59,true,0,
7290109318431,false,לייף בייביז דייסת וניל+פרוביוטיקה 200 גר,General,IL,דייסה לתינוק בטעם וניל 6+ חודשים,,0.00,100.00,false,1.00,11.90,0.00,true,0,
7290109318448,false,לייף בייביז דייסת סלט פירות+פרוביוטיקה,לייף,IL,דייסה לתינוק בטעם פירות 6+ חודשים,,0.00,100.00,false,1.00,11.90,0.00,true,0,
7290109440071,false,לייף AQUA JET סילון מים דנטלי נטען,קנדי חשמל ונכסים,,סילון מים דנטלי נטען ונייד AQUA JET,,0.00,0.00,false,1.00,289.90,0.00,true,0,
7290109440828,false,לייף חוט דנטלי לילדים,אידיאל,CN,DENTAL חוט דנטלי לילדים,,0.00,0.00,false,1.00,13.90,0.57,true,0,
7290109440996,false,לייף מברשת שיניים SENSITIVE PLUS,טריזה,CH,Dental סנסיטיב פלוס מברשת שיניים,,0.00,0.00,false,1.00,14.90,0.00,true,0,
7290109441870,false,לייף מגבונים אריזת חמישייה ניחוח עדין 72,עלבד,IL,מגבונים לחים לתינוקות בניחוח עדין,,0.00,0.00,false,1.00,21.90,4.38,true,0,
7290109441924,false,לייף מגבונים רביעייה 64 יח NATURAL,עלבד,IL,מגבוני נטורל לתינוקות ללא בישום SENSITIVE,,0.00,0.00,false,1.00,24.90,6.22,true,0,
7290109442013,false,לייף שפתון קלאסי בליסטר,General,,שפתון לשפתיים יבשות קלאסי,,0.00,100.00,false,1.00,12.90,0.02,true,0,
7290109442020,false,לייף שפתון חלב ודבש בליסטר,3OL,,שפתון לשפתיים יבשות חלב ודבש,,0.00,100.00,false,1.00,12.90,0.02,true,0,
7290109442037,false,לייף שפתון קלאסי בתפזורת,3OL,,שפתון לשפתיים יבשות קלאסי,,0.00,100.00,false,1.00,12.90,0.02,true,0,
7290109442044,false,לייף שפתון רימון לילדים עם צבע בליסטר,3OL,IL,KIDS שפתון לשפתיים יבשות בטעם רימונים,,0.00,0.00,false,1.00,12.90,0.00,true,0,
7290109442051,false,לייף שפתון חלב ודבש בתפזורת,3OL,HR,שפתון לשפתיים יבשות חלב ודבש,,0.00,100.00,false,1.00,12.90,0.02,true,0,
7290109442259,false,לייף פרופשונל קרם עיניים עשיר,פרופשיונל,IL,קרם עיניים עשיר,,0.00,100.00,false,1.00,79.90,0.02,true,0,
7290109442266,false,לייף פרופשונל סרום מטפח לעור,פרופשיונל,IL,סרום מטפח לעור,,0.00,100.00,false,1.00,79.90,0.01,true,0,
7290109442273,false,לייף פרופשונל קרם מזין,פרופשיונל,IL,קרם מזין,,0.00,100.00,false,1.00,79.90,0.01,true,0,
7290109442297,false,לייף פרופשונל קרם לחות קליל,פרופשיונל,IL,קרם לחות קליל,,0.00,100.00,false,1.00,74.90,0.01,true,0,
7290109442303,false,לייף פרופשונל סבון פנים לעור אדמומי ומגו,פרופשיונל,IL,סבון פנים לעור אדמומי ומגורה,,0.00,100.00,false,1.00,59.90,0.00,true,0,
7290109443171,false,לייף זוג מוצצי סיליקון שלב 1 בנים,ב.ב.קשרים,DE,מוצץ אורתודנטי סיליקון 0+ חודשים,,0.00,0.00,false,1.00,29.90,0.00,true,0,
7290109443188,false,לייף זוג מוצצי סיליקון שלב 2 בנים,ב.ב.קשרים,,מוצץ אורתודנטי סיליקון 6+ חודשים,,0.00,0.00,false,1.00,29.90,14.95,true,0,
7290109443195,false,לייף זוג מוצצי סיליקון שלב 3 בנים,ב.ב.קשרים,DE,מוצץ אורתודנטי סיליקון 12+ חודשים,,0.00,0.00,false,1.00,29.90,14.95,true,0,
7290109443355,false,לייף בייביז משאבת הנקה חשמלית,לייף,CN,משאבת הנקה חשמלית,,0.00,0.00,false,1.00,319.90,319.90,true,0,
7290109443379,false,לייף מגבונים גדולים ועבים 72 יח בדיספנסר,עלבד,IL,מגבונים לחים גדולים ועבים במיוחד,,0.00,0.00,false,1.00,19.90,0.27,true,0,
7290109443416,false,סאנדיי אבקת כביסה בייבי 1.25 קג חדש,זוהר דליה,IL,בייבי אבקת כביסה מותאמת לעורם העדין של תינוקות,,0.00,1.00,false,1.00,13.90,11.12,true,0,
7290109443485,false,לייף בייביז מחית תפוחי עץ סקוויז 90 גרם,לייף,ES,מחית לתינוק תפוח עץ 6+ חודשים TO GO,,0.00,100.00,false,1.00,3.90,0.00,true,0,
7290109443492,false,לייף בייביז מחית תפוחי עץ ובננה סקוויז,לייף,ES,מחית לתינוק בננות ותפוחי עץ +6 חודשים TO GO,,0.00,100.00,false,1.00,3.90,0.00,true,0,
7290109443508,false,לייף בייביז מחית סלט פירות סקוויז 90 גרם,לייף,ES,מחית לתינוק סלט פירות חודשים +6 TO GO,,0.00,100.00,false,1.00,3.90,0.00,true,0,
7290109443522,false,סאנדיי מבשם כביסה סגול בניחוח חלומות מתו,זוהר דליה,,מבשם כביסה - סגול,,0.00,100.00,false,1.00,9.90,0.00,true,0,
7290109443539,false,סאנדיי מבשם כביסה כחול בניחוח פרחי אביב,זוהר דליה,,מבשם כביסה - כחול,,0.00,100.00,false,1.00,9.90,0.00,true,0,
7290109443829,false,לייף זוג מוצצי סיליקון שלב 1 בנות,ב.ב.קשרים,DE,מוצץ אורתודנטי סיליקון 0+ חודשים,,0.00,0.00,false,1.00,29.90,14.95,true,0,
7290109443836,false,לייף זוג מוצצי סיליקון שלב 2 בנות,ב.ב.קשרים,DE,מוצץ אורתודנטי סיליקון 6+ חודשים,,0.00,0.00,false,1.00,29.90,14.95,true,0,
7290109443843,false,לייף זוג מוצצי סיליקון שלב 3 בנות,ב.ב.קשרים,DE,מוצץ אורתודנטי סיליקון 12+ חודשים,,0.00,0.00,false,1.00,29.90,0.00,true,0,
7290109443867,false,לייף בייביז זוג מוצצי גומי שלב 2 בנות,ב.ב.קשרים,DE,מוצץ אורתודנטי גומי 6+ חודשים,,0.00,0.00,false,1.00,29.90,14.95,true,0,
<<<<<<< HEAD
7290110110635,false,ספרייט 0.5 ליים חייב פקדון,החברה המרכזית לייצור,,גזוז בטעם למון ליים,,0.00,100.00,false,1.00,8.90,0.00,true,0,
7290110111557,false,"משקה ספורט איזוטוני בטעם פירות 500 מ""ל פאוורייד",פאווראייד POWERADE,IT,מאונטיין בלאסט משקה ספורט איזוטוני בטעם פירות,,0.00,100.00,false,1.00,11.90,0.00,true,0,
7290110111564,false,"משקה ספורט איזוטוני בטעם הדרים ליין 500 מ""ל פאוורייד",פאווראייד POWERADE,IT,סיטרוס ליים משקה ספורט איזוטוני בטעם הדרים-ליים,,0.00,100.00,false,1.00,11.90,0.00,true,0,
7290110113261,false,נקטר חמוציות 19 קלוריות SPRAY OCEAN פריגת 1 ליטר,קריות זול,IL,משקה קל חמוציות 19 קלוריות,,0.00,1.00,false,1.00,15.90,15.90,true,0,
7290110113490,false,"פיוז תה אפרסק 19 קלוריות 500מ""ל",מבשלות בירה בינלאומיות ב,IL,"בטעם אפרסק מופחת קלוריות - 19 קלוריות ל-100 מ""ל",,0.00,100.00,false,1.00,8.90,0.00,true,0,
7290110113926,false,פאנטה ZERO אורנג 0.5 חייב פקדון,החברה המרכזית לייצור,,משקה ZERO אורנג',,0.00,100.00,false,1.00,8.90,0.00,true,0,
7290110115654,false,"פיוז טי זירו גרין אננס, 500 מ""ל",מבשלות בירה בינלאומי,IL,ZERO גרין אננס,,0.00,100.00,false,1.00,9.90,0.00,true,0,
7290110115661,false,"פיוז טי זירו בטעם אפרסק 500 מ""ל",מבשלות בירה בינלאומי,IL,ZERO אפרסק,,0.00,100.00,false,1.00,9.90,0.00,true,0,
=======
7290110110635,false,ספרייט 0.5 ליים חייב פקדון,החברה המרכזית להפצת משקאות בעמ,,גזוז בטעם למון ליים,,0.00,100.00,false,1.00,8.90,0.00,true,0,
7290110111557,false,"משקה ספורט איזוטוני בטעם פירות 500 מ""ל פאוורייד",החברה המרכזית להפצת משקאות בעמ,IT,מאונטיין בלאסט משקה ספורט איזוטוני בטעם פירות,,0.00,100.00,false,1.00,11.90,0.00,true,0,
7290110111564,false,"משקה ספורט איזוטוני בטעם הדרים ליין 500 מ""ל פאוורייד",החברה המרכזית להפצת משקאות בעמ,IT,סיטרוס ליים משקה ספורט איזוטוני בטעם הדרים-ליים,,0.00,100.00,false,1.00,11.90,0.00,true,0,
7290110113261,false,נקטר חמוציות 19 קלוריות SPRAY OCEAN פריגת 1 ליטר,החברה המרכזית להפצת משקאות בעמ,IL,משקה קל חמוציות 19 קלוריות,,0.00,1.00,false,1.00,15.90,15.90,true,0,
7290110113490,false,"פיוז תה אפרסק 19 קלוריות 500מ""ל",החברה המרכזית להפצת משקאות בעמ,IL,"בטעם אפרסק מופחת קלוריות - 19 קלוריות ל-100 מ""ל",,0.00,100.00,false,1.00,8.90,0.00,true,0,
7290110113926,false,פאנטה ZERO אורנג 0.5 חייב פקדון,החברה המרכזית להפצת משקאות בעמ,,משקה ZERO אורנג',,0.00,100.00,false,1.00,8.90,0.00,true,0,
7290110115654,false,"פיוז טי זירו גרין אננס, 500 מ""ל",החברה המרכזית להפצת משקאות בעמ,IL,ZERO גרין אננס,,0.00,100.00,false,1.00,9.90,0.00,true,0,
7290110115661,false,"פיוז טי זירו בטעם אפרסק 500 מ""ל",החברה המרכזית להפצת משקאות בעמ,IL,ZERO אפרסק,,0.00,100.00,false,1.00,9.90,0.00,true,0,
>>>>>>> d048ac2f4f281c9d788043ab4e81b61b0dbe3743
7290110115692,false,משקה קל בטעם מלון עם קוביות אלוורה,החברה המרכזית למשקאו,TW,משקה קל בטעם מלון עם קוביות אלוורה,,0.00,100.00,false,1.00,8.90,0.00,true,0,
7290110115739,false,משקה קל בטעם פינקולדה עם קוביות קוקוס,החברה המרכזית למשקאו,TW,משקה קל בטעם פינקולדה עם קוביות ג'ל קוקוס,,0.00,100.00,false,1.00,8.90,0.00,true,0,
7290110115913,false,"משקה ספורט איזוטוני זירו בטעם אננס 500 מ""ל פאוורייד",החברה המרכזית להפצת משקאות בעמ,IT,ZERO משקה ספורט בטעם אננס דל קלוריות,,0.00,100.00,false,1.00,12.90,0.00,true,0,
7290110116200,false,מים 0 קלוריות בטעם לימון-ליים 0.5 ל נביעות,החברה המרכזית להפצת משקאות בעמ,TW,0 קלוריות בטעם למון ליים,,0.00,100.00,false,1.00,9.90,0.00,true,0,
7290110116224,false,נביעות 0 קלוריות בטעם אשכולית 0.5 ליטר,החברה המרכזית להפצת משקאות בעמ,TW,0 קלוריות בטעם אשכולית,,0.00,100.00,false,1.00,9.90,0.00,true,0,
7290110216894,false,שמפו עם שמן המפ אורגני שמן קיק וחומצה היאלורונית,אורכידאה,IL,שמפו שמן המפ וקיק,,0.00,100.00,false,1.00,49.90,0.00,true,0,
7290110216900,false,סרום עם שמן המפ אורגני שמן קיק וחומצה היאלורונית,אורכידאה,IL,סרום שמן המפ וקיק,,0.00,0.00,false,1.00,79.90,0.79,true,0,
7290110327798,false,חטיף חלבון GO - שוקולד 60 ג' חלב נוכרי - רבנות,"בלמונט קונפקציות בע""\מ.",US,חטיף חלבון בטעם שוקולד,,0.00,100.00,false,1.00,11.90,0.00,true,0,
7290110327804,false,חטיף חלבון GO - עוגיות 60 ג' חלב נוכרי - רבנות,"בלמונט קונפקציות בע""\מ.",US,חטיף חלבון בטעם בצק עוגיות,,0.00,100.00,false,1.00,11.90,0.00,true,0,
7290110327811,false,חטיף חלבון GO בטעם בצק קוקוס 20 גר`חלבו,"בלמונט קונפקציות בע""\מ.",US,חטיף חלבון בטעם קוקוס,,0.00,100.00,false,1.00,11.90,0.00,true,0,
7290110327828,false,חטיף חלבון GO - חמאת בוטנים 60 ג' חלב נוכרי - רבנות,"בלמונט קונפקציות בע""\מ.",US,חטיף חלבון בטעם חמאת בוטנים,,0.00,100.00,false,1.00,11.90,0.00,true,0,
7290110450731,false,גייד אניגמה FX קרם אנטי אייגינג 50 מל,דניה,CH,ENIGMA FX קרם אנטי אייג'ינג,,0.00,100.00,false,1.00,229.00,0.04,true,0,
7290110450748,false,גייד אניגמה FX סרום מרוכז עם אפקט מיצוק,דניה,CH,ENIGMA FX סרום מרוכז עם אפקט מיצוק ומתיחה,,0.00,100.00,false,1.00,169.00,0.11,true,0,
7290110451226,false,גייד פרו +קליר קרם יום נטול שומן 50 מל,דניה,CH,PRO+CLEAR קרם יום,,0.00,100.00,false,1.00,79.00,0.01,true,0,
7290110451554,false,גייד אקווה גולט קרם לחות גל עור רגיל-יבש,דניה,CH,AQUA JOLT קרם לחות ג'ל לעור רגיל עד יבש,,0.00,100.00,false,1.00,109.00,0.02,true,0,
7290110451561,false,גייד אקווה גולט קרם לחות גל עור שמן-מעור,דניה,CH,AQUA JOLT קרם לחות ג'ל לעור שמן עד מעורב,,0.00,100.00,false,1.00,109.00,0.02,true,0,
7290110451578,false,גייד אקווה גולט קרם גל ממריץ לעיניים 15,דניה,CH,AQUA JOLT קרם ג'ל ממריץ לעיניים,,0.00,100.00,false,1.00,89.00,0.05,true,0,
7290110452629,false,גייד רויוליסט מסכת פורצלן להבהרה 50 מל,דניה,IL,REVIVALIST מסכת פורצלן להבהרה,,0.00,100.00,false,1.00,99.00,0.01,true,0,
7290110452636,false,גייד רויוליסט מסכה לטיהור וניקוי עמוק של,דניה,IL,REVIVALIST מסכה לטיהור וניקוי עמוק של העור,,0.00,100.00,false,1.00,99.00,0.01,true,0,
7290110452643,false,גייד רויוליסט מסכה מתקלפת להענקת זוהר וה,דניה,IL,REVIVALIST מסכה מתקלפת להענקת זוהר והארה,,0.00,100.00,false,1.00,99.00,0.01,true,0,
7290110452650,false,גייד רויוליסט מסכה מתקלפת למיצוק העור,דניה,IL,REVIVALIST מסכה מתקלפת למיצוק העור,,0.00,100.00,false,1.00,99.00,0.01,true,0,
7290110453589,false,גייד אקווה גולט סרום גל לעיניים 15 מל,דניה,IL,AQUA JOLT סרום ג'ל לעיניים,,0.00,100.00,false,1.00,99.00,0.06,true,0,
7290110453596,false,גייד הידרה סובלים תמצית רימונים קרם עיני,דניה,CH,HYDRA SUBLIME קרם עיניים תמצית רימונים,,0.00,100.00,false,1.00,129.00,0.08,true,0,
7290110453725,false,גייד אקווה גולט סרום לחות אינטנסיבית 30,דניה,IL,AQUA JOLT סרום לחות אינטנסיבית,,0.00,100.00,false,1.00,119.00,0.03,true,0,
7290110453732,false,גייד אניגמה FX קרם גל לאזור העיניים 20 מ,דניה,CH,ENIGMA FX קרם ג'ל להשבת חיוניות וזוהר לאזור העיניים,,0.00,100.00,false,1.00,149.00,0.07,true,0,
7290110453879,false,גייד SENSE 5 שמן הזנה לפנים 30 מל,דניה,IT,SENSE 5 שמן הזנה לפנים,,0.00,100.00,false,1.00,149.00,0.04,true,0,
7290110453930,false,גייד הידרה סובלים תמצית רימונים קרם יום,דניה,IL,HYDRA SUBLIME קרם יום לכל סוגי העור תמצית רימונים,,0.00,100.00,false,1.00,179.00,0.03,true,0,
7290110454302,false,גייד גולד פרמיום דאבל סרום למיצוק העור 5,דניה,CH,GOLD PREMIUM דאבל סרום למיצוק העור,,0.00,100.00,false,1.00,249.00,0.04,true,0,
7290110454357,false,גייד סנס 5 קרם הזנה אינטנסיבי לפנים ולצו,דניה,CH,SENSE 5 קרם הזנה אינטנסיבי לפנים ולצוואר,,0.00,100.00,false,1.00,149.00,0.02,true,0,
7290110454364,false,גייד גלו FX קרם למראה זוהר 50 מל,דניה,CH,GLOW FX קרם למראה זוהר,,0.00,100.00,false,1.00,189.00,0.03,true,0,
7290110455071,false,גייד סיבי2 בוטניק קרם לחות מרגיע עם שמן,דניה,IL,CB2 BOTANIC קרם לחות מרגיע עם שמן זרעי קנאביס,,0.00,100.00,false,1.00,159.00,0.03,true,0,
7290110455088,false,גייד סיבי2 בוטניק שמן פנים מזרעי קנאביס,דניה,IL,CB2 BOTANIC שמן פנים מזרעי קנאביס,,0.00,100.00,false,1.00,159.00,0.05,true,0,
7290110455149,false,גייד רויוליסט מסכה מתקלפת להארת עור הפני,דניה,IL,REVIVALIST מסכה מתקלפת להארת עור הפנים,,0.00,100.00,false,1.00,99.00,0.01,true,0,
7290110455415,false,פרו+קליר ג'ל לשמירה על היגיינה 70% 100מל,General,,ג'ל לשמירה על הגיינת הידיים מכיל 70% אלכוהול,,0.00,0.00,false,1.00,6.00,0.06,true,0,
7290110455668,false,גייד סנס 6 קרם להצערת העור ולטיפול בקמטי,דניה,CH,SENSE 6 קרם להצערת העור ולטיפול בקמטים,,0.00,100.00,false,1.00,229.00,0.04,true,0,
7290110455675,false,גייד סנס 6 סרום להצערת העור ולטיפול בקמט,דניה,CH,SENSE 6 סרום להצערת העור ולטיפול בקמטים,,0.00,100.00,false,1.00,229.00,0.07,true,0,
7290110456108,false,גייד סידאולוגי קרם יום רב-תכליתי לעור רג,דניה,IL,SEEDOLOGY קרם יום רב-תכליתי לעור רגיל עד יבש,,0.00,100.00,false,1.00,179.00,0.03,true,0,
7290110456115,false,גייד סידאולוגי סרום בוסטר ממריץ 30 מל,דניה,IL,SEEDOLOGY סרום בוסטר ממריץ,,0.00,100.00,false,1.00,179.00,0.05,true,0,
7290110456122,false,גייד סידאולוגי קרם עיניים להפחתת סימני ע,דניה,IL,SEEDOLOGY קרם עיניים להפחתת סימני עייפות,,0.00,100.00,false,1.00,149.00,0.09,true,0,
7290110456405,false,גייד אקווה גולט קרם לילה מזין 50 מל,דניה,IL,AQUA JOLT קרם לילה מזין,,0.00,100.00,false,1.00,119.00,0.02,true,0,
7290110456474,false,גייד סיבי2 בוטניק קרם לילה עשיר להזנה 50,דניה,IL,CB2 BOTANIC קרם לילה עשיר להזנה ושיקום העור,,0.00,100.00,false,1.00,159.00,0.03,true,0,
7290110456573,false,גייד סיבי2 בוטניק קרם עיניים משקם 15 מל,דניה,IL,CB2 BOTANIC קרם עיניים משקם,,0.00,100.00,false,1.00,129.00,0.08,true,0,
7290110456894,false,גייד גלו פקס קרם עיניים למראה זוהר 20 מל,דניה,IT,GLOW FX קרם עיניים למראה זוהר,,0.00,100.00,false,1.00,119.00,0.05,true,0,
7290110457440,false,גייד גלו FX לילה לגוון עור אחיד 50 מל,דניה,CH,GLOW FX קרם לילה לגוון עור אחיד,,0.00,100.00,false,1.00,209.00,0.04,true,0,
7290110553029,false,"אנרג'י קריספס-פריכיות חומוס, עדשים ואפונה עם קייל וסלק","פרח תעשיו מזון בע""מ",IL,"פריכיות חלבון - פריכיות חומוס, אורז, עדשים שחורות, אפונה, קייל, סלק ומלח",,0.00,100.00,false,1.00,12.90,0.00,true,0,
7290110553098,false,מאגדת חטיפים אנרג'י מיקס צימוקים אגוזים 100X4 גרם,אנרג'י Energy - שטראוס,GB,"MIX תערובת צימוקים, אגוזי לוז בקקאו ושבבי שוקולד חלב מעולה",,0.00,0.00,false,1.00,18.90,4.72,true,0,
7290110553173,false,אנרגי פריכיות אורז בטעם קרמל 50 גרם,שטראוס גרופ בע`מ,IL,פריכיות אורז מלא בטעם קרמל,,0.00,100.00,false,1.00,8.90,0.00,true,0,
7290110553180,false,אנרגי פריכיות אורז בטעם תפוח קינמון 50 ג,שטראוס גרופ בע`מ,IL,פריכיות אורז מלא עם תפוח וקינמון,,0.00,100.00,false,1.00,8.90,0.00,true,0,
7290110557645,false,מאגדת חטיפים אנרג'י מיקס צימוקים חמוציות 100X4 גרם,שטראוס גרופ בע`מ,GB,"MIX תערובת חמוציות, צימוקים ושוקולד לבן מעולה",,0.00,0.00,false,1.00,18.90,4.72,true,0,
7290110558109,false,אפלנד חטיף פירות - פקאן תפוח וקינמון 35,שטראוס גרופ,IL,חטיף פקאן תפוח וקינמון,,0.00,100.00,false,1.00,11.90,0.00,true,0,
7290110558116,false,אפלנד חטיף פירות - מנגו בננה תפוז 35 גרם,שטראוס גרופ,IL,חטיף מנגו בננה תפוז,,0.00,100.00,false,1.00,11.90,0.00,true,0,
7290110558123,false,אפלנד חטיף פירות - פקאן ותות 35 גרם,שטראוס גרופ,IL,חטיף פקאן ותות,,0.00,100.00,false,1.00,11.90,0.00,true,0,
7290110560300,false,"הפריכיות הטעימות חומוס, עדשים שחורות, קינואה ופלפל שחור",אנרג'י Energy - שטראוס,IL,הפריכיות הטעימות - פריכיות חומוס / אורז / עדשים שחורות / קינואה / פלפל שחור,,0.00,100.00,false,1.00,5.90,0.00,true,0,
7290110560317,false,"הפריכיות הטעימות חומוס, עדשים שחורות, קינואה ומלח ים","פרח תעשיו מזון בע""מ",IL,הפריכיות הטעימות - פריכיות חומוס / אורז / עדשים שחורות / מלח ים,,0.00,100.00,false,1.00,5.90,0.00,true,0,
7290110560324,false,"הפריכיות הטעימות תפו""א, אורז, אפונה ומלח ים","פרח תעשיו מזון בע""מ",IL,הפריכיות הטעימות - פריכיות תפוח אדמה /אורז / אפונה ירוקה / מלח ים,,0.00,100.00,false,1.00,5.90,0.00,true,0,
7290110566623,false,קפסולות קולומביה עלית 08 למכונת נספרסו מארז 5X10ג',שטראוס קפה בי.וי.,IL,קפסולות קפה 100% קולומביה 8,,0.00,0.00,false,1.00,18.90,1.89,true,0,
7290110567057,false,צנצנת מסטיק מאסט קוביות מנטה חזקה 66 ג' עלית,"שטראוס גרופ בע""מ",DE,גומי לעיסה ללא סוכר בטעם מנטה חזקה,,0.00,100.00,false,1.00,10.90,0.00,true,0,
7290110571375,false,"אנרג'י מיקס תערובת צימוקים, תמרים, טופי ושברי פקאן",אנרג'י Energy - שטראוס,GB,"MIX תערובת צימוקים, תמרים, טופי ושברי פקאן",,0.00,0.00,false,1.00,18.90,4.72,true,0,
7290110730109,false,נוטרילון קומפורט תרכובת מזון מגיל לידה,דיפלומט מפיצים (1968) בעמ**,NL,קומפורט - תרכובת מזון לתינוקות על בסיס חלב,,0.00,100.00,false,1.00,102.90,0.00,true,0,
7290111090097,false,דר עור קרם לילה אנטי אייגינג SUPREME OR,"ד""ר עור DOCTOR OR",IL,קרם לילה אנטי אייג'ינג SUPREME OR +55,,0.00,100.00,false,1.00,219.90,0.04,true,0,
7290111090387,false,דר עור סרום אנטי אייגינג SUPREME OR,"ד""ר עור DOCTOR OR",IL,סרום אנטי אייג'ינג SUPREME OR +55,,0.00,100.00,false,1.00,219.90,0.07,true,0,
7290111090677,false,דר עור קרם עיניים אנטי אייגינג SUPREME O,"ד""ר עור DOCTOR OR",IL,קרם עיניים אנטי אייג'ינג SUPREME OR +55,,0.00,100.00,false,1.00,219.90,0.07,true,0,
7290111090967,false,אמפולות הזנה אנטי אייג'ינג לעור בוגר +55,"ד""ר עור DOCTOR OR",IL,אמפולות אנטי אייג'ינג SUPREME OR +55,,0.00,0.00,false,1.00,289.90,9.66,true,0,
7290111091261,false,דר עור יאנג דאודורנט ללא אלומינ'.יוניסקס,ניאופארם,IL,YOUNG דאודורנט ללא אלכוהול בניחוח מרענן ללא אלומיניום - כחול,,0.00,100.00,false,1.00,49.90,0.00,true,0,
7290111091889,false,תחליב גרגירים עדין לעור שמן 150 מל OILY OR FORTE,ניאופארם,IL,Oily OR FORTE תחליב גרגירים עדין לעור שמן הנוטה לפצעונים,,0.00,100.00,false,1.00,79.90,0.00,true,0,
7290111092022,false,ACU-OR קרם לחות טיפולי לעור יבש הנוטה לפגמים,"ד""ר עור DOCTOR OR",IL,ACU-OR קרם לחות טיפולי לעור יבש הנוטה לפגמים SPF30,,0.00,100.00,false,1.00,99.90,0.01,true,0,
7290111092299,false,"ד""ר עור- קרם לחות לעור שמן נוטה לפצעונים","ד""ר עור DOCTOR OR",IL,Oily OR FORTE קרם לחות טיפולי לעור שמן הנוטה לפצעונים,,0.00,100.00,false,1.00,99.90,0.02,true,0,
7290111093579,false,דוקטור עור בוסטר ENRICH ללחות אינטנסיבי,"ד""ר עור DOCTOR OR",IL,בוסטר ENRICH ללחות אינטנסיבית לעור יבש,,0.00,100.00,false,1.00,229.90,0.07,true,0,
7290111093722,false,"קצף עדין לניקוי הפנים לילך מאסק 150 מ""ל DR OR",ניאופארם,IL,קצף עדין לניקוי הפנים,,0.00,100.00,false,1.00,24.90,0.00,true,0,
7290111093869,false,בוסטר להפחתת פגמי עור (פצעונים) לעור מעורב - שמן,"ד""ר עור DOCTOR OR",IL,בוסטר BALANCING להפחתת פגמי עור,,0.00,100.00,false,1.00,229.90,0.07,true,0,
7290111094132,false,דר עור יאנג טיפול נקודתי ללילה לנערות,"ד""ר עור DOCTOR OR",IL,YOUNG טיפול לילה נקודתי,,0.00,100.00,false,1.00,49.90,0.02,true,0,
7290111094279,false,בוסטר להפחתת כתמי פיגמנטציה לכל סוגי העור,"ד""ר עור DOCTOR OR",IL,בוסטר BRIGHT להפחתת כתמי פיגמנטציה,,0.00,100.00,false,1.00,229.90,0.07,true,0,
7290111094538,false,דר עור פילר סרום חומצה היאלורונית 30 מל,"ד""ר עור DOCTOR OR",IL,סרום חומצה היאלורונית FILLER OR,,0.00,100.00,false,1.00,199.90,0.06,true,0,
7290111094569,false,בוסטר למיצוק העור וצמצום קמטים DR OR BOOSTER LIFT&FIRM,ניאופארם,IL,בוסטר LIFT&FIRM למיצוק העור וצמצום קמטים לעור בוגר ויבש,,0.00,100.00,false,1.00,229.90,0.07,true,0,
7290111094712,false,YOUNG מסיכת חימר מנקה וסופחת שומנים לעור מעורב עד שמן,"ד""ר עור DOCTOR OR",IL,YOUNG מסיכת חימר מנקה וסופחת שומנים לעור מעורב עד שמן,,0.00,100.00,false,1.00,79.90,0.01,true,0,
7290111094811,false,דר עור יאנג מים מיסלריים להסרת איפור,"ד""ר עור DOCTOR OR",IL,YOUNG מים מיסלריים לניקוי והסרת איפור מהפנים והעיניים,,0.00,100.00,false,1.00,49.90,0.00,true,0,
7290111094828,false,דר עור פילר קרם חומצה היאלורונית 40 מל,"ד""ר עור DOCTOR OR",IL,קרם חומצה היאלורונית FILLER OR,,0.00,100.00,false,1.00,179.90,0.04,true,0,
7290111094859,false,בוסטר לחידוש העור ומראה זוהר לכל סוגי העור,"ד""ר עור DOCTOR OR",IL,בוסטר GLOW לחידוש העור ומראה זוהר,,0.00,100.00,false,1.00,229.90,0.07,true,0,
7290111095122,false,דר עור יאנג טיפול נקודתי ליום לנערות,"ד""ר עור DOCTOR OR",IL,YOUNG טיפול יום נקודתי ג'ל בגוון שקוף,,0.00,100.00,false,1.00,49.90,0.02,true,0,
7290111095412,false,YOUNG סבון פחם פילינג לניקוי פנים לעור מעורב עד שמן,"ד""ר עור DOCTOR OR",IL,YOUNG סבון פחם פילינג לניקוי פנים לעור מעורב עד שמן,,0.00,100.00,false,1.00,59.90,0.00,true,0,
7290111095450,false,דר עור יאנג ליפ באלם,"ד""ר עור DOCTOR OR",IL,יאנג ליפ באלם,,0.00,0.00,false,1.00,39.90,0.00,true,0,
7290111095702,false,דר עור יאנג דאודורנט ללא אלומיניום נערות,ניאופארם,IL,YOUNG דאודורנט ללא אלכוהול בניחוח מרענן ללא אלומיניום - ורוד,,0.00,100.00,false,1.00,49.90,0.00,true,0,
7290111096402,false,Classic מים מיסלריים לניקוי והסרת איפור מהפנים והעיניים,"ד""ר עור DOCTOR OR",IL,Classic מים מיסלריים לניקוי והסרת איפור מהפנים והעיניים,,0.00,100.00,false,1.00,79.90,0.00,true,0,
7290111096730,false,דר עור ריניו BB קרם לחות עם גוון LIGHT,ניאופארם,IL,Renew OR BB CREAM קרם לחות עם גוון LIGHT,,0.00,100.00,false,1.00,164.90,0.05,true,0,
7290111097140,false,דר עור ריניו BB קרם לחות עם גוון MEDIUM,ניאופארם,IL,Renew OR BB CREAM קרם לחות עם גוון MEDIUM,,0.00,100.00,false,1.00,164.90,0.05,true,0,
7290111097355,false,נוק בקבוק אימון דיסני סגול 150 מל 6-18 ח,ניאופארם,DE,בקבוק אימון לשתיה עצמאית דיסני סגול 6-18 חודשים,,0.00,0.00,false,1.00,44.90,0.00,true,0,
7290111097430,false,דר עור ריניו BB קרם לחות עם גוון ULTRA L,ניאופארם,IL,Renew OR BB CREAM קרם לחות עם גוון ULTRA LIGHT,,0.00,100.00,false,1.00,164.90,0.05,true,0,
7290111097720,false,"ד""ר עור - BB YOUNG קרם לחות עם גוון עדין 30 מ""ל",ניאופארם,IL,YOUNG BB קרם לחות עם גוון עדין,,0.00,100.00,false,1.00,99.90,0.03,true,0,
7290111098130,false,ג'ל ניקוי טיפולי לעור שמן 200מל OILY OR FORTE,ניאופארם,IL,Oily OR FORTE ג'ל ניקוי טיפולי לעור שמן הנוטה לפצעונים,,0.00,100.00,false,1.00,83.90,0.00,true,0,
7290111098208,false,דר עור קרם יום אנטי אייגינג SUPREME OR,"ד""ר עור DOCTOR OR",IL,קרם יום אנטי אייג'ינג SUPREME OR +55,,0.00,100.00,false,1.00,219.90,0.04,true,0,
7290111098352,false,בוסטר לצמצום קמטים בפנים צוואר ודקולטה DR OR BOOSTER RE-FIRM,ניאופארם,IL,בוסטר RE-FIRM למיצוק ופיסול הצוואר והמחשוף,,0.00,100.00,false,1.00,229.90,0.07,true,0,
7290111141645,false,לייף זוג מוצצים אייר פלואו סיליקון שלב 1,ויטאל בייבי,CN,מוצץ אורתודנטי סיליקון 0+,,0.00,0.00,false,1.00,29.90,0.00,true,0,
7290111141706,false,סאנדיי ספריי לניקוי שמשות וחלונות 1 ליטר,סאסא-טק,IL,ספריי לניקוי חלונות,,0.00,1.00,false,1.00,9.90,9.90,true,0,
7290111141720,false,לייף מברשת שיניים פלקסיבל כחולה,טריזה,CH,Dental מברשת שיניים פלקסיבל,,0.00,0.00,false,1.00,14.90,0.00,true,0,
7290111141737,false,לייף מברשת שיניים פלקסיבל כתומה,טריזה,CH,Dental מברשת שיניים פלקסיבל,,0.00,0.00,false,1.00,14.90,0.00,true,0,
7290111141744,false,לייף מברשת שיניים פרופשונל קר ירוקה,טריזה,CH,DENTAL מברשת שיניים פרופשונל קר - ירוקה,,0.00,0.00,false,1.00,15.90,0.00,true,0,
7290111141751,false,לייף מברשת שיניים פרופשונל קר סגולה,טריזה,CH,DENTAL מברשת שיניים פרופשונל קר - סגולה,,0.00,0.00,false,1.00,15.90,0.00,true,0,
7290111141768,false,לייף מברשת שיניים מתקפלת לנסיעות כחולה,טריזה,CH,DENTAL מברשת שיניים מתקפלת לנסיעות - כחולה,,0.00,0.00,false,1.00,13.90,0.00,true,0,
7290111141775,false,לייף מברשת שיניים מתקפלת לנסיעות ורודה,טריזה,CH,DENTAL מברשת שיניים מתקפלת לנסיעות - ורודה,,0.00,0.00,false,1.00,13.90,0.00,true,0,
7290111141782,false,לייף מברשת שיניים SENSITIVE PLUS ירוקה,טריזה,CH,Dental מברשת שיניים סנסיטיב פלוס,,0.00,0.00,false,1.00,14.90,0.00,true,0,
7290111142048,false,לייף וולנס מים מינרלים 250 מל,לייף,IT,מים מינרלים דיסני,,0.00,100.00,false,1.00,3.90,0.00,true,0,
7290111142147,false,לייף זוג מוצצים אייר פלואו סיליקון שלב 1,ויטאל בייבי,CN,מוצץ אורתודנטי סיליקון 0+,,0.00,0.00,false,1.00,29.90,0.00,true,0,
7290111142222,false,לייף אול אין חטיף חלבון וסיבים חמ.בוטנים,מדיטרנד,NL,PROTEIN&FIBER ALL IN חטיף חלבון וסיבים בטעם חמאת בוטנים,,0.00,100.00,false,1.00,14.90,0.00,true,0,
7290111142239,false,לייף אול אין חטיף חלבון 100 שוקולד פאדג,מדיטרנד,NL,ALL IN חטיף חלבון - שוקולד פאדג',,0.00,0.00,false,1.00,17.90,0.17,true,0,
7290111144301,false,לייף מגבוני דיספנסר מועשר בלחות רביעייה,עלבד,IL,מגבונים מועשרים בקרם לחות באריזת דיספנסר,,0.00,0.00,false,1.00,24.90,6.22,true,0,
7290111144660,false,סאנדיי שקיות אוכל מעוצבות מנייר+מדבקות,לייף,PL,שקיות נייר לסנדויצ'ים,,0.00,0.00,false,1.00,9.90,0.19,true,0,
7290111144714,false,לייף אול אין גל אנרגיה בטעם קרמל מלוח,מדיטרנד,NL,ALL IN ג'ל אנרגיה בטעם קרמל מלוח,,0.00,100.00,false,1.00,6.90,0.00,true,0,
7290111144721,false,לייף אול אין גל אנרגיה בטעם אספרסו,מדיטרנד,NL,ALL IN ג'ל אנרגיה בטעם אספרסו,,0.00,100.00,false,1.00,6.90,0.00,true,0,
7290111144738,false,לייף אול אין גל אנרגיה בטעם פירות יער,מדיטרנד,NL,ALL IN ג'ל אנרגיה בטעם פירות יער,,0.00,100.00,false,1.00,6.90,0.00,true,0,
7290111144844,false,לייף בייביז סט מכנס+בגד גוף לבן NB,מיננה,CN,BABYS סט בגד גוף ומכנסיים שרוול ארוך 100% כותנה לבן NB,,0.00,0.00,false,1.00,39.90,0.00,true,0,
7290111144851,false,לייף בייביז סט מכנס+בגד גוף לבן 0-3,מיננה,CN,סט בגד גוף ומכנסיים שרוול ארוך לגילאי 0-3 חודשים,,0.00,0.00,false,1.00,39.90,0.00,true,0,
7290111145100,false,לייף מישל שמן ארגן לשיער יבש 150 מל,לייף,IL,MICHEL MERCIER שמן ארגן לשיער יבש,,0.00,100.00,false,1.00,29.90,0.00,true,0,
7290111145117,false,לייף מישל שמן קנביס לשיער מתולתל 145 מל,לייף,IL,MICHEL MERCIER שמן קנביס לשיער מתולתל,,0.00,100.00,false,1.00,29.90,0.00,true,0,
7290111145292,false,לייף שפתון רימון דיסני מכשפות בליסטר,3OL,IL,שפתון קסם הרימון לשפתיים יבשות דיסני,,0.00,0.00,false,1.00,12.90,0.00,true,0,
7290111145605,false,סאנדיי מרכך כביסה מרוכז כחול 1 ליטר,זוהר דליה,IL,מרכך כביסה מרוכז מועשר בתמציות רוז ומאסק,,0.00,1.00,false,1.00,14.90,14.90,true,0,
7290111145629,false,סאנדיי מרכך כביסה מרוכז בורדו 1 ליטר,זוהר דליה,IL,מרכך כביסה מרוכז מועשר בתמציות לילך ויסמין,,0.00,1.00,false,1.00,14.90,14.90,true,0,
7290111145636,false,לייף קידס אלסבון סמי הכבאי 700 מל לילדים,ארמן,IL,אל סבון לילדים סמי הכבאי,,0.00,100.00,false,1.00,13.90,0.00,true,0,
7290111145643,false,לייף קידס שמפו סמי הכבאי 700 מל לילדים,ארמן,IL,שמפו סמי הכבאי לפעוטות וילדים,,0.00,100.00,false,1.00,13.90,0.00,true,0,
7290111145735,false,לייף 6 מגבונים לחים רב שימושיים 72 יח,DPL,IL,מגבונים לחים רב שימושיים,,0.00,0.00,false,1.00,23.90,3.98,true,0,
7290111145988,false,לייף בייביז כפיות מגיל 6 חודשים כחול,ויטאל בייבי,,כפיות לתינוק זוג בצבע כחול 6+,,0.00,0.00,false,1.00,19.90,0.00,true,0,
7290111285356,false,צלחת במבוק 23 סמ סמי הכבאי,שמחה זה אנחנו בע`מ,CN,צלחת במבוק 23 סמ סמי הכבאי,,0.00,0.00,false,1.00,10.90,10.90,true,0,
7290111285431,false,קערה במבוק מפרץ ההרפתקאות בנים,שמחה זה אנחנו בעמ,CN,קערה במבוק מפרץ ההרפתקאות,,0.00,0.00,false,1.00,9.00,9.00,true,0,
7290111285448,false,קערה במבוק סמי הכבאי יח,שמחה זה אנחנו,CN,קערה במבוק סמי הכבאי,,0.00,0.00,false,1.00,9.00,9.00,true,0,
7290111285523,false,כוס במבוק מפרץ ההרפתקאות בנים,שמחה זה אנחנו,CN,כוס במבוק מפרץ ההרפתקאות,,0.00,0.00,false,1.00,8.90,8.90,true,0,
<<<<<<< HEAD
7290111285530,false,כוס במבוק סמי הכבאי יח,שמחה זה אנחנו,CN,כוס במבוק סמי הכבאי,,0.00,0.00,false,1.00,8.90,8.90,true,0,
7290111340109,false,דיפנד - מגן תחתון לנשים אקטיב 22 יח',קימברלי קלארק,IL,ACTIVE - FIT מגן תחתון לבריחת שתן אולטרה-מיני,,0.00,0.00,false,1.00,21.90,0.99,true,0,
7290111340925,false,מטליות לחות ניקול XL לניקוי כללי בניחוח פריחה 40 יח',חוגלה קימברלי,IL,מטליות לחות XL לניקוי משטחים גדולים,,0.00,0.00,false,1.00,15.90,0.39,true,0,
7290111341359,false,רדיד אלומיניום+סכין חיתוך ניקול 60 מטר,"אופל בע""\מ",IL,רדיד אלומיניום עם מתקן לחיתוך קל,,0.00,1.00,false,1.00,44.90,0.74,true,0,
7290111341434,false,תחבושות דיפנד נורמל אקטיב לנשים 12 יח,קימברלי קלארק,IL,ACTIVE - FIT תחבושות לבריחת שתן נורמל,,0.00,0.00,false,1.00,21.90,1.82,true,0,
7290111341496,false,תחבושות דיפנד מיני אקטיב לנשים 14 יח,קימברלי קלארק,IL,ACTIVE - FIT תחבושות לבריחת שתן מיני,,0.00,0.00,false,1.00,21.90,1.56,true,0,
7290111341540,false,קוטקס אקטיב טמפונים ללא מוליך נורמל 32יח,קימברלי קלארק צ'כיה,CZ,טמפונים אקטיב נורמל ללא מוליך לנוחות מקסימלית והגנה בתנועה,,0.00,0.00,false,1.00,28.90,0.90,true,0,
7290111341557,false,קוטקס אקטיב טמפונים ללא מוליך סופר 32יח,קימברלי קלארק צ'כיה,CZ,טמפונים אקטיב סופר ללא מוליך לנוחות מקסימלית והגנה בתנועה,,0.00,0.00,false,1.00,28.90,0.90,true,0,
7290111341984,false,לילי - מגבוני נייר טואלט לח פיור רביעייה,קימברלי,IL,PURE נייר טואלט לח נשטף באסלה,,0.00,0.00,false,1.00,26.90,6.72,true,0,
7290111341991,false,מגבוני טואלט לח סופרים לילי 48 יח',חוגלה קימברלי,IL,SUPREME נייר טואלט לח נשטף באסלה,,0.00,0.00,false,1.00,9.90,0.20,true,0,
7290111342004,false,נייר טואלט לילי לח קידס 56 דפים,חוגלה קימברלי,IL,KIDS נייר טואלט לח נשטף באסלה,,0.00,0.00,false,1.00,9.90,0.17,true,0,
7290111342042,false,ניקול כריות יפניות אנטיבקטריאלי 4 יחידות,פלסטו פוליש,IL,כריות יפניות לניקוי וקרצוף אנטיבקטריאלי,,0.00,0.00,false,1.00,14.90,3.72,true,0,
7290111342059,false,50 מטליות מיקרופייבר לשטחים אנטיבקטריאלי ניקול,ניקול,IL,מטליות לחות לחיטוי משטחים אנטיבקטריאלי,,0.00,0.00,false,1.00,15.90,0.31,true,0,
7290111342073,false,מטליות מקרופייבר למשטחים אנטיבקטריאלי ניקול,ניקול,IL,מטליות מיקרופייבר למשטחים אנטיבקטריאלי,,0.00,0.00,false,1.00,14.90,7.45,true,0,
7290111342738,false,לילי - מגבוני נייר טואלט לח קידס רביעייה,לילי נייר טואלט חוגלה,IL,נייר טואלט לח נשטף באסלה בניחוח פירותי מתאים לעורם של ילדים מארז,,0.00,0.00,false,1.00,26.90,6.72,true,0,
7290111343117,false,"קלינקס לושן סופט פק זוגות 140 דף ""חדש""",קימברלי קלארק,IL,"לושן - ממחטות טישו בתוספת : אלוורה, ויטמין E וקלנדולה",,0.00,0.00,false,1.00,15.90,7.95,true,0,
=======
7290111285530,false,כוס במבוק סמי הכבאי יח,שמחה זה אנחנו בע`מ,CN,כוס במבוק סמי הכבאי,,0.00,0.00,false,1.00,8.90,8.90,true,0,
7290111340109,false,דיפנד - מגן תחתון לנשים אקטיב 22 יח',קימברלי קלארק ישראל שיווק בעמ,IL,ACTIVE - FIT מגן תחתון לבריחת שתן אולטרה-מיני,,0.00,0.00,false,1.00,21.90,0.99,true,0,
7290111340925,false,מטליות לחות ניקול XL לניקוי כללי בניחוח פריחה 40 יח',קימברלי קלארק ישראל שיווק בעמ,IL,מטליות לחות XL לניקוי משטחים גדולים,,0.00,0.00,false,1.00,15.90,0.39,true,0,
7290111341359,false,ניקול רדיד אלומיניום חסכוני 60 מטר עם סכ,קימברלי קלארק ישראל שיווק בעמ,IL,רדיד אלומיניום עם מתקן לחיתוך קל,,0.00,1.00,false,1.00,44.90,0.74,true,0,
7290111341434,false,תחבושות דיפנד נורמל אקטיב לנשים 12 יח,קימברלי קלארק ישראל שיווק בעמ,IL,ACTIVE - FIT תחבושות לבריחת שתן נורמל,,0.00,0.00,false,1.00,21.90,1.82,true,0,
7290111341496,false,תחבושות דיפנד מיני אקטיב לנשים 14 יח,קימברלי קלארק ישראל שיווק בעמ,IL,ACTIVE - FIT תחבושות לבריחת שתן מיני,,0.00,0.00,false,1.00,21.90,1.56,true,0,
7290111341540,false,קוטקס אקטיב טמפונים ללא מוליך נורמל 32יח,קימברלי קלארק ישראל שיווק בעמ,CZ,טמפונים אקטיב נורמל ללא מוליך לנוחות מקסימלית והגנה בתנועה,,0.00,0.00,false,1.00,28.90,0.90,true,0,
7290111341557,false,קוטקס אקטיב טמפונים ללא מוליך סופר 32יח,קימברלי קלארק ישראל שיווק בעמ,CZ,טמפונים אקטיב סופר ללא מוליך לנוחות מקסימלית והגנה בתנועה,,0.00,0.00,false,1.00,28.90,0.90,true,0,
7290111341984,false,לילי - מגבוני נייר טואלט לח פיור רביעייה,קימברלי קלארק ישראל שיווק בעמ,IL,PURE נייר טואלט לח נשטף באסלה,,0.00,0.00,false,1.00,26.90,6.72,true,0,
7290111341991,false,מגבוני טואלט לח סופרים לילי 48 יח',קימברלי קלארק ישראל שיווק בעמ,IL,SUPREME נייר טואלט לח נשטף באסלה,,0.00,0.00,false,1.00,9.90,0.20,true,0,
7290111342004,false,מגבוני נייר טואלט לחים 56 דף דיספנסר,קימברלי קלארק ישראל שיווק בעמ,IL,KIDS נייר טואלט לח נשטף באסלה,,0.00,0.00,false,1.00,9.90,0.17,true,0,
7290111342042,false,ניקול כריות יפניות אנטיבקטריאלי 4 יחידות,קימברלי קלארק ישראל שיווק בעמ,IL,כריות יפניות לניקוי וקרצוף אנטיבקטריאלי,,0.00,0.00,false,1.00,14.90,3.72,true,0,
7290111342059,false,50 מטליות מיקרופייבר לשטחים אנטיבקטריאלי ניקול,קימברלי קלארק ישראל שיווק בעמ,IL,מטליות לחות לחיטוי משטחים אנטיבקטריאלי,,0.00,0.00,false,1.00,15.90,0.31,true,0,
7290111342073,false,מטליות מקרופייבר למשטחים אנטיבקטריאלי ניקול,קימברלי קלארק ישראל שיווק בעמ,IL,מטליות מיקרופייבר למשטחים אנטיבקטריאלי,,0.00,0.00,false,1.00,14.90,7.45,true,0,
7290111342738,false,לילי - מגבוני נייר טואלט לח קידס רביעייה,קימברלי קלארק ישראל שיווק בעמ,IL,נייר טואלט לח נשטף באסלה בניחוח פירותי מתאים לעורם של ילדים מארז,,0.00,0.00,false,1.00,26.90,6.72,true,0,
7290111343117,false,קלינקס ממחטות לושן סופט פק זוגות 140דף,קימברלי קלארק ישראל שיווק בעמ,IL,"לושן - ממחטות טישו בתוספת : אלוורה, ויטמין E וקלנדולה",,0.00,0.00,false,1.00,15.90,7.95,true,0,
>>>>>>> d048ac2f4f281c9d788043ab4e81b61b0dbe3743
7290111343483,false,קוטקס יאנג נייט תחבושות עם כנפיים 20 יח,חוגלה,CZ,יאנג נייט תחבושות עם כנפיים ספיגה מוגברת ללילה שלם,,0.00,0.00,false,1.00,20.90,1.04,true,0,
7290111343742,false,דיפנד תחתונים סופגים L נשים 9 יח,קימברלי קלארק ישראל שיווק בעמ,IL,"תחתוני לייקרה סופגים לבריחת שתן, נשים L",,0.00,0.00,false,1.00,46.90,5.21,true,0,
7290111343759,false,דיפנד תחתונים סופגים XL נשים 9 יח,קימברלי קלארק ישראל שיווק בעמ,IL,"תחתוני לייקרה סופגים לבריחת שתן, נשים XL",,0.00,0.00,false,1.00,46.90,5.21,true,0,
7290111343766,false,דיפנד תחתונים סופגים M גברים 10 יח,קימברלי קלארק ישראל שיווק בעמ,IL,"תחתוני לייקרה סופגים לבריחת שתן, גברים M",,0.00,0.00,false,1.00,46.90,4.69,true,0,
7290111343773,false,דיפנד תחתונים סופגים L גברים 9 יח,חוגלה,IL,"תחתוני לייקרה סופגים לבריחת שתן, גברים L",,0.00,0.00,false,1.00,46.90,5.21,true,0,
<<<<<<< HEAD
7290111343797,false,מטליות לחות לניקוי חלונות 48 יח' ניקול,חוגלה קימברלי,IL,מטליות לחות לניקוי חלונות,,0.00,0.00,false,1.00,15.90,0.31,true,0,
7290111343841,false,ניקול ספוגית הקסם נירוסטה 3 יחידות,ניקול,IL,ספוגית הקסם נירוסטה,,0.00,0.00,false,1.00,13.90,4.63,true,0,
7290111343858,false,ניקול מטליות לחות לרצפה אנטיבקרטריאלי 10 יחידות,עלבד משואות יצחק,IL,מטליות לחות לניקוי וחיטוי הרצפה אנטיבקטריאלי,,0.00,0.00,false,1.00,13.90,1.39,true,0,
7290111344077,false,מטליות לחות לחיטוי משטחים אריזת שלישייה,עלבד משואות יצחק,IL,מטליות לחות לחיטוי משטחים אנטיבקטריאלי מארז,,0.00,0.00,false,1.00,25.90,0.00,true,0,
7290111344091,false,מטליות לחות אנטיבקטריאלי TO GO שלישייה 15 יח',חוגלה קימברלי,IL,מטליות לחות לחיטוי משטחים אנטיבקטריאלי TO GO,,0.00,0.00,false,1.00,15.90,1.06,true,0,
=======
7290111343797,false,מטליות לחות לניקוי חלונות 48 יח' ניקול,קימברלי קלארק ישראל שיווק בעמ,IL,מטליות לחות לניקוי חלונות,,0.00,0.00,false,1.00,15.90,0.31,true,0,
7290111343841,false,ניקול ספוגית הקסם נירוסטה 3 יחידות,קימברלי קלארק ישראל שיווק בעמ,IL,ספוגית הקסם נירוסטה,,0.00,0.00,false,1.00,13.90,4.63,true,0,
7290111343858,false,ניקול מטליות לחות לרצפה אנטיבקרטריאלי 10 יחידות,קימברלי קלארק ישראל שיווק בעמ,IL,מטליות לחות לניקוי וחיטוי הרצפה אנטיבקטריאלי,,0.00,0.00,false,1.00,13.90,1.39,true,0,
7290111344077,false,שלישיות מטליות לחות למשטחים אנטיבקטראלי,קימברלי קלארק ישראל שיווק בעמ,IL,מטליות לחות לחיטוי משטחים אנטיבקטריאלי מארז,,0.00,0.00,false,1.00,25.90,0.00,true,0,
7290111344091,false,מטליות לחות אנטיבקטריאלי TO GO שלישייה 15 יח',קימברלי קלארק ישראל שיווק בעמ,IL,מטליות לחות לחיטוי משטחים אנטיבקטריאלי TO GO,,0.00,0.00,false,1.00,15.90,1.06,true,0,
>>>>>>> d048ac2f4f281c9d788043ab4e81b61b0dbe3743
7290111344183,false,דיפנד תחתונים סופגים M נשים 10 יח,חוגלה,IL,"תחתוני לייקרה סופגים לבריחת שתן, נשים M",,0.00,0.00,false,1.00,46.90,4.69,true,0,
7290111344206,false,האגיס נטורל קר מגבונים לחים בבישום עדין רביעייה,קימברלי קלארק ישראל שיווק בעמ,IL,מגבונים לחים לתינוק בבישום עדין,,0.00,0.00,false,1.00,27.90,6.97,true,0,
7290111344442,false,קוטקס יאנג נייט תחתוני מחזור לנערות,חוגלה,CN,יאנג נייט תחתוני מחזור לנערות,,0.00,0.00,false,1.00,10.90,5.45,true,0,
7290111344459,false,קוטוקס תחבושות נייט אקסטרא לונג 20 יח',קימברלי קלארק ישראל שיווק בעמ,CN,תחבושת אקסטרא לונג נייט,,0.00,0.00,false,1.00,20.90,1.16,true,0,
7290111344503,false,חיתולי האגיס אקסטרה קייר מידה +4 36 יח',קימברלי קלארק ישראל שיווק בעמ,IL,"חיתולים מידה +4, 10-14 ק""ג",,0.00,0.00,false,1.00,63.90,1.77,true,0,
7290111344527,false,ניקול שקיות אשפה XXL לפחים ענקיים 20 יחי,קימברלי קלארק ישראל שיווק בעמ,IL,"שקיות אשפה XXL לפחים ענקיים בצבע שחור גודל 90X78 ס""מ",,0.00,0.00,false,1.00,26.90,1.34,true,0,
7290111344619,false,"ניקול מטליות לחות לניקוי סביבת התינוק צעצועים, 50 יחידות",קימברלי קלארק ישראל שיווק בעמ,IL,מטליות לחות לניקוי צעצועים,,0.00,0.00,false,1.00,16.90,0.33,true,0,
7290111344732,false,קלינקס - טיישו אלרג'י קומפורט ניילון זוגות 140 דף,קימברלי קלארק ישראל שיווק בעמ,IL,אלרג'י קומפורט ממחטות אף טישו,,0.00,0.00,false,1.00,15.90,7.95,true,0,
7290111344824,false,מגן תחתון קוטקס אקסטרא אנטיבקטריאלי לארג',קימברלי קלארק ישראל שיווק בעמ,,מגיני תחתון אנטיבקטריאליים להגנה מוגברת,,0.00,0.00,false,1.00,20.90,0.40,true,0,
7290111344831,false,קוטקס - מגיני יום אקסטרא פרוטקט נורמל ביג 60 יח',קימברלי קלארק ישראל שיווק בעמ,,מגני תחתון נורמל להגנה מוגברת,,0.00,0.00,false,1.00,20.90,0.34,true,0,
7290111344855,false,קוטקס - מגיני יום אקסטרא פרוטקט לארג' ביג 52 יח',קימברלי קלארק ישראל שיווק בעמ,,מגיני תחתון לארג' להגנה מוגברת,,0.00,0.00,false,1.00,20.90,0.40,true,0,
7290111344879,false,קוטקס מגיני תחתון 2IN1 מחזור+שתן 44 יחיד,קימברלי קלארק ישראל שיווק בעמ,,מגיני תחתון 2IN1 מחזור+בריחת שתן,,0.00,0.00,false,1.00,20.90,0.47,true,0,
7290111344930,false,מטליות לחות לרצפה בניחוח כביסה ארומתרפיה ניקול 10 יח',קימברלי קלארק ישראל שיווק בעמ,IL,מטליות לחות לניקוי הרצפה בניחוח מרכך כביסה,,0.00,0.00,false,1.00,15.90,1.59,true,0,
7290111345043,false,ניקול מטליות מיקרופייבר דו צדדית למשטחים,קימברלי קלארק ישראל שיווק בעמ,IL,מטליות מיקרופייבר למשטחים - דו צדדיות,,0.00,0.00,false,1.00,14.90,7.45,true,0,
7290111345753,false,תחבושות נטורל דואו נורמל 24 יח' קוטקס,קימברלי קלארק ישראל שיווק בעמ,CZ,נטורל תחבושות 100% כותנה עם כנפיים - נורמל,,0.00,0.00,false,1.00,20.90,0.87,true,0,
7290111345760,false,תחבושות נטורל דואו סופר 18 יח' קוטקס,קימברלי קלארק ישראל שיווק בעמ,CZ,נטורל תחבושות 100% כותנה עם כנפיים - סופר,,0.00,0.00,false,1.00,20.90,1.16,true,0,
7290111345777,false,תחבושת קוטקס כותנה לילה 16 יח' קוטקס,קימברלי קלארק ישראל שיווק בעמ,CZ,נטורל תחבושות 100% כותנה עם כנפיים - לילה,,0.00,0.00,false,1.00,20.90,1.30,true,0,
7290111345821,false,נייר טואלט לילי נטורל קר 32-16 גלילי כפו,קימברלי קלארק ישראל שיווק בעמ,IL,NATURAL CARE נייר טואלט דו שכבתי בתוספת אלוורה וקמומיל גליל ג'מבו,,0.00,0.00,false,1.00,40.90,2.55,true,0,
7290111346347,false,מגבוני אף אוריגינל סופט חמישיה קלינקס,קימברלי קלארק ישראל שיווק בעמ,IL,טישו אוריגינל - חוזק ורכות מפנקת לשימוש יומיומי,,0.00,0.00,false,1.00,18.90,0.00,true,0,
7290111564277,false,פריכיות דקות ונימוחות 3 דגנים פיטנס Fitness,קבוצת אוסם סחר שותפות מוגבלת,IL,פיטנס פריכיות דקות 3 דגנים,,0.00,100.00,false,1.00,11.90,0.00,true,0,
7290111564291,false,פריכיות דקות ונימוחות 3 דגנים וקינואה פיטנס Fitness,קבוצת אוסם סחר שותפות מוגבלת,IL,פיטנס פריכיות דקות 3 דגנים וקינואה,,0.00,100.00,false,1.00,11.90,0.00,true,0,
7290111564956,false,"ביסלי במבה מיקס 200 גרם ""אסם""",קבוצת אוסם סחר שותפות מוגבלת,IL,ביסלי במבה מיקס,,0.00,100.00,false,1.00,9.90,0.00,true,0,
7290111565656,false,במבה במילוי קרם נוגט 150 ג',קבוצת אסם סחר שות. מוגבלת,IL,חטיף בוטנים במילוי קרם נוגט,,0.00,100.00,false,1.00,9.90,0.00,true,0,
7290111568206,false,ביסלי פארטי מיקס אסם 150 גר',קבוצת אוסם סחר שותפות מוגבלת,IL,פארטי מיקס,,0.00,100.00,false,1.00,9.90,0.00,true,0,
7290111590085,false,לייף בייביז סט צלחת עם כפית ורוד כתום,ויטאל בייבי,,קערה לתינוק עם כפית בצבע ורוד 6+,,0.00,0.00,false,1.00,29.90,0.00,true,0,
7290111590283,false,סאנדיי גל כביסה ירוק 3 ליטר,זוהר דליה,,ג'ל כביסה מרוכז ירוק,,0.00,1.00,false,1.00,24.90,8.30,true,0,
7290111590290,false,סאנדיי גל כביסה ורוד קולור 3 ליטר,זוהר דליה,,ג'ל כביסה מרוכז קולור ורוד,,0.00,1.00,false,1.00,24.90,8.30,true,0,
7290111590337,false,לייף מברשת שיניים חשמלית נטענת-ספיידרמן,יניר מערכות,CN,DENTAL מברשת שיניים חשמלית לילדים נטענת - ספיידרמן,,0.00,0.00,false,1.00,99.90,0.00,true,0,
7290111590450,false,לייף גל לשיער לעיצוב חזק במיוחד 1 ליטר,לייף,IL,ג'ל חזק במיוחד לעיצוב שיער,,0.00,1.00,false,1.00,15.90,15.90,true,0,
7290111590467,false,לייף גל לשיער למראה רטוב 500 מל,לייף,IL,ג'ל לעיצוב שיער למראה רטוב,,0.00,100.00,false,1.00,12.90,0.00,true,0,
7290111590948,false,לייף משחת שיניים לפעוטות בטעם תות שדה 70,זר הייטק,IL,DENTAL משחת שיניים לפעוטות מתאימה לשיני חלב בטעם תות שדה,,0.00,100.00,false,1.00,17.90,0.00,true,0,
7290111591136,false,לייף בייבי משטח החתלה 10 יח דיסני מיקי ו,ONTEX,BE,משטח החתלה דיסני מיקי ומיני,,0.00,0.00,false,1.00,16.90,1.69,true,0,
7290111591259,false,לייף וולנס תה ירוק עם עשב לימון לואיזה50,לייף,IL,תה ירוק עם עשב לימון ולואיזה,,0.00,0.00,false,1.00,29.90,0.59,true,0,
7290111591648,false,לייף מארז מסירי איפור 120 יח*3,לייף,PL,פדים קוסמטיים להסרת איפור,,0.00,0.00,false,1.00,19.90,0.05,true,0,
7290111591662,false,לייף פדים קוסמטיים אובלים סילק אפקט 40,לייף,,פדים קוסמטיים אובלים סילק אפקט,,0.00,0.00,false,1.00,5.90,0.14,true,0,
7290111591679,false,לייף מסיר איפור 120 יח,לייף,PL,פדים קוסמטיים להסרת איפור,,0.00,0.00,false,1.00,9.90,0.08,true,0,
7290111591686,false,לייף בייביז מקלוני אוזניים בטיחותיים 60,לייף,,BABYS מקלוני אוזניים בטיחותיים לתינוקות,,0.00,0.00,false,1.00,6.90,0.11,true,0,
7290111591693,false,לייף בייביז פדים לניקוי היגייני 60 יח,לייף,IL,BABYS פדים לניקוי היגייני,,0.00,0.00,false,1.00,9.90,0.16,true,0,
7290111591754,false,סאנדיי זוג ניילון נצמד חדש,לייף,PL,ניילון נצמד,,0.00,0.00,false,1.00,12.90,6.45,true,0,
7290111591785,false,סאנדיי זוג רדידי אלומיניום,לייף,PL,רדידי אלומיניום,,0.00,0.00,false,1.00,12.90,6.45,true,0,
7290111591792,false,סאנדיי נייר אפייה 50 יחידות חדש,לייף,PL,נייר אפייה,,0.00,0.00,false,1.00,9.90,0.19,true,0,
7290111591877,false,לייף אול אין חטיף חלבון בוטנים קרמל 100ג,מדיטרנד,NL,חטיף חלבון בטעם בוטנים קרמל מלוח,,0.00,0.00,false,1.00,17.90,0.17,true,0,
7290111591891,false,סאנדיי מטהר אויר ומבשם SWEET DREAMS ורוד,זוהר דליה,IL,מטהר אויר ומבשם SWEET DREAMS ורוד,,0.00,100.00,false,1.00,12.90,0.00,true,0,
7290111591914,false,סאנדיי מטהר אויר ומבשם ירוק WILD FOREST,זוהר דליה,IL,מטהר אויר ומבשם ירוק WILD FOREST,,0.00,100.00,false,1.00,12.90,0.00,true,0,
7290111591921,false,לייף תחבושות בריחת שתן 12 יח סופר,ONTEX,BE,FEMININE FIT תחבושות דקות לבריחת שתן - סופר,,0.00,0.00,false,1.00,19.90,1.65,true,0,
7290111591938,false,לייף תחבושות בריחת שתן 10 יח אקסטרה,ONTEX,BE,FEMININE FIT תחבושות דקות לבריחת שתן - אקסטרה,,0.00,0.00,false,1.00,19.90,1.99,true,0,
7290111591976,false,לייף ביקיני גרומר מכשיר גילוח עדין לנשים,לייף,CN,מכשיר לגילוח עדין לנשים לפנים ולאזור הביקיני,,0.00,0.00,false,1.00,89.90,0.00,true,0,
7290111592485,false,לייף סבון קצף מועשר בתמצית ליצי 500 מל,לייף,IL,סבון קצף מועשר בתמצית ליצ'י,,0.00,100.00,false,1.00,9.90,0.00,true,0,
7290111592492,false,לייף סבון קצף מועשר בתמצית אלוורה 500 מל,לייף,IL,סבון קצף מועשר בתמצית אלוורה,,0.00,100.00,false,1.00,9.90,0.00,true,0,
7290111592584,false,לייף בייביז שקיות לאחסון חלב אם 50 יח,איתן,CN,שקיות לאחסון חלב אם והקפאת חלב,,0.00,0.00,false,1.00,54.90,1.09,true,0,
7290111592591,false,לייף בייביז שקיות חלב אם 25 יח עובי משופ,איתן,CN,שקיות לאחסון חלב אם והקפאת חלב,,0.00,0.00,false,1.00,31.90,1.27,true,0,
7290111593390,false,לייף מסכת צבע זמני בלונד מוזהב,לייף,IT,MICHEL MERCIER מסכת צבע זמני בלונד מוזהב,,0.00,100.00,false,1.00,34.90,0.00,true,0,
7290111593611,false,לייף וולנס פריכיות אורז מלא 310 גרם,פרח,IL,פריכיות אורז מלא למריחה,,0.00,100.00,false,1.00,14.90,0.00,true,0,
7290111593666,false,לייף קידס קצף אמבט 700 מל מיקי מאוס,ארמן,,קצף אמבטיה לילדים מיקי מאוס,,0.00,100.00,false,1.00,13.90,0.00,true,0,
7290111593697,false,לייף וולנס דבש טהור מפרחי בר 400 גרם,לייף,IL,דבש טהור מפרחי בר,,0.00,100.00,false,1.00,19.90,0.00,true,0,
7290111593758,false,לייף בייביז דייסת שיבולת שועל תפוח ואגס,לייף,IL,אבקה להכנת דייסת שיבולת שועל בטעם תפוח ואגס +6 חודשים,,0.00,100.00,false,1.00,11.90,0.00,true,0,
7290111593802,false,לייף בייביז שמיכת טטרה קיץ כוכבים,מיננה,BE,שמיכה לתינוק טטרה- כוכבים קיץ מיננה,,0.00,0.00,false,1.00,39.90,39.90,true,0,
7290111593819,false,לייף בייביז סינר הנקה עם קשת כחול,מיננה,BE,"סינר הנקה 85/75 ס""מ כחול עם קשת",,0.00,0.00,false,1.00,69.90,69.90,true,0,
7290111593826,false,לייף בייביז סינר הנקה עם קשת אפור,מיננה,BE,"סינר הנקה 85/75 ס""מ עם כוכבים",,0.00,0.00,false,1.00,69.90,69.90,true,0,
7290111593857,false,לייף מברשת חשמלית נטענת RECHARGEABLE,יניר מערכות,CN,DENTAL מברשת שיניים חשמלית נטענת RECHARGEABLE,,0.00,0.00,false,1.00,89.90,0.00,true,0,
7290111593864,false,לייף מארז ראשים אוניברסלי רביעייה,יניר מערכות,CN,DENTAL ראשי מברשת אוניברסליים,,0.00,0.00,false,1.00,74.90,18.72,true,0,
7290111593871,false,סאנדיי מפיץ ריח מקלות 85 מל וניל,לייף,IL,מקלות מפיצי ריח וניל לבן,,0.00,100.00,false,1.00,17.90,0.00,true,0,
7290111593888,false,סאנדיי מפיץ ריח מקלות 85 מל קריסטל שחור,לייף,IL,מקלות מפיצי ריח קריסטל שחור,,0.00,100.00,false,1.00,17.90,0.00,true,0,
7290111594205,false,לייף קידס קערת במבוק צפרדע,לייף,CN,קערה לתינוק במבוק צפרדע,,0.00,0.00,false,1.00,16.90,16.90,true,0,
7290111594243,false,לייף בייביז נטורל שמפו לתינוקות 400 מל,לייף,IL,שמפו לתינוק נטורל מגיל לידה,,0.00,100.00,false,1.00,23.90,0.00,true,0,
7290111594250,false,לייף בייביז נטורל סבון לתינוקות 400 מל,לייף,IL,אל סבון לתינוק נטורל,,0.00,100.00,false,1.00,23.90,0.00,true,0,
7290111594274,false,לייף קידס נטורל סבון לילדים 400 מל,לייף,IL,אל סבון לילדים נטורל,,0.00,100.00,false,1.00,23.90,0.00,true,0,
7290111594281,false,לייף קידס נטורל שמפו לילדים 400 מל,לייף,IL,שמפו לילדים נטורל,,0.00,100.00,false,1.00,23.90,0.00,true,0,
7290111594335,false,לייף תחבושות בריחת שתן 8 + יח אקסטרה,ONTEX,BE,FEMININE FIT תחבושות דקות לבריחת שתן - אקסטרה פלוס,,0.00,0.00,false,1.00,19.90,2.48,true,0,
7290111594441,false,לייף מכשיר אלקטרוני לניקוי הפנים,לייף,CN,מכשיר אלקטרוני לניקוי הפנים,,0.00,0.00,false,1.00,79.90,0.00,true,0,
7290111594472,false,לייף בייביז פישר פרייס בובת עגלה זברה,לייף,IL,פישר פרייס בובת תינוק לעגלה זברה,,0.00,0.00,false,1.00,39.90,0.00,true,0,
7290111594496,false,לייף בייביז פישר פרייס טבעת רעשן גירפה,לייף,IL,פישר פרייס רעשן לתינוק בצורת טבעת ג'ירפה,,0.00,0.00,false,1.00,24.90,0.00,true,0,
7290111594502,false,לייף בייביז פישר פרייס טבעת רעשן זברה,לייף,IL,פישר פרייס רעשן לתינוק בצורת טבעת זברה,,0.00,0.00,false,1.00,24.90,0.00,true,0,
7290111594519,false,לייף בייביז פישר פרייס טבעת רעשן פיל,לייף,IL,פישר פרייס רעשן לתינוק בצורת טבעת פיל,,0.00,0.00,false,1.00,24.90,0.00,true,0,
7290111594533,false,לייף בייביז פישר פרייס מקל רעשן זברה,לייף,IL,פישר פרייס רעשן לתינוק בצורת מקל זברה,,0.00,0.00,false,1.00,29.90,0.00,true,0,
7290111594557,false,לייף בייביז פישר פרייס שמיכי גירפה,לייף,IL,פישר פרייס שמיכי לתינוק ג'ירפה צבעוני ומרשרש,,0.00,0.00,false,1.00,34.90,0.00,true,0,
7290111594564,false,לייף בייביז פישר פרייס שמיכי זברה,לייף,IL,פישר פרייס שמיכי לתינוק זברה צבעוני ומרשרש,,0.00,0.00,false,1.00,34.90,0.00,true,0,
7290111594571,false,לייף בייביז פישר פרייס קשת לעגלה,לייף,IL,פישר פרייס קשת לעגלה תינוק,,0.00,0.00,false,1.00,79.90,0.00,true,0,
7290111594595,false,לייף בייביז פישר פרייס שמיכי פיל,לייף,IL,פישר פרייס שמיכי לתינוק פיל צבעוני ומרשרש,,0.00,0.00,false,1.00,34.90,0.00,true,0,
7290111594601,false,לייף מכשיר מיני אלקטרוני לניקוי הפנים,לייף,CN,מכשיר מיני אלקטרוני לניקוי הפנים,,0.00,0.00,false,1.00,59.90,0.00,true,0,
7290111594618,false,לייף סט כפפות להסרת איפור,לייף,CN,כפפות להסרת איפור,,0.00,0.00,false,1.00,19.90,0.00,true,0,
7290111594625,false,לייף סט מגבות להסרת איפור,לייף,CN,מגבות להסרת איפור,,0.00,0.00,false,1.00,24.90,0.00,true,0,
7290111594632,false,לייף סיליקון לניקוי הפנים,לייף,CN,סיליקון לניקוי הפנים,,0.00,0.00,false,1.00,7.90,0.00,true,0,
7290111594649,false,לייף ספוגית לניקוי הפנים,לייף,CN,ספוגית לניקוי הפנים,,0.00,0.00,false,1.00,12.90,0.00,true,0,
7290111594717,false,לייף קיסמי אוזניים 160 יח,לייף,IL,קיסמי אוזניים,,0.00,0.00,false,1.00,4.50,0.02,true,0,
7290111594786,false,לייף פרופשונל תרחיץ פנים לעור נעורים 150,פרופשיונל,IL,תרחיץ פנים לעור נעורים,,0.00,100.00,false,1.00,55.90,0.00,true,0,
7290111594793,false,לייף פרופשונל BB קרם לייט 30 מל,פרופשיונל,IL,BB קרם לכיסוי מושלם - לייט,,0.00,100.00,false,1.00,89.90,0.02,true,0,
7290111594809,false,לייף פרופשונל BB קרם מדיום 30 מל,פרופשיונל,IL,BB קרם לכיסוי מושלם - מדיום,,0.00,100.00,false,1.00,89.90,0.02,true,0,
7290111594816,false,לייף פרופשונל BB קרם קרמל 30 מל,פרופשיונל,IL,BB קרם לכיסוי מושלם - קרמל,,0.00,100.00,false,1.00,89.90,0.02,true,0,
7290111594823,false,לייף דרייפיקס משחה לכף רגל,פרופשיונל,IL,DRYFIX משחה לכף הרגל,,0.00,100.00,false,1.00,38.90,0.00,true,0,
7290111594830,false,לייף דרייפיקס קרם ידיים לעור יבש במיוחד,פרופשיונל,IL,DRYFIX קרם ידיים לעור יבש במיוחד,,0.00,100.00,false,1.00,36.90,0.00,true,0,
7290111594847,false,לייף דרייפיקס משחה לשפתיים יבשות במיוחד,פרופשיונל,IL,DRYFIX משחה לשפתיים יבשות במיוחד,,0.00,100.00,false,1.00,26.90,0.02,true,0,
7290111594854,false,לייף דרייפיקס תחליב גוף טיפולי לעור יבש,פרופשיונל,IL,DRYFIX תחליב גוף טיפולי לעור יבש,,0.00,100.00,false,1.00,39.90,0.00,true,0,
7290111594861,false,לייף דרייפיקס תרחיץ אל סבון טיפולי 250,פרופשיונל,IL,DRYFIX תרחיץ אל סבון טיפולי,,0.00,100.00,false,1.00,29.90,0.00,true,0,
7290111595059,false,סאפורה אשכולות קשיו ובייגלה מצופים שוקול,General,IL,אשכולות שוקולד חלב עם שברי קשיו ובייגלה,,0.00,100.00,false,1.00,12.90,0.00,true,0,
7290111595189,false,לייף טישו קוביה 3 שכבות LOVE 56 יח,לייף,IL,ממחטות נייר רכות במיוחד תלת-שכבתיות LOVE,,0.00,0.00,false,1.00,6.90,0.12,true,0,
7290111595240,false,לייף מגבוני מים מיסלריים להסרת איפור עיק,עלבד,IL,מגבוני מים מיסלריים להסרת איפור עיקש,,0.00,0.00,false,1.00,9.90,0.33,true,0,
7290111595257,false,לייף מגבוני אנטי אייגינג מועשרים ברטינול,עלבד,IT,מגבוני אנטי אייגינג מועשרים ברטינול,,0.00,0.00,false,1.00,9.90,0.00,true,0,
7290111595264,false,לייף מגבוני פחם פעיל לניקוי עמוק וספיחת,עלבד,IT,לייף מגבוני פחם פעיל לניקוי עמוק וספיחת שומן,,0.00,0.00,false,1.00,9.90,0.00,true,0,
7290111596650,false,לייף מדבקות אף פחם לניקוי נקבוביות האף,זר הייטק,KR,מדבקות לניקוי נקבוביות האף מועשרות בפחם ואלוורה,,0.00,0.00,false,1.00,24.90,0.00,true,0,
7290111597015,false,לייף וולנס סטיביה על בסיס צמח הסטיביה100,לייף,IL,סטיביה ממתיק,,0.00,0.00,false,1.00,29.90,0.29,true,0,
7290111598661,false,סאנדיי סבון לאסלה צובע מים בכחול שלישייה,EGM השקעות בעמ,TR,סבון כחול לניקוי האסלה,,0.00,0.00,false,1.00,12.90,4.30,true,0,
7290111598678,false,סאנדיי כדורי אסלה צהוב כחול,EGM השקעות בעמ,TR,כדוריות לניקוי ולהברקת האסלה בניחוח לימון וים,,0.00,100.00,false,1.00,6.90,0.00,true,0,
7290111598685,false,סאנדיי כדורי אסלה ורוד צהוב,EGM השקעות בעמ,TR,כדוריות לניקוי ולהברקת אסלה בניחוח לימון ולבנדר,,0.00,100.00,false,1.00,6.90,0.00,true,0,
7290111598883,false,סאנדיי מטליות לשיש 30 יחידות אריזת חסכון,מוסקו,CN,מטליות איכותיות הנשלפות בקלות לניקוי ולניגוב מגוון משטחים,,0.00,0.00,false,1.00,39.90,1.33,true,0,
7290111598890,false,לייף ליפ באלם מקרון אפרסק,General,IL,ליפ באלם מקרון בטעם אפרסק,,0.00,100.00,false,1.00,14.90,0.01,true,0,
7290111598906,false,לייף ליפ באלם מקרון תפוח,General,IL,ליפ באלם מקרון בטעם תפוח,,0.00,100.00,false,1.00,14.90,0.01,true,0,
7290111598913,false,לייף ליפ באלם מקרון תות,General,IL,ליפ באלם מקרון בטעם תות,,0.00,100.00,false,1.00,14.90,0.01,true,0,
7290111598968,false,לייף פרופשונל תחליב פנים קליל הגנה מהשמש,פרופשיונל,IL,תחליב פנים קליל להגנה גבוהה מהשמש SPF50,,0.00,100.00,false,1.00,69.90,0.01,true,0,
7290111599101,false,לייף בייביז כוס 360 WOW ורודה,לייף,CN,כוס הפלא ורודה,,0.00,0.00,false,1.00,44.90,44.90,true,0,
7290111599118,false,לייף בייביז כוס 360 WOW כחולה,לייף,CN,כוס הפלא כחולה,,0.00,0.00,false,1.00,44.90,0.00,true,0,
7290111599125,false,לייף קידס כוס 360 WOW סגולה,לייף,CN,כוס הפלא סגולה,,0.00,0.00,false,1.00,44.90,44.90,true,0,
7290111599132,false,לייף קידס כוס 360 WOW כחולה,לייף,CN,כוס הפלא כחולה,,0.00,0.00,false,1.00,44.90,44.90,true,0,
7290111599149,false,מילוקה מגבונים להסרת איפור עמיד במים,General,IL,מגבונים להסרת איפור עמיד במים,,0.00,0.00,false,1.00,8.90,0.35,true,0,
7290111599163,false,מילוקה מסכה מטלית לט איט גלו-שחור מטאלי,General,IT,LET IT GLOW מסכה מטאלית לניקוי רעלים,,0.00,100.00,false,1.00,9.90,0.00,true,0,
7290111599170,false,מילוקה מסכה מטלית לט איט גלו-צהוב הולוגר,General,IT,LET IT GLOW מסכה מטאלית להמרצת העור,,0.00,100.00,false,1.00,9.90,0.00,true,0,
7290111599187,false,מילוקה מסכה מטלית לט איט גלו-ורוד הולוגר,General,IT,LET IT GLOW מסכה מטאלית המקלה על העור,,0.00,100.00,false,1.00,9.90,0.00,true,0,
7290111599194,false,מילוקה מסכה מטלית לט איט גלו-סגול מטאלי,General,IT,LET IT GLOW מסכה מטאלית אנטי אייג'ינג,,0.00,100.00,false,1.00,9.90,0.00,true,0,
7290111599279,false,מילוקה תחליב גוף לייף איז אה ביץ 300 מל,General,NL,LIFE IS A BEACH תחליב גוף,,0.00,100.00,false,1.00,12.90,0.00,true,0,
7290111599286,false,מילוקה תחליב גוף איטס אבאוט ליים 300 מל,General,NL,IT'S ABOUT LIME תחליב גוף,,0.00,100.00,false,1.00,12.90,0.00,true,0,
7290111599293,false,מילוקה תחליב גוף הב אה גרין דיי 300 מל,General,NL,HAVE A GREEN DAY תחליב גוף,,0.00,100.00,false,1.00,12.90,0.00,true,0,
7290111599484,false,לייף מארז קיסמים דנטליים משולבים TO GO,אידיאל,,Dental קיסמי שיניים משולבים בחוט דנטלי בטעם מנטה,,0.00,0.00,false,1.00,14.90,0.74,true,0,
7290111599514,false,לייף מ.הגנה שמן גזר ספריי 200 מל,אמיליה קוסמטיקס,,SUN שמן גזר SPF15 עמיד במים,,0.00,100.00,false,1.00,39.90,0.00,true,0,
7290111599637,false,לייף מ.הגנה 50 45 מל תחליב לילדים TO GO,General,IL,SUN KIDS תחליב פנים לעור רגיש SPF50,,0.00,100.00,false,1.00,24.90,0.00,true,0,
7290111599682,false,לייף מ.הגנה 30 60 מל לפנים נטול שומן,אמיליה קוסמטיקס,IL,SUN תחליב פנים נטול שומן SPF30 עמיד במים,,0.00,100.00,false,1.00,24.90,0.00,true,0,
7290111599729,false,לייף וולנס חליטת פרחי קמומיל ונענע 50 תי,לייף,,חליטת צמחים לחליטה פרחי קמומיל ונענע,,0.00,0.00,false,1.00,29.90,0.59,true,0,
7290111599736,false,לייף וולנס תה ירוק ונענע 50 תיונים,לייף,,תה ירוק עם נענע,,0.00,0.00,false,1.00,29.90,0.59,true,0,
7290111599781,false,לייף בייביז נשכן סיליקון שחור לבן,לייף,TH,נשכן לתינוק עשוי סילקון שחור לבן,,0.00,0.00,false,1.00,29.90,0.00,true,0,
7290111599842,false,סאנדיי 10 מטליות ענק לחות לניקוי הרצפה,General,,מטליות ענק לחות לניקוי הרצפה,,0.00,0.00,false,1.00,9.90,0.99,true,0,
7290111599859,false,לייף מגבונים אריזת חמישייה ללא בישום 72י,DPL,IL,מגבונים לחים לתינוקות ללא בישום,,0.00,0.00,false,1.00,21.90,4.38,true,0,
7290111599873,false,סאנדיי מפיץ ריח מקלות 85 מל קלין לינן,לייף,IL,מקלות מפיצי ריח מרכך כביסה CLEAN LINEN,,0.00,100.00,false,1.00,17.90,0.00,true,0,
7290111599934,false,לייף שקית מלח 300 גרם,General,IL,מלח אמבט בשקית,,0.00,100.00,false,1.00,19.90,0.00,true,0,
7290111599941,false,לייף שקית בוץ ים המלח 300 גרם,General,IL,שקית בוץ ים המלח,,0.00,100.00,false,1.00,14.90,0.00,true,0,
7290111600371,false,לייף בייביז שלישיית בקבוקי שתיה מעוצבים,ויטאל בייבי,TH,בקבוק שתייה לתינוק 0+ חודשים מארז שלישייה צבעוני,,0.00,0.00,false,1.00,29.90,0.00,true,0,
7290111600432,false,לייף תחתונים אחרי לידה 8 יח MEDIUM,לייף,,תחתונים חד פעמיים לספיגה ונוחות מקסימלית MEDIUM,,0.00,0.00,false,1.00,29.90,0.00,true,0,
7290111600449,false,לייף תחתונים אחרי לידה 8 יח LARGE,לייף,,תחתונים חד פעמיים לספיגה ונוחות מקסימלית LARGE,,0.00,0.00,false,1.00,29.90,0.00,true,0,
7290111600500,false,לייף זוג סבוני ידיים 500 מל שחור לבן,לייף,IL,סבון ידיים נוזלי אל סבון זוג שחור-לבן,,0.00,100.00,false,1.00,12.90,0.00,true,0,
7290111600517,false,לייף זוג סבוני ידיים 500 מל כחולים,לייף,IL,סבון ידיים נוזלי אל סבון זוג כחול- תכלת,,0.00,100.00,false,1.00,12.90,0.00,true,0,
7290111600548,false,לייף תחתוני ספיגה מבוגרים 14 יח LARGE,ONTEX,BE,תחתונים סופגים חד פעמיים L,,0.00,0.00,false,1.00,74.90,5.35,true,0,
7290111600555,false,לייף תחתוני ספיגה מבוגרים 14 יח MEDIUM,ONTEX,BE,תחתונים סופגים חד פעמיים M,,0.00,0.00,false,1.00,74.90,5.35,true,0,
7290111600562,false,לייף תחתוני ספיגה מבוגרים 14 EXTRA LARGE,ONTEX,BE,תחתונים סופגים חד פעמיים XL,,0.00,0.00,false,1.00,74.90,5.35,true,0,
7290111601040,false,לייף PURE WATER 99% מגבונים 64*4 יח,עלבד,IL,PURE WATER 99% מגבונים לחים 64 יחידות,,0.00,0.00,false,1.00,24.90,6.22,true,0,
7290111601491,false,לייף רצועות אל בד ארוכות להסרת שיער 50,איתן,IL,רצועות אל בד להסרת שיער בשעווה,,0.00,0.00,false,1.00,19.90,0.39,true,0,
7290111601507,false,לייף רצועות אל בד קצרות להסרת שיער 50,איתן,IL,רצועות אל בד קצרות להסרת שיער בשעווה,,0.00,0.00,false,1.00,14.90,0.29,true,0,
7290111601668,false,סו.קו סרט שיער בקשירת ארנב,General,CN,סרט שיער בקשירת ארנב,,0.00,0.00,false,1.00,19.90,0.00,true,0,
7290111601712,false,לייף קידס שמפו מתיר קשרים מועשר 700 מל,ארמן,IL,שמפו מתיר קשרים לילדים מועשר ברוזמרין,,0.00,100.00,false,1.00,13.90,0.00,true,0,
7290111601736,false,לייף קידס קרם לחות מתיר קשרים מועשר 350,ארמן,IL,קרם לחות מתיר קשרים לילדים מועשר ברוזמרין,,0.00,100.00,false,1.00,14.90,0.00,true,0,
7290111601743,false,לייף קידס ספריי לחות מתיר קשרים 350 מל,ארמן,IL,ספריי לחות מתיר קשרים לילדים מועשר ברוזמרין,,0.00,100.00,false,1.00,14.90,0.00,true,0,
7290111601750,false,לייף מ.הגנה 50 45 מל TO GO כדורגל,General,IL,SUN KIDS תחליב פנים לעור רגיש להגנה גבוהה SPF50 TO GO כדורגל,,0.00,100.00,false,1.00,24.90,0.00,true,0,
7290111601767,false,לייף מ.הגנה 50 45 מל TO GO יוניקורן,General,IL,SUN KIDS תחליב פנים לעור רגיש להגנה גבוהה SPF50 TO GO יוניקורן,,0.00,100.00,false,1.00,24.90,0.00,true,0,
7290111601774,false,לייף מ.הגנה 50 45 מל TO GO פלמינגו,General,IL,SUN KIDS תחליב פנים לעור רגיש להגנה גבוהה SPF50 TO GO פלמינגו,,0.00,100.00,false,1.00,24.90,0.00,true,0,
7290111601835,false,סו.קו רולר רוז קווארץ,General,CN,רולר דו צדדי מעסה לעור הפנים עשוי מינרל רוז קווארץ,,0.00,0.00,false,1.00,59.90,0.00,true,0,
7290111602009,false,לייף בייביז סטריליזטור למיקרוגל 4 בקבוקי,לייף,CN,סטריליזטור למיקרוגל -4 בקבוקים,,0.00,0.00,false,1.00,119.90,119.90,true,0,
7290111602047,false,לייף קידס בקבוק טריטן 500 מל ספיידרמן,שמחה זה אנחנו,CN,בקבוק שתיה לילדים ספיידרמן,,0.00,0.00,false,1.00,26.90,0.00,true,0,
7290111602139,false,לייף וולנס חליטת כורכום וגינגר 25 תיונים,לייף,IL,חליטת צמחים ופירות כורכום ג'ינג'ר ליקוריץ וקליפות תפוז,,0.00,0.00,false,1.00,16.90,0.67,true,0,
7290111602306,false,לייף גל הרגעה לאחר עקיצות 50 מל,אמיליה קוסמטיקס,IL,ג'ל להרגעת העור לאחר עקיצות וגירויים מקומיים,,0.00,100.00,false,1.00,28.90,0.00,true,0,
7290111602344,false,לייף דנטל משחת שיניים גוניור 6-12,לייף,IL,DENTAL משחת שיניים לילדים ג'וניור לגילאי 6-12,,0.00,100.00,false,1.00,9.90,0.00,true,0,
7290111602375,false,לייף ספוגית לפילינג,PROSEEKERS LIFE,CN,ספוגית לפילינג,,0.00,0.00,false,1.00,19.90,19.90,true,0,
7290111602399,false,לייף כפפה לניקוי הפנים,PROSEEKERS LIFE,CN,כפפה לניקוי הפנים,,0.00,0.00,false,1.00,19.90,0.00,true,0,
7290111602498,false,סאנדיי ספריי אקונומיקה 800 מל,סאסא-טק,IL,קצף לניקוי כללי בתוספת אקונומיקה,,0.00,100.00,false,1.00,12.90,0.00,true,0,
7290111602511,false,לייף קידס קפטן אמריקה אלסבון 700מל ילדים,ארמן,IL,אל סבון לילדים קפטן אמריקה,,0.00,100.00,false,1.00,13.90,0.00,true,0,
7290111602528,false,לייף קידס איירון מן שמפו 700 מל לילדים,ארמן,IL,שמפו לילדים איירון מן,,0.00,100.00,false,1.00,13.90,0.00,true,0,
7290111602641,false,לייף וולנס פריכיות מיני זעתר ושמן זית 50,פרח,IL,פריכיות מיני בתיבול שמן זית וזעתר,,0.00,0.00,false,1.00,6.90,0.00,true,0,
7290111602658,false,לייף וולנס פריכיות מיני תפוח קינמון 50 ג,פרח,IL,פריכיות עם דגנים מלאים בטעם תפוח עץ וקינמון,,0.00,0.00,false,1.00,6.90,0.00,true,0,
7290111602696,false,לייף וולנס בוטנים קלויים מלוחים 50 גרם,לייף,MK,בוטנים קלויים TO GO,,0.00,100.00,false,1.00,2.90,0.00,true,0,
7290111602979,false,לייף וולנס פריכיות תירס למריחה,פרח,,פריכיות תירס דקות למריחה,,0.00,0.00,false,1.00,6.90,0.06,true,0,
7290111602986,false,לייף וולנס פריכיות דקות למריחה מאורז מלא,לייף,IL,פריכיות אורז מלא דקות למריחה,,0.00,0.00,false,1.00,6.90,0.06,true,0,
7290111602993,false,לייף וולנס פריכיות כוסמת 20 יח,פרח,IL,פריכיות כוסמת,,0.00,0.00,false,1.00,9.90,0.49,true,0,
7290111603068,false,לייף מסכה לחות כחולה ים המלח,לייף,IL,מסכת לחות כחולה ים המלח,,0.00,0.00,false,1.00,39.90,0.00,true,0,
7290111603150,false,לייף וולנס שמן זית כתית מעולה 750 מל,גהשאן,IL,שמן זית כתית מעולה חמיצות מירבית 0.8%,,0.00,100.00,false,1.00,29.90,0.00,true,0,
7290111603242,false,סאנדיי שמפו רצפות אנטיבקטריאלי 2 ליטר,זוהר דליה,IL,שמפו רצפות וניקוי כללי אנטיבקטריאלי,,0.00,1.00,false,1.00,17.90,8.95,true,0,
7290111603877,false,לייף וולנס אגוזי קשיו קלויים 50 גרם,לייף,MK,אגוזי קשיו קלויים TO GO,,0.00,100.00,false,1.00,6.90,0.00,true,0,
7290111603952,false,לייף בייביז נטורל סבון לניקוי בקבוקים500,לייף,,סבון עדין לניקוי וחיטוי בקבוקים ומוצצים לתינוק -נטורל,,0.00,100.00,false,1.00,34.90,0.00,true,0,
7290111604263,false,לייף תחתונים לבריחת שתן 9 יח MEDIUM,ONTEX,BE,תחתונים לבריחת שתן MEDIUM,,0.00,0.00,false,1.00,34.90,3.87,true,0,
7290111604270,false,לייף תחתונים לבריחת שתן 8 יח LARGE,ONTEX,BE,תחתונים לבריחת שתן LARGE,,0.00,0.00,false,1.00,34.90,4.36,true,0,
7290111604461,false,לייף אול אין חטיף חלבון וסיבים קרמל מלוח,מדיטרנד,NL,PROTEIN&FIBER ALL IN חטיף חלבון וסיבים בטעם קרמל מלוח,,0.00,100.00,false,1.00,14.90,0.00,true,0,
7290111604485,false,לייף קידס בקבוק שומר קור טורקיז 500 מל,מוסקו,CN,בקבוק טרמי שומר קור טורקיז,,0.00,0.00,false,1.00,34.90,0.00,true,0,
7290111604508,false,לייף מים מיסלריים דו פאזי הידרה קלין,General,IL,HYDRA CLEAN מים מיסלרים דו פאזי,,0.00,100.00,false,1.00,29.90,0.00,true,0,
7290111604515,false,לייף מים מיסלריים דו פאזי רוז גלואו,General,IL,ROSE GLOW מים מיסלרים דו פאזי,,0.00,100.00,false,1.00,29.90,0.00,true,0,
7290111604522,false,לייף מים מיסלריים דו פאזי גרין קלין,General,TR,GREEN CLEAN מים מיסלרים דו פאזי,,0.00,100.00,false,1.00,29.90,0.00,true,0,
7290111604539,false,לייף מים מיסלריים דו פאזי פחם פעיל,לייף,TR,CHARCOAL DETOX מים מיסלריים- פחם פעיל,,0.00,100.00,false,1.00,29.90,0.00,true,0,
7290111604546,false,לייף גל מיסלרי הידרה קלין,לייף,TR,HYDRA CLEAN ג'ל מיסלרי,,0.00,100.00,false,1.00,29.90,0.00,true,0,
7290111604553,false,לייף מסיר איפור דו פאזי הידרה קלין,General,IL,HYDRA CLEAN מסיר איפור דו פאזי,,0.00,100.00,false,1.00,29.90,0.00,true,0,
7290111604560,false,לייף מסיר איפור דו פאזי רוז קלין,General,IL,ROSE GLOW מסיר איפור דו פאזי,,0.00,100.00,false,1.00,29.90,0.00,true,0,
7290111604577,false,לייף 3 ב-1 גל גרגירים עם פחם פעיל,General,TR,CHARACOAL DETOX ג'ל גרגירים עם פחם פעיל 3 ב -1,,0.00,100.00,false,1.00,29.90,0.00,true,0,
7290111604584,false,לייף סקראב דיטוקס לניקוי הפנים,General,TR,GREEN CLEAR DETOX SCRUB לניקוי הפנים,,0.00,100.00,false,1.00,29.90,0.00,true,0,
7290111604607,false,לייף מוס לניקוי רוז גלואו,General,IL,ROSE GLOW מוס לניקוי,,0.00,100.00,false,1.00,29.90,0.00,true,0,
7290111604614,false,לייף תרחיץ פנים לניקוי עמוק - רוז גלואו,General,IL,ROSE GLOW תרחיץ פנים לניקוי עמוק,,0.00,100.00,false,1.00,24.90,0.00,true,0,
7290111604621,false,לייף תרחיץ פנים לניקוי עמוק - גרין קליר,General,IL,GREEN CLEAR תרחיץ פנים לניקוי עמוק,,0.00,100.00,false,1.00,24.90,0.00,true,0,
7290111604638,false,לייף מסכה לפנים בתוספת פחם פעיל,General,TR,CHARACOAL DETOX פחם פעיל מסיכת חימר לניקוי עמוק,,0.00,0.00,false,1.00,34.90,0.34,true,0,
7290111604645,false,לייף מסכה חימר לניקוי עמוק,General,TR,GREEN CLEAR מסכת חימר לניקוי עמוק,,0.00,0.00,false,1.00,34.90,0.34,true,0,
7290111604652,false,לייף שמן לניקוי להעשרה של העור,לייף,IL,ROSE GLOW שמן לניקוי והעשרת העור,,0.00,100.00,false,1.00,24.90,0.00,true,0,
7290111604904,false,לייף סטרונג-הייר שמפו ביוטין 500 מל,לייף,,שמפו סטרונג-הייר ביוטין B-קומפלקס,,0.00,100.00,false,1.00,44.90,0.00,true,0,
7290111604935,false,לייף אול אין חטיף חלבון 100 עוגיות קראנץ,מדיטרנד,NL,ALL IN חטיף חלבון - עוגיות קראנצ',,0.00,0.00,false,1.00,17.90,0.17,true,0,
7290111604980,false,לייף כוס ראשונה 190 מל עם ידית שחור לבן,ויטאל בייבי,CN,"בקבוק לתינוק עם ידית 190 מ""ל",,0.00,0.00,false,1.00,29.90,0.00,true,0,
7290111604997,false,לייף כוס אימון עם ידיות 260 מל ירוק/טורק,ויטאל בייבי,CN,"בקבוק אימון לתינוק עם ידית 260 מ""ל",,0.00,0.00,false,1.00,29.90,0.00,true,0,
7290111605000,false,לייף כוס אימון עם ידיות 260 מל טורקיז/ור,ויטאל בייבי,CN,"בקבוק אימון לתינוק עם ידית 260 מ""ל",,0.00,0.00,false,1.00,29.90,0.00,true,0,
7290111605017,false,לייף כוס אימון עם פיה 340 מל כחול/ירוק,ויטאל בייבי,CN,"בקבוק אימון לתינוק ללא נזילות 9+ חודשים 340 מ""ל",,0.00,0.00,false,1.00,29.90,0.00,true,0,
7290111605024,false,לייף כוס אימון עם פיה 340 מל סגול/ורוד,ויטאל בייבי,CN,"בקבוק אימון לתינוק ללא נזילות 9+ חודשים 340 מ""ל",,0.00,0.00,false,1.00,29.90,0.00,true,0,
7290111605031,false,לייף כוס ספורט 340 מל,ויטאל בייבי,CN,"בקבוק אימון לתינוק עם פיית ספורט 15+ חודשים 340 מ""ל",,0.00,0.00,false,1.00,29.90,0.00,true,0,
7290111605048,false,לייף כוס אימון עם קש 340 מל טורקיז/ירוק,ויטאל בייבי,CN,"בקבוק אימון לתינוק עם קש סילקון 12+ חודשים 340 מ""ל",,0.00,0.00,false,1.00,26.90,0.00,true,0,
7290111605055,false,לייף כוס אימון עם קש 340 מל סגול/ורוד,ויטאל בייבי,CN,"בקבוק אימון לתינוק עם קש סילקון 12+ חודשים 340 מ""ל",,0.00,0.00,false,1.00,26.90,0.00,true,0,
7290111605062,false,לייף כוס שומרת קור עם פיה 290 מל כחול/צה,ויטאל בייבי,CN,"בקבוק לתינוק שומרת קור עם פייה ללא נזילות 12+ חודשים 290 מ""ל",,0.00,0.00,false,1.00,32.90,0.00,true,0,
7290111605079,false,לייף כוס שומרת קור עם פיה 290 מל טורקיז/,ויטאל בייבי,CN,"בקבוק לתינוק שומרת קור עם פייה ללא נזילות 12+ חודשים 290 מ""ל",,0.00,0.00,false,1.00,32.90,0.00,true,0,
7290111605284,false,לייף זוג מברשות שיניים לילדים 3-6 עם רגל,טריזה,CH,DENTAL מברשת שיניים לילדים עם רגל עומדת לגילאי 3-6,,0.00,0.00,false,1.00,19.90,0.00,true,0,
7290111605437,false,לייף מחסנית סיסטם M6 4 יחידות,לייף,KR,מחסנית סכיני גילוח רב פעמיים M6,,0.00,0.00,false,1.00,44.90,0.00,true,0,
7290111605468,false,לייף קרם ידיים 100 מל,General,IL,קרם ידיים,,0.00,0.00,false,1.00,14.90,0.14,true,0,
7290111605475,false,לייף קרם רגליים 100 מל,General,IL,DEAD SEA MINERAL קרם רגליים,,0.00,0.00,false,1.00,14.90,0.14,true,0,
7290111605505,false,לייף סימפלי אפקטיב קרם יום לעור שמן,אמיליה קוסמטיקס,IL,SIMPLY EFFECTIVE קרם יום שמן,,0.00,100.00,false,1.00,39.90,0.00,true,0,
7290111605567,false,לייף בייביז זוג מוצצי סיליקון NB ורוד,לייף,NL,מוצץ סיליקון NB ורוד דיפרקס,,0.00,0.00,false,1.00,29.90,0.00,true,0,
7290111605574,false,לייף בייביז זוג מוצצי סיליקון NB כחול,לייף,NL,מוצץ סיליקון NB כחול דיפרקס,,0.00,0.00,false,1.00,29.90,0.00,true,0,
7290111605581,false,לייף בייביז זוג מוצצי סיליקון 0-6 ורוד,לייף,NL,מוצץ סיליקון 0-6 ורוד דיפרקס,,0.00,0.00,false,1.00,29.90,0.00,true,0,
7290111605598,false,לייף בייביז זוג מוצצי סיליקון 0-6 כחול,לייף,NL,מוצץ סיליקון 0-6 כחול דיפרקס,,0.00,0.00,false,1.00,29.90,0.00,true,0,
7290111605604,false,לייף בייביז זוג מוצצי סיליקון 6-12 ורוד,לייף,NL,מוצץ סיליקון 6+ ורוד דיפרקס,,0.00,0.00,false,1.00,29.90,0.00,true,0,
7290111605611,false,לייף בייביז זוג מוצצי סיליקון 6-12 כחול,לייף,NL,מוצץ סיליקון 6+ כחול דיפרקס,,0.00,0.00,false,1.00,29.90,0.00,true,0,
7290111605628,false,לייף בייביז זוג מוצצי סיליקון 12+ ורוד,לייף,NL,מוצץ סיליקון 12+ ורוד דיפרקס,,0.00,0.00,false,1.00,29.90,0.00,true,0,
7290111605635,false,לייף בייביז זוג מוצצי סיליקון 12+ כחול,לייף,TH,דיפרקס מוצצי סיליקון 12+,,0.00,0.00,false,1.00,29.90,0.00,true,0,
7290111606137,false,לייף מדבקות גל לאיזור העיניים,General,KR,מדבקות ג'ל לעיניים למראה רענן ומתוח,,0.00,0.00,false,1.00,24.90,0.00,true,0,
7290111606380,false,לייף אורגני וולנס סירופ מייפל 250 מל,לייף,IL,סירופ מייפל טהור אורגני,,0.00,100.00,false,1.00,22.90,0.00,true,0,
7290111606434,false,לייף בייביז מחית עם פירות יער 90 גרם,לייף,ES,מחית לתינוק פירות יער TO GO,,0.00,100.00,false,1.00,3.90,0.00,true,0,
7290111606441,false,לייף בייביז מחית פירות וירקות 90 גרם,לייף,ES,מחית לתינוק פירות וירקות TO GO,,0.00,100.00,false,1.00,3.90,0.00,true,0,
7290111606458,false,לייף בייביז מחית מיקס פירות 90 גרם,לייף,ES,מחית לתינוק מיקס פירות TO GO,,0.00,100.00,false,1.00,3.90,0.00,true,0,
7290111606748,false,לייף פדים אורגניים להסרת איפור 240 יחידו,לייף,PL,פדים אורגניים להסרת איפור ולשימושים שונים,,0.00,0.00,false,1.00,19.90,0.08,true,0,
7290111606755,false,לייף פדים אורגניים להסרת איפור 80 יחידו,לייף,PL,פדים אורגניים להסרת איפור ולשימושים שונים,,0.00,0.00,false,1.00,7.90,0.09,true,0,
7290111606809,false,לייף קרם להסרת שיער מהגוף לעור רגיש 80 ג,שוורץ,IL,קרם עדין להסרת שיער הגוף לעור רגיש מועשר באלוורה,,0.00,100.00,false,1.00,17.90,0.00,true,0,
7290111606991,false,סאפורה וופל הולנדי 250 גרם,לייף,IT,וופל הולנדי מקורי,,0.00,100.00,false,1.00,12.90,0.00,true,0,
7290111607165,false,לייף מארז נסיעות DENTAL ורוד,General,IL,DENTAL מארז נסיעה: מברשת שיניים מתקפלת ורודה + משחת שיניים TRIPLEX,,0.00,0.00,false,1.00,14.90,0.00,true,0,
7290111607646,false,לייף בייביז PANTS תחתוני חיתול מידה 4,ONTEX,CN,פנטס תחתוני חיתול מידה 4,,0.00,0.00,false,1.00,22.90,1.09,true,0,
7290111607653,false,לייף בייביז PANTS תחתוני חיתול מידה 5,ONTEX,CN,פנטס תחתוני חיתול מידה 5,,0.00,0.00,false,1.00,22.90,1.14,true,0,
7290111607660,false,לייף בייביז PANTS תחתוני חיתול מידה 6,ONTEX,CN,פנטס תחתוני חיתול מידה 6,,0.00,0.00,false,1.00,22.90,1.20,true,0,
7290111607820,false,לייף אלסבון לגוף 1 ליטר בניחוח מרענן,לייף,,אל-סבון לגוף בניחוח מרענן,,0.00,1.00,false,1.00,9.90,9.90,true,0,
7290111607837,false,לייף אלסבון לגוף 1 ליטר בניחוח פרחי חוף,לייף,,אל-סבון לגוף בניחוח פרחי חוף,,0.00,1.00,false,1.00,9.90,9.90,true,0,
7290111607844,false,לייף אלסבון לגוף 1 ליטר בניחוח פירות,לייף,,אל-סבון לגוף בניחוח פירות,,0.00,1.00,false,1.00,9.90,9.90,true,0,
7290111607899,false,לייף אל סבון קטיפתי פרחי שדה 1ליטר משאבה,אמיליה קוסמטיקס,IL,אל-סבון קטיפתי בניחוח פרחי שדה,,0.00,1.00,false,1.00,9.90,9.90,true,0,
7290111607905,false,לייף אל סבון קטיפתי אביבי 1ליטר משאבה,אמיליה קוסמטיקס,IL,אל סבון קטיפתי בניחוח אביבי,,0.00,1.00,false,1.00,9.90,9.90,true,0,
7290111607912,false,לייף אל סבון קטיפתי מרענן 1ליטר משאבה,אמיליה קוסמטיקס,IL,אל סבון קטיפתי בניחוח מרענן,,0.00,1.00,false,1.00,9.90,9.90,true,0,
7290111607929,false,לייף אבקת הבהרה לשיער 10 גרם,שוורץ,,אבקת הבהרה לשיער,,0.00,1.00,false,1.00,6.90,0.69,true,0,
7290111607943,false,לייף קרם חמצן 9% 60 מל,שוורץ,,קרם חמצן 9%,,0.00,100.00,false,1.00,4.90,0.00,true,0,
7290111607950,false,לייף מסיר צבע מהעור 100 מל,שוורץ,IL,מסיר צבע מהעור לאחר צביעת שיער,,0.00,0.00,false,1.00,16.90,0.16,true,0,
7290111607967,false,לייף קרם חמצן 6% 100 מל,שוורץ,IL,קרם חמצן 6%,,0.00,0.00,false,1.00,6.90,0.06,true,0,
7290111608216,false,לייף צמר גפן תליש 100 גרם,איתן,,צמר גפן תליש,,0.00,0.00,false,1.00,11.90,0.11,true,0,
7290111608223,false,לייף צמר גפן רגיל 100 גרם,איתן,,צמר גפן רגיל,,0.00,0.00,false,1.00,10.90,0.10,true,0,
7290111608230,false,לייף כדורי צמר גפן 100 יחידות,איתן,TR,כדורי צמר גפן,,0.00,0.00,false,1.00,9.90,0.00,true,0,
7290111608360,false,לייף קידס ספריי לחות ללא שטיפה פרוזן 2,ארמן,IL,ספרי לחות מתיר קשרים אלזה,,0.00,100.00,false,1.00,14.90,0.00,true,0,
7290111608735,false,סאנדיי 450 שקיות אוכל נשלפות אחת אחת,EGM השקעות בעמ,CN,שקיות אוכל לסנדוויצ'ים נשלפות אחת אחת מארז,,0.00,0.00,false,1.00,17.90,0.03,true,0,
7290111608759,false,לייף מארז ים המלח,General,IL,DEAD SEA מארז קרם ידיים + קרם רגליים + מאת גוף + סקראב גוף + מלח אמבט,,0.00,100.00,false,1.00,79.90,0.00,true,0,
7290111608803,false,לייף אורגני וולנס קקאו 150 גרם,לייף,NL,SUPER FOOD קקאו אורגני,,0.00,100.00,false,1.00,19.90,0.00,true,0,
7290111608841,false,פריכיות תירס אורגניות עם כורכום ללא גלוט,פרח,IT,פריכיות תירס אורגניות ללא גלוטן בתוספת כורכום,,0.00,100.00,false,1.00,6.90,0.00,true,0,
7290111608858,false,פריכיות תירס אורגניות עם מלח ללא גלוטן,פרח,,פריכיות תירס אורגניות ללא גלוטן בתוספת מלח ים,,0.00,100.00,false,1.00,6.90,0.00,true,0,
7290111609442,false,לייף גל גילוח לעור רגיש 200 מל,SWALLOWFIELD,,ג'ל גילוח לעור רגיש,,0.00,100.00,false,1.00,12.90,0.00,true,0,
7290111609459,false,לייף גל גילוח מועשר בלחות 200 מל,SWALLOWFIELD,,ג'ל גילוח מועשר בלחות,,0.00,100.00,false,1.00,12.90,0.00,true,0,
7290111609688,false,לייף TO GO WATER PURE מגבונים 24*3,עלבד,IL,שלישיית TO GO WATER PURE מגבונים לחים 24 יחידות,,0.00,0.00,false,1.00,9.90,0.00,true,0,
7290111609695,false,לייף קרם לחות לשיער צבוע 500 מל,לייף,IL,קרם לחות לשיער צבוע,,0.00,100.00,false,1.00,16.90,0.00,true,0,
7290111609701,false,לייף קרם לחות לשיער רגיל 500 מל,לייף,IL,קרם לחות לשיער רגיל,,0.00,100.00,false,1.00,16.90,0.00,true,0,
7290111609718,false,לייף קרם לחות לשיער מתולתל 500 מל,לייף,IL,קרם לחות לשיער מתולתל,,0.00,100.00,false,1.00,16.90,0.00,true,0,
7290111609725,false,לייף מסכה לשיער צבוע 500 מל,לייף,IL,מסכה לשיער צבוע,,0.00,100.00,false,1.00,27.90,0.00,true,0,
7290111609732,false,לייף מסכה לשיער רגיל 500 מל,לייף,IL,מסכה לשיער רגיל,,0.00,100.00,false,1.00,27.90,0.00,true,0,
7290111609749,false,לייף מסכה לשיער מתולתל 500 מל,לייף,IL,מסכה לשיער מתולתל,,0.00,100.00,false,1.00,27.90,0.00,true,0,
7290111609886,false,לייף תחבושת דקה לבריחת שתן 14 יח מיני,General,BE,FEMININE FIT תחבושות דקות לבריחת שתן - מיני,,0.00,0.00,false,1.00,19.90,1.65,true,0,
7290111609954,false,לייף וולנס אגוזי מלך 160 גרם,לייף,IL,אגוזי מלך קלופים,,0.00,100.00,false,1.00,19.90,0.00,true,0,
7290111609961,false,לייף וולנס שקד טבעי 250 גרם,לייף,IL,שקדים קלופים,,0.00,100.00,false,1.00,19.90,0.00,true,0,
7290111609992,false,לייף קידס מחית תפוחי עץ גיבורי על 90 גרם,לייף,ES,מחית תפוחי עץ לילדים- גיבורי על,,0.00,100.00,false,1.00,3.90,0.00,true,0,
7290111931321,false,"קולגייט משחת שיניים ילדים 6+ מיניונים 50 מ""ל",קולגייט- פלמוליב,PL,משחת שיניים ילדים מיניונים לגילאי 6+ לשיניים חזקות בטעם מנטה עדין,,0.00,100.00,false,1.00,15.90,0.00,true,0,
7290111931338,false,סבון רחצה פלמוליב לומינוס מועשר בשמנים טבעיים,קולגייט פלמוליב,TR,לומינוס ג'ל רחצה מועשר בשמן עם ניחוח תאנה וסחלב,,0.00,100.00,false,1.00,19.90,0.00,true,0,
7290111932502,false,"משחת שיניים קולגייט אופטיק וייט אקספרט וויט 75 מ""ל",ש.שסטוביץ בעמ,MX,משחת שיניים אופטיק וויט EXPERT WHITE,,0.00,100.00,false,1.00,31.90,0.00,true,0,
7290111932700,false,מסכה לפנים רימונים ב,שסטוביץ,KR,בלונס מסיכת רימונים,,0.00,0.00,false,1.00,10.90,10.90,true,0,
7290111932717,false,מסכת אשכוליות לניקוי 12,שסטוביץ,KR,בלונס מסיכת אשכולית,,0.00,0.00,false,1.00,10.90,10.90,true,0,
7290111932724,false,בלונס מסכת פטל שחור 12 י,שסטוביץ,KR,בלונס מסיכת פטל שחור,,0.00,0.00,false,1.00,10.90,10.90,true,0,
7290111932779,false,בלונס קרם גוף במרקם מוס מועשר בפטאייה,שסטוביץ,IL,קרם גוף במרקם מוס מלטף מועשר בפטאייה,,0.00,100.00,false,1.00,24.90,0.00,true,0,
7290111932823,false,בלונס קרם גוף במרקם מוס מועשר בפינגרליים,שסטוביץ,IL,קרם גוף במרקם מוס מלטף מועשר בפינגר ליים,,0.00,100.00,false,1.00,24.90,0.00,true,0,
7290111935589,false,סיסלי קיט ניקויים מי פנים +חלב פנים,שסטוביץ,FR,קיט מי פנים + חלב פנים,,0.00,0.00,false,1.00,421.00,0.00,true,0,
7290111935800,false,דאו ליידי ספיד סטיק דרמה ויטמין אי 45 גר,ליידי ספיד סטיק Lady Speed Stick,US,דאודורנט סטיק דרמה ויטמין E,,0.00,100.00,false,1.00,25.90,0.00,true,0,
7290111935817,false,דאו ליידי ספיד סטיק סטיק דרמה פנינה 45 ג,ש.שסטוביץ בעמ,US,דאודורנט סטיק דרמה פנינה,,0.00,100.00,false,1.00,25.90,0.00,true,0,
7290111936203,false,"ליידי ספיד סטיק דרמה ספריי ויטמין אי 150 מ""ל",ליידי ספיד סטיק Lady Speed Stick,RU,דאודורנט ספריי דרמה ויטמין E,,0.00,100.00,false,1.00,14.90,0.00,true,0,
7290111936210,false,דאודורנט ספריי דרמה מכיל תמצית אם הפנינה,ליידי ספיד סטיק Lady Speed Stick,RU,דאודורנט ספריי דרמה פנינה,,0.00,100.00,false,1.00,14.90,0.00,true,0,
7290111936272,false,פלמוליב סבון ידיים 500 מועשר בלבנדר,שסטוביץ,TR,סבון ידיים מועשר בתמציות לבנדר,,0.00,100.00,false,1.00,17.90,0.00,true,0,
7290111936296,false,"פלמוליב סבון נוזלי בניחוח סנסיישן מסאז' ,750 מ""ל",קולגייט פלמוליב,TR,ג'ל רחצה ארומה סנסיישן גרגרי פילינג,,0.00,100.00,false,1.00,23.90,0.00,true,0,
7290111936326,false,פלמוליב סבון ידיים 500 לומינוס מקדמיה,שסטוביץ,TR,סבון ידיים לומינוס מקדמיה,,0.00,100.00,false,1.00,17.90,0.00,true,0,
7290111936784,false,פרי מארז חטיפים 5 יחידות תמרים ואגוזי לוז כשלפ,"טבעית מוצרים מהטבע בע""\מ",IL,מארז חטיף תמרים ואגוזי לוז,,0.00,100.00,false,1.00,19.90,0.00,true,0,
7290111936852,false,"מארז חמישיית חטיפי תמרים, חמוציות ותפוחי עץ פרי 125 גרם","טבעית מוצרים מהטבע בע""\מ",IL,"מארז חטיף תמרים, חמוציות ותפוחי עץ",,0.00,100.00,false,1.00,19.90,0.00,true,0,
7290111937231,false,פרי מארז חטיפים 5 יחידות תמרים וקוקוס כשלפ,"טבעית מוצרים מהטבע בע""\מ",IL,מארז חטיף תמרים וקוקוס,,0.00,100.00,false,1.00,19.90,0.00,true,0,
7290111937248,false,פרי מארז חטיפים 5 יחידות תמרים קשיו ונגיעות לוז כשלפ,"טבעית מוצרים מהטבע בע""\מ",IL,מארז חטיף תמרים קשיו ונגיעת לוז,,0.00,100.00,false,1.00,19.90,0.00,true,0,
7290111937255,false,פרי מארז חטיפים 5 יחידות תמרים בוטנים ואגוזי לוז כשלפ,"טבעית מוצרים מהטבע בע""\מ",IL,"מארז חטיף תמרים, בוטנים ואגוזי לוז",,0.00,100.00,false,1.00,19.90,0.00,true,0,
7290111937262,false,מארז חמישיית חטיפי תמרים אגוזים ושברי קקאו פרי 125 גרם,"טבעית מוצרים מהטבע בע""\מ",IL,"מארז חטיף תמרים, אגוזים ושברי קקאו",,0.00,100.00,false,1.00,19.90,0.00,true,0,
7290111937644,false,פצצת אמבט קוקוס לכל סוגי העור,בלונס Balloons,CN,פצצת אמבט קוקוס לכל סוגי העור,,0.00,0.00,false,1.00,10.90,0.10,true,0,
7290111937651,false,פצצת אמבט מנגו לכל סוגי העור,בלונס Balloons,CN,פצצת אמבט מנגו לכל סוגי העור,,0.00,0.00,false,1.00,10.90,0.10,true,0,
7290111937668,false,פצצת אמבט תפוח לכל סוגי העור,בלונס Balloons,CN,פצצת אמבט תפוח לכל סוגי העור,,0.00,0.00,false,1.00,10.90,0.10,true,0,
7290111939181,false,קוקי כיסוי ניילון עם גומי מיקס מידות,ש.שסטוביץ בעמ,CN,כיסוי ניילון עם גומי מיקס מידות S-M-L,,0.00,0.00,false,1.00,11.90,0.00,true,0,
7290112000156,false,"איירוויק מילוי מפיץ אדים אוטמטי לבנדר 20 מ""ל",רקיט בנקיזר (ניר איסט) בעמ,HU,מילוי למפזר אדים אוטומטי בניחוח לבנדר שקדים,,0.00,100.00,false,1.00,19.90,0.00,true,0,
7290112000408,false,מנקה ומחטא עוצמתי לניקוי כללי בניחוח לימון,רקיט בנקיזר (ניר איסט) בעמ,US,תרסיס לניקוי כללי בניחוח לימון,,0.00,100.00,false,1.00,15.90,0.00,true,0,
7290112000712,false,ויט קרם להסרת שיער לגבר למקלחת 150 מל,רקיט בנקיזר (ניר איסט) בעמ,FR,קרם להסרת שיער לגבר לשימוש במקלחת,,0.00,100.00,false,1.00,49.90,0.00,true,0,
7290112000729,false,ויט קרם להסרת שיער לגבר 200 מל,רקיט בנקיזר צרפת,FR,קרם להסרת שיער לגבר,,0.00,100.00,false,1.00,69.90,0.00,true,0,
7290112000736,false,פיניש טבליות AIO 80 יח` אריזת חיסכון,רקיט בנקיזר (ניר איסט) בעמ,IL,ALL IN 1 MAX טבליות מדיח,,0.00,0.00,false,1.00,59.90,0.74,true,0,
7290112000798,false,"דיטול תרסיסי חיטוי וניקוי אנטי בקטריאלי 750 מ""ל",רקיט בנקיזר (ניר איסט) בעמ,US,תרסיס מחטא משטחים בניחוח ליים ונענע,,0.00,100.00,false,1.00,15.90,0.00,true,0,
7290112001016,false,"אירוויק פרשמטיק מכשיר אוטמטי ומלוי בניחוח תענוגות האביב 250 מ""ל",רקיט בנקיזר (ניר איסט) בעמ,HU,א.ויק פיור מכשיר אוטומטי תענוגות אביב,,0.00,0.00,false,1.00,49.90,49.90,true,0,
7290112001023,false,"אירוויק ספרי אוטמטי מילוי תענוגות האביב 250 מ""ל",רקיט בנקיזר (ניר איסט) בעמ,HU,פרשמטיק מילוי אוטומטי PURE בניחוח תענוגות האביב,,0.00,100.00,false,1.00,19.90,0.00,true,0,
7290112001030,false,"אירוויק ספרי אוטמטי מילוי פריחת הדובדבן 250 מ""ל",רקיט בנקיזר (ניר איסט) בעמ,HU,פרשמטיק מילוי אוטומטי PURE בניחוח פריחת הדובדבן,,0.00,100.00,false,1.00,19.90,0.00,true,0,
7290112001221,false,מנקה מכונת כביסה בניחוח נקי ורענן,רקיט בנקיזר (ניר איסט) בעמ,PT,מנקה מכונת כביסה - רגיל,,0.00,100.00,false,1.00,19.90,0.00,true,0,
7290112001733,false,ויט רצועות שעווה לעור רגיל 40 יחידות,רקיט בנקיזר,FR,רצועות שעווה מוכנות לשימוש לעור רגיל,,0.00,0.00,false,1.00,79.90,1.99,true,0,
7290112001740,false,ויט רצועות שעווה לפנים 40 יחידות,רקיט בנקיזר,FR,רצועות שעווה מוכנות לשימוש לפנים,,0.00,0.00,false,1.00,69.90,1.74,true,0,
7290112002099,false,קולון גל כביסה מרוכז 2.5 ליטר קלאסי,רקיט בנקיזר (ניר איסט) בעמ,IL,ג'ל כביסה מרוכז קלאסי,,0.00,1.00,false,1.00,24.90,9.96,true,0,
7290112002105,false,קולון גל כביסה מרוכז 2.5 ליטר ניחוח לילך,רקיט בנקיזר (ניר איסט) בעמ,IL,ג'ל כביסה מרוכז ניחוח לילך,,0.00,1.00,false,1.00,29.90,11.96,true,0,
7290112002174,false,איירוויק ג`ל מוצק בניחוח לבנדר,רקיט בנקיזר (ניר איסט) בעמ,CN,איירויק גל מוצק בניחוח לבנדר,,0.00,100.00,false,1.00,21.90,0.00,true,0,
7290112002457,false,דטול - שלישיית מגבונים לניקוי וחיטוי בניחוח לימון,רקיט בנקיזר (ניר איסט) בעמ,PL,מטליות לחות לניקוי כללי בניחוח לימון,,0.00,0.00,false,1.00,29.90,0.16,true,0,
7290112003096,false,קולון מבשם כביסה טבעי רענן (ירוק),רקיט בנקיזר (ניר איסט) בעמ,ES,מבשם בדים טבעי רענן (ירוק),,0.00,100.00,false,1.00,24.90,0.00,true,0,
7290112003102,false,ויט MINIMA רצועות שעווה מוכנות לרגליים,רקיט בנקיזר,FR,MINIMA רצועות שעווה מוכנות לרגליים ולגוף,,0.00,0.00,false,1.00,49.90,2.49,true,0,
7290112003119,false,ויט MINIMA רצועות שעווה מוכנות לפנים,רקיט בנקיזר,FR,MINIMA רצועות שעווה מוכנות לשימוש לפנים,,0.00,0.00,false,1.00,49.90,2.49,true,0,
7290112003126,false,ויט MINIMA רצועות שעווה מוכנות לבית השחי,רקיט בנקיזר,FR,MINIMA רצועות שעווה מוכנות לשימוש לבית שחי,,0.00,0.00,false,1.00,49.90,3.11,true,0,
<<<<<<< HEAD
7290112003188,false,קולון קפסולות ג'ל 60 יח' אריזת חיסכון,רקיט בנקיזר,IT,קפסולות ג'ל לכביסה,,0.00,0.00,false,1.00,59.90,0.99,true,0,
7290112003461,false,"אירוויק מקלות ריחניים ורדים וגרניום 80 מ""ל",רקיט בנקיזר,HU,בוטניקה מקלות ריחניים בניחוח ורדים וגרניום,,0.00,100.00,false,1.00,34.90,0.00,true,0,
7290112003515,false,"מבשם אוויר אירוויק ספריי ורדים וגרניום 236 מ""ל",רקיט בנקיזר,PL,בוטניקה ספריי נטול גז בניחוח ורדים וגרניום,,0.00,100.00,false,1.00,19.90,0.00,true,0,
7290112003966,false,"אבקה להסרת כתמים לכביסה לבנה ""וניש גולד""",רקיט בנקיזר,IT,מסיר כתמים אבקה לכביסה לבנה,,0.00,100.00,false,1.00,19.90,0.00,true,0,
7290112004109,false,מטליות לחות לניקוי כללי וחיטוי בריח ליים ונענע- מארז,רקיט בנקיזר,PL,מטליות לחות מחטא משטחים בניחוח ליים ונענע,,0.00,0.00,false,1.00,29.90,0.16,true,0,
7290112004253,false,"קרם בספריי להסרת שיער לעור רגיש 150 מ""ל ויט",רקיט בנקיזר,,קרם בספריי להסרת שיער לעור רגיש,,0.00,100.00,false,1.00,49.90,0.00,true,0,
7290112004413,false,"ספריי וניש קליה להסרת כתמים לבגדים לבנים 750 מ""ל",רקיט בנקיזר,PL,ספריי להסרת כתמים מבגדים לבנים,,0.00,100.00,false,1.00,21.90,0.00,true,0,
=======
7290112003188,false,קולון קפסולות ג'ל 60 יח' אריזת חיסכון,רקיט בנקיזר (ניר איסט) בעמ,IT,קפסולות ג'ל לכביסה,,0.00,0.00,false,1.00,59.90,0.99,true,0,
7290112003461,false,"אירוויק מקלות ריחניים ורדים וגרניום 80 מ""ל",רקיט בנקיזר (ניר איסט) בעמ,HU,בוטניקה מקלות ריחניים בניחוח ורדים וגרניום,,0.00,100.00,false,1.00,34.90,0.00,true,0,
7290112003515,false,"מבשם אוויר אירוויק ספריי ורדים וגרניום 236 מ""ל",רקיט בנקיזר (ניר איסט) בעמ,PL,בוטניקה ספריי נטול גז בניחוח ורדים וגרניום,,0.00,100.00,false,1.00,19.90,0.00,true,0,
7290112003966,false,"אבקה להסרת כתמים לכביסה לבנה ""וניש גולד""",רקיט בנקיזר (ניר איסט) בעמ,IT,מסיר כתמים אבקה לכביסה לבנה,,0.00,100.00,false,1.00,19.90,0.00,true,0,
7290112004109,false,מטליות לחות לניקוי כללי וחיטוי בריח ליים ונענע- מארז,רקיט בנקיזר (ניר איסט) בעמ,PL,מטליות לחות מחטא משטחים בניחוח ליים ונענע,,0.00,0.00,false,1.00,29.90,0.16,true,0,
7290112004253,false,"קרם בספריי להסרת שיער לעור רגיש 150 מ""ל ויט",רקיט בנקיזר (ניר איסט) בעמ,,קרם בספריי להסרת שיער לעור רגיש,,0.00,100.00,false,1.00,49.90,0.00,true,0,
7290112004413,false,"ספריי וניש קליה להסרת כתמים לבגדים לבנים 750 מ""ל",רקיט בנקיזר (ניר איסט) בעמ,PL,ספריי להסרת כתמים מבגדים לבנים,,0.00,100.00,false,1.00,21.90,0.00,true,0,
>>>>>>> d048ac2f4f281c9d788043ab4e81b61b0dbe3743
7290112004420,false,דטול סבון ידיים 250 מל אורגינל,רקיט בנקיזר,FR,דטול סבון ידיים אורגינל,,0.00,100.00,false,1.00,12.90,0.00,true,0,
7290112004437,false,דטול סבון ידיים 250 מל אלוורה,רקיט בנקיזר,FR,סבון ידיים בניחוח אלוורה ותפוח,,0.00,100.00,false,1.00,12.90,0.00,true,0,
7290112004444,false,דטול סבון ידיים 250 מל הדרים,רקיט בנקיזר,FR,סבון ידיים בניחוח לימון וליים,,0.00,100.00,false,1.00,12.90,0.00,true,0,
7290112004611,false,"וניש קליה ג'ל מרוכז לטיפול נקודתי בכתמים 200 מ""ל",רקיט בנקיזר (ניר איסט) בעמ,PT,ג'ל מרוכז ועוצמתי לטיפול מקדים בהסרת כתמים,,0.00,100.00,false,1.00,21.90,0.00,true,0,
7290112004703,false,וניש תוסף כביסה גל מרוכז-כביסה צבעונית,רקיט בנקיזר (ניר איסט) בעמ,IT,תוסף כביסה רב-תכליתי ג'ל כביסה מרוכז לכביסה צבעונית ועדינה,,0.00,100.00,false,1.00,24.90,0.00,true,0,
7290112004710,false,וניש תוסף כביסה גל מרוכז-כביסה לבנה,רקיט בנקיזר (ניר איסט) בעמ,IT,תוסף כביסה רב-תכליתי ג'ל כביסה מרוכז לכביסה לבנה עדינה,,0.00,100.00,false,1.00,24.90,0.00,true,0,
7290112005045,false,וניש מסיר כתמים אבקה לכביסה לבנה 480 גרם,רקיט בנקיזר (ניר איסט) בעמ,IT,תוסף כביסה רב-תכליתי לבגדים לבנים,,0.00,100.00,false,1.00,21.90,0.00,true,0,
7290112005052,false,וניש תוסף כביסה רב תכליתי לבגדים לבנים,רקיט בנקיזר (ניר איסט) בעמ,IT,תוסף כביסה רב-תכליתי לבגדים לבנים,,0.00,100.00,false,1.00,44.90,0.00,true,0,
7290112005076,false,וניש תוסף כביסה רב תכליתי צבעוני 480 גרם,רקיט בנקיזר (ניר איסט) בעמ,IT,תוסף כביסה רב-תכליתי לכביסה צבעונית,,0.00,100.00,false,1.00,21.90,0.00,true,0,
7290112005083,false,וניש תוסף כביסה רב תכליתי לכביסה צבעונית,רקיט בנקיזר (ניר איסט) בעמ,IT,תוסף כביסה רב-תכליתי לכביסה צבעונית,,0.00,100.00,false,1.00,44.90,0.00,true,0,
7290112192387,false,סנסודין חוט דנטלי 50 מ,גורי,MY,חוט דנטלי 50 מ',,0.00,1.00,false,1.00,19.90,0.39,true,0,
7290112192561,false,"משחת שיניים פרודונטקס הגנה מלאה מרעננת הלבנה 75 מ""ל",ג'י.אס.קיי קונסיומר,IE,משחת שיניים הגנה מלאה הלבנה,,0.00,100.00,false,1.00,34.90,0.00,true,0,
7290112192578,false,משחת שיניים פרודונטקס אקסטרה פרש הגנה מלאה,ג'י.אס.קיי קונסיומר,IE,משחת שיניים הגנה מלאה אקסטרה פרש,,0.00,100.00,false,1.00,34.90,0.00,true,0,
7290112192585,false,פרודונטקס מברשת שיניים הגנה מלאה סופט,גלקסוס סמית קליין,IE,פרודונטקס מברשת שיניים הגנה מלאה סופט,,0.00,0.00,false,1.00,27.90,27.90,true,0,
7290112192875,false,"סנסודיין - משחת שיניים רגישות וחניכיים 75 מ""ל",סנסודיין Sensodyne,GB,משחת שיניים רגישות וחניכיים,,0.00,100.00,false,1.00,34.90,0.00,true,0,
7290112192882,false,"סנסודיין - משחת שיניים רגישות וחניכיים מלבינה 75 מ""ל",ג'י.אס.קיי קונסיומר,GB,משחת שיניים רגישות וחניכיים מלבינה,,0.00,100.00,false,1.00,34.90,0.00,true,0,
7290112192943,false,"ספירה אנתוש אלוורה 50 מ""ל",גורי ע.ע.ע. בעמ,IT,אנתוש דוחה יתושים אלוורה,,0.00,100.00,false,1.00,17.90,0.00,true,0,
7290112192981,false,סטייל מתולתלות קרם לחות לשיער גלי 400,גורי,IL,מתולתלות קרם לחות לשיער גלי,,0.00,100.00,false,1.00,39.90,0.00,true,0,
7290112192998,false,סטייל מתולתלות קרם לחות לשיער מקורזל 400,גורי,IL,מתולתלות קרם לחות לשיער מקורזל,,0.00,100.00,false,1.00,39.90,0.00,true,0,
7290112193117,false,"קרם לחות לשיער סטייל המפ 400 מ""ל",א.ל. ארמן,IL,HEMP קרם לחות לשיער מועשר בשמן ארגן,,0.00,100.00,false,1.00,34.90,0.00,true,0,
7290112193278,false,"סטייל - שמפו מתולתלות לניקוי יסודי 600 מ""ל",א.ל.ארמן ייצור תמרוקים ב,IL,מתולתלות שמפו לניקוי יסודי,,0.00,100.00,false,1.00,29.90,0.00,true,0,
7290112193285,false,"סטייל - מרכך מתולתלות מגביר לחות 600 מ""ל",א.ל.ארמן ייצור תמרוקים ב,IL,מתולתלות מרכך מגביר לחות,,0.00,100.00,false,1.00,29.90,0.00,true,0,
7290112193292,false,"סטייל - מתולתלות מסכה לטיפול עמוק 500 מ""ל",א.ל.ארמן ייצור תמרוקים ב,,"מתולתלות מסכה לטיפול עמוק, ריכוך והפחתת פריז",,0.00,100.00,false,1.00,39.90,0.00,true,0,
7290112193308,false,"סטייל - מתולתלות גלייז מעצב ומאיץ ברק לשיער 400 מ""ל",א.ל. ארמן,IL,מתולתלות גלייז מדגיש ומגדיר תלתלים,,0.00,100.00,false,1.00,39.90,0.00,true,0,
7290112193315,false,"סטייל - מתולתלות קרם לחות להורדת פריז 400 מ""ל",א.ל.ארמן ייצור תמרוקים ב,IL,מתולתלות קרם לחות לשיער מתולתל,,0.00,100.00,false,1.00,39.90,0.00,true,0,
7290112193322,false,"סטייל - מסיכת לילה מתולתלות 250 מ""ל",גורי,IL,מתולתלות מסכת לילה טיפולית ללא שטיפה,,0.00,100.00,false,1.00,34.90,0.00,true,0,
7290112193339,false,"סטייל - ספריי מתותלות 150 מ""ל",א.ל.ארמן ייצור תמרוקים ב,IL,מתולתלות ספריי מעורר תלתלים,,0.00,100.00,false,1.00,34.90,0.00,true,0,
7290112196729,false,סטייל שמפו קולור קונטרול לשיער בלונד 400,גורי,IL,שמפו קולור קונטרול בלונד,,0.00,100.00,false,1.00,32.90,0.00,true,0,
7290112196736,false,סטייל שמפו קולור קונטרול סילבר 400 מל,גורי,IL,שמפו קולור קונטרול סילבר,,0.00,100.00,false,1.00,32.90,0.00,true,0,
7290112196743,false,סטייל קרם לחות קולור קונטרול לטיפול עמוק,גורי,IL,קרם לחות קולור קונטרול לשיער מובהר וכסוף,,0.00,100.00,false,1.00,39.90,0.00,true,0,
7290112196750,false,סטייל מסכה קולור קונטרול לטיפול עמוק לשי,גורי,IL,מסכה קולור קונטרול לטיפול עמוק לשיער מובהר וכסוף,,0.00,100.00,false,1.00,39.90,0.00,true,0,
7290112196811,false,סנסודין זוג מברשות שיניים דואלקר ורוד+תכ,גורי,CN,מברשות שיניים דואלקר,,0.00,0.00,false,1.00,29.90,14.95,true,0,
7290112196835,false,סנסודין זוג מברשות שיניים דואלקר ירוק+תכ,גורי,CN,מברשות שיניים דואלקר,,0.00,0.00,false,1.00,29.90,14.95,true,0,
7290112196842,false,סנסודין זוג מברשות שיניים דואלקר ורוד+יר,גורי,CN,מברשות שיניים דואלקר,,0.00,0.00,false,1.00,29.90,14.95,true,0,
7290112196866,false,סנסודין זוג מברשות דואלקר ירוק כהה+בהיר,גורי,CN,מברשות שיניים דואלקר,,0.00,0.00,false,1.00,29.90,14.95,true,0,
7290112197122,false,"סטייל - סבון ידיים ירוק 500 מ""ל חדש",רנקסאן פלסטיק יאנגר,TR,אל סבון ארומטי תה ירוק,,0.00,100.00,false,1.00,8.90,0.00,true,0,
7290112197139,false,"סטייל - סבון ידיים אדום 500 מ""ל חדש",רנקסאן פלסטיק יאנגר,TR,אל סבון ארומטי תה אדום,,0.00,100.00,false,1.00,8.90,0.00,true,0,
7290112197337,false,סטייל שמפו לחות מהטבע 600 מל,גורי,IL,שמפו לחות מהטבע,,0.00,100.00,false,1.00,29.90,0.00,true,0,
7290112197344,false,סטייל מרכך לחות מהטבע 600 מל,גורי,IL,מרכך לחות מהטבע,,0.00,100.00,false,1.00,29.90,0.00,true,0,
7290112197351,false,סטייל מסכה לשיער לחות מהטבע 500 מל,גורי,IL,מסכה לשיער לחות מהטבע,,0.00,100.00,false,1.00,39.90,0.00,true,0,
7290112197368,false,סטייל קרם לחות לשיער לחות מהטבע 400 מל,גורי,IL,קרם לחות לשיער לחות מהטבע,,0.00,100.00,false,1.00,39.90,0.00,true,0,
7290112197375,false,סטייל סבון גוף גזר לחות מהטבע 600 מל,גורי,IL,סבון גוף גזר לחות מהטבע,,0.00,100.00,false,1.00,29.90,0.00,true,0,
7290112197436,false,סטייל סבון גוף פפאיה לחות מהטבע 600 מל,גורי,IL,סבון גוף פפאיה לחות מהטבע,,0.00,100.00,false,1.00,29.90,0.00,true,0,
7290112197832,false,סנסודיין זוג מברשות רפיד הקלה סגול+ירוק,גורי,IN,מברשות שיניים רפיד ריליף הקלה מיידית סגול+ירוק,,0.00,0.00,false,1.00,29.90,14.95,true,0,
7290112197856,false,סנסודיין זוג מברשות רפיד הקלה אדום+ירוק,גורי,IN,מברשות שיניים רפיד ריליף הקלה מיידית אדום+ירוק,,0.00,0.00,false,1.00,29.90,14.95,true,0,
7290112197870,false,סנסודיין זוג מברשות רפיד הקלה אדום+כחול,גורי,IN,מברשות שיניים רפיד ריליף הקלה מיידית אדום+כחול,,0.00,0.00,false,1.00,29.90,14.95,true,0,
7290112197887,false,סנסודיין זוג מברשות רפיד הקלה סגול+כחול,גורי,IN,מברשות שיניים רפיד ריליף הקלה מיידית סגול+כחול,,0.00,0.00,false,1.00,29.90,14.95,true,0,
7290112197894,false,סנסודיין זוג מברשות שיקום הגנה סגול+ירוק,גורי,IN,מברשות שיניים שיקום והגנה סגול+ירוק,,0.00,0.00,false,1.00,29.90,14.95,true,0,
7290112197900,false,סנסודיין זוג מברשות שיקום הגנה אדום+סגול,גורי,IN,מברשות שיניים שיקום והגנה אדום+סגול,,0.00,0.00,false,1.00,29.90,14.95,true,0,
7290112197917,false,סנסודיין זוג מברשות שיקום הגנה אדום+ירוק,גורי,IN,מברשות שיניים שיקום והגנה אדום+ירוק,,0.00,0.00,false,1.00,29.90,14.95,true,0,
7290112332585,false,פריכיות משולש תפוא אורז בתיבול סלק ומלח ים אנרג'י 30 גרם,"פרח תעשיו מזון בע""מ",IL,"הפריכיות הטעימות - פריכיות תפוח אדמה, אורז, סלק ומלח ים",,0.00,100.00,false,1.00,5.90,0.00,true,0,
7290112336613,false,עד חצות עוגיות סנדוויץ במילוי שוקולד חלב,שטראוס גרופ בע`מ,IL,עוגיות סנדוויץ' במילוי שוקולד חלב,,0.00,100.00,false,1.00,11.90,0.00,true,0,
7290112336644,false,סוכריות מאסט ללא סוכר לימון 80 ג' עלית,שטראוס גרופ בע`מ,,סוכריות ללא סוכר בטעם לימון,,0.00,100.00,false,1.00,9.90,0.00,true,0,
7290112337474,false,סוכריות מאסט ללא סוכר פטל לימון 80 ג' עלית,שטראוס גרופ בע`מ,,סוכריות ללא סוכר בטעם פטל-לימון,,0.00,100.00,false,1.00,9.90,0.00,true,0,
7290112337481,false,סוכריות מאסט ללא סוכר קפצ''ינו 80 ג' עלית,שטראוס גרופ בע`מ,IL,סוכריות ללא סוכר בטעם קפוצ'ינו,,0.00,100.00,false,1.00,9.90,0.00,true,0,
7290112344786,false,קפה פלטינום קלאסיק עלית 200 גרם,הנסיך- מפעל לייצור ט,IL,פלטינום קלאסיק קפה נמס מיובש בהקפאה,,0.00,100.00,false,1.00,29.90,0.00,true,0,
7290112349347,false,מאסט סוכריות FRESH בטעם מנטה,שטראוס גרופ,TR,סוכריות FRESH ללא סוכר בטעם מנטה,,0.00,100.00,false,1.00,3.90,0.00,true,0,
<<<<<<< HEAD
7290112349354,false,סוכריות פרש בטעם פטל לימון 15 גרם,שטראוס גרופ,TR,סוכריות FRESH ללא סוכר בטעם פטל לימון,,0.00,100.00,false,1.00,3.90,0.00,true,0,
=======
7290112349354,false,סוכריות פרש בטעם פטל לימון 15 גרם,שטראוס גרופ בע`מ,TR,סוכריות FRESH ללא סוכר בטעם פטל לימון,,0.00,100.00,false,1.00,3.90,0.00,true,0,
>>>>>>> d048ac2f4f281c9d788043ab4e81b61b0dbe3743
7290112349378,false,מאסט סוכריות FRESH בטעם תות רימון,"הליקון גידה בע""מ",TR,סוכריות FRESH ללא סוכר בטעם תות רימון,,0.00,100.00,false,1.00,3.90,0.00,true,0,
7290112350275,false,קפסולות LUNGO למכונת נספרסו עלית 10 יחידות,שטראוס קפה בי.וי,IL,קפסולות קפה LUNGO,,0.00,0.00,false,1.00,18.90,1.89,true,0,
7290112350312,false,קפסולות 15 קפה יותר למכונות נספרסו עלית 10יח',הנסיך- מפעל לייצור ט,IL,קפסולות קפה העוצמתי ביותר 15,,0.00,0.00,false,1.00,18.90,1.89,true,0,
7290112353412,false,"פריכיות תפו""א, אורז, תירס, אפונה ירוקה, סלק, מלח ים","פרח תעשיו מזון בע""מ",IL,"הפריכיות הטעימות - פריכיות תפוח אדמה, אורז, תירס, אפונה ירוקה, סלק ומלח ים",,0.00,100.00,false,1.00,5.90,0.00,true,0,
7290112357175,false,קפסולות BOOST למכונת נספרסו עלית 10 יחידות,שטראוס קפה בי.וי,IL,קפסולות קפה BOOST,,0.00,0.00,false,1.00,18.90,1.89,true,0,
7290112358004,false,פסק זמן חטיף קראנץ עלית( 32 גר`),שולן צ'\יקולטה גידה סאן.,IL,קראנץ',,0.00,100.00,false,1.00,5.90,0.00,true,0,
7290112490209,false,נמס בכוס מרק עגבניות עם קרוטונים רכיבים טבעיים,יוניליוור ישראל שיווק בע`מ,IL,נמס בכוס מרק עגבניות עם קרוטונים 100% רכיבים טבעיים,,0.00,0.00,false,1.00,7.90,0.00,true,0,
7290112490230,false,מרק נמס בכוס אפונה קנור 100% רכיבים טבעיים,יוניליוור ישראל שיווק בע`מ,IL,נמס בכוס מרק אפונה 100% רכיבים טבעיים,,0.00,0.00,false,1.00,7.90,0.00,true,0,
7290112490827,false,תרסיס ריחני למייבש הכביסה בדין בייבי 500,יוניליוור ישראל שיווק בע`מ,IL,תרסיס ריחני למייבש הכביסה בייבי,,0.00,100.00,false,1.00,21.90,0.00,true,0,
7290112490896,false,"קנור רוטב צ'ילי חריף 370 מ""ל PAL",יוניליוור ישראל שיווק בע`מ,IL,רוטב צ'ילי חריף,,0.00,100.00,false,1.00,14.90,0.00,true,0,
7290112492449,false,פינוק שמפו שיער רגיל 700 מל-חדש,"יוניליוור ישראל שיווק בע""מ",IL,שמפו לשיער רגיל,,0.00,100.00,false,1.00,13.90,0.00,true,0,
7290112492456,false,"שמפו פינוק לשיער יבש/פגום 700 מ""ל",יוניליוור ישראל שיווק בע`מ,IL,שמפו לשיער יבש/פגום,,0.00,100.00,false,1.00,13.90,0.00,true,0,
7290112492463,false,"שמפו ומרכך 2 ב-1 לשיער רגיל פינוק 700 מ""ל.",יוניליוור ישראל שיווק בע`מ,IL,שמפו ומרכך 2 ב-1 לשיער רגיל,,0.00,100.00,false,1.00,13.90,0.00,true,0,
7290112492470,false,"שמפו ומרכך 2 ב-1 לשיער יבש פינוק 700 מ""ל.",יוניליוור ישראל שיווק בע`מ,IL,שמפו ומרכך 2 ב-1 לשיער יבש/פגום,,0.00,100.00,false,1.00,13.90,0.00,true,0,
7290112492500,false,פינוק שמפו לשיער עם שמן קוקוס 700 מל,יוניליוור ישראל שיווק בע`מ,IL,שמפו לשיער בתוספת שמן קוקוס,,0.00,100.00,false,1.00,13.90,0.00,true,0,
7290112492531,false,"פינוק קונדישנר לשיער רגיל 700מ""ל",יוניליוור ישראל שיווק בע`מ,IL,מרכך לשיער רגיל,,0.00,100.00,false,1.00,13.90,0.00,true,0,
7290112492548,false,"מרכך פינוק עם שמן חוחובה 700 מ""ל",יוניליוור ישראל שיווק בע`מ,IL,מרכך לשיער יבש / פגום,,0.00,100.00,false,1.00,13.90,0.00,true,0,
7290112492579,false,פינוק מרכך בתוספת שמן קוקוס 700 מל-חדש,יוניליוור ישראל שיווק בע`מ,IL,מרכך בתוספת שמן קוקוס,,0.00,100.00,false,1.00,13.90,0.00,true,0,
7290112492593,false,תחליב רחצה פינוק בניחוח פינוק קלאסי 700,יוניליוור ישראל שיווק בע`מ,,תחליב רחצה בניחוח פינוק קלאסי,,0.00,100.00,false,1.00,12.90,0.00,true,0,
7290112492609,false,"תחליב רחצה פינוק 700 מ""ל לבנדר ווניל",יוניליוור ישראל שיווק בע`מ,IL,תחליב רחצה לבנדר ווניל,,0.00,100.00,false,1.00,12.90,0.00,true,0,
7290112492678,false,פינוק שמפו לשיער רגיל אריזת נסיעות 100 מ,"יוניליוור ישראלשיווק בע""מ",IL,שמפו לשיער רגיל אריזת נסיעות,,0.00,0.00,false,1.00,6.90,0.06,true,0,
7290112492685,false,פינוק מרכך לשיער רגיל אריזת נסיעות 100 מ,יוניליוור ישראל שיווק בעמ,IL,מרכך לשיער רגיל אריזת נסיעות,,0.00,0.00,false,1.00,6.90,0.06,true,0,
7290112492692,false,פינוק תחליב רחצה קלאסי אריזת נסיעות 100,יוניליוור ישראל טיפוח אי,IL,תחליב רחצה בניחוח קלאסי אריזת נסיעות,,0.00,0.00,false,1.00,6.90,0.06,true,0,
<<<<<<< HEAD
7290112492722,false,"2ב-1 שמפו ומרכך פינוק אל דמע לסירוק קל לילדים 700 מ""ל",יוניליוור ישראל טיפוח אי,IL,שמפו ומרכך 2 ב-1 לילדים,,0.00,100.00,false,1.00,15.90,0.00,true,0,
7290112492746,false,"פינוק מרכך ללא דמעות לסירוק קל לילדים 700 מ""ל",יוניליוור ישראל טיפוח אי,IL,לילדים מרכך לסירוק קל,,0.00,100.00,false,1.00,15.90,0.00,true,0,
7290112492753,false,"פינוק לילדים אל סבון לרחצה 700 מ""ל",יוניליוור ישראל טיפוח אי,IL,לילדים אל סבון,,0.00,100.00,false,1.00,15.90,0.00,true,0,
7290112494276,false,קליק כריות בתפזורת כשר לפסח,יוניליוור ישראל מזון בע\,IL,כריות,,0.00,100.00,false,1.00,7.90,0.00,true,0,
7290112494825,false,תרחיץ פנים לעור רגיש מכיל 25% קרם לחות,יוניליוור ישראל טיפוח אי,IL,תרחיץ פנים לעור רגיש מכיל 25% קרם לחות,,0.00,100.00,false,1.00,16.90,0.00,true,0,
7290112494832,false,תרחיץ פנים לכל סוגי העור מכיל 25% קרם לחות,יוניליוור ישראל טיפוח אי,IL,תרחיץ פנים לכל סוגי העור,,0.00,100.00,false,1.00,16.90,0.00,true,0,
7290112495754,false,"רטבי הלמנס לסלט 300 מ""ל אלף האיים",יוניליוור ישראל מזון בעמ,IL,רוטב אלף האיים,,0.00,100.00,false,1.00,15.90,0.00,true,0,
7290112495785,false,רוטב לסלט שום הלמנס 300ג,יוניליוור ישראל מזון בעמ,IL,רוטב שום,,0.00,100.00,false,1.00,12.90,0.00,true,0,
7290112496188,false,"אקס - בושם גוף טיקט לגבר אפולו 17 מ""ל","קוסטר אירוסול, גבזה,",TR,טיקט בושם כיס אפולו,,0.00,100.00,false,1.00,19.90,0.01,true,0,
7290112496195,false,"אקס - בושם גוף טיקט לגבר בלאק 17 מ""ל","קוסטר אירוסול, גבזה,",TR,טיקט בושם כיס בלאק,,0.00,100.00,false,1.00,19.90,0.01,true,0,
7290112496201,false,"אקס - בושם גוף טיקט לגבר שוקולד 17 מ""ל","קוסטר אירוסול, גבזה,",TR,טיקט בושם כיס שוקולד,,0.00,100.00,false,1.00,19.90,0.01,true,0,
7290112496270,false,"פתית צ'יפס תפו""א בתוספת עגבניות ועשבי תיבול 22 גרם",JLM גלובל פודסn37\ דרך א,GB,פתית צ'יפס עם תפוח אדמה בתוספת עגבניות ועשבי תיבול,,0.00,100.00,false,1.00,5.90,0.00,true,0,
7290112496287,false,פתית - צ'יפס בטטה בטעם טבעי 21 גרם,JLM גלובל פודסn37\ דרך א,GB,פתית צ'יפס עם בטטה בטעם טבעי,,0.00,100.00,false,1.00,5.90,0.00,true,0,
7290112496294,false,חטיף פתית צ'יפס עם אפונה ירוקה צהובה וצ'ילי,JLM גלובל פודסn37\ דרך א,GB,פתית צ'יפס עם אפונה ירוקה וצהובה ותוספת צ'ילי,,0.00,100.00,false,1.00,5.90,0.00,true,0,
=======
7290112492722,false,"2ב-1 שמפו ומרכך פינוק אל דמע לסירוק קל לילדים 700 מ""ל",יוניליוור ישראל שיווק בע`מ,IL,שמפו ומרכך 2 ב-1 לילדים,,0.00,100.00,false,1.00,15.90,0.00,true,0,
7290112492746,false,"פינוק מרכך ללא דמעות לסירוק קל לילדים 700 מ""ל",יוניליוור ישראל שיווק בע`מ,IL,לילדים מרכך לסירוק קל,,0.00,100.00,false,1.00,15.90,0.00,true,0,
7290112492753,false,"פינוק לילדים אל סבון לרחצה 700 מ""ל",יוניליוור ישראל שיווק בע`מ,IL,לילדים אל סבון,,0.00,100.00,false,1.00,15.90,0.00,true,0,
7290112494276,false,קליק כריות בתפזורת כשר לפסח,יוניליוור ישראל שיווק בע`מ,IL,כריות,,0.00,100.00,false,1.00,7.90,0.00,true,0,
7290112494825,false,תרחיץ פנים לעור רגיש מכיל 25% קרם לחות,יוניליוור ישראל שיווק בע`מ,IL,תרחיץ פנים לעור רגיש מכיל 25% קרם לחות,,0.00,100.00,false,1.00,16.90,0.00,true,0,
7290112494832,false,תרחיץ פנים לכל סוגי העור מכיל 25% קרם לחות,יוניליוור ישראל שיווק בע`מ,IL,תרחיץ פנים לכל סוגי העור,,0.00,100.00,false,1.00,16.90,0.00,true,0,
7290112495754,false,רוטב לסלט אלף האיים הלמנס (305 מל),יוניליוור ישראל שיווק בע`מ,IL,רוטב אלף האיים,,0.00,100.00,false,1.00,15.90,0.00,true,0,
7290112495785,false,רוטב לסלט שום (300 גרם)הלמנס,יוניליוור ישראל שיווק בע`מ,IL,רוטב שום,,0.00,100.00,false,1.00,12.90,0.00,true,0,
7290112496188,false,"אקס - בושם גוף טיקט לגבר אפולו 17 מ""ל",יוניליוור ישראל שיווק בעמ,TR,טיקט בושם כיס אפולו,,0.00,100.00,false,1.00,19.90,0.01,true,0,
7290112496195,false,"אקס - בושם גוף טיקט לגבר בלאק 17 מ""ל",יוניליוור ישראל שיווק בעמ,TR,טיקט בושם כיס בלאק,,0.00,100.00,false,1.00,19.90,0.01,true,0,
7290112496201,false,"אקס - בושם גוף טיקט לגבר שוקולד 17 מ""ל",יוניליוור ישראל שיווק בע`מ,TR,טיקט בושם כיס שוקולד,,0.00,100.00,false,1.00,19.90,0.01,true,0,
7290112496270,false,"פתית צ'יפס תפו""א בתוספת עגבניות ועשבי תיבול 22 גרם",יוניליוור ישראל שיווק בע`מ,GB,פתית צ'יפס עם תפוח אדמה בתוספת עגבניות ועשבי תיבול,,0.00,100.00,false,1.00,5.90,0.00,true,0,
7290112496287,false,פתית - צ'יפס בטטה בטעם טבעי 21 גרם,יוניליוור ישראל שיווק בע`מ,GB,פתית צ'יפס עם בטטה בטעם טבעי,,0.00,100.00,false,1.00,5.90,0.00,true,0,
7290112496294,false,חטיף פתית צ'יפס עם אפונה ירוקה צהובה וצ'ילי,יוניליוור ישראל שיווק בע`מ,GB,פתית צ'יפס עם אפונה ירוקה וצהובה ותוספת צ'ילי,,0.00,100.00,false,1.00,5.90,0.00,true,0,
>>>>>>> d048ac2f4f281c9d788043ab4e81b61b0dbe3743
7290112496676,false,אקס דאודורנט בודי ספריי ריצארג,יוניליוור,GB,דאודורנט ספריי גוף ריצ'ארג',,0.00,100.00,false,1.00,12.90,0.00,true,0,
7290112497000,false,פנטסטיק תרכיז ניקוי רב תכליתי בניחוח לימון,יוניליוור ישראל שיווק בע`מ,IL,פנטסטיק ניקוי כללי בניחוח לימון,,0.00,1.00,false,1.00,15.90,15.90,true,0,
7290112497369,false,"דאב - דאודורנט רול און לאישה טלק סופט 50 מ""ל",יוניליוור ישראל שיווק בע`מ,GB,דאודורנט רול און טלק סופט לאשה,,0.00,100.00,false,1.00,12.90,0.00,true,0,
7290112497505,false,"תחליב גוף וזלין ירוק עם אלוורה 600מ""ל",יוניליוור ישראל שיווק בע`מ,US,תחליב גוף בתוספת אלוורה,,0.00,100.00,false,1.00,26.90,0.00,true,0,
7290112497710,false,פינוק בייבי שמפו אל דמע לתינוקות 700 מל,יוניליוור ישראל שיווק בע`מ,IL,בייבי שמפו אל דמע לתינוקות,,0.00,100.00,false,1.00,17.90,0.00,true,0,
7290112497727,false,פינוק בייבי אל סבון אל דמע לתינוקות 700,יוניליוור ישראל שיווק בע`מ,IL,בייבי אל סבון אל דמע לתינוקות,,0.00,100.00,false,1.00,17.90,0.00,true,0,
7290112498267,false,פינוק אל סבון לידיים בניחוח פינוק קלאסי,יוניליוור ישראל שיווק בע`מ,TR,אל סבון לידיים בניחוח פינוק קלאסי,,0.00,100.00,false,1.00,14.90,0.00,true,0,
7290112498274,false,פינוק אלסבון לידיים לבנדר וניל 1ליטר+משא,יוניליוור ישראל שיווק בע`מ,TR,אל סבון לידיים בניחוח לבנדר ווניל,,0.00,100.00,false,1.00,14.90,0.00,true,0,
7290112498281,false,"אל סבון לידיים בתוספת שמן קוקוס פינוק 950 מ""ל",יוניליוור ישראל שיווק בע`מ,TR,אל סבון לידיים בתוספת שמן קוקוס,,0.00,100.00,false,1.00,14.90,0.00,true,0,
7290112498298,false,"אל סבון ליידים בתוספת שמן מרוקאי פינוק 950 מ""ל",יוניליוור ישראל שיווק בע`מ,TR,אל סבון לידיים בתוספת שמן מרוקאי,,0.00,100.00,false,1.00,14.90,0.00,true,0,
7290112498526,false,"פתית צ'יפס עם בטטה סגולה בטעם שמנת ובצל, 22 גרם",יוניליוור ישראל שיווק בע`מ,GB,צ'יפס עם בטטה סגולה בטעם שמנת ובצל,,0.00,100.00,false,1.00,5.90,0.00,true,0,
7290112498540,false,"ספריי דאודרנט ספורט דיפנס רקסונה 150 מ""ל",יוניליוור ישראל שיווק בעמ,GB,דאודורנט ספריי לגבר ספורט דיפנס,,0.00,100.00,false,1.00,17.90,0.00,true,0,
7290112499462,false,פינוק תחליב רחצה 700 בתוספת שמן קוקוס,יוניליוור ישראל שיווק בע`מ,IL,תחליב רחצה בתוספת שמן קוקוס,,0.00,100.00,false,1.00,12.90,0.00,true,0,
7290112499479,false,"פינוק - שמפו בתוספת קרטין 700 מ""ל",יוניליוור ישראל שיווק בע`מ,IL,שמפו בתוספת קרטין,,0.00,100.00,false,1.00,13.90,0.00,true,0,
7290112499493,false,"רקסונה - דאודורנט ספריי לאישה אלוורה 150 מ""ל","יוניליוור ישראלשיווק בע""מ",RU,דאודורנט ספריי במבוק ואלוורה לאישה,,0.00,100.00,false,1.00,17.90,0.00,true,0,
7290112499509,false,"רקסונה - דאודורנט ספריי לאישה בניחוח אפרסק ולמון גראס 150 מ""ל","יוניליוור ישראל שיווק בע""מ",RU,דאודורנט ספריי אפרסק ולמון גראס לאישה,,0.00,100.00,false,1.00,17.90,0.00,true,0,
7290112706362,false,מארז שלישיית ביצי שוקולד מפרץ ההרפתקאות,שמחה זה אנחנו בע`מ,IT,ביצי שוקולד עם הפתעה - מפרץ ההרפתקאות,,0.00,0.00,false,1.00,14.90,0.00,true,0,
7290112707246,false,שלישיית ביצי שוקולד(חלב נוכרי)-כוח פי גיי,שמחה זה אנחנו,IT,ביצי שוקולד עם הפתעה - כוח פיג'י,,0.00,0.00,false,1.00,14.90,0.00,true,0,
7290112963918,false,פיטנס חטיפי קרקר דק רוזמרין 140 גרם,קבוצת אוסם סחר שותפות מוגבלת,IL,פיטנס קרקר THIN רוזמרין,,0.00,100.00,false,1.00,12.90,0.00,true,0,
7290112965660,false,פיטנס - חטיף מולטיגריין מלח פלפל 25 גרם,קבוצת אוסם סחר שותפות מוגבלת,IL,פיטנס מולטיגריין חטיף מלח פלפל,,0.00,100.00,false,1.00,5.00,0.00,true,0,
7290112965684,false,פיטנס - חטיף מולטיגריין עשבי תיבול 25 גרם,קבוצת אוסם סחר שותפות מוגבלת,IL,פיטנס מולטיגריין חטיף עשבי תיבול,,0.00,100.00,false,1.00,5.00,0.00,true,0,
7290112965707,false,פיטנס - חטיף מולטיגריין צילי מעודן 25 גרם,קבוצת אוסם סחר שותפות מוגבלת,IL,פיטנס מולטיגריין חטיף צ'ילי מעודן,,0.00,100.00,false,1.00,5.00,0.00,true,0,
7290112968807,false,80018416694פיטנס חטיפי קרקר דק סלק 150גר,קבוצת אוסם סחר שותפות מוגבלת,IL,פיטנס קרקר THIN סלק,,0.00,100.00,false,1.00,12.90,0.00,true,0,
7290112969002,false,"אינסטנט פודינג פיסטוק אסם 80 גרם בד""ץ",קבוצת אוסם סחר-שות.מוגבלת,IL,אינסטנט פודינג בטעם פיסטוק,,0.00,100.00,false,1.00,5.90,0.00,true,0,
7290113317109,false,מארז שלישיית ביצי שוקולד הלו קיטי,שמחה זה אנחנו,IT,ביצי שוקולד עם הפתעה - הלו קיטי,,0.00,0.00,false,1.00,14.90,0.00,true,0,
7290113317123,false,מארז שלישיית ביצי שוקולד סמי הכבאי,שמחה זה אנחנו,IT,ביצי שוקולד עם הפתעה - סמי הכבאי,,0.00,0.00,false,1.00,14.90,0.00,true,0,
7290113317130,false,מארז שלישיית ביצי שוקולד ברבי,שמחה זה אנחנו,IT,ביצי שוקולד עם הפתעה - ברבי,,0.00,0.00,false,1.00,14.90,0.00,true,0,
7290113560055,false,פרודונטקס מי פה טיפול יומי לחניכיים 500,"מאסטרפוד אוסטריה בע""מ",GB,מי פה טיפול יום-יומי לחניכיים מנטה מרענן,,0.00,100.00,false,1.00,32.90,0.00,true,0,
7290113560062,false,"סנסודיין - משחת שיניים להלבנה עדינה משאבה 100 מ""ל",גלקסוסמית'\קליין קונסיומ,GB,Gentle whitening - משחת שיניים להלבנה עדינה - משאבה,,0.00,0.00,false,1.00,27.90,0.27,true,0,
7290113560109,false,פרודונטקס מ.שיניים בטעם צמחי 75 מל,פרודונטקס Parodontax,SK,"משחת שיניים בטעם צמחי בשילוב טעמי ג'ינג'ר, מנטה ואקליפטוס",,0.00,100.00,false,1.00,32.90,0.00,true,0,
7290113593343,false,לייף קידס בקבוק טריטן 600 מל גבוה מיקי מ,שמחה זה אנחנו,CN,KIDS בקבוק טריטן גבוה - מיקי מאוס,,0.00,0.00,false,1.00,32.90,0.00,true,0,
7290113594609,false,מארז שלישיית ביצי שוקולד כוח פיגי,שמחה זה אנחנו,IT,ביצי שוקולד עם הפתעה - כוח פיג'י,,0.00,0.00,false,1.00,14.90,0.00,true,0,
7290113594623,false,שלישיית ביצי שוקולד(חלב נוכרי)-LOL,שמחה זה אנחנו בעמ,IT,ביצי שוקולד עם הפתעה - LOL,,0.00,0.00,false,1.00,14.90,0.00,true,0,
7290113711143,false,לייף נייר טואלט לח 4*48 יח KIDS,לייף,IL,מגבוני נייר טואלט לח KIDS,,0.00,0.00,false,1.00,19.90,4.97,true,0,
7290113711150,false,לייף נייר טואלט לח 4*48 יח,לייף,IL,מגבוני נייר טואלט לח,,0.00,0.00,false,1.00,19.90,4.97,true,0,
7290113711167,false,לייף נייר טואלט לח 4*48 יח סנסיטיב,General,IL,מגבוני נייר טואלט לח סנסיטיב,,0.00,0.00,false,1.00,19.90,4.97,true,0,
7290113711310,false,לייף בודי ספריי LEGEND ENERGY לגבר 200מל,לייף,,בודי ספריי LEGEND ENERGY לגבר,,0.00,100.00,false,1.00,9.90,0.00,true,0,
7290113711341,false,פצצת אמבט בניחוח פירות הדרים 100 גרם,לייף,CN,פצצת אמבט בניחוח פירות הדרים,,0.00,0.00,false,1.00,14.90,0.14,true,0,
7290113711754,false,לייף מגבוני היגיינה אישית TO-GO,עלבד,IL,מגבונים היגיינים לניקוי הידיים והפנים,,0.00,0.00,false,1.00,4.90,0.49,true,0,
7290113711761,false,לייף מגבונים היגייניים לניקוי לילדים 10י,עלבד,IL,KIDS מגבונים היגייניים לניקוי הידיים והפנים,,0.00,0.00,false,1.00,4.90,0.49,true,0,
7290113711839,false,לייף מארז 4 יח ראשים אוניברסליים סנסטיב,לייף,IL,מארז ראשים אוניברסליים סנסטיב,,0.00,0.00,false,1.00,74.90,18.72,true,0,
7290113711969,false,תחליב רחצה בניחוח וניל מעודן 500 מל,ארמן,CN,תחליב רחצה בניחוח וניל מעודן,,0.00,100.00,false,1.00,19.90,0.00,true,0,
7290113711976,false,קרם גוף בניחוח וניל מעודן 500 מל,ארמן,CN,קרם גוף בניחוח וניל מעודן,,0.00,100.00,false,1.00,24.90,0.00,true,0,
7290113712010,false,סאנדיי כפפות ניילון חד פעמיות 100 יח,EGM השקעות בעמ,CN,כפפות חד פעמיות,,0.00,0.00,false,1.00,6.90,0.06,true,0,
7290113712027,false,סאנדיי שקיות אחסון בשלושה גדלים,לייף,CN,שקיות אחסון זיפר ב-3 גדלים,,0.00,0.00,false,1.00,19.90,19.90,true,0,
7290113712089,false,מסכות פנים כחולות-מארז 50,לייף,CN,מסכות פנים כחולות-מארז,,0.00,0.00,false,1.00,12.90,0.25,true,0,
7290113712171,false,לייף קרם חמצן 6% 60 מל,שוורץ,,קרם חמצן 6%,,0.00,100.00,false,1.00,4.90,0.00,true,0,
7290113712188,false,לייף מברשת חשמלית סוללות למבוגרים- ירוק,יניר מערכות,CN,מברשת חשמלית סוללות למבוגרים- ירוק זית,,0.00,0.00,false,1.00,39.90,0.00,true,0,
7290113712195,false,לייף מברשת חשמלית סוללות למבוגרים- כחול,יניר מערכות,CN,מברשת חשמלית סוללות למבוגרים- כחול כהה,,0.00,0.00,false,1.00,39.90,0.00,true,0,
7290113712225,false,לייף מברשת שיניים פלקסיבל וייט כחולה,טריזה,CH,מברשת שיניים פלקסיבל וייט כחולה,,0.00,0.00,false,1.00,14.90,0.00,true,0,
7290113712232,false,לייף מברשת שיניים פלקסיבל וייט ורודה,טריזה,CH,מברשת שיניים פלקסיבל וייט ורודה,,0.00,0.00,false,1.00,14.90,0.00,true,0,
7290113712317,false,לייף קידס רביעיית מגבוני דיסני מיקי מאוס,DPL,IL,מגבוני דיסני מיקי מאוס,,0.00,0.00,false,1.00,19.90,4.97,true,0,
7290113712324,false,לייף קידס רביעיית מגבוני דיסני מיני מאוס,DPL,IL,מגבוני דיסני מיני מאוס,,0.00,0.00,false,1.00,19.90,4.97,true,0,
7290113810006,false,לייף קידס מחית תפוח בננה גיבורי על 90 גר,לייף,ES,מחית תפוחי עץ ובננה לילדים- גיבורי על,,0.00,100.00,false,1.00,3.90,0.00,true,0,
7290113810112,false,לייף טישו קוביה באטמן 56 יח 3 שכבות,לייף,IL,ממחטות נייר רכות במיוחד תלת-שכבתיות באטמן,,0.00,0.00,false,1.00,6.90,0.12,true,0,
7290113810235,false,לייף וולנס פריכיות מיני ביס שום בצל 23 ג,פרח,IL,פריכיות מיני ביס מדגנים מלאים בתיבול שום ובצל,,0.00,100.00,false,1.00,3.90,0.00,true,0,
7290113810419,false,לייף מי פה לרעננות מתמשכת 500 FRESH MINT,ח.נ.ה,ES,מי פה לרעננות מתמשכת FRESH MINT,,0.00,100.00,false,1.00,19.90,0.00,true,0,
7290113810426,false,לייף מי פה להגנה על החניכיים500 GUM CARE,ח.נ.ה,ES,מי פה להגנה על החניכיים GUM CARE,,0.00,100.00,false,1.00,19.90,0.00,true,0,
7290113810440,false,לייף מי פה להסרת כתמים 500 WHITE מל,ח.נ.ה,ES,מי פה המסייעים להסרת כתמים WHITE,,0.00,100.00,false,1.00,19.90,0.00,true,0,
7290113810532,false,לייף בייביז בקבוק הזנה 160 מל לבבות שלב1,איתן,,"בקבוק לתינוק 160 מ""ל שלב +0",,0.00,0.00,false,1.00,32.90,0.00,true,0,
7290113810549,false,לייף בייביז בקבוק הזנה 160 מל סירה שלב 1,איתן,,"בקבוק לתינוק 160 מ""ל שלב +0",,0.00,0.00,false,1.00,32.90,0.00,true,0,
7290113810570,false,לייף בייביז בקבוק הזנה 330 מל כוכב זהב,איתן,,"בקבוק לתינוק 330 מ""ל שלב +6",,0.00,0.00,false,1.00,32.90,0.00,true,0,
7290113810600,false,לייף וולנס פריכיות מיני ביס קלאסי עם מלח,פרח,IL,פריכיות מיני ביס מדגנים מלאים קלאסי עם מלח,,0.00,100.00,false,1.00,3.90,0.00,true,0,
7290113810617,false,סאנדיי 30 שקיות לפחים קטנים עם ידיות,EGM השקעות בעמ,CN,שקיות גופייה עם ידיות לפחי אמבטיה ושירותים,,0.00,0.00,false,1.00,9.90,0.33,true,0,
7290113810662,false,לייף זוג פטמות סיליקון שלב 1 זר.איטית,איתן,,"BABYS אנטי קוליק פטמות סיליקון 160מ""ל +0",,0.00,0.00,false,1.00,19.90,9.95,true,0,
7290113810679,false,לייף זוג פטמות סיליקון שלב 2 זר.בינונית,איתן,,"BABYS אנטי קוליק פטמות סיליקון 260 מ""ל +3",,0.00,0.00,false,1.00,19.90,9.95,true,0,
7290113810686,false,לייף זוג פטמות סיליקון שלב 3 זר.מהירה,איתן,,"BABYS אנטי קוליק פטמות סיליקון 330 מ""ל +6",,0.00,0.00,false,1.00,19.90,9.95,true,0,
7290113810693,false,לייף זוג פטמות סיליקון למזון סמיך,איתן,,"BABYS אנטי קוליק פטמות סיליקון 330 מ""ל +6",,0.00,0.00,false,1.00,19.90,9.95,true,0,
7290113810853,false,לייף מכשיר גילוח וונדר 5 להבים לנשים+2 ס,פרסונה,CN,מכשיר גילוח רב פעמי וונדר+ 2 סכינים לעור רגיש,,0.00,0.00,false,1.00,34.90,0.00,true,0,
7290113810860,false,לייף מכשיר גילוח וונדר 5 להבים לנשים+6 ס,לייף,CN,מכשיר גילוח וונדר 5 להבים לנשים+6 סכינים,,0.00,0.00,false,1.00,59.90,0.00,true,0,
7290113810877,false,לייף מחסנית וונדר 5 להבים לנשים 4 יח,General,CN,סכיני גילוח רב פעמיים וונדר לנשים 5 להבים לעור רגיש,,0.00,0.00,false,1.00,39.90,9.97,true,0,
7290113810884,false,לייף מחסנית פלקס טאץ 5 להבים לנשים 4 יח,פרסונה,CN,סכיני גילוח רב פעמיים לנשים פלקס טאצ' 5 להבים גמיש במיוחד,,0.00,0.00,false,1.00,39.90,9.97,true,0,
7290113810891,false,לייף FORCE מכשיר גילוח 5 להבים לגבר+2 סכ,לייף,CN,מכשיר גילוח 5 להבים מתקדם + 2 סכינים פורס FORCE 5,,0.00,0.00,false,1.00,39.90,0.00,true,0,
7290113810907,false,לייף FORCE מכשיר גילוח 5 להבים לגבר+7 סכ,לייף,CN,FORCE מכשיר גילוח 5 להבים לגבר + סכינים,,0.00,0.00,false,1.00,79.90,0.00,true,0,
7290113810921,false,לייף FORCE סכיני גילוח 5 להבים לגבר 4 יח,לייף,CN,מחסנית סכיני גילוח רב פעמיים פורס FORCE 5,,0.00,0.00,false,1.00,49.90,12.47,true,0,
7290113810938,false,לייף מכשיר גילוח פלקס טאץ 5להב לנשים+2 ס,פרסונה,CN,מכשיר גילוח רב פעמי פלקס טאצ' + 2 סכינים גמיש במיוחד,,0.00,0.00,false,1.00,34.90,0.00,true,0,
7290113810945,false,לייף מכשיר גילוח פלקס טאץ 5להב לנשים+6 ס,פרסונה,CN,מכשיר גילוח פלקס טאץ' 5 להבים לנשים+6 סכינים,,0.00,0.00,false,1.00,59.90,0.00,true,0,
7290113820067,false,לייף בייביז קרם החתלה טיפולי 100 מל,איתן,,קרם החתלה טיפולי לתינוק,,0.00,0.00,false,1.00,18.90,0.18,true,0,
7290113820159,false,לייף פדי ספיגה לגברים ונשים 20 יחידות,ONTEX,BE,פדי ספיגה להגנה מקסימלית בגזרה מותאמת לגברים ולנשים,,0.00,0.00,false,1.00,39.90,1.99,true,0,
7290113820227,false,לייף סבון פילינג תמצית הדרים 750 מל,אינטרקוסמא,IL,סבון פילינג מועשר בתמציות הדרים,,0.00,100.00,false,1.00,18.90,0.00,true,0,
7290113820234,false,לייף קרם גוף משאבה תמצית הדרים 500 מל,אינטרקוסמא,,קרם גוף מועשר בתמציות הדרים,,0.00,100.00,false,1.00,18.90,0.00,true,0,
7290113820241,false,לייף תחליב רחצה מועשר בתמצית הדרים 750 מ,אינטרקוסמא,,תחליב רחצה מועשר בתמצית הדרים,,0.00,100.00,false,1.00,11.90,0.00,true,0,
7290113820258,false,לייף מרכך לשיער יבש-פגום תמצית הדרים,זוהר דליה,,מרכך שיער לשיער יבש מועשר בשמן קינואה ותמצית הדרים,,0.00,100.00,false,1.00,11.90,0.00,true,0,
7290113820265,false,לייף מרכך לשיער צבוע ורדים ווניל 700 מל,זוהר דליה,,מרכך שיער לשיער צבוע מועשר בשמן קינואה ותמצית ורדים,,0.00,100.00,false,1.00,11.90,0.00,true,0,
7290113820272,false,לייף מרכך לשיער רגיל תמצית לבנדר 100 מל,זוהר דליה,IL,מרכך לשיער רגיל,,0.00,0.00,false,1.00,5.90,0.05,true,0,
7290113820289,false,לייף מרכך לשיער רגיל תמצית לבנדר 700 מל,זוהר דליה,,מרכך שיער לשיער רגיל מועשר בשמן קינואה ותמצית לבנדר,,0.00,100.00,false,1.00,11.90,0.00,true,0,
7290113820296,false,לייף מרכך לשיער שמן תה ירוק ומנטה 700 מל,זוהר דליה,,מרכך שיער לשיער שמן מועשר בשמן קינואה ותמצית תה ירוק,,0.00,100.00,false,1.00,11.90,0.00,true,0,
7290113820302,false,לייף סבון פילינג ורדים ווניל 750 מל,אינטרקוסמא,,סבון פילינג מועשר בתמציות ורדים בניחוח ווניל,,0.00,100.00,false,1.00,18.90,0.00,true,0,
7290113820319,false,לייף סבון פילינג תה ירוק ומנטה 750 מל,אינטרקוסמא,,סבון פילינג מועשר בתמציות תה ירוק ומנטה,,0.00,100.00,false,1.00,18.90,0.00,true,0,
7290113820326,false,לייף סבון פילינג תמצית לבנדר 750 מל,אינטרקוסמא,,סבון פילינג מועשר בתמציות לבנדר ועץ הארז,,0.00,100.00,false,1.00,18.90,0.00,true,0,
7290113820333,false,לייף קרם גוף משאבה ורדים ווניל 500 מל,אינטרקוסמא,IL,קרם גוף מועשר בתמציות ורדים ווניל,,0.00,100.00,false,1.00,18.90,0.00,true,0,
7290113820340,false,לייף קרם גוף משאבה תה ירוק ושיאה 500 מל,אינטרקוסמא,IL,קרם גוף מועשר בתמציות תה ירוק וחמאת שיאה,,0.00,100.00,false,1.00,18.90,0.00,true,0,
7290113820357,false,לייף קרם גוף משאבה תמצית לבנדר 500 מל,אינטרקוסמא,IL,קרם גוף מועשר בתמציות לבנדר ועץ הארז,,0.00,100.00,false,1.00,18.90,0.00,true,0,
7290113820364,false,לייף קרם ידיים תמצית הדרים 100 מל,אינטרקוסמא,,קרם ידיים בתוספת תמציות הדרים,,0.00,0.00,false,1.00,9.90,0.09,true,0,
7290113820371,false,לייף קרם ידיים ורדים ווניל 100 מל,אינטרקוסמא,IL,קרם ידיים בתוספת תמציות ורדים בניחוח ווניל,,0.00,0.00,false,1.00,9.90,0.09,true,0,
7290113820388,false,לייף קרם ידיים תה ירוק ומנטה 100 מל,אינטרקוסמא,IL,קרם ידיים בתוספת תמציות תה ירוק ומנטה,,0.00,0.00,false,1.00,9.90,0.09,true,0,
7290113820395,false,לייף קרם ידיים תמצית לבנדר 100 מל,אינטרקוסמא,,קרם ידיים בתוספת תמציות לבנדר ועץ הארז,,0.00,0.00,false,1.00,9.90,0.09,true,0,
7290113820401,false,לייף קרם רב שימושי תה ירוק ומנטה 250 מל,אינטרקוסמא,IL,קרם רב שימושי מועשר בתמציות תה ירוק ומנטה בתוספת חמאת שיאה,,0.00,100.00,false,1.00,18.90,0.00,true,0,
7290113820418,false,לייף שמפו לשיער יבש תמצית הדרים 700,זוהר דליה,,שמפו לשיער יבש מועשר בשמן קינואה ותמצית הדרים,,0.00,100.00,false,1.00,11.90,0.00,true,0,
7290113820425,false,לייף שמפו לשיער צבוע ורדים ווניל 700 מל,זוהר דליה,,שמפו לשיער צבוע מועשר בשמן קינואה ותמצית וורדים,,0.00,100.00,false,1.00,11.90,0.00,true,0,
7290113820432,false,לייף שמפו לשיער רגיל תמצית לבנדר 100 מל,זוהר דליה,IL,שמפו ברק וחיוניות לשיער רגיל,,0.00,0.00,false,1.00,5.90,0.05,true,0,
7290113820449,false,לייף שמפו לשיער רגיל תמצית לבנדר 700 מל,זוהר דליה,,שמפו לשיער רגיל מועשר בשמן קינואה ותמצית לבנדר,,0.00,100.00,false,1.00,11.90,0.00,true,0,
7290113820456,false,לייף שמפו לשיער שמן תה ירוק ומנטה 700,זוהר דליה,,שמפו לשיער שמן מועשר בשמן קינואה ותמצית תה ירוק,,0.00,100.00,false,1.00,11.90,0.00,true,0,
7290113820463,false,לייף תחליב רחצה מועשר בתמציות ורדים ווני,אינטרקוסמא,,תחליב רחצה מועשר בתמציות ורדים ווניל,,0.00,100.00,false,1.00,11.90,0.00,true,0,
7290113820470,false,לייף תחליב רחצה תה ירוק ומנטה 750 מל,אינטרקוסמא,,תחליב רחצה מועשר בתמציות תה ירוק ומנטה,,0.00,100.00,false,1.00,11.90,0.00,true,0,
7290113820487,false,לייף תחליב רחצה מועשר בלבנדר 750 מל,אינטרקוסמא,,תחליב רחצה מועשר בתמציות לבנדר ועץ הארץ,,0.00,100.00,false,1.00,11.90,0.00,true,0,
7290113820760,false,לייף רולר מחטים,PROSEEKERS LIFE,CN,רולר מחטים,,0.00,0.00,false,1.00,29.90,0.00,true,0,
7290113820845,false,לייף תרחיץ פנים תה ירוק לעור שומני,אמיליה קוסמטיקס,IL,תרחיץ פנים לעור שומני תה ירוק,,0.00,100.00,false,1.00,14.90,0.00,true,0,
7290113820852,false,לייף תרחיץ פנים הדרים פילינג,אמיליה קוסמטיקס,IL,תרחיץ פנים פילינג עדין הדרים,,0.00,100.00,false,1.00,14.90,0.00,true,0,
7290113820869,false,לייף תרחיץ פנים לבנדר לעור רגיש,אמיליה קוסמטיקס,IL,תרחיץ פנים לעור רגיש לבנדר,,0.00,100.00,false,1.00,14.90,0.00,true,0,
7290113820944,false,לייף קידס בקבוק קליפס 600 מל מרוול לוגו,שמחה זה אנחנו,CN,KIDS בקבוק קליפס מרוול לוגו,,0.00,0.00,false,1.00,32.90,0.00,true,0,
7290113820968,false,לייף קידס בקבוק טריטן קליפס 600 מל LOL,שמחה זה אנחנו,CN,KIDS בקבוק טריטן קליפס LOL,,0.00,0.00,false,1.00,32.90,0.00,true,0,
7290113820975,false,לייף קידס בקבוק צמידים 700 מל LOL,שמחה זה אנחנו,CN,KIDS בקבוק צמידים LOL,,0.00,0.00,false,1.00,29.90,0.00,true,0,
7290113820982,false,לייף קידס בקבוק טריטן קליפס 600מל פרוזן2,שמחה זה אנחנו,CN,KIDS בקבוק טריטן קליפס פרוזן 2,,0.00,0.00,false,1.00,32.90,0.00,true,0,
7290113820999,false,לייף קידס בקבוק צמידים 700 מל מיקי מאוס,שמחה זה אנחנו,CN,KIDS בקבוק צמידים מיקי מאוס,,0.00,0.00,false,1.00,29.90,0.00,true,0,
7290113821019,false,קרם ידיים ספייסי ונילה 100 מל,General,CN,קרם ידיים ספייסי ונילה,,0.00,0.00,false,1.00,14.90,0.14,true,0,
7290113821118,false,לייף וולנס חליטת תפוח קינמון 100 גרם,לייף,IL,צמחים ופירות לחליטת תפוחים וקינמון,,0.00,0.00,false,1.00,16.90,0.16,true,0,
7290113821484,false,לייף קיסמי אוזניים אקולוגיים מנייר 200יח,ח.א.ייבוא ושיווק,IL,קיסמי אוזניים ידידותיים לסביבה,,0.00,0.00,false,1.00,9.90,0.04,true,0,
7290113821491,false,לייף ערכת טיפוח צמרי גפן 3 ב 1,ח.א.ייבוא ושיווק,CN,ערכת טיפוח צמרי גפן 3 ב 1,,0.00,0.00,false,1.00,12.90,0.00,true,0,
7290113821514,false,לייף מברשת פרופשיונל קר כסף אנטי בקטריאל,טריזה,CH,מברשת פרופשיונל קר כסף אנטי בקטריאלי,,0.00,0.00,false,1.00,15.90,0.00,true,0,
7290113821521,false,לייף זוג מברשות שיניים EXTRA ומנקה לשון,טריזה,CH,מברשות שיניים EXTRA ומנקה לשון,,0.00,0.00,false,1.00,19.90,0.00,true,0,
7290113821538,false,לייף מברשת נטענת 4 מצבים סנסטיב - כחול כ,לייף,IL,מברשת שיניים נטענת 4 מצבים ראש סנסטיב - כחול כהה,,0.00,0.00,false,1.00,149.90,0.00,true,0,
7290113821545,false,לייף נייר טואלט לח 60 דיספנסר מבוגרים,לייף,IL,נייר טואלט לח אריזת דיספנסר מבוגרים,,0.00,0.00,false,1.00,11.90,0.00,true,0,
7290113821569,false,לייף נייר טואלט לח 4*48 יח שמן שקדים,לייף,IL,מגבוני נייר טואלט לח מועשרים בשמן שקדים,,0.00,0.00,false,1.00,19.90,4.97,true,0,
7290113821644,false,לייף טישו לושן ניילון מארז שלישייה,לייף,IL,ממחטות טישו בתוספת קרם לחות,,0.00,0.00,false,1.00,9.90,3.30,true,0,
7290113821668,false,סאנדיי 25 מטליות לחות ניקוי כללי שלישייה,General,IL,מטליות לחות לניקוי כללי אנטיבקטריאלי,,0.00,0.00,false,1.00,12.90,0.17,true,0,
7290113821675,false,סאנדיי 50 מגבונים לניקוי כללי זוג,General,IL,מטליות לחות לניקוי כללי,,0.00,0.00,false,1.00,16.90,0.16,true,0,
7290113821705,false,TMH אוברול ארנב קטיפה 0-3 שרוול ארוך צ.ל,General,GB,אוברול ארנב קטיפה 0-3 שרוול ארוך צ.לבן,,0.00,0.00,false,1.00,94.90,94.90,true,0,
7290113821712,false,TMH אוברול ארנב קטיפה 3-6 שרוול ארוך צ.א,General,GB,אוברול ארנב קטיפה 3-6 שרוול ארוך צ.לבן,,0.00,0.00,false,1.00,94.90,94.90,true,0,
7290113821729,false,TMH אוברול ארנב קטיפה 6-12 שרוול ארוך צ.,General,GB,אוברול ארנב קטיפה 6-12 שרוול ארוך צ.לבן,,0.00,0.00,false,1.00,94.90,94.90,true,0,
7290113821736,false,TMH סט אוברול ובגד גוף 0-3 שרוול ארוך צ,General,GB,סט אוברול ובגד גוף 0-3 שרוול ארוך צ.ורוד,,0.00,0.00,false,1.00,94.90,94.90,true,0,
7290113821743,false,TMH סט אוברול ובגד גוף 3-6 שרוול ארוך צ,General,GB,סט אוברול ובגד גוף 3-6 שרוול ארוך צ.ורוד,,0.00,0.00,false,1.00,89.90,89.90,true,0,
7290113821750,false,TMH סט אוברול ובגד גוף 6-12 שרוול ארוך צ,General,GB,סט אוברול ובגד גוף 6-12 שרוול ארוך צ.ורוד,,0.00,0.00,false,1.00,89.90,89.90,true,0,
7290113821767,false,TMH סט אוברול ובגד גוף 0-3 שרוול ארוך צ,General,GB,סט אוברול ובגד גוף 0-3 שרוול ארוך צ.לבן,,0.00,0.00,false,1.00,89.90,89.90,true,0,
7290113821774,false,TMH סט אוברול ובגד גוף 3-6 שרוול ארוך צ,General,GB,סט אוברול ובגד גוף 3-6 שרוול ארוך צ.לבן,,0.00,0.00,false,1.00,89.90,89.90,true,0,
7290113821781,false,TMH סט אוברול ובגד גוף 6-12 שרוול ארוך צ,General,GB,סט אוברול ובגד גוף 6-12 שרוול ארוך צ.לבן,,0.00,0.00,false,1.00,89.90,89.90,true,0,
7290113821798,false,TMH סט בגד גוף ומכנסיים 0-3 שרוול ארוך צ,General,GB,סט בגד גוף ומכנסיים 0-3 שרוול ארוך צ.ורוד,,0.00,0.00,false,1.00,84.90,84.90,true,0,
7290113821804,false,TMH סט בגד גוף ומכנסיים 3-6 שרוול ארוך צ,General,GB,סט בגד גוף ומכנסיים 3-6 שרוול ארוך צ.ורוד,,0.00,0.00,false,1.00,84.90,84.90,true,0,
7290113821811,false,TMH סט בגד גוף ומכנסיים 6-12 שרוול ארוך,General,GB,סט בגד גוף ומכנסיים 6-12 שרוול ארוך צ.ורוד,,0.00,0.00,false,1.00,84.90,84.90,true,0,
7290113821828,false,TMH סט בגד גוף ומכנסיים 0-3 שרוול ארוך צ,General,GB,סט בגד גוף ומכנסיים 0-3 שרוול ארוך צ.כחול,,0.00,0.00,false,1.00,84.90,84.90,true,0,
7290113821835,false,TMH סט בגד גוף ומכנסיים 3-6 שרוול ארוך צ,General,GB,סט בגד גוף ומכנסיים 3-6 שרוול ארוך צ.כחול,,0.00,0.00,false,1.00,84.90,84.90,true,0,
7290113821842,false,TMH סט בגד גוף ומכנסיים 6-12 שרוול ארוך,General,GB,סט בגד גוף ומכנסיים 6-12 שרוול ארוך צ.כחול,,0.00,0.00,false,1.00,84.90,84.90,true,0,
7290113821897,false,TMH זוג חיתולי במבוק צבע כחול,General,GB,חיתולי במבוק צבע כחול,,0.00,0.00,false,1.00,41.90,41.90,true,0,
7290113822023,false,לייף מברשת שיניים סוללות LOL,יניר מערכות,CN,מברשת שיניים סוללות LOL,,0.00,0.00,false,1.00,39.90,0.00,true,0,
7290113822047,false,לייף משחת שיניים לילדים LOL 6-12,זר הייטק,IT,משחת שיניים לילדים LOL לגלאי +6,,0.00,100.00,false,1.00,14.90,0.00,true,0,
7290113822054,false,לייף משחת שיניים מלבינה חמצן פעיל 75 מל,זר הייטק,BG,DENTAL משחת שיניים מלבינה חמצן פעיל,,0.00,100.00,false,1.00,13.90,0.00,true,0,
7290113822078,false,מרכך כביסה מרוכז פלאי הטבע - לבן BABY,זוהר דליה,IL,מרכך כביסה מרוכז לבן בייבי בניחוח טלק מפנק,,0.00,1.00,false,1.00,14.90,14.90,true,0,
7290113822092,false,מרכך כביסה מרוכז פלאי הטבע - ורוד 1 ליטר,זוהר דליה,IL,מרכך כביסה מרוכז ורוד בניחוח פרחי ילנג רוז ואמבר,,0.00,1.00,false,1.00,14.90,14.90,true,0,
7290113822122,false,לייף זוג מברשות שיניים מעוצבות גוניור,טריזה,CH,Dental מברשות שיניים מעוצבות לילדים לגילאי 6-12 SMILE,,0.00,0.00,false,1.00,19.90,9.95,true,0,
7290113822269,false,לייף מארז אקנה בשלושה שלבים,אמיליה קוסמטיקס,IL,מארז אקנה בשלושה שלבים להרגעת עור הפנים הסובל מפצעונים,,0.00,0.00,false,1.00,79.90,0.00,true,0,
7290113822337,false,לייף בייביז מחלק מנות,לייף,,מחלק מנות,,0.00,0.00,false,1.00,24.90,24.90,true,0,
7290113822351,false,לייף קידס קצף אמבט 700 מל מיקי מאוס,ארמן,,קצף אמבטיה מיקי מאוס,,0.00,100.00,false,1.00,13.90,0.00,true,0,
7290113822436,false,לייף בייביז נשכן קקטוס,לייף,IL,נשכן קקטוס,,0.00,0.00,false,1.00,22.90,0.00,true,0,
7290113822719,false,לייף מברשת שיניים ספיידרמן 3-6,טריזה,CH,מברשת שיניים ספיידרמן 3-6,,0.00,0.00,false,1.00,13.90,0.00,true,0,
7290113822726,false,לייף זוג מברשות שיניים סימבה 3-6 רגל עומ,טריזה,CH,מברשות שיניים סימבה 3-6 רגל עומדת,,0.00,0.00,false,1.00,19.90,0.00,true,0,
7290113822733,false,לייף מברשת שיניים הנסיכה סופיה 3-6,טריזה,CH,מברשת שיניים הנסיכה סופיה 3-6,,0.00,0.00,false,1.00,13.90,0.00,true,0,
7290113823600,false,שלישיית סינרי קשירה מיני מאוס 2,לייף,IL,סינרי קשירה מיני מאוס,,0.00,0.00,false,1.00,19.90,6.63,true,0,
7290113823617,false,שלישיית סינרי קשירה מיקי מאוס 2,לייף,IL,סינרי קשירה מיקי מאוס,,0.00,0.00,false,1.00,19.90,6.63,true,0,
7290113823815,false,מילוקה סקין קר - מסיר איפור תלת פאזי,ANCOROTTI MILUCCA,IT,SHAKE IT OFF מסיר איפור תלת פאזי,,0.00,100.00,false,1.00,39.90,0.00,true,0,
7290113823822,false,מילוקה סקין קר-קצף ניקוי מיסלרי באבל בום,ANCOROTTI MILUCCA,IT,IT MUST BE FOAM קצף המיסלרי,,0.00,100.00,false,1.00,39.90,0.00,true,0,
7290113823839,false,מילוקה סקין קר - מסכת חימר ירוק,ANCOROTTI MILUCCA,IT,STICK TO GREEN מסכת חימר ירוק לניקוי,,0.00,100.00,false,1.00,29.90,0.01,true,0,
7290113823846,false,מילוקה סקין קר - סטיק +SPF 50,ANCOROTTI MILUCCA,IT,MY SPF BFF סטיק הגנה מפני השמש SPF50,,0.00,100.00,false,1.00,39.90,0.01,true,0,
7290113823853,false,מילוקה סקין קר - מלט סטיק באטר קלינזר,ANCOROTTI MILUCCA,IT,JUST A GOOD REMOVER מסיר איפור חמאתי בסטיק,,0.00,0.00,false,1.00,39.90,0.00,true,0,
7290113823860,false,מילוקה סקין קר - סקראב ניקוי לפנים,ANCOROTTI MILUCCA,IT,COFFEE SCRUB PLEASE סקראב ניקוי לפנים פילינג מועשר בפולי קפה ותמצית אננס,,0.00,0.00,false,1.00,39.90,0.00,true,0,
7290113823877,false,מילוקה סקין קר - פרש אנד מאט סטיק,ANCOROTTI MILUCCA,IT,JUST IN PRIME MATT T ZONE פריימר מאט לאזור ה-T,,0.00,100.00,false,1.00,39.90,0.01,true,0,
7290113823884,false,מילוקה סקין קר - פריימר סטיק,ANCOROTTI MILUCCA,IT,CREAM WE GO קרם ופריימר עם חומצה היאלרונית,,0.00,0.00,false,1.00,39.90,0.00,true,0,
7290113823914,false,לייף אול אין חטיף חלבון שוקולד לבן עוגיו,מדיטרנד,NL,ALL IN חטיף חלבון בטעם שוקולד לבן עוגיות,,0.00,100.00,false,1.00,13.90,0.00,true,0,
7290113823921,false,לייף אול אין חטיף חלבון קשיו קרמל 60 גרם,מדיטרנד,NL,ALL IN חטיף חלבון בטעם קשיו קרמל,,0.00,100.00,false,1.00,13.90,0.00,true,0,
7290113824409,false,לייף אול אין חטיף חלבון 100 שוקולד ציפס,מדיטרנד,NL,ALL IN חטיף חלבון - שוקולד צ'יפס,,0.00,0.00,false,1.00,17.90,0.17,true,0,
7290113824416,false,לייף מגבונים NATURAL לתינוק 100 יח דיספנ,עלבד,IL,מגבוני נטורל לתינוק באריזת דיספנסר,,0.00,0.00,false,1.00,12.90,0.12,true,0,
7290113825505,false,לייף מ.הגנה 50+ 200 מל ילדים ספריי תחליב,אמיליה קוסמטיקס,,KIDS ספריי תחליבי לילדים לעור רגיש +SPF50,,0.00,100.00,false,1.00,44.90,0.00,true,0,
7290113825703,false,לייף מוצץ לתינוקות שפחות רוצים מוצץ-כחול,איתן,CN,מוצץ לתינוקות שפחות רוצים מוצץ - 0-6 חודשים,,0.00,0.00,false,1.00,34.90,0.00,true,0,
7290113825710,false,לייף מוצץ לתינוקות שפחות רוצים מוצץ-ורוד,איתן,CN,מוצץ לתינוקות שפחות רוצים מוצץ - 0-6 חודשים,,0.00,0.00,false,1.00,34.90,0.00,true,0,
7290113825987,false,לייף זוג מוצצים 6-18 AIRFLOW זוהר חלל,לייף,CN,מוצצים 6-18 AIRFLOW זוהר בחושך חלל,,0.00,0.00,false,1.00,29.90,0.00,true,0,
7290113825994,false,לייף זוג מוצצים 6-18 AIRFLOW זוהר דביבון,לייף,CN,מוצצים 6-18 AIRFLOW זוהר בחושך דביבון,,0.00,0.00,false,1.00,29.90,0.00,true,0,
7290113826007,false,לייף זוג מוצצים 6-18 AIRFLOW ורוד גיבורי,לייף,CN,מוצצים 6-18 AIRFLOW ורוד גיבורי על,,0.00,0.00,false,1.00,29.90,0.00,true,0,
7290113826014,false,לייף זוג מוצצים 6-18 AIRFLOW כחול גיבורי,לייף,CN,מוצצים 6-18 AIRFLOW כחול גיבורי על,,0.00,0.00,false,1.00,29.90,0.00,true,0,
7290113826021,false,לייף זוג מוצצים 0-6 AIRFLOW ורוד שועל,לייף,CN,מוצצים 0-6 AIRFLOW ורוד שועל,,0.00,0.00,false,1.00,29.90,0.00,true,0,
7290113826038,false,לייף זוג מוצצים 0-6 AIRFLOW כחול דב,לייף,CN,מוצצים 0-6 AIRFLOW כחול דב,,0.00,0.00,false,1.00,29.90,0.00,true,0,
7290113826083,false,לייף וולנס סילאן טבעי 385 גרם,לייף,IL,סילאן 100% טבעי,,0.00,100.00,false,1.00,15.90,0.00,true,0,
7290113826205,false,לייף מגבונים מועשרים בחמאת שיאה 100 יחיד,עלבד,IL,מגבונים מועשרים בחמאת שיאה אריזת דיספנסר,,0.00,0.00,false,1.00,12.90,0.12,true,0,
7290113826250,false,סאנדיי זוג מגבונים לחים לניקוי הרצפה,General,,מטליות לחות לניקוי הרצפה,,0.00,0.00,false,1.00,17.90,0.00,true,0,
7290113826335,false,לייף וולנס עוגיות שוקולד ציפס חיטה ושיבו,לייף,IL,עוגיות דגנים עם חיטה מלאה ושיבולת שועל בתוספת שברי שוקולד מריר,,0.00,0.00,false,1.00,10.90,0.00,true,0,
7290113827837,false,לייף 2 טבליות שמנים ארומטיים,PROSEEKERS LIFE,CN,טבליות שמנים ארומטיים מחומרים טבעיים בלבד,,0.00,0.00,false,1.00,19.90,0.00,true,0,
7290113827844,false,לייף קליפס עם טבליית שמנים TO GO,PROSEEKERS LIFE,CN,קליפס עם טבליית שמנים ארומטיים מחומרים טבעיים בלבד TO GO,,0.00,0.00,false,1.00,29.90,0.00,true,0,
7290113827851,false,לייף צמיד עם טבליית שמנים - בנים,PROSEEKERS LIFE,CN,צמיד עם טבליית שמנים ארומטיים מחומרים טבעיים בלבד בנים,,0.00,0.00,false,1.00,29.90,0.00,true,0,
7290113827875,false,לייף צמיד עם טבליות שמנים מבוגרים יוניסק,PROSEEKERS LIFE,CN,צמיד עם טבליית שמנים ארומטיים מחומרים טבעיים בלבד מבוגרים יוניסקס,,0.00,0.00,false,1.00,29.90,0.00,true,0,
7290113829329,false,לייף משחת שיניים לילדים הנסיכה סופיה 2-6,זר הייטק,IT,משחת שיניים לילדים הנסיכה סופיה לגילאי 2-6,,0.00,100.00,false,1.00,7.90,0.00,true,0,
7290113829367,false,לייף משחת שיניים לילדים סמי הכבאי 2-6,זר הייטק,IT,Dental משחת שיניים לילדים לגילאי 2-6 - סמי הכבאי,,0.00,100.00,false,1.00,7.90,0.00,true,0,
7290113829435,false,סאפורה קוביות וופלים במילוי קרם אגוזים,General,IL,וופלים במילוי קרם אגוזי לוז,,0.00,100.00,false,1.00,9.90,0.00,true,0,
7290113829480,false,לייף אול אין חטיף חלבון דאבל שוקולד 60 ג,מדיטרנד,NL,ALL IN חטיף חלבון בטעם דאבל שוקולד,,0.00,100.00,false,1.00,13.90,0.00,true,0,
7290113829497,false,לייף אול אין חטיף חלבון בוטנים קרמל 60 ג,מדיטרנד,NL,ALL IN חטיף חלבון בטעם בוטנים קרמל,,0.00,100.00,false,1.00,13.90,0.00,true,0,
7290113829589,false,לייף בייביז בקבוק הזנה 330 תכלת ללא בסיס,איתן,,"בקבוק לתינוק 330 מ""ל תכלת ללא בסיס מתברג",,0.00,0.00,false,1.00,34.90,0.00,true,0,
7290113829596,false,לייף בייביז בקבוק הזנה 330 ורוד ללא בסיס,איתן,,"בקבוק לתינוק 330 מ""ל ללא בסיס מתברג",,0.00,0.00,false,1.00,34.90,0.00,true,0,
7290113829817,false,לייף בייביז קופסא לשני מוצצים לבן,PROSEEKERS LIFE,,קופסא לשני מוצצים לבן,,0.00,0.00,false,1.00,24.90,24.90,true,0,
7290113829824,false,לייף בייביז קופסא לשני מוצצים שחור,PROSEEKERS LIFE,IL,קופסא לשני מוצצים שחור,,0.00,0.00,false,1.00,24.90,24.90,true,0,
7290113829879,false,לייף בייביז מתלה לעגלה,איתן,CN,מתלה לעגלה,,0.00,0.00,false,1.00,24.90,24.90,true,0,
7290113829886,false,לייף בייביז נשכן שרשרת,General,CN,נשכן שרשרת,,0.00,0.00,false,1.00,29.90,29.90,true,0,
7290113829893,false,לייף בייביז כפיות מגיל 6+,ויטאל בייבי,,כפיות לתינוק מגיל 6 חודשים,,0.00,0.00,false,1.00,19.90,0.00,true,0,
7290113829909,false,לייף בייביז סט סכום ורוד,ויטאל בייבי,,סט סכום ורוד לתינוק,,0.00,0.00,false,1.00,21.90,0.00,true,0,
7290113829916,false,לייף בייביז סט סכום כחול,ויטאל בייבי,,סט סכום כחול לתינוק,,0.00,0.00,false,1.00,21.90,0.00,true,0,
7290113829923,false,לייף בייביז סט קערה עם כפית ורוד,ויטאל בייבי,,סט קערה עם כפית ורוד לתינוק,,0.00,0.00,false,1.00,29.90,0.00,true,0,
7290113829930,false,לייף בייביז סט קערה עם כפית כחול,ויטאל בייבי,,סט קערה עם כפית כחול לתינוק,,0.00,0.00,false,1.00,29.90,0.00,true,0,
7290113829954,false,לייף בייביז ברווזים לאמבטיה שלישייה,ויטאל בייבי,,ברווז גומי לאמבטיה שלישיה,,0.00,0.00,false,1.00,14.90,0.00,true,0,
7290113829961,false,לייף בייביז אספירטור ומזרק לתרופה,ויטאל בייבי,,אספירטור ומזרק לתרופה לתינוק,,0.00,0.00,false,1.00,24.90,0.00,true,0,
7290113829978,false,לייף בייביז מברשת ומסרק ורוד,ויטאל בייבי,,מברשת ומסרק לתינוק ורוד לתינוק,,0.00,0.00,false,1.00,19.90,0.00,true,0,
7290113829985,false,לייף בייביז מברשת ומסרק כחול,ויטאל בייבי,,מברשת ומסרק לתינוק כחול לתינוק,,0.00,0.00,false,1.00,19.90,0.00,true,0,
7290113829992,false,לייף בייביז מברשת לבקבוק ורוד,ויטאל בייבי,,מברשת לבקבוק ורוד לתינוק,,0.00,0.00,false,1.00,23.90,0.00,true,0,
7290113830059,false,לייף גל היגייני בניחוח רענן 200 מל,General,IL,אלכוהול ג'ל לשמירה על היגיינת הידיים 70% אלכוהול,,0.00,100.00,false,1.00,16.90,0.00,true,0,
7290113830080,false,לייף וולנס חטיפי קרקר סוכר חום וקינמון,לייף,,קרקר חטיפי קרקר עם סוכר חום וקינמון,,0.00,100.00,false,1.00,9.90,0.00,true,0,
7290113830097,false,לייף וולנס חטיפי קרקר בטעם טבעי,לייף,IT,קרקר חטיפי קרקר בטעם טבעי,,0.00,100.00,false,1.00,9.90,0.00,true,0,
7290113830158,false,לייף שפופרת גל היגייני מועשר בלבנדר 100,General,IL,שפופרת ג'ל היגייני מועשר בלבנדר,,0.00,0.00,false,1.00,8.90,0.08,true,0,
7290113830196,false,דאו סטיק אנטי פרספירנט לבנדר מרווה 50 מל,אמיליה קוסמטיקס,,דאו סטיק אנטי פרספירנט לבנדר מרווה לאשה,,0.00,100.00,false,1.00,9.90,0.00,true,0,
7290113830202,false,דאו סטיק אנטי פרספירנט ילנג וקלנדו 50 מל,אמיליה קוסמטיקס,IL,דאו סטיק אנטי פרספירנט ילנג וקלנדולה לאשה,,0.00,100.00,false,1.00,9.90,0.00,true,0,
7290113830219,false,דאו סטיק ללא אלומיניום במבוק ומלפפ 50 מל,אמיליה קוסמטיקס,IL,דאו סטיק ללא אלומיניום במבוק ומלפפון לאשה,,0.00,100.00,false,1.00,9.90,0.00,true,0,
7290113830226,false,דאו רול און במבוק אלוורה 60 מל נשים ללא,לייף,IL,דאודורנט רול און לנשים ללא אלומיניום במבוק אלוורה,,0.00,100.00,false,1.00,9.90,0.00,true,0,
7290113830233,false,דאו רול און לבנדר מרווה 60 מל נשים אנטי,לייף,IL,דאודורנט רול און לנשים אנטי פרספירנט לבנדר מרווה,,0.00,100.00,false,1.00,9.90,0.00,true,0,
7290113830240,false,דאו רול און ילנג ילנג 60 מל נשים אנטי פר,לייף,IL,דאודורנט רול און לנשים אנטי פרספירנט ילנג ילנג וקלנדולה,,0.00,100.00,false,1.00,9.90,0.00,true,0,
7290113830295,false,לייף בייביז סדין למיטת תינוק לבן כוכבים,מיננה,BE,לייף בייביז סדין למיטת תינוק לבן כוכבים,,0.00,0.00,false,1.00,44.90,44.90,true,0,
7290113830301,false,לייף בייביז סדין לעגלה אפור בהיר עם איור,מיננה,BE,לייף בייביז סדין לעגלה אפור מלאנז' בהיר עם איורים,,0.00,0.00,false,1.00,29.90,29.90,true,0,
7290113830325,false,לייף בייביז שישיית חיתולי טטרה ורוד 2020,מיננה,BE,בייביז חיתולי טטרה ורוד,,0.00,0.00,false,1.00,42.90,42.90,true,0,
7290113830332,false,לייף בייביז שישיית חיתולי טטרה כחול 20,General,CN,בייביז חיתולי טטרה כחול,,0.00,0.00,false,1.00,42.90,7.15,true,0,
7290113830349,false,לייף בייביז שליישית חיתולי פלנל כחול 20,General,CN,בייביז חיתולי פלנל כחול,,0.00,0.00,false,1.00,37.90,12.63,true,0,
7290113830356,false,לייף בייביז שלישיית חיתולי פלנל ורוד2020,מיננה,BE,בייביז חיתולי פלנל ורוד,,0.00,0.00,false,1.00,37.90,37.90,true,0,
7290113830363,false,סאנדיי ספריי לניקוי וחיטוי 99.9% 750 מל,סאסא-טק,IL,ספריי מנקה ומחטא משטחים וחיטוי 99.9%,,0.00,100.00,false,1.00,14.90,0.00,true,0,
7290113830370,false,סאנדיי ארוסול לניקוי וחיטוי 99.9 400 מל,סאסא-טק,IL,מנקה ומחטא רב תכליתי 99.9%,,0.00,100.00,false,1.00,19.90,0.00,true,0,
7290113830585,false,סאנדיי ספריי לניקוי וחיטוי 70% TO GO,שוורץ,IL,ספריי לניקוי וחיטוי משטחים 70% אלכוהול TO GO,,0.00,100.00,false,1.00,12.90,0.00,true,0,
7290113830592,false,לייף וולנס פקאן טבעי 180 גרם,לייף,IL,פקאן טבעי קלוף,,0.00,100.00,false,1.00,21.90,0.00,true,0,
7290113830608,false,לייף וולנס קשיו טבעי 220 גרם,לייף,MK,אגוזי קשיו טבעיים,,0.00,100.00,false,1.00,19.90,0.00,true,0,
7290113830653,false,מיני פריכיות אורגניות עם קינואה ללא גלוט,פרח,,מיני פריכיות אורגניות תירס עם קינואה,,0.00,100.00,false,1.00,6.90,0.00,true,0,
7290113830660,false,מיני פריכיות אורגניות עם בזיליקום ללא גל,פרח,,מיני פריכיות אורגניות תירס בתיבול בזיליקום ועגבניות,,0.00,100.00,false,1.00,6.90,0.00,true,0,
7290113830677,false,לייף מארז טישו פוקט במבו 8 יח 4 שכבות,לייף,CN,טישו פוקט במבו,,0.00,0.00,false,1.00,8.90,1.11,true,0,
7290113830851,false,לייף טישו במבו קופסה 100 יח,לייף,CN,טישו במבו קופסה,,0.00,0.00,false,1.00,9.90,0.09,true,0,
7290113830936,false,לייף קידס בקבוק טריטן 500 מל-עיצובי קיץ,שמחה זה אנחנו,CN,KIDS בקבוק טריטן - עיצובי קיץ,,0.00,0.00,false,1.00,26.90,0.00,true,0,
7290113830943,false,לייף קידס בקבוק טריטן 500 מל-עיצובי חלל,שמחה זה אנחנו,CN,KIDS בקבוק טריטן - עיצובי חלל,,0.00,0.00,false,1.00,26.90,0.00,true,0,
7290113830950,false,לייף קידס בקבוק טריטן 500 מל-עיצובי פלמי,שמחה זה אנחנו,CN,KIDS בקבוק טריטן - עיצובי פלמינגו,,0.00,0.00,false,1.00,26.90,0.00,true,0,
7290113830967,false,לייף קידס בקבוק טריטן 500 מל-עיצובי מטוס,שמחה זה אנחנו,CN,KIDS בקבוק טריטן - עיצובי מטוסים,,0.00,0.00,false,1.00,26.90,0.00,true,0,
7290113840027,false,לייף דאו ספריי לבנדר מרווה לנשים,לייף,IL,דאודורנט ספריי לבנדר מרווה לנשים,,0.00,100.00,false,1.00,9.90,0.00,true,0,
7290113840034,false,לייף דאו ספריי ילנג ילנג קלנדולה לנשים,לייף,IL,דאודורנט ספריי ילנג ילנג קלנדולה לנשים,,0.00,100.00,false,1.00,9.90,0.00,true,0,
7290113840041,false,לייף דאו ספריי ללא אלומיניום אלוורה לנשי,לייף,IL,דאודורנט ספריי ללא אלומיניום אלוורה לנשים,,0.00,100.00,false,1.00,9.90,0.00,true,0,
7290113840065,false,לייף דאודורנט ספריי COOL ENERGY לגבר,לייף,,דאודורנט ספריי COOL ENERGY לגבר,,0.00,100.00,false,1.00,9.90,0.00,true,0,
7290113840102,false,סו.קו-מארז גוואשה אבני עיסוי רוז קווארץ,General,CN,מארז גוואשה אבני עיסוי רוז קווארץ,,0.00,0.00,false,1.00,99.00,0.00,true,0,
7290113840294,false,לייף מדבקות אף בשני שלבים,זר הייטק,KR,מדבקות לניקוי והרגעת נקבוביות העור,,0.00,0.00,false,1.00,29.90,0.00,true,0,
7290113840379,false,לייף דאו רול און לגבר FRESH ENERGY,סאסא-טק,IL,דאודורנט רול און לגבר FRESH ENERGY,,0.00,100.00,false,1.00,9.90,0.00,true,0,
7290113840386,false,לייף דאו רול און לגבר LIGHT ENERGY,סאסא-טק,IL,דאודורנט רול און לגבר LIGHT ENERGY,,0.00,100.00,false,1.00,9.90,0.00,true,0,
7290113840461,false,לייף קליפס עם טבליית שמנים TO GO,PROSEEKERS LIFE,CN,קליפס עם טבליית שמנים ארומטיים מחומרים טבעיים בלבד TO GO,,0.00,0.00,false,1.00,29.90,0.00,true,0,
7290113840508,false,לייף וולנס גרנולה סופר קראנצ' עם אגוזים,לייף,IL,גרנולה סופר קראנצ'י אגוזים ושקדים,,0.00,100.00,false,1.00,12.90,0.00,true,0,
7290113840614,false,לייף סינרים חד-פעמיים 20 יחידות,איתן,,סינרים חד פעמיים לתינוק,,0.00,0.00,false,1.00,24.90,1.24,true,0,
7290113840638,false,ביו פלסטיק זוג מברשות שיניים,טריזה,CH,מברשות שיניים אקולוגיות ביו פלסטיק,,0.00,0.00,false,1.00,21.90,0.00,true,0,
7290113840652,false,לייף וולנס חטיף בוטנים שקדים תפוח דבש*5,ספץ תעשיות,IL,חטיף שקדים תפוח צימוקים בוטנים דבש וקינמון,,0.00,0.00,false,1.00,13.90,0.00,true,0,
7290113840669,false,לייף וולנס חטיף בוטנים שקדים צימוקים*5,ספץ תעשיות,IL,חטיף שקדים גרעיני דלעת צימוקים ודבש,,0.00,0.00,false,1.00,13.90,0.00,true,0,
7290113840768,false,לייף מארז 5 טישו במבו בתוספת לחות 40 יח,לייף,CN,במבו טישו בתוספת לחות,,0.00,0.00,false,1.00,14.90,2.98,true,0,
7290113850026,false,לייף מי פה לילדים תות גילאי 6+ 250 מל,ח.נ.ה,ES,מי פה לילדים תות גילאי 6+,,0.00,100.00,false,1.00,13.90,0.00,true,0,
7290113850071,false,לייף וולנס גרנולה פירות 400 גרם,אפקטבעי,IL,"גרנולה עם פפאיה, אננס וצימוקים",,0.00,100.00,false,1.00,14.90,0.00,true,0,
7290113850088,false,לייף וולנס גרנולה שוקולד מריר חמוציות400,אפקטבעי,IL,גרנולה עם שוקולד מריר וחמוציות,,0.00,100.00,false,1.00,14.90,0.00,true,0,
7290113850095,false,לייף וולנס גרנולה חלווה וקשיו 400 גרם,אפקטבעי,IL,גרנולה עם חלווה ואגוזי קשיו,,0.00,100.00,false,1.00,14.90,0.00,true,0,
7290113850118,false,לייף וולנס חטיף גרנולה קראנץ חלבה שישייה,אפקטבעי,IL,חטיף גרנולה קראנצ' עם דגנים מלאים וחלבה,,0.00,0.00,false,1.00,13.90,0.00,true,0,
7290113850125,false,לייף וולנס חטיף גרנולה קראנץ שוקולד שישי,אפקטבעי,IL,קראנצ' חטיפי גרנולה דגנים ונטיפי שוקולד מריר,,0.00,0.00,false,1.00,13.90,0.00,true,0,
7290113850132,false,לייף קידס חיתולי לילה 10 יחידות M,ONTEX,,תחתונים להרטבת לילה לילדים בוגרים M,,0.00,0.00,false,1.00,29.90,2.99,true,0,
7290113850149,false,לייף קידס חיתולי לילה 9 יחידות L,ONTEX,BE,תחתונים להרטבת לילה לילדים בוגרים L,,0.00,0.00,false,1.00,29.90,3.32,true,0,
7290113850170,false,לייף טישו קוביה 56 יח סימבה טרופי ירוק,לייף,IL,ממחטות נייר רכות במיוחד תלת-שכבתיות סימבה טרופי ירוק,,0.00,0.00,false,1.00,6.90,0.12,true,0,
7290113850194,false,לייף מסכות פנים - מארז 10 יח- צבע לבן,לייף,,מסכות פנים הגייניות,,0.00,0.00,false,1.00,7.90,0.79,true,0,
7290113850200,false,לייף מסכות פנים - מארז 50 יח- צבע כחול,לייף,,מסכות פנים הגייניות,,0.00,0.00,false,1.00,12.90,0.25,true,0,
7290113850231,false,פצצת אמבטיה- ירוק צבע אחד מנויילנת 160,לייף,CN,פצצת אמבט בניחוח פאפיה ומלון,,0.00,100.00,false,1.00,12.90,0.00,true,0,
7290113850248,false,פצצת אמבטיה- סגול צבע אחד מנויילנת 160,לייף,CN,פצצת אמבט בניחוח לבנדר,,0.00,100.00,false,1.00,12.90,0.00,true,0,
7290113850255,false,פצצת אמבטיה- ורוד צבע אחד מנויילנת 160,לייף,CN,פצצת אמבט בניחוח פירות יער,,0.00,100.00,false,1.00,12.90,0.00,true,0,
7290113850262,false,פצצת אמבטיה - כתום צבע אחד מנויילנת 160,לייף,CN,פצצת אמבט בניחוח פירות הדרים,,0.00,100.00,false,1.00,12.90,0.00,true,0,
7290113850651,false,לייף וולנס חליטת אכיניצאה נענע וקורנית25,לייף,IL,תערובת צמחים לחליטה אכיניצאה נענע וקורנית,,0.00,0.00,false,1.00,16.90,0.00,true,0,
7290113850668,false,לייף וולנס שומשום טבעי 100 גרם,לייף,IL,שומשום טבעי,,0.00,0.00,false,1.00,9.90,0.09,true,0,
7290113850675,false,לייף וולנס זעתר טבעי 100 גרם,לייף,IL,זעתר טבעי,,0.00,0.00,false,1.00,9.90,0.09,true,0,
7290113850699,false,לייף גל אלכוהול 70% כדורגל 30 מל,אמיליה קוסמטיקס,IL,ג'ל אלכוהול 70% כדורגל באריזת סיליקון נתלה על התיק,,0.00,100.00,false,1.00,6.90,0.00,true,0,
7290113850736,false,TAKE ME HOME שמיכת במבוק 120*100,מיננה,GB,שמיכת במבוק 120*100,,0.00,0.00,false,1.00,59.90,59.90,true,0,
7290113850774,false,לייף סט 3 בגד גוף אפור 0-3 קיץ 21,מיננה,CN,סט בגד גוף אפור 0-3 קיץ 21,,0.00,0.00,false,1.00,59.90,19.96,true,0,
7290113850781,false,לייף סט 3 בגד גוף אפור 3-6 קיץ 21,מיננה,CN,סט בגד גוף אפור 3-6 קיץ 21,,0.00,0.00,false,1.00,59.90,19.96,true,0,
7290113850842,false,לייף סט 3 מכנסיים אפור 3-6 קיץ 21,מיננה,CN,סט מכנסיים אפור 3-6 קיץ 21,,0.00,0.00,false,1.00,42.90,14.30,true,0,
7290113850903,false,לייף זוג אוברול משבצות אפור 3-6 קיץ 21,מיננה,CN,אוברול משבצות אפור 3-6 קיץ 21,,0.00,0.00,false,1.00,59.90,29.95,true,0,
7290113850934,false,לייף זוג אוברול שמנת מנומר 3-6 קיץ 21,מיננה,CN,אוברול שמנת מנומר 3-6 קיץ 21,,0.00,0.00,false,1.00,59.90,29.95,true,0,
7290113860148,false,לייף פרימיום חיתולים מיני 2 24 יחידות,General,CN,חיתולים פרימיום מיני מידה 2,,0.00,0.00,false,1.00,19.90,0.82,true,0,
7290113860155,false,לייף פרימיום חיתולים מידי 3 23 יחידות,ONTEX,CN,חיתולים פרימיום מידי מידה 3,,0.00,0.00,false,1.00,19.90,0.86,true,0,
7290113860162,false,לייף פרימיום חיתולים מקסי 4 21 יחידות,ONTEX,CN,חיתולים פרימיום מקסי מידה 4,,0.00,0.00,false,1.00,19.90,0.94,true,0,
7290113860179,false,לייף פרימיום חיתולים גוניור 5 21 יחידות,ONTEX,CN,חיתולים פרימיום ג'וניור מידה 5,,0.00,0.00,false,1.00,19.90,0.94,true,0,
7290113860285,false,סו.קו כיסוי עיניים,General,CN,כיסוי עיניים,,0.00,0.00,false,1.00,24.90,0.00,true,0,
7290113860308,false,לייף וולנס שקדים קלויים 50 גרם,לייף,GR,שקדים קלויים מומלחים TO GO,,0.00,100.00,false,1.00,6.90,0.00,true,0,
7290113860315,false,לייף וולנס אגוזים קלויים וגרגירי חומוס50,לייף,GR,"TO GO תערובת שקדים, גרגירי חומוס, בוטנים ואגוזי קשיו קלויים",,0.00,100.00,false,1.00,5.90,0.00,true,0,
7290113860322,false,וולנס חטיף דגנים עם תפוח עץ וחמוציות שיש,ספץ תעשיות,MK,חטיף דגנים עם תפוח עץ וחמוציות,,0.00,0.00,false,1.00,13.90,2.31,true,0,
7290113860339,false,וולנס גרנולה קראנצ טו גו עם תפוח צימוק ו,ספץ תעשיות,IL,גרנולה קראנצ טו גו עם תפוח צימוק ואגוז לוז,,0.00,100.00,false,1.00,6.90,0.00,true,0,
7290113860346,false,לייף קידס LOL אלסבון 700 מל,ארמן,IL,אל סבון לגוףLOL,,0.00,100.00,false,1.00,13.90,0.00,true,0,
7290113860353,false,לייף קידס LOL מרכך לסירוק קל 700 מל,ארמן,IL,מרכך לסירוק קל LOL,,0.00,100.00,false,1.00,13.90,0.00,true,0,
7290113860360,false,לייף קידס LOL שמפו לסירוק קל 700 מל,ארמן,IL,שמפו לסירוק קל LOL,,0.00,100.00,false,1.00,13.90,0.00,true,0,
7290113860391,false,לייף קידס חטיף ממולא בקרם שקדים ובטעם תפ,לפ קוצ`ינה דזיין בעמ***,IL,חטיף ממולא בקרם שקדים ובטעם תפוח,,0.00,100.00,false,1.00,4.90,0.00,true,0,
7290113860407,false,לייף קידס חטיף ממולא בקרם שקדים ובטעם בנ,לייף,IL,חטיף ממולא בקרם שקדים ובטעם בננה,,0.00,100.00,false,1.00,4.90,0.00,true,0,
7290113860469,false,מארז אוברול קימונו שרוול קצר 3-6 ורוד,מיננה,GB,מארז אוברולים דגם קימונו שרוול קצר מידה 3-6 - ורוד,,0.00,0.00,false,1.00,74.90,74.90,true,0,
7290113860513,false,סט בגד גוף שרוול ארוך+מכנס רגלית 3-6 ורו,מיננה,GB,סט בגד גוף שרוול קצר + מכנס 3-6 ורוד (ריב),,0.00,0.00,false,1.00,79.90,79.90,true,0,
7290113860520,false,סט בגד גוף שרוול ארוך+מכנס רגלית6-12 ורו,מיננה,GB,סט בגד גוף שרוול קצר + מכנס 6-12 ורוד (ריב),,0.00,0.00,false,1.00,79.90,79.90,true,0,
7290113860537,false,סט בגד גוף שרוול ארוך+מכנס רגלית 0-3 תכל,מיננה,GB,סט בגד גוף שרוול ארוך + מכנס עם רגלית 0-3 תכלת (ריב),,0.00,0.00,false,1.00,79.90,79.90,true,0,
7290113860544,false,סט בגד גוף שרוול קצר +מכנס רגלית 3-6 תכל,מיננה,GB,סט בגד גוף שרוול קצר+ מכנסיים 3-6 תכלת (ריב),,0.00,0.00,false,1.00,79.90,79.90,true,0,
7290113860551,false,סט בגד גוף שרוול קצר +מכנס רגלית6-12 תכל,מיננה,GB,סט בגד גוף שרוול קצר+ מכנסיים 6-12 תכלת (ריב),,0.00,0.00,false,1.00,79.90,79.90,true,0,
7290113860599,false,לייף וולנס עוגיות שוקולד ציפס חיטה ושיבו,לייף,IL,עוגיות דגנים עם חיטה מלאה ושיבולת שועל בתוספת שברי שוקולד מריר,,0.00,0.00,false,1.00,10.90,0.00,true,0,
7290113860605,false,לייף וולנס חטיף דגנים מלאים במילוי שוקול,General,IL,חטיף דגנים מלאים בציפוי חמאת בוטנים ובמילוי קרם בטעם שוקולד,,0.00,100.00,false,1.00,3.90,0.00,true,0,
7290113860612,false,לייף בייביז שמפו להזנת העור 1 ליטר,לייף,IL,שמפו לעור רגיש להזנת העור,,0.00,1.00,false,1.00,19.90,19.90,true,0,
7290113860629,false,לייף בייביז אלסבון להזנת העור 1 ליטר,לייף,IL,אל-סבון לעור רגיש,,0.00,1.00,false,1.00,19.90,19.90,true,0,
7290113860636,false,לייף בייביז שמפו ואלסבון להזנת העור 1 לי,לייף,IL,שמפו ואלסבון לעור רגיש להזנת העור,,0.00,1.00,false,1.00,19.90,19.90,true,0,
7290113860643,false,לייף בייביז שמפו להזנת העור 750 מל,לייף,IL,שמפו אל-דמע להזנת העור,,0.00,100.00,false,1.00,16.90,0.00,true,0,
7290113860650,false,לייף בייביז תחליב רחצה להזנת העור 750 מל,לייף,IL,תחליב רחצה מועשר בלחות,,0.00,100.00,false,1.00,16.90,0.00,true,0,
7290113860667,false,לייף בייביז תחליב גוף להזנת העור 400 מל,טחנות ישראליות בעמ,IL,תחליב גוף לעור רגיש,,0.00,100.00,false,1.00,22.90,0.00,true,0,
7290113860674,false,לייף בייביז שמפו להרגעת העור 1 ליטר,טחנות ישראליות בעמ,IL,שמפו להרגעת העור,,0.00,1.00,false,1.00,19.90,19.90,true,0,
7290113860681,false,לייף בייביז אלסבון להרגעת העור 1 ליטר,טחנות ישראליות בעמ,IL,אל-סבון לעור רגיש,,0.00,1.00,false,1.00,19.90,19.90,true,0,
7290113860698,false,לייף בייביז שמפו וסבון יחדיו להרגעת העור,טחנות ישראליות בעמ,IL,שמפו וסבון יחדיו להרגעת העור,,0.00,1.00,false,1.00,19.90,19.90,true,0,
7290113860704,false,לייף בייביז אלסבון להרגעת העור 750 מל,לייף,IL,אל סבון לפני השינה,,0.00,100.00,false,1.00,16.90,0.00,true,0,
7290113860711,false,לייף בייביז שמפו אל-דמע להרגעת העור 750,לייף,IL,שמפו אל-דמע להרגעת העור מועשר בצמחים,,0.00,100.00,false,1.00,16.90,0.00,true,0,
7290113860728,false,לייף בייביז תחליב רחצה להרגעת העור 750,לייף,IL,תחליב רחצה מועשר בלחות,,0.00,100.00,false,1.00,16.90,0.00,true,0,
7290113860735,false,לייף דאודורנט סטיק לגבר ACTIVE,אמיליה קוסמטיקס,IL,דאודורנט סטיק לגבר ACTIVE,,0.00,100.00,false,1.00,9.90,0.00,true,0,
7290113860742,false,"קמח כוסמין מלא 100% 1ק""ג ישראליות",טחנות ישראליות בעמ,IL,דאודורנט סטיק לגבר RELAXED,,0.00,100.00,false,1.00,9.90,0.00,true,0,
7290113860759,false,לייף דאודורנט סטיק לגבר NATURAL,אמיליה קוסמטיקס,IL,דאודורנט סטיק לגבר NATURAL,,0.00,100.00,false,1.00,9.90,0.00,true,0,
7290113860766,false,לייף סינרים חד-פעמיים מיקי מאוס 20 יחידו,לייף,CN,סינרים חד-פעמיים מיקי מאוס,,0.00,0.00,false,1.00,26.90,1.34,true,0,
7290113860797,false,לייף וולנס חטיף דגנים במילוי חלבה,General,IL,חטיף דגנים מלאים בציפוי חמאת בוטנים ובמילוי קרם בטעם חלבה,,0.00,0.00,false,1.00,3.90,0.00,true,0,
7290113860803,false,וולנס חטיף שבולת שועל חמוציות וגר.דלעת*4,ספץ תעשיות,MK,"חטיף שיבולת שועל, חמוציות וגרעיני דלעת",,0.00,0.00,false,1.00,11.90,2.97,true,0,
7290113860810,false,וולנס חטיף שבולת שועל ושוקולד *4,ספץ תעשיות,MK,חטיף שיבולת שועל ושוקולד,,0.00,0.00,false,1.00,11.90,2.97,true,0,
7290113860827,false,וולנס חטיף שבולת שועל בננה ותמר *4,ספץ תעשיות,IL,"חטיף שיבולת שועל, בננה ותמר",,0.00,0.00,false,1.00,11.90,2.97,true,0,
7290113860834,false,לייף וולנס חטיף דגנים מלאים במילוי ק.שקד,General,IL,חטיף דגנים מלאים בציפוי חמאת בוטנים ובמילוי קרם שקדים,,0.00,100.00,false,1.00,3.90,0.00,true,0,
7290113860872,false,לייף וולנס עוגיות מלוחות בטעם בצל עם שמן,לייף,IL,עוגיות מלוחות בטעם בצל עם שמן זית,,0.00,100.00,false,1.00,4.90,0.00,true,0,
7290113860889,false,לייף וולנס עוגיות מלוחות עם שמן זית 80 ג,לייף,IL,עוגיות מלוחות עם שמן זית,,0.00,100.00,false,1.00,4.90,0.00,true,0,
7290113870260,false,סאנדיי נייר אפייה חום אקולוגי מתכלה 50יח,לייף,PL,נייר אפייה חום אקולוגי 100% מתכלה,,0.00,0.00,false,1.00,11.90,0.23,true,0,
7290113870291,false,לייף וולנס אגוזי מלך קלופים חצויים 50 גר,לייף,MK,אגוזי מלך קלופים חצויים,,0.00,100.00,false,1.00,5.90,0.00,true,0,
7290113870314,false,לייף גל אלוורה שפופרת 200 מל,סאסא-טק,IL,ג'ל אלוורה להרגעת העור אחרי שיזוף,,0.00,100.00,false,1.00,17.90,0.00,true,0,
7290113870345,false,לייף מ.הגנה 50 200 מל ספריי שקוף ללא אוק,סאסא-טק,,ספריי שקוף לעור רגיש 50SPF,,0.00,100.00,false,1.00,39.90,0.00,true,0,
7290113870352,false,לייף מ.הגנה 50 200 מל ספריי שקוף לילדים,General,,ספריי שקוף לילדים לעור רגיש SPF50,,0.00,100.00,false,1.00,39.90,0.00,true,0,
7290113870390,false,לייף מ.הגנה 30 200 מל ספריי שקוף לעור רט,אמיליה קוסמטיקס,,ספריי שקוף לעור רטוב SPF30,,0.00,100.00,false,1.00,39.90,0.00,true,0,
7290113870406,false,לייף מ.הגנה 50 200 מל ספריי שקוף לילדים,אמיליה קוסמטיקס,,KIDS ספריי שקוף לילדים לעור רטוב,,0.00,100.00,false,1.00,39.90,0.00,true,0,
7290113870413,false,לייף מ.הגנה 50 200 מל ספריי קצף לילדים,General,,ספריי קצף לילדים לעור רגיש SPF50,,0.00,100.00,false,1.00,39.90,0.00,true,0,
7290113870444,false,לייף מ.הגנה 50+ מבוגר ספריי שקוף 200 מל,אמיליה קוסמטיקס,IL,ספריי שקוף לעור רגיש +SPF50,,0.00,100.00,false,1.00,44.90,0.00,true,0,
7290113870512,false,לייף וולנס פיסטוקים קלויים ללא מלח 50 גר,לייף,MK,פיסטוקים קלויים,,0.00,100.00,false,1.00,6.90,0.00,true,0,
7290113870529,false,פריכיות חומוס 50 גרם אורגני ללא גלוטן,לייף,IT,פריכיות עדשים וחומוס אורגניות ללא גלוטן,,0.00,100.00,false,1.00,6.90,0.00,true,0,
7290113870536,false,פריכיות אפונה 50 גרם אורגני ללא גלוטן,לייף,IT,פריכיות אפונה אורגניות ללא גלוטן,,0.00,100.00,false,1.00,6.90,0.00,true,0,
7290113870543,false,פריכיות תפוחי אדמה וירקות 50 גרם אורגני,לייף,IT,פריכיות תפוחי אדמה וירקות אורגניים ללא גלוטן,,0.00,100.00,false,1.00,6.90,0.00,true,0,
7290113870772,false,לייף דאו ספריי לגבר נטורל ללא אלומיניום,General,IL,דאודורנט ספריי NATURAL ללא אלומניום לגבר,,0.00,100.00,false,1.00,9.90,0.00,true,0,
7290113870789,false,לייף דאו רול און לגבר NATURAL ENERGY 75,סאסא-טק,IL,דאודורנט רול און לגבר NATURAL ENERGY,,0.00,100.00,false,1.00,9.90,0.00,true,0,
7290113870895,false,לייף וולנס פריכיות 3 דגנים וקצח 135 גרם,פרח,IL,פריכיות 3 דגנים וקצח,,0.00,100.00,false,1.00,10.90,0.00,true,0,
7290113870901,false,לייף וולנס פריכיות חומוס אורז עדשים וקינ,פרח,IL,פריכיות חומוס אורז עדשים שחורות וקינואה,,0.00,100.00,false,1.00,10.90,0.00,true,0,
7290113870918,false,פריכיות אורז מלא בתוספת קצח 100 גרם,לייף,IL,פריכיות דקות אורז מלא וקצח,,0.00,0.00,false,1.00,6.90,0.06,true,0,
7290113870949,false,לייף מ.הגנה 50+ תחליב פנים לתינוקות 60 מ,אמיליה קוסמטיקס,IL,BABYS תחליב פנים לתינוקות לעור רגיש +SPF50,,0.00,100.00,false,1.00,39.90,0.00,true,0,
7290113870963,false,לייף מ.הגנה 50+ תחליב פנים לילדים 60 מל,אמיליה קוסמטיקס,IL,KIDS תחליב פנים לילדים לעור רגיש +SPF50,,0.00,100.00,false,1.00,34.90,0.00,true,0,
7290113870994,false,לייף מ.הגנה 50+ תחליב לילדים 150 מל,אמיליה קוסמטיקס,IL,KIDS תחליב הגנה לילדים לעור רגיש +SPF50,,0.00,100.00,false,1.00,34.90,0.00,true,0,
7290113880009,false,לייף מ.הגנה 50 60 מל לפנים ללא אוקסביניז,General,IL,תחליב פנים לעור רגיש SPF50,,0.00,100.00,false,1.00,24.90,0.00,true,0,
7290113880016,false,לייף מ.הגנה 50 60 מל לפנים לילדים ללא או,אמיליה קוסמטיקס,IL,KIDS תחליב פנים לילדים לעור רגיש 50SPF,,0.00,100.00,false,1.00,24.90,0.00,true,0,
7290113880030,false,לייף מ.הגנה 50 60 מל גל שקוף לפנים דיילי,סאסא-טק,IL,ג'ל פנים שקוף לשימוש יומיומי במרקם קליל במיוחד SPF50,,0.00,100.00,false,1.00,44.90,0.00,true,0,
7290113880054,false,לייף מ.הגנה 50+ סטיק שקוף 50 מל לפנים ול,אמיליה קוסמטיקס,IL,סטיק הגנה שקוף לפנים ולגוף SPF+50 לעור רגיש,,0.00,100.00,false,1.00,39.90,0.00,true,0,
7290113880061,false,לייף מ.הגנה 30 100 מל ספריי תחליבי לילדי,General,IL,KIDS ספריי תחליבי כתום לעור רגיש SPF30 לילדים לעור רגיש,,0.00,0.00,false,1.00,19.90,0.19,true,0,
7290113880108,false,גון פרידה ווליום ליפט - שמפו מעניק נפח,General,FR,ווליום ליפט - שמפו מעניק נפח,,0.00,100.00,false,1.00,34.90,0.00,true,0,
7290113880115,false,גון פרידה ווליום ליפט - מרכך מעניק נפח,General,FR,ווליום ליפט - מרכך מעניק נפח,,0.00,100.00,false,1.00,34.90,0.00,true,0,
7290113880528,false,סו.קו רולר עיסוי דו ראשי,General,CN,רולר עיסוי דו ראשי,,0.00,0.00,false,1.00,69.90,0.00,true,0,
7290113880818,false,לייף קרם גוף אלוורה 200 מל 30 SPF,אמיליה קוסמטיקס,IL,PROTECTING & SOOTHING תחליב גוף מועשר באלוורה וקקטוס 30 SPF,,0.00,100.00,false,1.00,49.90,0.00,true,0,
7290113880825,false,לייף קרם יום אלוורה על בסיס מים,אמיליה קוסמטיקס,IL,HYDRATING & SOOTHING ג'ל לחות מרגיע לפנים מועשר באלוורה וקקטוס,,0.00,100.00,false,1.00,39.90,0.00,true,0,
7290113880832,false,לייף מסכת אלוורה SOS,אמיליה קוסמטיקס,IL,HYDRATING & REVITALIZING מסכת לחות מעוררת לפנים מועשרת באלוורה וקקטוס,,0.00,0.00,false,1.00,39.90,0.00,true,0,
7290113880863,false,סט 3 בגד גוף ספארי אפור 0-3 חורף 22,General,,סט בגד גוף ספארי אפור 0-3 חורף,,0.00,0.00,false,1.00,59.90,19.96,true,0,
7290113880887,false,סט 3 בגד גוף ספארי אפור 6-12 חורף 22,General,,סט בגד גוף ספארי אפור 6-12 חורף,,0.00,0.00,false,1.00,59.90,19.96,true,0,
7290113880924,false,סט 3 מכנסיים אפור 0-3 חורף 22,General,,סט מכנסיים אפור 0-3 חורף,,0.00,0.00,false,1.00,42.90,14.30,true,0,
7290113880955,false,סט 3 מכנסיים ורוד 0-3 חורף 22,General,,סט מכנסיים ורוד 0-3 חורף,,0.00,0.00,false,1.00,42.90,14.30,true,0,
7290113880962,false,סט 3 מכנסיים ורוד 3-6 חורף 22,General,,סט מכנסיים ורוד 3-6 חורף,,0.00,0.00,false,1.00,42.90,14.30,true,0,
7290113890046,false,כובע שחור כוכבים 0-6 חורף 22,ביו טכנולוגיה,,כובע שחור כוכבים 0-6 חורף,,0.00,0.00,false,1.00,24.90,24.90,true,0,
7290113890060,false,שישיית חיתולי טטרה ספארי בצבע אבן חורף 2,ביו טכנולוגיה,,חיתולי טטרה ספארי בצבע אבן חורף,,0.00,0.00,false,1.00,42.90,7.15,true,0,
7290113890077,false,אוברול פליז שחור כוכבים 0-3 חורף 22,ביו טכנולוגיה,,אוברול פליז שחור כוכבים 0-3 חורף,,0.00,0.00,false,1.00,39.90,39.90,true,0,
7290113890091,false,אוברול פליז שחור כוכבים 6-12 חורף 22,ביו טכנולוגיה,,אוברול פליז שחור כוכבים 6-12 חורף,,0.00,0.00,false,1.00,39.90,39.90,true,0,
7290113890107,false,לייף בייביז תיק עגלה לתינוק שחור,מיננה,IL,תיק עגלה לתינוק - שחור,,0.00,0.00,false,1.00,129.90,129.90,true,0,
7290113890114,false,לייף בייביז תיק עגלה לתינוק מנומר,מיננה,IL,תיק עגלה לתינוק - מנומר,,0.00,0.00,false,1.00,129.90,129.90,true,0,
7290113890251,false,פאפים חטיף דגנים בשקית - טבעי,גלעם,IL,פאפים חטיף דגנים חיטה ושיבולת שועל בשקית בטעם טבעי,,0.00,100.00,false,1.00,6.90,0.00,true,0,
7290113890268,false,פאפים חטיף דגנים בשקית - גזר וסלק,גלעם,IL,פאפים חטיף דגנים חיטה ושיבולת שועל בשקית בטעם גזר וסלק,,0.00,100.00,false,1.00,6.90,0.00,true,0,
7290113890275,false,סאנדיי 8 קפסולות כביסה ACTIVE POWER דו פ,לייף,IL,קפסולות ג'ל לכביסה ACTIVE POWER מארז התנסות,,0.00,0.00,false,1.00,8.90,1.11,true,0,
7290113890299,false,סאנדיי 50 קפסולות כביסה ACTIVE POWER דו,לייף,IL,קפסולות ג'ל לכביסה ACTIVE POWER,,0.00,0.00,false,1.00,31.90,0.63,true,0,
7290113890435,false,לייף וולנס פופקורן בטעם טבעי בתוספת מלח,לייף,GR,פופקורן בטעם טבעי בתוספת מלח,,0.00,100.00,false,1.00,4.90,0.00,true,0,
7290113890459,false,לייף בייביז כוס לחטיפים,ויטאל בייבי,CN,כוס לחטיפים,,0.00,0.00,false,1.00,29.90,0.00,true,0,
7290113890558,false,לייף זוג רצועות שעווה לגוף אלוורה ארגן16,זר הייטק,IL,רצועות שעווה להסרת שיער מהגוף - אלוורה וארגן,,0.00,0.00,false,1.00,44.90,1.40,true,0,
7290113900509,false,לייף בייביז שלישייה סינר קשירה מיני מאוס,General,,סינר לתינוק עם קשירה מיני מאוס,,0.00,0.00,false,1.00,19.90,6.63,true,0,
7290113900646,false,סו.קו - זוג צילרים,General,CN,צ'ילרים המסייעים להזרמת הדם ולהענקת מראה עור זוהר ומלא חיים,,0.00,0.00,false,1.00,59.90,0.00,true,0,
7290113900684,false,סאנדיי מרכך כביסה מרוכז ורוד 1ל WONDERS,זוהר דליה,IL,מרכך כביסה מרוכז ורוד בניחוח פרחי ילנג רוז ואמבר,,0.00,1.00,false,1.00,14.90,14.90,true,0,
7290113900820,false,אפודה פליז שחור כוכבים 3-6 חורף 22,מיננה,CN,אפודה פליז שחור כוכבים 3-6 חורף,,0.00,0.00,false,1.00,34.90,0.00,true,0,
7290113900837,false,אפודה פליז שחור כוכבים 6-12 חורף 22,מיננה,CN,אפודה פליז שחור כוכבים 6-12 חורף,,0.00,0.00,false,1.00,34.90,0.00,true,0,
7290113900844,false,נעלי בית פליז שחור כוכבים 0-6 חורף 22,מיננה,CN,נעלי בית פליז שחור כוכבים 0-6 חורף,,0.00,0.00,false,1.00,29.90,0.00,true,0,
7290113900912,false,סאפורה קוביות וופלים במילוי קרם קקאו 250,לייף,FR,קוביות וופלים במילוי קרם קקאו,,0.00,100.00,false,1.00,9.90,0.00,true,0,
7290114600941,false,מאסטר שף מיונז הולנדי לחיץ 435 גרם,ש. שסטוביץ בע`מ,NL,מיונז הולנדי,,0.00,100.00,false,1.00,14.90,0.00,true,0,
7290114604895,false,מאסטר שף מיונז ספייסי לחיץ 446 גרם,ש. שסטוביץ בע`מ,NL,ממרח מתובל ספייסי - לחיץ,,0.00,100.00,false,1.00,14.90,0.00,true,0,
7290114604901,false,ממרח שום לחיץ מאסטר שף 444 גרם,ש. שסטוביץ בע`מ,NL,ממרח מתובל שום - לחיץ,,0.00,100.00,false,1.00,14.90,0.00,true,0,
7290114605359,false,"פירסט סמייל רפידות הנקה לארג`, 50 יחידות",ש.שסטוביץ בעמ,CN,רפידות הנקה גודל לארג',,0.00,0.00,false,1.00,26.90,0.53,true,0,
7290114605892,false,פרי חטיף תמרים בוטנים ואגוזי לוז 40 גרם,שסטוביץ,IL,"חטיף תמרים, בוטנים ואגוזי לוז",,0.00,100.00,false,1.00,7.90,0.00,true,0,
<<<<<<< HEAD
7290114605908,false,פרי חטיף חטיף תמרים לוז טעם קפוצינו 40 ג,שסטוביץ,IL,חטיף תמרים ואגוזי לוז בטעם קפוצ'ינו,,0.00,100.00,false,1.00,7.90,0.00,true,0,
7290114605915,false,פרי חטיף חטיף תמרים ואגוזי לוז 40 גרם,שסטוביץ,IL,חטיף תמרים ואגוזי לוז,,0.00,100.00,false,1.00,7.90,0.00,true,0,
7290114606547,false,מיונז פטריות כמהין לחיץ מאסטר שף 242 גרם,מאסטר שף,NL,מיונז כמהין,,0.00,100.00,false,1.00,14.90,0.00,true,0,
7290114606578,false,שקדי מרק מאסטר שף 400 גרם,שסטוביץ,IL,שקדי מרק,,0.00,100.00,false,1.00,12.90,0.00,true,0,
=======
7290114605908,false,פרי חטיף חטיף תמרים לוז טעם קפוצינו 40 ג,ש.שסטוביץ בעמ,IL,חטיף תמרים ואגוזי לוז בטעם קפוצ'ינו,,0.00,100.00,false,1.00,7.90,0.00,true,0,
7290114605915,false,פרי חטיף חטיף תמרים ואגוזי לוז 40 גרם,ש. שסטוביץ בע`מ,IL,חטיף תמרים ואגוזי לוז,,0.00,100.00,false,1.00,7.90,0.00,true,0,
7290114606547,false,מיונז פטריות כמהין לחיץ מאסטר שף 242 גרם,ש. שסטוביץ בע`מ,NL,מיונז כמהין,,0.00,100.00,false,1.00,14.90,0.00,true,0,
7290114606578,false,שקדי מרק מאסטר שף 400 גרם,ש. שסטוביץ בע`מ,IL,שקדי מרק,,0.00,100.00,false,1.00,12.90,0.00,true,0,
>>>>>>> d048ac2f4f281c9d788043ab4e81b61b0dbe3743
7290114607391,false,"קולגייט משחת לילדים ברבי 2-5 שנים, 75 מ""ל",קולגייט פלמוליב,PL,משחת שיניים לילדים ברבי בגילאי 2-6 בטעם פירות נהדר,,0.00,100.00,false,1.00,17.90,0.00,true,0,
7290114651752,false,לייף קידס בקבוק שתיה פלסטיק 500 מל פי גי,שמחה זה אנחנו,CN,KIDS בקבוק שתיה מפלסטיק עם לחצן - פי ג'יי,,0.00,0.00,false,1.00,29.90,0.00,true,0,
7290114653374,false,מארז שלישיית ביצי שוקולד חד קרן,שמחה זה אנחנו,IT,ביצי שוקולד עם הפתעה - חד קרן,,0.00,0.00,false,1.00,14.90,0.00,true,0,
7290114653398,false,מארז שלישיית ביצי שוקולד LOL,שמחה זה אנחנו,IT,ביצי שוקולד עם הפתעה - LOL,,0.00,0.00,false,1.00,14.90,0.00,true,0,
7290114656030,false,לייף בקבוק טריטן 600 מל ציפוי גומי אפור,שמחה זה אנחנו,CN,בקבוק טריטן לשתיה ציפוי גומי - אפור,,0.00,0.00,false,1.00,26.90,0.00,true,0,
7290114750066,false,אורל בי ערכת פיית השיניים CARS,דיפלומט,DE,ערכת פיית השיניים CARS,,0.00,0.00,false,1.00,165.90,0.00,true,0,
7290114750073,false,אורל בי ערכת פיית השיניים FROZEN,דיפלומט,DE,ערכת פיית השיניים FROZEN,,0.00,0.00,false,1.00,165.90,0.00,true,0,
7290114751131,false,משחת שיניים אורל בי לילדים קארס 114 גר,פרוקטר אנד גמבל,DE,משחת שיניים לילדים לגיל 2-6 שנים קארס,,0.00,100.00,false,1.00,19.90,0.00,true,0,
7290114751360,false,אורל בי ערכת בריאות הפה מגיל 3 CARS,דיפלומט,DE,ערכת הצחצוח הראשונה שלי - CARS,,0.00,0.00,false,1.00,189.90,0.00,true,0,
7290114751384,false,אורל בי ערכת בריאות הפה מגיל 3 FROZEN,דיפלומט,DE,ערכת הצחצוח הראשונה שלי - FROZEN,,0.00,0.00,false,1.00,189.90,0.00,true,0,
7290114751841,false,אולוויז אינפיניטי לילה 20 יח,General,HU,תחבושת אינפיניטי לילה עם כנפיים,,0.00,0.00,false,1.00,43.90,2.19,true,0,
7290114751858,false,אולוויז אינפיניטי לונג פלוס 22 יח,General,HU,תחבושת אינפיניטי לונג עם כנפיים,,0.00,0.00,false,1.00,43.90,1.99,true,0,
7290114751865,false,אולוויז אינפיניטי נורמל 24 יח,דיפלומט,HU,תחבושת אינפיניטי נורמל עם כנפיים,,0.00,0.00,false,1.00,43.90,1.82,true,0,
7290114963008,false,לייף מדבקות פלא אנטי בלמיש פרפקט פאץ,זר הייטק,KR,ANTI- BLEMISH מדבקות פלא,,0.00,0.00,false,1.00,24.90,0.00,true,0,
7290114963015,false,לייף מגן תחתון טנגה גזרת חוטיני 30 יח,היזלמה,IT,מגן תחתון טנגה גזרת חוטיני,,0.00,0.00,false,1.00,9.90,0.33,true,0,
7290114963022,false,לייף מגן תחתון לארג 52 יח,היזלמה,IT,מגן תחתון לארג',,0.00,0.00,false,1.00,12.90,0.24,true,0,
7290114963039,false,לייף מגן תחתון לונג פלוס 44 יח,היזלמה,IT,מגן תחתון לונג פלוס,,0.00,0.00,false,1.00,12.90,0.29,true,0,
7290114963046,false,לייף מגן תחתון נורמל 60 יח,היזלמה,IT,מגן תחתון נורמל,,0.00,0.00,false,1.00,12.90,0.21,true,0,
7290114963053,false,לייף מגן תחתון נורמל אלוורה 58 יח,היזלמה,IT,מגןן תחתון נורמל אלוורה,,0.00,0.00,false,1.00,12.90,0.22,true,0,
7290114963060,false,לייף תחבושת לונג פלוס כנפיים 24 יח,היזלמה,IT,תחבושות לונג פלוס עם כנפיים,,0.00,0.00,false,1.00,14.90,0.62,true,0,
7290114963077,false,לייף תחבושת לילה כנפיים 20 יח,היזלמה,IT,תחבושות לילה עם כנפיים,,0.00,0.00,false,1.00,14.90,0.74,true,0,
7290114963084,false,לייף תחבושת נורמל 32 יח,היזלמה,IT,תחבושות נורמל,,0.00,0.00,false,1.00,14.90,0.46,true,0,
7290114963091,false,לייף תחבושת נורמל כנפיים 28 יח,היזלמה,IT,תחבושות נורמל עם כנפיים,,0.00,0.00,false,1.00,14.90,0.53,true,0,
7290114963107,false,לייף תחבושת ALL NIGHT לילה 18 יח,היזלמה,IT,תחבושות היגייניות ALL NIGHT,,0.00,0.00,false,1.00,14.90,0.82,true,0,
7290114963114,false,לייף טמפון ללא מוליך מיני 32 יחידות,עלבד,IL,טמפונים ללא מוליך מיני,,0.00,0.00,false,1.00,17.90,0.55,true,0,
7290114963121,false,לייף טמפון ללא מוליך נורמל 32 יחידות,עלבד,IL,טמפונים ללא מוליך נורמל,,0.00,0.00,false,1.00,17.90,0.55,true,0,
7290114963138,false,לייף טמפון ללא מוליך סופר 32 יחידות,עלבד,IL,טמפונים ללא מוליך סופר,,0.00,0.00,false,1.00,17.90,0.55,true,0,
7290114963145,false,לייף טמפון מוליך נורמל 20 יחידות,עלבד,IL,טמפונים עם מוליך נורמל,,0.00,0.00,false,1.00,17.90,0.89,true,0,
7290114963152,false,לייף טמפון מוליך סופר 20 יחידות,עלבד,IL,טמפונים עם מוליך סופר,,0.00,0.00,false,1.00,17.90,0.89,true,0,
7290114963169,false,לייף טמפון קומפק נורמל 20 יחידות,עלבד,IL,טמפונים קומפק נורמל,,0.00,0.00,false,1.00,17.90,0.89,true,0,
7290114963176,false,לייף טמפון קומפק סופר 20 יחידות,עלבד,IL,טמפונים קומפק סופר,,0.00,0.00,false,1.00,17.90,0.89,true,0,
7290114963183,false,לייף בייביז מארז סכום צבעוני 15 חלקים,ויטאל בייבי,CN,מארז סכום צבעוני 15 חלקים,,0.00,0.00,false,1.00,14.90,0.00,true,0,
7290114963190,false,לייף בייביז מארז 5 כוסות צבעוניות,ויטאל בייבי,CN,מארז 5 כוסות צבעוניות,,0.00,0.00,false,1.00,14.90,0.00,true,0,
7290114963206,false,לייף בייביז מארז 5 קערות צבעוניות,ויטאל בייבי,CN,מארז 5 קערות צבעוניות,,0.00,0.00,false,1.00,14.90,0.00,true,0,
7290114963213,false,לייף בייביז מארז 5 צלחות צבעוניות,ויטאל בייבי,CN,מארז 5 צלחות צבעוניות,,0.00,0.00,false,1.00,14.90,0.00,true,0,
7290114963268,false,לייף וולנס ארוחה לדרך קוסקוס עדשים ובטטה,אפקטבעי,IL,ארוחה חמה לדרך קוסקוס עם עדשים ובטטה,,0.00,0.00,false,1.00,8.90,0.00,true,0,
7290114963275,false,לייף וולנס ארוחה לדרך מגדרה אורז עדשים,אפקטבעי,IL,ארוחה חמה לדרך מג'דרה אורז עם עדשים,,0.00,0.00,false,1.00,8.90,0.00,true,0,
7290114963343,false,לייף קרם ידיים וניל 100 מל חורף,לייף,IL,לייף קרם ידיים וניל חורף,,0.00,0.00,false,1.00,9.90,0.09,true,0,
7290114963350,false,לייף קרם רגליים וניל 100 מל חורף,לייף,IL,לייף קרם רגליים וניל חורף,,0.00,0.00,false,1.00,11.90,0.11,true,0,
7290114963367,false,לייף קרם גוף וניל 300 מל חורף,לייף,IL,לייף קרם גוף וניל חורף,,0.00,100.00,false,1.00,14.90,0.00,true,0,
7290114963374,false,לייף חמאת גוף 300 מל חורף,לייף,IL,לייף חמאת גוף חורף,,0.00,100.00,false,1.00,24.90,0.00,true,0,
7290114963381,false,לייף תחליב רחצה אלוורה 750 מל משאבה,לייף,,תחליב רחצה בניחוח אלוורה - משאבה,,0.00,100.00,false,1.00,11.90,0.00,true,0,
7290114963398,false,לייף תחליב רחצה לבנדר 750 מל משאבה,לייף,,תחליב רחצה בניחוח לוונדר - משאבה,,0.00,100.00,false,1.00,11.90,0.00,true,0,
7290114963404,false,לייף תחליב רחצה ווניל 750 מל משאבה,לייף,,תחליב רחצה בניחוח וניל - משאבה,,0.00,100.00,false,1.00,11.90,0.00,true,0,
7290114963411,false,סו.קו גואו סט טיפוח לעיניים,General,KR,"מארז איי קנדיז : צמד צ'ילרים, כיסוי עיניים ורטיות עיניים זהב 24K",,0.00,0.00,false,1.00,109.00,0.00,true,0,
7290114963428,false,סו.קו גואו סט טיפוח לפנים,General,KR,מארז רוק אנד רול : רולר רוז קווארץ וסרום זהב 24K,,0.00,0.00,false,1.00,89.00,0.00,true,0,
7290114964111,false,סאנדיי 6 כריות לניקוי כלים אנטיבקטריאלי,לייף,IL,כריות לניקוי כלים אנטיבקטריאלי,,0.00,0.00,false,1.00,11.90,1.98,true,0,
7290114964128,false,סאנדיי כריות ספוג עם סקוטש אנטיבקטריאליו,לייף,IL,כריות ספוג עם סקוטש אנטיבקטריאליות,,0.00,0.00,false,1.00,9.90,1.65,true,0,
7290114964173,false,לייף טישו לושן קופסא 120 יחידות,לייף,IL,טישו ממחטות נייר לושן רכות במיוחד 4 שכבות,,0.00,0.00,false,1.00,8.90,0.07,true,0,
7290114964210,false,לייף וולנס תה ירוק לימונית וגינגר 50 תיו,לייף,,תה ירוק ג'ינג'ר ולימונית,,0.00,0.00,false,1.00,29.90,0.59,true,0,
7290114964234,false,סאנדיי מפיץ ריח מקלות 85 מל פצולי לבנדר,לייף,IL,מקלות מפיצי ריח פצ'ולי לבנדר ווניל,,0.00,100.00,false,1.00,17.90,0.00,true,0,
7290114964357,false,סאנדיי שקיות אשפה 20 יח עם שרוך 78X90 סמ,EGM השקעות בעמ,CN,"XXL שקיות אשפה ענקיות עם שרוך 78X90 ס""מ",,0.00,0.00,false,1.00,21.90,1.09,true,0,
7290114964555,false,לייף שביעיית טישו ניילון לבן -מארז כחול,General,IL,ממחטות מנייר טישו דו שכבתי,,0.00,0.00,false,1.00,17.90,2.55,true,0,
7290114964579,false,לייף אולאין ח.חלבון קרם עוגיות אקסטרה קר,מדיטרנד,NL,ALL IN חטיף חלבון בטעם קרם עוגיות אקסטרה קרם,,0.00,100.00,false,1.00,13.90,0.00,true,0,
7290114964678,false,לייף אול אין וופל חלבון בטעם דאבל שוקולד,מדיטרנד,NL,ALL IN וופל חלבון בטעם דאבל שוקולד,,0.00,100.00,false,1.00,12.90,0.00,true,0,
7290114964692,false,לייף אול אין חטיף חלבון קרמל קראנץ' טבעו,מדיטרנד,NL,ALL IN חטיף חלבון בטעם קרמל קראנץ' טבעוני,,0.00,100.00,false,1.00,13.90,0.00,true,0,
7290114964708,false,מילוקה שלישיית מגבונים להסרת איפור עמיד,General,IL,מגבונים להסרת איפור עמיד במים,,0.00,0.00,false,1.00,19.90,0.00,true,0,
7290114964715,false,לייף רצועות שעווה לפנים קמומיל 12 יח,זר הייטק,ES,רצועות שעווה להסרת שיער מהפנים מועשרות בקמומיל,,0.00,0.00,false,1.00,23.90,1.99,true,0,
7290114964722,false,לייף רצועות שעווה לגוף אלוורה 24 יח,זר הייטק,ES,רצועות שעווה להסרת שיער מהגוף מועשרות באלוורה,,0.00,0.00,false,1.00,36.90,1.53,true,0,
7290114964739,false,לייף רצועות שעווה לגוף אלוורה 48 יח,זר הייטק,ES,רצועות שעווה להסרת שיער מהגוף מועשרות באלוורה,,0.00,0.00,false,1.00,58.90,1.22,true,0,
7290114964746,false,לייף רצועות שעווה לגוף סחלבים 24 יח,זר הייטק,ES,רצועות שעווה להסרת שיער מהגוף מועשרות בסחלבים,,0.00,0.00,false,1.00,36.90,1.53,true,0,
7290114964760,false,לייף רצועות שעווה לגוף ללא חימום אלוורה,זר הייטק,ES,רצועות שעווה להסרת שיער מהגוף ללא חימום מועשרות באלוורה,,0.00,0.00,false,1.00,39.90,1.66,true,0,
7290114964777,false,לייף רצועות שעווה לפנים קמומיל 24 יח,זר הייטק,ES,רצועות שעווה להסרת שיער מהפנים מועשרות בקמומיל,,0.00,0.00,false,1.00,36.90,1.53,true,0,
7290114964784,false,לייף רצועות שעווה ביקיני ושחי אלוורה 24,זר הייטק,ES,רצועות שעווה להסרת שיער ביקיני ובית השחי מועשרות באלוורה,,0.00,0.00,false,1.00,36.90,1.53,true,0,
7290114964807,false,לייף זוג ראשים למברשת חשמלית-ירוק,יניר מערכות,CN,Dental ראשי החלפה למברשת שיניים חשמלית,,0.00,0.00,false,1.00,19.90,9.95,true,0,
7290114964814,false,לייף מארז זוג ראשים להחלפה מבוגרים-כחול,יניר מערכות,CN,ראשים להחלפה מבוגרים-כחול,,0.00,0.00,false,1.00,19.90,9.95,true,0,
7290114964821,false,בסטי משזף עצמי 150 מל,REVOLUTION BEAUTY,IL,קרם לשיזוף עצמי,,0.00,100.00,false,1.00,39.90,0.00,true,0,
7290114964883,false,לייף קרם הבהרה 200 COOOL COLOR מל,לייף,IT,MICHEL MERCIER קרם הבהרה,,0.00,100.00,false,1.00,34.90,0.00,true,0,
7290114964890,false,בקבוק הזנה גנרי ללא הברגה 150 מל,לייף,,בקבוק הזנה לתינוק ללא הברגה בתחתית,,0.00,0.00,false,1.00,12.90,0.00,true,0,
7290114964906,false,בקבוק הזנה גנרי ללא הברגה 240 מל,לייף,,בקבוק הזנה לתינוק ללא הברגה בתחתית,,0.00,0.00,false,1.00,12.90,0.00,true,0,
7290114964920,false,לייף בייביז ומיננה - תיק מגבונים לעגלה,מיננה,,תיק מגבונים לעגלה,,0.00,0.00,false,1.00,49.90,49.90,true,0,
7290114964944,false,לייף טישו פוקט לושן מארז עשירייה,לייף,IL,ממחטות נייר לושן רכות במיוחד 4 שכבות באריזות אישיות,,0.00,0.00,false,1.00,9.90,0.99,true,0,
7290114964951,false,לייף מגבות יבשות לניקוי הפנים S,לייף,CN,מגבות יבשות לניקוי הפנים S,,0.00,0.00,false,1.00,34.90,0.00,true,0,
7290114964968,false,לייף מגבות יבשות לניקוי הפנים XL,לייף,CN,מגבות יבשות לניקוי הפנים XL,,0.00,0.00,false,1.00,49.90,0.00,true,0,
7290114964975,false,סו.קו כדור קרח קריותרפי,General,CN,כדור קרח קריותרפי המסייע בהמרצת הדם,,0.00,0.00,false,1.00,29.90,0.00,true,0,
7290114964982,false,סו.קו רולר גוף,General,CN,רולר עיסוי לגוף בעל זיזים,,0.00,0.00,false,1.00,24.90,0.00,true,0,
7290114964999,false,סו.קו סלאמבר פארטי-ציפיות סאטן וכיסוי עי,General,CN,סט סאטן סופר רך ומפנק לשימוש יומיומי,,0.00,0.00,false,1.00,59.90,0.00,true,0,
7290114965002,false,לייף בייביז מברשת לבקבוק כחול,ויטאל בייבי,,מברשת לבקבוק כחול לתינוק,,0.00,0.00,false,1.00,23.90,0.00,true,0,
7290114965019,false,לייף בייביז מברשת לבקבוק ספוג ורוד,ויטאל בייבי,,מברשת לניקוי בקבוקים ורוד לתינוק,,0.00,0.00,false,1.00,23.90,0.00,true,0,
7290114965026,false,לייף בייביז מברשת לבקבוק ספוג כחול,ויטאל בייבי,,מברשת לניקוי בקבוקים כחול לתינוק,,0.00,0.00,false,1.00,23.90,0.00,true,0,
7290114965033,false,לייף בייביז מספריים וקוצץ ורוד,ויטאל בייבי,,מספריים וקוצץ ורוד לתינוק,,0.00,0.00,false,1.00,18.90,0.00,true,0,
7290114965040,false,לייף בייביז מספריים וקוצץ כחול,ויטאל בייבי,,מספריים וקוצץ לתינוק כחול לתינוק,,0.00,0.00,false,1.00,18.90,0.00,true,0,
7290114965101,false,לייף מברשת נטענת 4 מצבים סנסטיב - לבן,לייף,IL,מברשת שיניים חשמלית נטענת 4 מצבים ראש סנסטיב - לבן,,0.00,0.00,false,1.00,149.90,0.00,true,0,
7290114965149,false,לייף מברשת חשמלית סוללות למבוגרים-ורוד,לייף,IL,מברשת חשמלית סוללות למבוגרים-ורוד,,0.00,0.00,false,1.00,39.90,0.00,true,0,
7290114965156,false,לייף מברשת חשמלית סוללות למבוגרים-תכלת,לייף,IL,מברשת חשמלית סוללות למבוגרים-תכלת,,0.00,0.00,false,1.00,39.90,0.00,true,0,
7290114965170,false,לייף קופסת אחסנה לשיניים תותבות,זר הייטק,,קופסת אחסנה לשיניים תותבות,,0.00,0.00,false,1.00,26.90,0.00,true,0,
7290114965187,false,לייף טבליות לתותבות 40 יחידות,זר הייטק,,טבליות לתותבות,,0.00,0.00,false,1.00,31.90,0.79,true,0,
7290114965309,false,לייף אולאין מאגדת 5 ח.חלבון-שוקולד קריספ,מדיטרנד,IL,ALL IN חטיף חלבון בטעם שוקולד קריספ,,0.00,0.00,false,1.00,39.90,7.98,true,0,
7290114965316,false,לייף אולאין מאגדת 5 ח.חלבון-שוקו בוטנים,מדיטרנד,IL,ALL IN חטיף חלבון בטעם שוקולד בוטנים קרמל,,0.00,0.00,false,1.00,39.90,7.98,true,0,
7290114965330,false,לייף פרופשונל מים מסילריים לפנים ולעיניי,פרופשיונל,IL,מים מיסלרים לפנים ולעיניים,,0.00,100.00,false,1.00,39.90,0.00,true,0,
7290114965347,false,לייף מברשת שיניים נטענת נוער SMILE,יניר מערכות,CN,SMILE מברשת שיניים חשמלית נטענת,,0.00,0.00,false,1.00,99.90,0.00,true,0,
7290114965392,false,לייף מארז זוג ראשים למברשת ילדות ונוער,יניר מערכות,CN,מארז ראשים למברשת ילדות ונוער,,0.00,0.00,false,1.00,19.90,0.00,true,0,
7290114965408,false,לייף זוג מברשות HIGH DENSITY,טריזה,CH,מברשות שיניים וחניכיים רגישות HIGH DENSITY,,0.00,0.00,false,1.00,19.90,0.00,true,0,
7290114965453,false,לייף מברשת סוללות רוטטת חד קרן מהדורה,זר הייטק,IT,מברשת שיניים רוטטת לילדים,,0.00,0.00,false,1.00,39.90,0.00,true,0,
7290114965460,false,לייף מברשת סוללות רוטטת כדורגל מהדורה,זר הייטק,IT,מברשת שיניים רוטטת לילדים,,0.00,0.00,false,1.00,39.90,0.00,true,0,
7290114965491,false,לייף בייביז כפיות לתינוק מגיל 6+ כחול,ויטאל בייבי,,כפיות לתינוק מגיל 6 חודשים,,0.00,0.00,false,1.00,19.90,0.00,true,0,
7290114965507,false,בייביז דריי פרוטקט חיתולים מידה 2 42 יח,ONTEX,IL,דריי פרוטקט חיתולים מידה 2,,0.00,0.00,false,1.00,21.00,0.50,true,0,
7290114965514,false,בייביז דריי פרוטקט חיתולים מידה 3 38 יח,ONTEX,IL,דריי פרוטקט חיתולים מידה 3,,0.00,0.00,false,1.00,21.00,0.55,true,0,
7290114965521,false,בייביז דריי פרוטקט חיתולים מידה 4 34 יח,ONTEX,IL,דריי פרוטקט חיתולים מידה 4,,0.00,0.00,false,1.00,21.00,0.61,true,0,
7290114965538,false,בייביז דריי פרוטקט חיתולים מידה 4+ 31 יח,ONTEX,IL,דריי פרוטקט חיתולים מידה 4+,,0.00,0.00,false,1.00,21.00,0.67,true,0,
7290114965545,false,בייביז דריי פרוטקט חיתולים מידה 5 30 יח,ONTEX,IL,דריי פרוטקט חיתולים מידה 5,,0.00,0.00,false,1.00,21.00,0.70,true,0,
7290114965552,false,בייביז דריי פרוטקט חיתולים מידה 6 26 יח,ONTEX,IL,דריי פרוטקט חיתולים מידה 6,,0.00,0.00,false,1.00,21.00,0.80,true,0,
7290114965576,false,סו.קו כוסיות סיליקון,General,CN,סט כוסות וואקום לפנים,,0.00,0.00,false,1.00,14.90,0.00,true,0,
7290114965590,false,לייף וולנס מים בטעם אפרסק עם ויטמיני D+C,General,IT,מים בטעם אפרסק עם ויטמיני D+C,,0.00,100.00,false,1.00,6.90,0.00,true,0,
7290114965606,false,לייף וולנס מים בטעם ענבים עם ויטמיני D+C,General,IT,מים בטעם ענבים עם ויטמיני D+C,,0.00,100.00,false,1.00,6.90,0.00,true,0,
7290114965613,false,לייף וולנס מים בטעם תפוח עם ויטמיני D+C,General,IT,מים בטעם תפוח עם ויטמיני D+C,,0.00,100.00,false,1.00,6.90,0.00,true,0,
7290114965637,false,לייף אול אין חטיף חלבון בננה טופי אקסטרה,מדיטרנד,NL,ALL IN חטיף חלבון בטעם בננה טופי אקסטרה קרם,,0.00,100.00,false,1.00,13.90,0.00,true,0,
7290114965644,false,לייף בייביז בקבוק צר לתינוק 240 מל,לייף,IL,בקבוק צר לתינוק,,0.00,0.00,false,1.00,14.90,14.90,true,0,
7290114965651,false,לייף בייביז מעמד לייבוש בקבוקים,לייף,IL,מעמד לייבוש בקבוקים,,0.00,0.00,false,1.00,21.90,21.90,true,0,
7290114965668,false,לייף בייביז מסננת טעימות לתינוק,לייף,IL,מסננת טעימות לתינוק,,0.00,0.00,false,1.00,26.90,26.90,true,0,
7290114965675,false,לייף בייביז נשכן בצורת כף יד לקירור,לייף,IL,נשכן בצורת כף יד לקירור,,0.00,0.00,false,1.00,15.90,15.90,true,0,
7290114965682,false,לייף בייביז נשכן מפתחות צבעוני,לייף,IL,נשכן מפתחות צבעוני,,0.00,0.00,false,1.00,18.90,18.90,true,0,
7290114965712,false,לייף מסכות פנים כחולות-מארז 10 יח,לייף,,מסכות פנים היגייניות,,0.00,0.00,false,1.00,7.90,0.79,true,0,
7290114965798,false,לייף קידס חטיף ממולא בקרם בטעם וניל עוגי,לייף,IL,חטיף ממולא בקרם בטעם וניל עוגיות,,0.00,100.00,false,1.00,4.90,0.00,true,0,
7290114965804,false,סאנדיי שישיה ספוגי פלא,מוסקו,CN,ספוגי פלא,,0.00,0.00,false,1.00,9.90,0.00,true,0,
7290114965811,false,מארז שלישיית בגדי גוף בנות מידה 0-3 קיץ,מיננה,CN,מארז בגדי גוף בנות מידה 0-3 קיץ 22,,0.00,0.00,false,1.00,59.90,59.90,true,0,
7290114965828,false,מארז שלישיית בגדי גוף בנות מידה 3-6 קיץ,מיננה,CN,מארז בגדי גוף בנות מידה 3-6 קיץ 22,,0.00,0.00,false,1.00,59.90,59.90,true,0,
7290114965842,false,מארז שלישיית בגדי גוף בנות מידה 12-18 קי,מיננה,CN,מארז בגדי גוף בנות מידה 12-18 קיץ 22,,0.00,0.00,false,1.00,59.90,59.90,true,0,
7290114965859,false,מארז שלישיית בגדי גוף בנים מידה 0-3 קיץ,מיננה,CN,מארז בגדי גוף בנים מידה 0-3 קיץ 22,,0.00,0.00,false,1.00,59.90,59.90,true,0,
7290114965866,false,מארז שלישיית בגדי גוף בנים מידה 3-6 קיץ,מיננה,CN,מארז בגדי גוף בנים מידה 3-6 קיץ 22,,0.00,0.00,false,1.00,59.90,59.90,true,0,
7290114965873,false,מארז שלישיית בגדי גוף בנים מידה 6-12 קיץ,מיננה,CN,מארז בגדי גוף בנים מידה 6-12 קיץ 22,,0.00,0.00,false,1.00,59.90,59.90,true,0,
7290114965880,false,מארז שלישיית בגדי גוף בנים מידה 12-18 קי,מיננה,CN,מארז בגדי גוף בנים מידה 12-18 קיץ 22,,0.00,0.00,false,1.00,59.90,59.90,true,0,
7290114965897,false,מארז שלישיית מכנסיים בנות מידה 0-3 קיץ 2,מיננה,CN,מארז מכנסיים בנות מידה 0-3 קיץ 22,,0.00,0.00,false,1.00,42.90,42.90,true,0,
7290114965903,false,מארז שלישיית מכנסיים בנות מידה 3-6 קיץ 2,מיננה,CN,מארז מכנסיים בנות מידה 3-6 קיץ 22,,0.00,0.00,false,1.00,42.90,42.90,true,0,
7290114965910,false,מארז שלישיית מכנסיים בנות מידה 6-12 קיץ,מיננה,CN,מארז מכנסיים בנות מידה 6-12 קיץ 22,,0.00,0.00,false,1.00,42.90,42.90,true,0,
7290114965927,false,מארז שלישיית מכנסיים בנות מידה 12-18 קיץ,מיננה,CN,מארז מכנסיים בנות מידה 12-18 קיץ 22,,0.00,0.00,false,1.00,42.90,42.90,true,0,
7290114965934,false,מארז שלישיית מכנסיים בנים מידה 0-3 קיץ 2,מיננה,CN,מארז מכנסיים בנים מידה 0-3 קיץ 22,,0.00,0.00,false,1.00,42.90,42.90,true,0,
7290114965941,false,מארז שלישיית מכנסיים בנים מידה 3-6 קיץ 2,מיננה,CN,מארז מכנסיים בנים מידה 3-6 קיץ 22,,0.00,0.00,false,1.00,42.90,42.90,true,0,
7290114965958,false,מארז שלישיית מכנסיים בנים מידה 6-12 קיץ,מיננה,CN,מארז מכנסיים בנים מידה 6-12 קיץ 22,,0.00,0.00,false,1.00,42.90,42.90,true,0,
7290114965965,false,מארז שלישיית מכנסיים בנים מידה 12-18 קיץ,מיננה,CN,מארז מכנסיים בנים מידה 12-18 קיץ 22,,0.00,0.00,false,1.00,42.90,42.90,true,0,
7290114965972,false,מארז זוג אוברולים בנות מידה 0-3 קיץ 22,מיננה,CN,מארז אוברולים בנות מידה 0-3 קיץ 22,,0.00,0.00,false,1.00,59.90,59.90,true,0,
7290114965989,false,מארז זוג אוברולים בנות מידה 3-6 קיץ 22,מיננה,CN,מארז אוברולים בנות מידה 3-6 קיץ 22,,0.00,0.00,false,1.00,59.90,59.90,true,0,
7290114965996,false,מארז זוג אוברולים בנות מידה 6-12 קיץ 22,מיננה,CN,מארז אוברולים בנות מידה 6-12 קיץ 22,,0.00,0.00,false,1.00,59.90,59.90,true,0,
7290114966009,false,מארז זוג אוברולים בנות מידה 12-18 קיץ 22,מיננה,CN,מארז אוברולים בנות מידה 12-18 קיץ 22,,0.00,0.00,false,1.00,59.90,59.90,true,0,
7290114966016,false,מארז זוג אוברולים בנים מידה 0-3 קיץ 22,מיננה,CN,מארז אוברולים בנים מידה 0-3 קיץ 22,,0.00,0.00,false,1.00,59.90,59.90,true,0,
7290114966023,false,מארז זוג אוברולים בנים מידה 3-6 קיץ 22,מיננה,CN,מארז אוברולים בנים מידה 3-6 קיץ 22,,0.00,0.00,false,1.00,59.90,59.90,true,0,
7290114966030,false,מארז זוג אוברולים בנים מידה 6-12 קיץ 22,מיננה,CN,מארז אוברולים בנים מידה 6-12 קיץ 22,,0.00,0.00,false,1.00,59.90,59.90,true,0,
7290114966047,false,מארז זוג אוברולים בנים מידה 12-18 קיץ 22,מיננה,CN,מארז אוברולים בנים מידה 12-18 קיץ 22,,0.00,0.00,false,1.00,59.90,59.90,true,0,
7290114966054,false,מארז זוג סינרי בנדנה בנים קיץ 22,מיננה,CN,מארז סינרי בנדנה בנים קיץ 22,,0.00,0.00,false,1.00,24.90,24.90,true,0,
7290114966085,false,סאנדיי נוזל כלים 24% צהוב בריח לימון,זוהר דליה,,נוזל לניקוי כלים 24% חומרים פעילים בניחוח לימון,,0.00,100.00,false,1.00,8.90,0.00,true,0,
7290114966092,false,סאנדיי נוזל כלים 24% ירוק בריח פסיפלורה,זוהר דליה,,נוזל לניקוי כלים 24% חומרים פעילים בניחוח פסיפלורה,,0.00,100.00,false,1.00,8.90,0.00,true,0,
7290114966108,false,סאנדיי נוזל כלים 24% ורוד בריח יסמין ורו,זוהר דליה,,נוזל לניקוי כלים 24% חומרים פעילים בניחוח יסמין ורוד,,0.00,100.00,false,1.00,8.90,0.00,true,0,
7290114966115,false,סאנדיי נוזל כלים 24% צהוב בריח לימון 1 ל,זוהר דליה,,נוזל לניקוי כלים 24% חומרים פעילים בניחוח לימון,,0.00,1.00,false,1.00,9.90,9.90,true,0,
7290114966184,false,לייף בייביז מחזיק מוצץ ללא ידית,לייף,IL,מחזיק מוצץ ללא ידית שחור לבן,,0.00,0.00,false,1.00,24.90,24.90,true,0,
7290114966535,false,לייף מ.הגנה שמן גזר ספריי 200 מל SPF 15,סאסא-טק,,ספריי שמן גזר SPF 15,,0.00,100.00,false,1.00,39.90,0.00,true,0,
7290114966542,false,לייף מ.הגנה 50 300 מל ספריי שקוף,סאסא-טק,,ספריי שקוף לעור רגיש SPF 50,,0.00,100.00,false,1.00,49.90,0.00,true,0,
7290114966559,false,לייף מ.הגנה 50 300 מל ספריי שקוף לילדים,סאסא-טק,,ספריי שקוף לילדים לעור רגיש SPF 50,,0.00,100.00,false,1.00,49.90,0.00,true,0,
7290114966566,false,חטיף אפונה עשיר בחלבון בתוספת זעתר,לייף,IL,חטיף אפונה עשיר בחלבון בתוספת זעתר,,0.00,0.00,false,1.00,4.90,0.00,true,0,
7290114966573,false,חטיף אפונה עשיר בחלבון בתוספת פלפל שחור,לייף,IL,חטיף אפונה עשיר בחלבון בתוספת פלפל שחור,,0.00,0.00,false,1.00,4.90,0.00,true,0,
7290114966603,false,קרקר דק חיטה מלאה ושומשום 240 גרם,לייף,IL,קרקר דק - קרקר מחיטה מלאה בתוספת שומשום,,0.00,100.00,false,1.00,8.90,0.00,true,0,
7290114966610,false,קרקר דק חיטה מלאה ושיפון 240 גרם,לייף,IL,קרקר דק - קרקר מחיטה מלאה ושיפון,,0.00,100.00,false,1.00,8.90,0.00,true,0,
7290114966641,false,לייף וולנס גרנולה PRO 20% חלבון 400 גרם,אפקטבעי,IL,גרנולה PRO 20% חלבון,,0.00,100.00,false,1.00,14.90,0.00,true,0,
7290114966672,false,סו.קו מברשת פילינג לניקוי הפנים,General,CN,מברשת פילינג לניקוי הפנים,,0.00,0.00,false,1.00,14.90,0.00,true,0,
7290114966696,false,לייף רביעיית מברשות GENTLE CLEAN,טריזה,CH,מברשות שיניים וחניכיים רגישות GENTLE CARE רך במיוחד,,0.00,0.00,false,1.00,14.90,0.00,true,0,
7290114966702,false,לייף שמן להסרת שאריות שעווה מועשר בקמומי,שוורץ,IL,שמן להסרת שאריות שעווה מהידיים ומהרגליים מועשר בקמומיל,,0.00,0.00,false,1.00,14.90,0.14,true,0,
7290114966719,false,לייף אל סבון לידיים ולגוף פסטלים שלישיים,זוהר דליה,IL,אל סבון במגוון ניחוחות לשימוש יומיומי ולרחצת הגוף והידיים - פסטליים,,0.00,0.00,false,1.00,14.90,0.00,true,0,
7290114966733,false,סו.קו מברשת מאסז לקרקפת,General,CN,WELLBEING מברשת לעיסוי קרקפת,,0.00,0.00,false,1.00,29.00,0.00,true,0,
7290114966771,false,סאנדיי גל לניקוי אסלה 750 מל לימון-מחודש,לייף,TR,ג'ל לניקוי אסלה בניחוח לימון,,0.00,100.00,false,1.00,9.90,0.00,true,0,
7290114966788,false,סאנדיי גל לניקוי אסלה 750 מל אורנים מחוד,לייף,TR,ג'ל לניקוי אסלה בניחוח אורנים,,0.00,100.00,false,1.00,9.90,0.00,true,0,
7290114966849,false,סאנדיי גליל מטליות אקולוגי (40 דפים),מ.א.מטליות,,מטליות אקולוגיות רב שימושיות לכל סוגי המשטחים,,0.00,0.00,false,1.00,19.90,0.00,true,0,
7290114966856,false,לייף וולנס אננס מיובש אורגני,לייף,CO,אננס מיובש אורגני,,0.00,100.00,false,1.00,8.90,0.00,true,0,
7290114966863,false,לייף וולנס מנגו מיובש אורגני,לייף,CO,מנגו מיובש אורגני,,0.00,100.00,false,1.00,8.90,0.00,true,0,
7290114966870,false,לייף וולנס בננה מיובשת אורגנית,לייף,CO,בננה מיובשת אורגנית,,0.00,100.00,false,1.00,8.90,0.00,true,0,
7290114966887,false,לייף וולנס פיטאיה מיובשת אורגנית,לייף,CO,פיטאיה מיובשת אורגנית,,0.00,100.00,false,1.00,8.90,0.00,true,0,
7290114966900,false,סאנדיי מטלית לניקוי שמשות זכוכיות ומראו,מ.א.מטליות,,"מטלית מיקרופייבר לניקוי זכוכית גדולה במיוחד 40X40 ס""מ",,0.00,0.00,false,1.00,8.90,0.00,true,0,
7290114966948,false,קאבלו סרום משקם לשיער יבש ופגום 100 מל,לייף,IL,סרום משקם לשיער יבש ופגום,,0.00,0.00,false,1.00,34.90,0.34,true,0,
7290114966955,false,קאבלו סרום קרטין לשיער מוחלק 100 מל,לייף,IL,סרום קרטין לשיער מוחלק,,0.00,0.00,false,1.00,34.90,0.34,true,0,
7290114966962,false,קאבלו סרום לטיפול בפריז 100 מל,לייף,IL,סרום לטיפול בפריז,,0.00,0.00,false,1.00,34.90,0.34,true,0,
7290114966979,false,קאבלו שמן מרוקאי משקם לשיער יבש 145 מל,לייף,IL,שמן מרוקאי משקם לשיער יבש,,0.00,100.00,false,1.00,29.90,0.00,true,0,
7290114966986,false,קאבלו שמן ארגן לשיער צבוע 145 מל,לייף,IL,שמן ארגן לשיער צבוע,,0.00,100.00,false,1.00,29.90,0.00,true,0,
7290114966993,false,קאבלו שמן המפ לשיער מתולתל 145 מל,לייף,IL,שמן המפ לשיער מתולתל,,0.00,100.00,false,1.00,29.90,0.00,true,0,
7290114967006,false,קאבלו שמפו קרטין משקם לשיער מוחלק 500 מל,לייף,IL,שמפו קרטין משקם לשיער מוחלק,,0.00,100.00,false,1.00,24.90,0.00,true,0,
7290114967013,false,קאבלו מרכך קרטין משקם לשיער מוחלק 500 מל,לייף,IL,מרכך קרטין משקם לשיער מוחלק,,0.00,100.00,false,1.00,24.90,0.00,true,0,
7290114967020,false,קאבלו מסכה קרטין משקם לשיער מוחלק 350 מל,לייף,IL,מסכה קרטין משקם לשיער מוחלק,,0.00,100.00,false,1.00,29.90,0.00,true,0,
7290114967037,false,קאבלו קרם לחות עשיר לחות מוגברת 400 מל,לייף,IL,קרם לחות עשיר לחות מוגברת,,0.00,100.00,false,1.00,24.90,0.00,true,0,
7290114967051,false,קאבלו קרם לחות עם גלייז ללא פריז 400 מל,לייף,IL,קרם לחות עם גלייז ללא פריז,,0.00,100.00,false,1.00,24.90,0.00,true,0,
7290114967068,false,קאבלו שמפו תלתלים מושלמים 500 מל,לייף,IL,שמפו תלתלים מושלמים,,0.00,100.00,false,1.00,24.90,0.00,true,0,
7290114967075,false,קאבלו מרכך תלתלים מושלמים 500 מל,לייף,IL,מרכך תלתלים מושלמים,,0.00,100.00,false,1.00,24.90,0.00,true,0,
7290114967082,false,קאבלו מסכה תלתלים מושלמים 350 מל,לייף,IL,מסכה תלתלים מושלמים,,0.00,100.00,false,1.00,29.90,0.00,true,0,
7290114967167,false,סו.קו מסכת גל לפנים,General,KR,WELLBEING מסכת ג'ל לעיניים לסיוע בהרגעת העור ובהמרצת הדם,,0.00,0.00,false,1.00,39.00,0.00,true,0,
7290114967174,false,סו.קו מסכת שינה כבדה לעיניים עשויה סאטן,General,CN,WELLBEING מסכת שינה כבדה לעיניים עשויה סאטן,,0.00,0.00,false,1.00,49.00,0.00,true,0,
7290114967211,false,לייף קידס שמפו לילדים סמי הכבאי 700 מל,סאסא-טק,IL,שמפו לילדים סמי הכבאי,,0.00,100.00,false,1.00,13.90,0.00,true,0,
7290114967235,false,לייף קידס מוס רחצה לילדים סמי הכבאי 200,סאסא-טק,IL,מוס רחצה לילדים סמי הכבאי,,0.00,100.00,false,1.00,11.90,0.00,true,0,
7290114967242,false,לייף קידס שמפו לילדים LOL 700 מל,סאסא-טק,IL,שמפו לילדים LOL,,0.00,100.00,false,1.00,13.90,0.00,true,0,
7290114967259,false,לייף קידס מרכך לילדים LOL 700 מל,סאסא-טק,IL,מרכך לילדים LOL,,0.00,100.00,false,1.00,13.90,0.00,true,0,
7290114967266,false,לייף קידס מוס רחצה לילדים LOL 200 מל,סאסא-טק,IL,מוס רחצה לילדים LOL,,0.00,100.00,false,1.00,11.90,0.00,true,0,
7290114967310,false,דה לוקס לאב מוס לשיזוף עצמי כולל כפפה,לייף,IL,מוס לשיזוף עצמי כולל כפפה,,0.00,100.00,false,1.00,149.90,0.00,true,0,
7290114967327,false,דה לוקס לאב ספריי שיזוף עצמי לגוף ולפנים,לייף,,ספריי שיזוף עצמי לגוף ולפנים,,0.00,100.00,false,1.00,129.90,0.01,true,0,
7290114967334,false,דה לוקס לאב חמאת גוף לאחר השיזוף,לייף,IL,חמאת גוף לאחר השיזוף,,0.00,100.00,false,1.00,59.90,0.00,true,0,
7290114967341,false,דה לוקס לאב פילינג סורבה הכנה לפני שיזוף,לייף,IL,פילינג גוף,,0.00,100.00,false,1.00,59.90,0.00,true,0,
7290114967365,false,לייף ספוגית תה ירוק לניקיון,PROSEEKERS LIFE,CN,ספוגית תה ירוק לניקיון,,0.00,0.00,false,1.00,19.90,0.00,true,0,
7290114967372,false,לייף ספוגית קוקוס לניקיון,PROSEEKERS LIFE,CN,ספוגית קוקוס לניקיון,,0.00,0.00,false,1.00,19.90,0.00,true,0,
7290114967426,false,סאנדיי מטהר אויר אוטומטי 250 מל לוטוס,סאסא-טק,IL,מטהר אויר אוטומטי בניחוח לוטוס,,0.00,0.00,false,1.00,12.90,0.05,true,0,
7290114967433,false,סאנדיי מטהר אויר אוטומטי 250 מל פרדיסו,סאסא-טק,IL,מטהר אויר אוטומטי בניחוח פרדיסו,,0.00,0.00,false,1.00,12.90,0.05,true,0,
7290114967440,false,סאנדיי מטהר אויר אוטומטי 250 מל אקווה,סאסא-טק,IL,מטהר אויר אוטומטי בניחוח אקווה,,0.00,0.00,false,1.00,12.90,0.05,true,0,
7290114967464,false,לייף סכיני גילוח עדינים במיוחד לפנים *4,לייף,,סכיני גילוח עדינים במיוחד לשיער הפנים,,0.00,0.00,false,1.00,19.90,4.97,true,0,
7290114967471,false,לייף סטרונג-הייר שמפו קיק 450 מל,פרופשיונל,,סטרונג הייר שמפו שמן קיק,,0.00,100.00,false,1.00,29.90,0.00,true,0,
7290114967488,false,לייף סטרונג-הייר מסכת שיער שמן קיק 500 מ,פרופשיונל,,סטרונג הייר מסיכת שיער שמן קיק,,0.00,100.00,false,1.00,39.90,0.00,true,0,
7290114967501,false,סאנדיי מטהר אויר WINTER FRESHNESS,זוהר דליה,IL,סאנדיי מטהר אויר WINTER FRESHNESS,,0.00,100.00,false,1.00,12.90,0.00,true,0,
7290114967518,false,סאנדיי מטהר אויר FRESH BOUQUET,זוהר דליה,IL,מטהר אויר FRESH BOUQUET,,0.00,100.00,false,1.00,12.90,0.00,true,0,
7290114967594,false,לייף מגבוני נייר טואלט לח חמישייה- 48*5,לייף,IL,מגבוני נייר טואלט לח,,0.00,0.00,false,1.00,24.90,4.98,true,0,
7290114967631,false,לייף בייביז סינר הנקה עם קשת,מיננה,BE,סינר הנקה עם קשת,,0.00,0.00,false,1.00,69.90,69.90,true,0,
7290114967648,false,לייף בייביז ריפודית לעגלה עיצוב חדש,לייף,CN,ריפודית לעגלה,,0.00,0.00,false,1.00,49.90,49.90,true,0,
7290114967655,false,לייף וולנס פולי סויה במליחות מעודנת,לייף,IL,PRO פולי סויה במליחות מעודנת,,0.00,100.00,false,1.00,9.90,0.00,true,0,
7290114967662,false,לייף וולנס מיקס בומביי פיקנטי-חומוס תירס,לייף,IL,"PRO מיקס בומביי פיקנטי רצועות חומוס, תירס אדממה, קשיו ושקדים",,0.00,100.00,false,1.00,13.90,0.00,true,0,
7290114967686,false,לייף בייביז ומיננה כובע קיץ 22- בנות 0-6,לייף,CN,מיננה כובע קיץ ורוד 0-6,,0.00,0.00,false,1.00,24.90,24.90,true,0,
7290114967693,false,לייף בייביז ומיננה כובע קיץ 22- בנים 0-6,לייף,CN,מיננה כובע קיץ אפור 0-6,,0.00,0.00,false,1.00,24.90,24.90,true,0,
7290114967709,false,לייף בייביז ומיננה כובע קיץ 22- בנות6-12,לייף,CN,מיננה כובע קיץ ורוד 6-12,,0.00,0.00,false,1.00,24.90,24.90,true,0,
7290114967716,false,לייף בייביז ומיננה כובע קיץ 22- בנים6-12,לייף,CN,מיננה כובע קיץ אפור 6-12,,0.00,0.00,false,1.00,24.90,24.90,true,0,
7290114967723,false,לייף AQUA JET סילון מים דנטלי נטען כחול,קנדי חשמל ונכסים,,AQUA JET סילון מים דנטלי נטען כחול,,0.00,0.00,false,1.00,289.90,0.00,true,0,
7290114967976,false,TMHאוברולים ש.ארוך0-3תכלת,מיננה,GB,מארז אוברולים שרוול ארוך מידה 0-3- תכלת,,0.00,0.00,false,1.00,84.90,84.90,true,0,
7290114967990,false,אוברולים ש.קצר3-6ורוד TMH,מיננה,GB,מארז אוברולים שרוול קצר מידה 3-6- ורוד,,0.00,0.00,false,1.00,89.90,89.90,true,0,
7290114968003,false,אוברולים ש.קצר3-6תכלת TMH,מיננה,GB,מארז אוברולים שרוול קצר מידה 3-6- תכלת,,0.00,0.00,false,1.00,89.90,89.90,true,0,
7290114968010,false,TMH אוברולים ש.ארוך3-6תכלת,מיננה,GB,מארז אוברולים שרוול ארוך מידה 3-6- תכלת,,0.00,0.00,false,1.00,89.90,89.90,true,0,
7290114968027,false,TMH אוברולים ש.ארוך3-6ורוד,מיננה,GB,מארז אוברולים שרוול ארוך מידה 3-6- ורוד,,0.00,0.00,false,1.00,89.90,89.90,true,0,
7290114968034,false,אוברולים ש.קצר6-12ורוד TMH,מיננה,GB,מארז אוברולים שרוול קצר מידה 6-12- ורוד,,0.00,0.00,false,1.00,89.90,89.90,true,0,
7290114968041,false,אוברולים ש.קצר6-12תכלת TMH,מיננה,GB,מארז אוברולים שרוול קצר מידה 6-12- תכלת,,0.00,0.00,false,1.00,89.90,89.90,true,0,
7290114968058,false,אוברולים ש.קצר 12-18תכלת TMH,מיננה,GB,מארז אוברולים שרוול קצר מידה 12-18- תכלת,,0.00,0.00,false,1.00,89.90,89.90,true,0,
7290114968065,false,אוברולים ש.קצר 12-18ורוד TMH,מיננה,GB,מארז אוברולים שרוול קצר מידה 12-18- ורוד,,0.00,0.00,false,1.00,89.90,89.90,true,0,
7290114968072,false,TMH בגד גוף ארוך+מכנס0-3ורוד,מיננה,GB,סט בגד גוף שרוול ארוך עם רגלית 0-3 ורוד,,0.00,0.00,false,1.00,82.90,82.90,true,0,
7290114968089,false,TMH בגד גוף קצר+מכנס3-6 ורוד,מיננה,GB,סט בגד גוף שרוול קצר ומכנסים 3-6 ורוד,,0.00,0.00,false,1.00,82.90,82.90,true,0,
7290114968096,false,TMH בגד גוף קצר+מכנס6-12 ורוד,מיננה,GB,סט בגד גוף שרוול קצר ומכנסים 6-12 ורוד,,0.00,0.00,false,1.00,82.90,82.90,true,0,
7290114968102,false,TMH בגד גוף קצר+מכנס12-18ורוד,מיננה,GB,סט בגד גוף שרוול קצר ומכנסים 12-18 ורוד,,0.00,0.00,false,1.00,82.90,82.90,true,0,
7290114968119,false,TMH בגד גוף ארוך+מכנס0-3תכלת,מיננה,GB,סט בגד גוף שרוול ארוך עם רגלית 0-3 תכלת,,0.00,0.00,false,1.00,82.90,82.90,true,0,
7290114968126,false,TMH בגד גוף קצר+מכנס3-6תכלת,מיננה,GB,סט בגד גוף שרוול קצר ומכנסים 3-6 תכלת,,0.00,0.00,false,1.00,82.90,82.90,true,0,
7290114968133,false,TMH בגד גוף קצר+מכנס6-12תכלת,מיננה,GB,סט בגד גוף שרוול קצר ומכנסים 6-12 תכלת,,0.00,0.00,false,1.00,82.90,82.90,true,0,
7290114968140,false,TMH בגד גוף קצר+מכנס12-18תכלת,מיננה,GB,סט בגד גוף שרוול קצר ומכנסים 12-18 תכלת,,0.00,0.00,false,1.00,82.90,82.90,true,0,
7290114968157,false,TMH אוברול+כובע 0-3שמנת,מיננה,GB,אוברול שרוול ארוך וכובע ארנב 0-3 שמנת,,0.00,0.00,false,1.00,89.90,89.90,true,0,
7290114968164,false,TMH אוברול+בנדנה3-6שמנת,מיננה,GB,אוברול פיקה ובנדנה מידה 3-6 שמנת,,0.00,0.00,false,1.00,89.90,89.90,true,0,
7290114968171,false,TMH אוברול+בנדנה6-12שמנת,מיננה,GB,אוברול פיקה ובנדנה מידה 6-12 שמנת,,0.00,0.00,false,1.00,89.90,89.90,true,0,
7290114968195,false,TMH זוג חיתולי במבוק צדפות,מיננה,GB,זוג חיתולי במבוק לבן-ורוד,,0.00,0.00,false,1.00,41.90,41.90,true,0,
7290114968201,false,TMH זוג חיתולי במבוק צבים,מיננה,GB,זוג חיתולי במבוק לבן-כחול,,0.00,0.00,false,1.00,41.90,41.90,true,0,
7290114968218,false,TMH שמיכת תינוק80X80ורוד,מיננה,GB,שמיכת תינוק 75X100 כותנה רכה ונעימה ורוד,,0.00,0.00,false,1.00,75.90,75.90,true,0,
7290114968225,false,TMH שמיכת תינוק80X80תכלת,מיננה,GB,שמיכת תינוק 75X100 כותנה רכה ונעימה תכלת,,0.00,0.00,false,1.00,75.90,75.90,true,0,
7290114968249,false,לייף בייביז ומיננה- שמיכת טטרה שמש וירח,לייף,BE,"שמיכת טטרה גדולה במיוחד מידות: 120X100 ס""מ",,0.00,0.00,false,1.00,39.90,39.90,true,0,
7290114968263,false,סו.קו אבן עיסוי מינרל רוז קווארץ לעור הפ,General,CN,אבן עיסוי מינרל רוז קווארץ לעור הפנים,,0.00,0.00,false,1.00,34.90,0.00,true,0,
7290114968270,false,לייף וולנס תמר ללא גלעין באריזה אישית 3,לייף,MK,תמר מג'הול ללא גלעין באריזה אישית,,0.00,0.00,false,1.00,6.90,0.00,true,0,
7290114968331,false,לייף סכיני גילוח חד פעמיים 20 יח גברים,לייף,,סכיני גילוח חד פעמיים,,0.00,0.00,false,1.00,38.90,1.94,true,0,
7290114968416,false,לייף מארז רולר מחטים- 4 ראשים,PROSEEKERS LIFE,CN,סט רולר מחטים,,0.00,0.00,false,1.00,79.90,0.00,true,0,
7290114968454,false,לייף טישו פוקט שישייה LOL,לייף,IT,ממחטות נייר רכות LOL,,0.00,0.00,false,1.00,9.90,1.65,true,0,
7290114968461,false,לייף טישו פוקט שישייה לוני טונס,לייף,IT,ממחטות נייר רכות לוני טונס,,0.00,0.00,false,1.00,9.90,1.65,true,0,
7290114968522,false,לייף תחבושת נורמל עם כנפיים 10 יח TO-GO,היזלמה,IT,תחבושות היגייניות נורמל עם כנפיים TO-GO,,0.00,0.00,false,1.00,6.90,0.69,true,0,
7290114968539,false,לייף בייביז חיתולי פרימיום מידה 2 24 יח,ONTEX,CN,"חיתולי פרימיום מידה 2 3-6 ק""ג",,0.00,0.00,false,1.00,19.90,0.82,true,0,
7290114968652,false,לייף מ.הגנה 50 250 מל תחליב עם אלוורה,אמיליה קוסמטיקס,IL,תחליב הגנה מועשר באלוורה SPF50,,0.00,100.00,false,1.00,39.90,0.00,true,0,
7290114968669,false,סו.קו אייס רולר,General,KR,אייס רולר,,0.00,0.00,false,1.00,39.90,0.00,true,0,
7290114968683,false,סו.קו מברשת לניקוי פנים,General,CN,מברשת לניקוי פנים,,0.00,0.00,false,1.00,19.90,0.00,true,0,
7290114968737,false,לייף מארז זוג ראשים פחם אוניברסלי,יניר מערכות,,מארז ראשים פחם אוניברסלי,,0.00,0.00,false,1.00,39.90,0.00,true,0,
7290114968744,false,כסא חוף מתקפל בצבע שחור,General,IL,כסא חוף מתקפל בצבע שחור,,0.00,0.00,false,1.00,49.90,0.00,true,0,
7290114968751,false,לייף מגבונים אריזת חמישייה ניחוח עדין 72,עלבד,IL,מגבונים לחים לתינוקות בניחוח עדין,,0.00,0.00,false,1.00,21.90,4.38,true,0,
7290114968768,false,לייף מגבונים אריזת חמישייה ללא בישום 72י,DPL,IL,מגבונים לחים לתינוקות ללא בישום,,0.00,0.00,false,1.00,21.90,4.38,true,0,
7290114968799,false,ביסקוויטים אפויים לילדים כדורגל,לייף,IL,ביסקוויטים אפויים עם קמח מלא לילדים - כדורגל,,0.00,100.00,false,1.00,12.90,0.00,true,0,
7290114968805,false,לייף תחליב רחצה לבנדר 1 ליטר בק.חום,לייף,,תחליב רחצה קטיפתי בניחוח לבנדר,,0.00,1.00,false,1.00,13.90,13.90,true,0,
7290114968843,false,לייף מארז טיפוח גוף בניחוח מסק עדין,שיק תעשיות תמרוקים,IL,סט מפנק בניחוח מאסק עדין : קרם גוף + מוס לחות + מבשם גוף,,0.00,0.00,false,1.00,59.90,0.00,true,0,
7290114968874,false,לייף מוס רחצה גלידה מלון 200 מל,לייף,,מוס רחצה גולדה בניחוח מלון,,0.00,100.00,false,1.00,14.90,0.00,true,0,
7290114968881,false,לייף סבון ידיים 500 מל גלידה וניל,לייף,,סבון ידיים גולדה וניל,,0.00,100.00,false,1.00,9.90,0.00,true,0,
7290114968942,false,לייף וולנס שמן זית מהודר 750 מל,גהשאן,IL,שמן זית כתית מעולה,,0.00,100.00,false,1.00,69.90,0.00,true,0,
7290114968959,false,לייף רביעיית מגבוני דיספנסר חמאת שיאה,עלבד,IL,מגבונים מועשרים בחמאת שיאה באריזת דיספנסר,,0.00,0.00,false,1.00,24.90,6.22,true,0,
7290114968966,false,לייף מגבונים מועשרים בחמאת שיאה 100 יחיד,עלבד,IL,מגבונים מועשרים בחמאת שיאה אריזת דיספנסר,,0.00,0.00,false,1.00,12.90,0.12,true,0,
7290114968980,false,סט 3 בגדי גוף אפור 3-6 חורף 23,מיננה,CN,סט בגדי גוף אפור 3-6 חורף,,0.00,0.00,false,1.00,59.90,19.96,true,0,
7290114968997,false,סט 3 בגדי גוף אפור 6-12 חורף 23,מיננה,CN,סט בגדי גוף אפור 6-12 חורף,,0.00,0.00,false,1.00,59.90,19.96,true,0,
7290114969000,false,סט 3 בגדי גוף ורוד 0-3 חורף 23,מיננה,CN,סט בגדי גוף ורוד 0-3 חורף,,0.00,0.00,false,1.00,59.90,19.96,true,0,
7290114969017,false,סט 3 בגדי גוף ורוד 3-6 חורף 23,מיננה,CN,סט בגדי גוף ורוד 3-6 חורף,,0.00,0.00,false,1.00,59.90,19.96,true,0,
7290114969024,false,סט 3 בגדי גוף ורוד 6-12 חורף 23,מיננה,CN,סט בגדי גוף ורוד 6-12 חורף,,0.00,0.00,false,1.00,59.90,19.96,true,0,
7290114969031,false,סט 3 מכנסיים אפור 0-3 חורף 23,מיננה,CN,סט מכנסיים אפור חורף 0-3,,0.00,0.00,false,1.00,59.90,19.96,true,0,
7290114969048,false,סט 3 מכנסיים אפור 3-6 חורף 23,מיננה,CN,סט מכנסיים אפור חורף 3-6,,0.00,0.00,false,1.00,59.90,19.96,true,0,
7290114969055,false,סט 3 מכנסיים אפור 6-12 חורף 23,מיננה,CN,סט מכנסיים אפור חורף 6-12,,0.00,0.00,false,1.00,59.90,19.96,true,0,
7290114969062,false,סט 3 מכנסיים ורוד 0-3 חורף 23,מיננה,CN,סט מכנסיים ורוד חורף 0-3,,0.00,0.00,false,1.00,59.90,19.96,true,0,
7290114969079,false,סט 3 מכנסיים ורוד 3-6 חורף 23,מיננה,CN,סט מכנסיים ורוד חורף 3-6,,0.00,0.00,false,1.00,59.90,19.96,true,0,
7290114969086,false,סט 3 מכנסיים ורוד 6-12 חורף 23,מיננה,CN,סט מכנסיים ורוד חורף 6-12,,0.00,0.00,false,1.00,59.90,19.96,true,0,
7290114969093,false,זוג אוברול אפור 0-3 חורף 23,מיננה,CN,אוברול אפור 0-3 חורף,,0.00,0.00,false,1.00,39.90,19.95,true,0,
7290114969109,false,זוג אוברול אפור 3-6 חורף 23,מיננה,CN,אוברול אפור 3-6 חורף,,0.00,0.00,false,1.00,39.90,19.95,true,0,
7290114969116,false,זוג אוברול אפור 6-12 חורף 23,מיננה,CN,אוברול אפור 6-12 חורף,,0.00,0.00,false,1.00,39.90,19.95,true,0,
7290114969123,false,זוג אוברול ורוד 0-3 חורף 23,מיננה,CN,אוברול ורוד 0-3 חורף,,0.00,0.00,false,1.00,39.90,19.95,true,0,
7290114969130,false,זוג אוברול ורוד 3-6 חורף 23,מיננה,CN,אוברול ורוד 3-6 חורף,,0.00,0.00,false,1.00,39.90,19.95,true,0,
7290114969147,false,זוג אוברול ורוד 6-12 חורף 23,מיננה,CN,אוברול ורוד 6-12 חורף,,0.00,0.00,false,1.00,39.90,19.95,true,0,
7290114969154,false,זוג סינר בנדנה אפור חורף 23,מיננה,CN,סינר בנדנה אפור,,0.00,0.00,false,1.00,24.90,12.45,true,0,
7290114969161,false,זוג סינר בנדנה ורוד חורף 23,מיננה,CN,סינר בנדנה ורוד,,0.00,0.00,false,1.00,24.90,12.45,true,0,
7290114969178,false,סט 3 בגדי גוף אפור 0-3 חורף 23,מיננה,CN,סט בגדי גוף אפור 0-3 חורף,,0.00,0.00,false,1.00,59.90,19.96,true,0,
7290114969222,false,ספריי דוחה יתושים אקולוגי 350 מל,לייף,,ספריי דוחה יתושים 100% אקולוגי,,0.00,0.00,false,1.00,49.90,0.14,true,0,
7290114969253,false,לייף אלסבון לגוף 1 ליטר בניחוח מלון ומלפ,לייף,,אלסבון לגוף בניחוח מלון ומלפפון,,0.00,1.00,false,1.00,9.90,9.90,true,0,
7290114969338,false,סט 3 בגדי גוף אפור 12-18 חורף 23,מיננה,CN,סט בגדי גוף אפור 12-18 חורף,,0.00,0.00,false,1.00,59.90,19.96,true,0,
7290114969345,false,סט 3 בגדי גוף ורוד 12-18 חורף 23,מיננה,CN,סט בגדי גוף ורוד 12-18 חורף,,0.00,0.00,false,1.00,59.90,19.96,true,0,
7290114969352,false,סט 3 מכנסיים אפור 12-18 חורף 23,מיננה,CN,סט מכנסיים אפור חורף 12-18,,0.00,0.00,false,1.00,59.90,19.96,true,0,
7290114969369,false,סט 3 מכנסיים ורוד 12-18 חורף 23,מיננה,CN,סט מכנסיים ורוד חורף 12-18,,0.00,0.00,false,1.00,59.90,19.96,true,0,
7290114969376,false,זוג אוברול אפור 12-18 חורף 23,מיננה,CN,אוברול אפור 12-18 חורף,,0.00,0.00,false,1.00,39.90,19.95,true,0,
7290114969383,false,זוג אוברול ורוד 12-18 חורף 23,מיננה,CN,אוברול ורוד 12-18 חורף,,0.00,0.00,false,1.00,39.90,19.95,true,0,
7290114969406,false,סאנדיי מקלות ריח זר פרחים אביבי,לייף,IL,מקלות מפיצי ריח זר פרחים אביבי,,0.00,0.00,false,1.00,17.90,0.00,true,0,
7290114969451,false,כובע חורף 23 עיצוב יוניסקס מידה 0-6,מיננה,CN,כובע חורף עיצוב יוניסקס מידה 0-6,,0.00,0.00,false,1.00,24.90,24.90,true,0,
7290114969468,false,כובע חורף 23 עיצוב יוניסקס מידה 6-12,מיננה,CN,כובע חורף עיצוב יוניסקס מידה 6-12,,0.00,0.00,false,1.00,24.90,24.90,true,0,
7290114969499,false,לייף קידס בקבוק שתייה- גולדה כחול,שמחה זה אנחנו,CN,קידס בקבוק שתייה- גולדה כחול,,0.00,0.00,false,1.00,29.90,0.00,true,0,
7290114969536,false,לייף מגבונים אריזת שמינייה ללא בישום 72י,DPL,IL,מגבונים לחים לתינוקות ללא בישום,,0.00,0.00,false,1.00,33.90,4.23,true,0,
7290114969543,false,מסכת פנים SN98-צבע לבן-50 יח',אימפרטק,IL,מסכת פנים כירורגית SN98,,0.00,0.00,false,1.00,29.90,0.59,true,0,
7290114969642,false,לייף וולנס טוסט ברוסקטה שום ופטרוזיליה,לייף,ES,טוסט ברוסקטה שום ופטרוזיליה,,0.00,100.00,false,1.00,9.90,0.00,true,0,
7290114969659,false,לייף וולנס טוסט ברוסקטה עגבניות מיובשות,לייף,ES,טוסט ברוסקטה עגבניות מיובשות ואורגנו,,0.00,100.00,false,1.00,9.90,0.00,true,0,
7290114969826,false,לייף סטרונג-הייר שמן קוקוס אורגני 500 מל,לייף,,סטרונג-הייר שמן קוקוס אורגני,,0.00,100.00,false,1.00,69.90,0.00,true,0,
7290114969857,false,פריכיות אורז מלא בתוספת כוסמת 100 גרם,לייף,IL,פריכיות דקות אורז מלא וכוסמת,,0.00,0.00,false,1.00,6.90,0.06,true,0,
7290114969871,false,לייף בייביז כיסא אוכל- כרית הגבהה עם משע,מיננה,,כיסא אוכל כרית הגבהה עם משענת,,0.00,0.00,false,1.00,99.00,0.00,true,0,
7290115071481,false,6 מטבעות שוקולד באריזת רשת 31 גר LOL,שמחה זה אנחנו בעמ,NL,מטבעות שוקולד באריזת רשת בדיספליי - LOL,,0.00,0.00,false,1.00,3.90,0.00,true,0,
7290115071504,false,6 מטבעות שוקולד באריזת רשת 31 גר סמי הכב,שמחה זה אנחנו בעמ,NL,מטבעות שוקולד באריזת רשת בדיספליי - סמי הכבאי,,0.00,0.00,false,1.00,3.90,0.00,true,0,
7290115072136,false,מארז שוקולד חלב על מקל 25 ג - I LOVE YOU,שמחה זה אנחנו,TR,שוקולד חלב על מקל - I LOVE YOU,,0.00,100.00,false,1.00,6.90,0.00,true,0,
7290115073713,false,שלישיית ביצי שוקולד(חלב נוכרי)-טום וג'רי,שמחה זה אנחנו בעמ,IT,ביצי שוקולד עם הפתעה - טום וג'רי,,0.00,0.00,false,1.00,14.90,0.00,true,0,
7290115073720,false,שלישיית ביצי שוקולד(חלב נוכרי)-לוני טונס,שמחה זה אנחנו בעמ,IT,ביצי שוקולד עם הפתעה - לוני טונס,,0.00,0.00,false,1.00,14.90,0.00,true,0,
7290115074147,false,בקבוק שתיה 500 כיסוי סיליקון וידית ורוד,שמחה זה אנחנו,CN,בקבוק שתיה עם כיסוי סיליקון וידית אחיזה- ורוד ברבי,,0.00,0.00,false,1.00,29.90,0.00,true,0,
7290115074154,false,בקבוק שתיה 500 כיסוי סיליקון וידית לבן,שמחה זה אנחנו,CN,בקבוק שתיה עם כיסוי סיליקון וידית אחיזה- לבן,,0.00,0.00,false,1.00,29.90,0.00,true,0,
7290115074178,false,בקבוק שתיה 500 כיסוי סיליקון וידית ירוק,שמחה זה אנחנו,CN,בקבוק שתיה עם כיסוי סיליקון וידית אחיזה- ירוק,,0.00,0.00,false,1.00,29.90,0.00,true,0,
7290115074185,false,בקבוק שתיה 500 כיסוי סיליקון וידית שחור,שמחה זה אנחנו,CN,בקבוק שתיה עם כיסוי סיליקון וידית אחיזה- שחור,,0.00,0.00,false,1.00,29.90,0.00,true,0,
7290115074215,false,בקבוק שתיה 550 ציפוי גומי וידית אחיזה-כח,שמחה זה אנחנו,CN,בקבוק שתיה ציפוי גומי וידית אחיזה- כחול,,0.00,0.00,false,1.00,29.90,0.00,true,0,
7290115074321,false,בקבוק שתיה 900 מל ציפוי גומי ושרוך- סגול,שמחה זה אנחנו,CN,בקבוק שתיה ציפוי גומי ושרוך- סגול,,0.00,0.00,false,1.00,39.90,0.00,true,0,
7290115074338,false,בקבוק שתיה 900 מל ציפוי גומי ושרוך- כחול,שמחה זה אנחנו,CN,בקבוק שתיה ציפוי גומי ושרוך- כחול,,0.00,0.00,false,1.00,39.90,0.00,true,0,
7290115075182,false,6 מטבעות שוקולד באריזת רשת 31 גר חד קרן,שמחה זה אנחנו בעמ,NL,מטבעות שוקולד באריזת רשת בדיספליי - חד קרן,,0.00,0.00,false,1.00,3.90,0.00,true,0,
7290115075885,false,מארז שוקולד חלב על מקל לב 24 יח 30 גרם,שמחה זה אנחנו,TR,שוקולד חלב על מקל בצורת לב,,0.00,100.00,false,1.00,7.90,0.00,true,0,
7290115078312,false,רובה מים עם מיכל גב בצורת חד קרן כחול,שמחה זה אנחנו,CN,רובה מים עם מיכל גב בצורת חד קרן כחול,,0.00,0.00,false,1.00,29.90,0.00,true,0,
7290115078343,false,רובה מים עם משאבה 33 סמ - מיקי מאוס,שמחה זה אנחנו,CN,"רובה מים עם משאבה 33 ס""מ - מיקי מאוס",,0.00,0.00,false,1.00,19.90,0.00,true,0,
7290115078381,false,רובה מים עם משאבה 45 סמ - מיקי מאוס,שמחה זה אנחנו,CN,"רובה מים עם משאבה 45 ס""מ - מיקי מאוס",,0.00,0.00,false,1.00,29.90,0.00,true,0,
7290115078404,false,רובה מים עם משאבה 45 סמ - נסיכות,שמחה זה אנחנו,CN,"רובה מים עם משאבה 45 ס""מ - נסיכות",,0.00,0.00,false,1.00,29.90,0.00,true,0,
7290115078466,false,רובה מים עם מיכל גב בצורת מיקי,שמחה זה אנחנו,CN,רובה מים עם מיכל גב בצורת מיקי,,0.00,0.00,false,1.00,29.90,0.00,true,0,
7290115078473,false,רובה מים עם מיכל גב בצורת מיני,שמחה זה אנחנו,CN,רובה מים עם מיכל גב בצורת מיני,,0.00,0.00,false,1.00,29.90,0.00,true,0,
7290115079357,false,מארז שלישיית ביצי שוקולד המלך גוליאן,שמחה זה אנחנו,IT,ביצי שוקולד עם הפתעה - המלך ג'וליאן,,0.00,0.00,false,1.00,14.90,0.00,true,0,
7290115079364,false,מארז שלישיית ביצי שוקולד נלה הנסיכה,שמחה זה אנחנו,IT,ביצי שוקולד עם הפתעה - נלה הנסיכה,,0.00,0.00,false,1.00,14.90,0.00,true,0,
<<<<<<< HEAD
7290115201680,false,ביסלי בטעם ברביקיו אסם 70 גרם,"אסם השקעות בע""\מ",,חטיף בטעם ברביקיו,,0.00,100.00,false,1.00,5.90,0.00,true,0,
7290115201741,false,ביסלי בטעם בצל אסם 70 גרם,"אסם השקעות בע""\מ",,חטיף בטעם בצל,,0.00,100.00,false,1.00,5.90,0.00,true,0,
7290115205176,false,פיטנס - קרקר דק כפרי פיטנס 140 גרם,נסטלה Nestle,IL,פיטנס קרקר THIN כפרי,,0.00,100.00,false,1.00,12.90,0.00,true,0,
7290115205312,false,קרקר פיטנס דק עם זיתי קלמטה ועשבי תיבול,"אסם השקעות בע""\מ",IL,פיטנס קרקר THIN זיתי קלמטה,,0.00,100.00,false,1.00,12.90,0.00,true,0,
7290115206319,false,מטרנה סנסיטיב HM-O לפגים 700 גרם,אסם,IL,סנסיטיב HM-O להזנת המשך של פגים,,0.00,100.00,false,1.00,69.90,0.00,true,0,
7290115209198,false,במבה אוורירית אסם 80 גרם,"אסם תעשיות בע""מ",IL,במבה אוורירית,,0.00,100.00,false,1.00,6.90,0.00,true,0,
=======
7290115201680,false,ביסלי חטיף בטעם ברביקין אסם (70 גרם),קבוצת אוסם סחר שותפות מוגבלת,,חטיף בטעם ברביקיו,,0.00,100.00,false,1.00,5.90,0.00,true,0,
7290115201741,false,ביסלי חטיף בטעם בצל אסם (70 גרם),קבוצת אוסם סחר שותפות מוגבלת,,חטיף בטעם בצל,,0.00,100.00,false,1.00,5.90,0.00,true,0,
7290115205176,false,729001032825פיטנס חטיפי קרקר כפרי 140גר.,קבוצת אוסם סחר שותפות מוגבלת,IL,פיטנס קרקר THIN כפרי,,0.00,100.00,false,1.00,12.90,0.00,true,0,
7290115205312,false,קרקר פיטנס דק עם זיתי קלמטה ועשבי תיבול,קבוצת אוסם סחר שותפות מוגבלת,IL,פיטנס קרקר THIN זיתי קלמטה,,0.00,100.00,false,1.00,12.90,0.00,true,0,
7290115206319,false,מטרנה סנסיטיב HM-O לפגים 700 גרם,קבוצת אסם סחר,IL,סנסיטיב HM-O להזנת המשך של פגים,,0.00,100.00,false,1.00,69.90,0.00,true,0,
7290115209198,false,במבה אוורירית אסם 80 גרם,קבוצת אוסם סחר שותפות מוגבלת,IL,במבה אוורירית,,0.00,100.00,false,1.00,6.90,0.00,true,0,
>>>>>>> d048ac2f4f281c9d788043ab4e81b61b0dbe3743
7290115340006,false,הרבה דרם גל אלכוהול 66%,טטרה פארם,IL,ג'ל אלכוהול 66%,,0.00,0.00,false,1.00,9.90,0.09,true,0,
7290115340068,false,קמילוטרקט מברשת סיליקון לחפיפה ולעיסוי,קמילוטרקט,CN,מברשת סיליקון לחפיפה ולעיסוי הקרקפת,,0.00,0.00,false,1.00,39.90,0.00,true,0,
7290115340112,false,נייטשר נאט מסכה לשיער 3 ב-1 250 מל,נייטשר נאט Nature Nut,IL,מסכה לשיער 3 ב-1,,0.00,100.00,false,1.00,49.90,0.00,true,0,
7290115340143,false,פרפייס קפסולות סרום ויטמין C 20% (45),הרבה דרם,IT,Super C 20 - קפסולות סרום ויטמין C 20%,,0.00,0.00,false,1.00,199.90,4.44,true,0,
7290115340167,false,פרפייס קפסולות סרום עיניים (70),הרבה דרם,IT,Youth Renewal - קפסולות סרום עיניים,,0.00,0.00,false,1.00,249.90,3.57,true,0,
7290115340174,false,פרפייס קפסולות חומצה היאלורונית (60),הרבה דרם,IT,Hyalu-boost - קפסולות חומצה היאלורונית,,0.00,0.00,false,1.00,249.90,4.16,true,0,
7290115660005,false,סבוקלם אינוביישן סבון פנים 200 מל,טטרה פארם,IL,אינוביישן סבון פנים לעור רגיל עד יבש,,0.00,100.00,false,1.00,89.90,0.00,true,0,
7290115660074,false,סבוקלם אינוביישן בוסטר ויטמין סי 30 מל,סבוקלם Sebocalm,IL,אינוביישן בוסטר ויטמין C,,0.00,100.00,false,1.00,199.90,0.06,true,0,
7290115660098,false,סבוקלם קלאסיק גל הרגעה אלוורה 99% 250 מל,סבוקלם Sebocalm,KR,קלאסיק ג'ל הרגעה אלוורה 99%,,0.00,100.00,false,1.00,49.90,0.00,true,0,
7290115660234,false,סבוקלם אינוביישן BB קונסילר 01,טטרה פארם,IL,אינוביישן BB קונסילר 01,,0.00,0.00,false,1.00,89.90,0.00,true,0,
7290115660241,false,סבוקלם קלאסיק מייק אפ לעור מעורב-לייט,טטרה פארם,IL,קלאסיק מייק אפ לעור מעורב גוון לייט,,0.00,100.00,false,1.00,119.90,0.03,true,0,
7290115660258,false,סבוקלם יאנג זיט אאוט סבון 150 מל,טטרה פארם,IL,יאנג זיט אאוט סבון,,0.00,100.00,false,1.00,69.90,0.00,true,0,
7290115660371,false,סבוקלם אינוביישן BB קונסילר 02,טטרה פארם,IL,אינוביישן BB קונסילר 02,,0.00,0.00,false,1.00,89.90,0.00,true,0,
7290115660456,false,סבוקלם קלאסיק מייק אפ לעור מעורב-מדיום,טטרה פארם,IL,קלאסיק מייק אפ לעור מעורב גוון מדיום,,0.00,100.00,false,1.00,119.90,0.03,true,0,
7290115660586,false,סבוקלם SEA&SUN ספריי תחליב הגנה SPF50,טטרה פארם,IL,SEA&SUN ספריי תחליב הגנה מפני השמש SPF50,,0.00,100.00,false,1.00,99.90,0.00,true,0,
7290115671339,false,מיני פינוקיות בראוניז בייגל בוטן עלית 180 ג' עלית,"הגביע מוצרי ופלים בע""\מ",,מיני פינוקיות עוגיות בראוניז בייגל בוטן,,0.00,100.00,false,1.00,12.90,0.00,true,0,
7290115671346,false,מיני פינוקיות טופי קרמל מלוח עלית 180 גרם,"הגביע מוצרי ופלים בע""\מ",,מיני פינוקיות עוגיות טופי קרמל מלוח,,0.00,100.00,false,1.00,12.90,0.00,true,0,
7290115675559,false,מארז קפה טורקי לדרך 10 יחידות,שטראוס קפה בי.וי.,IL,מארז קפה טורקי לדרך,,0.00,0.00,false,1.00,12.90,1.29,true,0,
7290115675580,false,קוואקר חטיף בוטנים עם שיבולת שועל 50 גרם,"שטראוס פריטו ליי בע""\מ )",IL,חטיף בוטנים עם שיבולת שועל,,0.00,100.00,false,1.00,3.90,0.00,true,0,
7290115678437,false,בינז פולי קפה לואיז אלברטו ברזיל,שטראוס גרופ,IL,פולי קפה קלויים לואיז אלברטו ברזיל,,0.00,100.00,false,1.00,36.90,0.00,true,0,
7290115678444,false,בינז פולי קפה מריה קולומביה,שטראוס גרופ,IL,פולי קפה קלויים מריה קולומביה,,0.00,100.00,false,1.00,36.90,0.00,true,0,
7290115678451,false,בינז פולי קפה ראמש הודו,שטראוס גרופ,IL,פולי קפה קלויים ראמש הודו,,0.00,100.00,false,1.00,36.90,0.00,true,0,
7290115678475,false,בינז פולי קפה בלנד NO 3,שטראוס גרופ,IL,פולי קפה קלויים בלנד NO 03,,0.00,100.00,false,1.00,36.90,0.00,true,0,
7290115678710,false,מאסט סוכריות ללא סוכר בטעם בזוקה,שטראוס גרופ,TR,סוכריות ללא סוכר בטעם בזוקה,,0.00,100.00,false,1.00,3.90,0.00,true,0,
7290115679403,false,בינז פולי קפה בלנד NO 1,שטראוס גרופ,IL,פולי קפה קלויים בלנד NO 01,,0.00,100.00,false,1.00,36.90,0.00,true,0,
7290115679960,false,ציטוס פופקורן בטעם טבעי 60 ג 24 יח,"שטראוס פריטו ליי בע""\מ )",IL,פופקורן בטעם טבעי,,0.00,100.00,false,1.00,3.90,0.00,true,0,
7290116243900,false,בונבוני שוקולד באריזת סוכריה 150 גר' אל או אל 24 בקר',שמחה זה אנחנו,,בונבוני שוקולד באריזת סוכריה LOL,,0.00,0.00,false,1.00,16.90,0.11,true,0,
7290116244099,false,זוג אצבעות שוקולד חלב 28 גרם - באטמן,שמחה זה אנחנו,,אצבעות שוקולד חלב - באטמן,,0.00,0.00,false,1.00,2.90,0.10,true,0,
7290116244105,false,זוג אצבעות שוקולד חלב 28 גרם - חד קרן,שמחה זה אנחנו,,אצבעות שוקולד חלב - חד קרן,,0.00,0.00,false,1.00,2.90,0.10,true,0,
7290116244112,false,זוג אצבעות שוקולד חלב 28 גרם - LOL,שמחה זה אנחנו,,אצבעות שוקולד חלב - LOL,,0.00,0.00,false,1.00,2.90,0.10,true,0,
7290116244129,false,זוג אצבעות שוקולד חלב 28 גרם - מיניונים,שמחה זה אנחנו,,אצבעות שוקולד חלב - מיניונים,,0.00,0.00,false,1.00,2.90,0.10,true,0,
7290116246796,false,לייף קידס קופסת אוכל קליפסים תא אחד חלל,שמחה זה אנחנו,CN,קופסת אוכל קליפסים תא אחד חלל,,0.00,0.00,false,1.00,13.90,0.00,true,0,
7290116246802,false,לייף קידס בקבוק טריטן צמידים 700 מל ברבי,שמחה זה אנחנו,CN,"בקבוק טריטן עם צמידים 700 מ""ל ברבי",,0.00,0.00,false,1.00,29.90,0.00,true,0,
7290116246819,false,לייף קידס בקבוק טריטן 500 מל ריינבוקורן,שמחה זה אנחנו,CN,"בקבוק טריטן 500 מ""ל ריינבוקורן",,0.00,0.00,false,1.00,26.90,0.00,true,0,
7290116246840,false,לייף קידס בקבוק נירוסטה 500 מל ספיידרמן,שמחה זה אנחנו,CN,"בקבוק נירוסטה 500 מ""ל ספיידרמן דגם שחור",,0.00,0.00,false,1.00,24.90,0.00,true,0,
7290116246857,false,לייף קידס בקבוק נירוסטה 500 מל LOL,שמחה זה אנחנו,CN,"בקבוק נירוסטה 500 מ""ל LOL",,0.00,0.00,false,1.00,24.90,0.00,true,0,
7290116246864,false,לייף קידס בקבוק נירוסטה 500 מל נסיכות UP,שמחה זה אנחנו,CN,"בקבוק נירוסטה 500 מ""ל נסיכות UPC",,0.00,0.00,false,1.00,24.90,0.00,true,0,
7290116246871,false,לייף קידס בקבוק נירוסטה 500 מל הנוקמים,שמחה זה אנחנו,CN,"בקבוק נירוסטה 500 מ""ל הנוקמים",,0.00,0.00,false,1.00,24.90,0.00,true,0,
7290116246888,false,לייף קידס בקבוק נירוסטה 450 מל קש חד קרן,שמחה זה אנחנו,CN,"בקבוק נירוסטה 450 מ""ל עם קש מתקפל חד קרן",,0.00,0.00,false,1.00,29.90,0.00,true,0,
7290116246895,false,לייף קידס בקבוק נירוסטה 450 מל קש מפרץ ה,שמחה זה אנחנו,CN,"בקבוק נירוסטה 450 מ""ל עם קש מתקפל מפרץ ההרפתקאות",,0.00,0.00,false,1.00,29.90,0.00,true,0,
7290116246901,false,לייף קידס בקבוק נירוסטה 450 מל קש מיני,שמחה זה אנחנו,CN,"בקבוק נירוסטה 450 מ""ל עם קש מתקפל מיני",,0.00,0.00,false,1.00,29.90,0.00,true,0,
7290116246918,false,לייף קידס בקבוק נירוסטה 450 מל קש LOL,שמחה זה אנחנו,CN,"בקבוק נירוסטה 450 מ""ל עם קש מתקפל LOL",,0.00,0.00,false,1.00,29.90,0.00,true,0,
7290116246925,false,לייף קידס בקבוק נירוסטה 450 מל קש סמי הכ,General,CN,"בקבוק נירוסטה 450 מ""ל עם קש מתקפל סמי הכבאי",,0.00,0.00,false,1.00,29.90,0.00,true,0,
7290116246932,false,לייף קידס בקבוק נירוסטה 450 מל קש מיקי,שמחה זה אנחנו,CN,"בקבוק נירוסטה 450 מ""ל עם קש מתקפל מיקי",,0.00,0.00,false,1.00,29.90,0.00,true,0,
7290116246949,false,לייף קידס בקבוק שתיה פלסטיק 500 מל מיני,שמחה זה אנחנו,CN,"בקבוק שתיה פלסטיק 500 מ""ל מיני",,0.00,0.00,false,1.00,29.90,0.00,true,0,
7290116246956,false,לייף קידס בקבוק שתיה פלסטיק 500 מל באטמן,שמחה זה אנחנו,CN,"בקבוק שתיה פלסטיק 500 מ""ל באטמן",,0.00,0.00,false,1.00,29.90,0.00,true,0,
7290116246963,false,לייף קידס בקבוק שתיה פלסטיק 500 מל סמי ה,שמחה זה אנחנו,CN,"בקבוק שתיה פלסטיק 500 מ""ל סמי הכבאי",,0.00,0.00,false,1.00,29.90,0.00,true,0,
7290116246970,false,לייף קידס בקבוק שתיה פלסטיק 500 מל ברבי,שמחה זה אנחנו,CN,"בקבוק שתיה פלסטיק 500 מ""ל ברבי",,0.00,0.00,false,1.00,29.90,0.00,true,0,
7290116248578,false,לייף קידס צלחת פרימיום פס סיליקון - LOL,לייף,CN,צלחת פרימיום פס סיליקון - LOL,,0.00,0.00,false,1.00,14.90,14.90,true,0,
7290116248585,false,לייף קידס צלחת פרימיום פס סיליקון - מיני,לייף,CN,צלחת פרימיום פס סיליקון - מיני,,0.00,0.00,false,1.00,14.90,14.90,true,0,
7290116248592,false,לייף קידס צלחת פרימיום פס סיליקון - מיקי,לייף,CN,צלחת פרימיום פס סיליקון - מיקי,,0.00,0.00,false,1.00,14.90,14.90,true,0,
7290116248608,false,לייף קידס צלחת פרימיום פס סיליקון - פיגי,לייף,CN,צלחת פרימיום פס סיליקון - כוח פי גיי,,0.00,0.00,false,1.00,14.90,14.90,true,0,
7290116248615,false,לייף קידס צלחת פרימיום פס סיליקון - ספיי,לייף,CN,צלחת פרימיום פס סיליקון - ספיידרמן,,0.00,0.00,false,1.00,14.90,14.90,true,0,
7290116248622,false,לייף קידס צלחת פרימיום פס סיליקון - סמי,לייף,CN,צלחת פרימיום פס סיליקון - סמי הכבאי,,0.00,0.00,false,1.00,14.90,14.90,true,0,
7290116248639,false,לייף קידס קערת פרמיום פס סילקון - LOL,לייף,CN,קערת פרמיום פס סילקון - LOL,,0.00,0.00,false,1.00,12.90,12.90,true,0,
7290116248646,false,לייף קידס קערת פרמיום פס סילקון - מיני,לייף,CN,קערת פרמיום פס סילקון - מיני,,0.00,0.00,false,1.00,12.90,12.90,true,0,
7290116248653,false,לייף קידס קערת פרמיום פס סילקון - פי גיי,לייף,CN,קערת פרמיום פס סילקון - כוח פי גיי,,0.00,0.00,false,1.00,12.90,12.90,true,0,
7290116248660,false,לייף קידס קערת פרמיום פס סילקון - ספיידר,לייף,CN,קערת פרמיום פס סילקון - ספיידרמן,,0.00,0.00,false,1.00,12.90,12.90,true,0,
7290116248677,false,לייף קידס קערת פרמיום פס סילקון - סמי הכ,לייף,CN,קערת פרמיום פס סילקון - סמי הכבאי,,0.00,0.00,false,1.00,12.90,12.90,true,0,
7290116248721,false,לייף קידס קערת פרמיום פס סילקון - מיקי,לייף,CN,קערת פרמיום פס סילקון - מיקי,,0.00,0.00,false,1.00,12.90,12.90,true,0,
<<<<<<< HEAD
7290116530000,false,"דאב - תרחיץ פנים מרענן בניחוח מלפפון ותה ירוק 180 מ""ל","יוניליוור פולין, רחוב קר",IL,תרחיץ פנים מרענן בניחוח מלפפונים ותה ירוק,,0.00,100.00,false,1.00,16.90,0.00,true,0,
7290116530215,false,דאודרנט סטיק לגבר דרק טמפטיישן 76 ג' אקס,יוניליוור פארם,US,דאודורנט סטיק לגבר דארק טמפטיישן,,0.00,100.00,false,1.00,26.90,0.00,true,0,
7290116530222,false,דאודרנט סטיק לגבר אנרכי 76 ג' אקס,יוניליוור פארם,US,דאודורנט סטיק לגבר אנרכי,,0.00,100.00,false,1.00,26.90,0.00,true,0,
7290116530239,false,אקס דאו סטיק לגבר בלאק 7 גרם,יוניליוור פארם,US,דאודורנט סטיק לגבר בלאק,,0.00,100.00,false,1.00,26.90,0.00,true,0,
7290116531243,false,"שמפו ומרכך 2ב-1 למניעת קשקשים 700 מ""ל פינוק",יוניליוור ישראל טיפוח אי,IL,2 ב-1 שמפו ומרכך למניעת קשקשים,,0.00,100.00,false,1.00,15.90,0.00,true,0,
7290116531250,false,פינוק שמפו למניעת קשקשים עם תמציות צמחים,יוניליוור ישראל טיפוח אי,IL,שמפו למניעת קשקשים בתוספת תמציות פרחים,,0.00,100.00,false,1.00,15.90,0.00,true,0,
7290116531571,false,סיף מטליות לחות לניקוי כללי 99.9% בניחוח,יוניליוור ניקיון,IL,מטליות לחות לניקוי כללי 99.9% בניחוח לימון,,0.00,0.00,false,1.00,11.90,0.23,true,0,
7290116531762,false,דפים ריחניים למייבש כביסה בדין ורוד 40 יחידות,"קלינטסט - 3p ארה""ב",US,דפים מרכך ריחניים למייבש הכביסה - ורוד,,0.00,0.00,false,1.00,19.90,0.49,true,0,
7290116531779,false,דפים ריחניים למייבש כביסה בדין כחול 40 יחידות,"קלינטסט - 3p ארה""ב",US,דפים מרכך ריחניים למייבש הכביסה - כחול,,0.00,0.00,false,1.00,19.90,0.49,true,0,
7290116531861,false,"תחליב רחצה שייק תפוז בננה ואפרסק 700 מ""ל פינוק",יוניליוור ישראל טיפוח אי,IL,"תחליב רחצה בניחוח שייק תפוז, בננה ואפרסק - מהדורה מוגבלת",,0.00,100.00,false,1.00,12.90,0.00,true,0,
7290116531885,false,"מיונז הלמנס טיבעוני בד""ץ 500 גר",יוניליוור ישראל מזון בע\,IL,ממרח טבעוני,,0.00,100.00,false,1.00,17.90,0.00,true,0,
7290116532011,false,קליק אוקיי נוגט בציפוי שוקולד חלב 35 גרם,תות תעשיות מזון (2014) ב,IL,חטיף פריך ממולא נוגט מצופה שוקולד חלב,,0.00,100.00,false,1.00,5.90,0.00,true,0,
7290116532387,false,"אל סבון ידיים נוזלי חמאת שיאה 950 מ""ל פינוק",יוניליוור ישראל טיפוח אי,TR,אל סבון לידיים בתוספת חמאת שיאה,,0.00,100.00,false,1.00,14.90,0.00,true,0,
7290116532394,false,"אל סבון ידיים נוזלי חמאת קקאו 950 מ""ל פינוק",יוניליוור ישראל טיפוח אי,TR,אל סבון לידיים בתוספת חמאת קקאו,,0.00,100.00,false,1.00,14.90,0.00,true,0,
7290116532400,false,בייגל בייגל בייגלה מקלות עם מלח 235ג,בייגל בייגל,IL,בייגלה מקלות עם מלח,,0.00,100.00,false,1.00,8.90,0.00,true,0,
7290116532622,false,"מרכך לשיער בתוספת תמצית גוג'י ברי פינוק 700 מ""ל.",יוניליוור ישראלn\טיפוח א,IL,מרכך לשיער בתוספת תמצית גוג'י ברי - מהדורה מוגבלת,,0.00,100.00,false,1.00,13.90,0.00,true,0,
7290116532868,false,פינוק בייבי שמפו אל דמע לתינוקות 900 מל,יוניליוור ישראלn\טיפוח א,IL,בייבי שמפו אל דמע לתינוקות,,0.00,100.00,false,1.00,21.90,0.00,true,0,
7290116532875,false,פינוק בייבי אל סבון לתינוקות 970 מל-משאבה,יוניליוור ישראלn\טיפוח א,IL,בייבי אל סבון אל דמע לתינוקות,,0.00,100.00,false,1.00,21.90,0.00,true,0,
7290116533094,false,"פינוק שמפו שיער בניחוח ורדים לבנים 700 מ""ל",יוניליוור ישראל טיפוח אי,IL,שמפו בניחוח ורדים לבנים - מהדורה מוגבלת,,0.00,100.00,false,1.00,13.90,0.00,true,0,
7290116533100,false,"פינוק מרכך שיער בניחוח ורדים לבנים 700 מ""ל",יוניליוור ישראל טיפוח אי,IL,מרכך בניחוח ורדים לבנים - מהדורה מוגבלת,,0.00,100.00,false,1.00,13.90,0.00,true,0,
=======
7290116530000,false,"דאב - תרחיץ פנים מרענן בניחוח מלפפון ותה ירוק 180 מ""ל",יוניליוור ישראל שיווק בע`מ,IL,תרחיץ פנים מרענן בניחוח מלפפונים ותה ירוק,,0.00,100.00,false,1.00,16.90,0.00,true,0,
7290116530215,false,דאודרנט סטיק לגבר דרק טמפטיישן 76 ג' אקס,"יוניליוור ישראלשיווק בע""מ",US,דאודורנט סטיק לגבר דארק טמפטיישן,,0.00,100.00,false,1.00,26.90,0.00,true,0,
7290116530222,false,דאודרנט סטיק לגבר אנרכי 76 ג' אקס,יוניליוור ישראל שיווק בע`מ,US,דאודורנט סטיק לגבר אנרכי,,0.00,100.00,false,1.00,26.90,0.00,true,0,
7290116530239,false,אקס דאו סטיק לגבר בלאק 7 גרם,"יוניליוור ישראלשיווק בע""מ",US,דאודורנט סטיק לגבר בלאק,,0.00,100.00,false,1.00,26.90,0.00,true,0,
7290116531243,false,"שמפו ומרכך 2ב-1 למניעת קשקשים 700 מ""ל פינוק","יוניליוור ישראל שיווק בע""מ",IL,2 ב-1 שמפו ומרכך למניעת קשקשים,,0.00,100.00,false,1.00,15.90,0.00,true,0,
7290116531250,false,פינוק שמפו למניעת קשקשים עם תמציות צמחים,"יוניליוור ישראלשיווק בע""מ",IL,שמפו למניעת קשקשים בתוספת תמציות פרחים,,0.00,100.00,false,1.00,15.90,0.00,true,0,
7290116531571,false,סיף מטליות לחות לניקוי כללי 99.9% בניחוח,"יוניליוור ישראלשיווק בע""מ",IL,מטליות לחות לניקוי כללי 99.9% בניחוח לימון,,0.00,0.00,false,1.00,11.90,0.23,true,0,
7290116531762,false,דפים ריחניים למייבש כביסה בדין ורוד 40 יחידות,יוניליוור ישראל שיווק בע`מ,US,דפים מרכך ריחניים למייבש הכביסה - ורוד,,0.00,0.00,false,1.00,19.90,0.49,true,0,
7290116531779,false,דפים ריחניים למייבש כביסה בדין כחול 40 יחידות,יוניליוור ישראל שיווק בע`מ,US,דפים מרכך ריחניים למייבש הכביסה - כחול,,0.00,0.00,false,1.00,19.90,0.49,true,0,
7290116531861,false,"תחליב רחצה שייק תפוז בננה ואפרסק 700 מ""ל פינוק",יוניליוור ישראל שיווק בעמ,IL,"תחליב רחצה בניחוח שייק תפוז, בננה ואפרסק - מהדורה מוגבלת",,0.00,100.00,false,1.00,12.90,0.00,true,0,
7290116531885,false,"מיונז הלמנס טיבעוני בד""ץ 500 גר",יוניליוור ישראל שיווק בע`מ,IL,ממרח טבעוני,,0.00,100.00,false,1.00,17.90,0.00,true,0,
7290116532011,false,קליק אוקיי נוגט בציפוי שוקולד חלב 35 גרם,יוניליוור ישראל שיווק בע`מ,IL,חטיף פריך ממולא נוגט מצופה שוקולד חלב,,0.00,100.00,false,1.00,5.90,0.00,true,0,
7290116532387,false,"אל סבון ידיים נוזלי חמאת שיאה 950 מ""ל פינוק",יוניליוור ישראל שיווק בע`מ,TR,אל סבון לידיים בתוספת חמאת שיאה,,0.00,100.00,false,1.00,14.90,0.00,true,0,
7290116532394,false,"אל סבון ידיים נוזלי חמאת קקאו 950 מ""ל פינוק",יוניליוור ישראל שיווק בע`מ,TR,אל סבון לידיים בתוספת חמאת קקאו,,0.00,100.00,false,1.00,14.90,0.00,true,0,
7290116532400,false,בייגל בייגל בייגלה מקלות עם מלח 235ג,"יוניליוור ישראל שיווק בע""מ",IL,בייגלה מקלות עם מלח,,0.00,100.00,false,1.00,8.90,0.00,true,0,
7290116532622,false,"מרכך לשיער בתוספת תמצית גוג'י ברי פינוק 700 מ""ל.",יוניליוור ישראל שיווק בע`מ,IL,מרכך לשיער בתוספת תמצית גוג'י ברי - מהדורה מוגבלת,,0.00,100.00,false,1.00,13.90,0.00,true,0,
7290116532868,false,פינוק בייבי שמפו אל דמע לתינוקות 900 מל,יוניליוור ישראל שיווק בע`מ,IL,בייבי שמפו אל דמע לתינוקות,,0.00,100.00,false,1.00,21.90,0.00,true,0,
7290116532875,false,פינוק בייבי אל סבון לתינוקות 970 מל-משאבה,יוניליוור ישראל שיווק בע`מ,IL,בייבי אל סבון אל דמע לתינוקות,,0.00,100.00,false,1.00,21.90,0.00,true,0,
7290116533094,false,"פינוק שמפו שיער בניחוח ורדים לבנים 700 מ""ל",יוניליוור ישראל שיווק בע`מ,IL,שמפו בניחוח ורדים לבנים - מהדורה מוגבלת,,0.00,100.00,false,1.00,13.90,0.00,true,0,
7290116533100,false,"פינוק מרכך שיער בניחוח ורדים לבנים 700 מ""ל",יוניליוור ישראל שיווק בע`מ,IL,מרכך בניחוח ורדים לבנים - מהדורה מוגבלת,,0.00,100.00,false,1.00,13.90,0.00,true,0,
>>>>>>> d048ac2f4f281c9d788043ab4e81b61b0dbe3743
7290116533148,false,פינוק תחליב רחצה 700 שייק שוקולד חלב,יוניליוור,IL,תחליב רחצה שייק שוקולד חלב - מהדורה מוגבלת,,0.00,100.00,false,1.00,12.90,0.00,true,0,
7290116533155,false,פינוק תחליב רחצה 700 שייק קרם וניל,יוניליוור,IL,תחליב רחצה שייק קרם וניל - מהדורה מוגבלת,,0.00,100.00,false,1.00,12.90,0.00,true,0,
7290116533223,false,סימפל מארז טיפוח עצמי,General,PL,סט קרם לחות + תרחיץ פנים + מגבונים להסרת איפור,,0.00,0.00,false,1.00,89.90,0.00,true,0,
7290116910185,false,לייף קידס צלחת פרימיום פס סיליקון - ברבי,לייף,CN,צלחת פרימיום פס סיליקון - ברבי,,0.00,0.00,false,1.00,14.90,14.90,true,0,
7290116910192,false,לייף קידס קערת פרמיום פס סילקון - ברבי,לייף,CN,קערת פרמיום פס סילקון - ברבי,,0.00,0.00,false,1.00,12.90,12.90,true,0,
7290116911144,false,לייף קידס בקבוק שתיה מפלסטיק 500 מל- חד,שמחה זה אנחנו,CN,לייף קידס בקבוק שתיה מפלסטיק - חד קרן,,0.00,0.00,false,1.00,26.90,0.00,true,0,
7290116911151,false,לייף קידס בקבוק שתיה מפלסטיק 500 מל- דינ,שמחה זה אנחנו,CN,לייף קידס בקבוק שתיה מפלסטיק - דינוזאור,,0.00,0.00,false,1.00,26.90,0.00,true,0,
7290116911168,false,לייף קידס בקבוק שתיה מפלסטיק 500 מל- ורו,שמחה זה אנחנו,CN,לייף קידס בקבוק שתיה מפלסטיק - ורוד,,0.00,0.00,false,1.00,26.90,0.00,true,0,
7290116911175,false,לייף קידס בקבוק שתיה מפלסטיק 500 מל- כחו,שמחה זה אנחנו,CN,לייף קידס בקבוק שתיה מפלסטיק - כחול אפור,,0.00,0.00,false,1.00,26.90,0.00,true,0,
7290116930015,false,GO חטיף חלבון חטיף בוטנים קריספי 20 גרם חלבון,"בלמונט קונפקציות בע""\מ.",US,חטיף חלבון בטעם קרמל מלוח וחמאת בוטנים בציפוי קריספי,,0.00,100.00,false,1.00,11.90,0.00,true,0,
7290116930022,false,GO חטיף חלבון עוגיות ציפוי קריספי 20 גרם חלבון,"בלמונט קונפקציות בע""\מ.",US,חטיף חלבון בטעם קרם עוגיות בציפוי קריספי,,0.00,100.00,false,1.00,11.90,0.00,true,0,
7290117380178,false,סוויט פוף חטיף מצופה שוקולד חלב,"טחנת האבן תעשיות בע""",IL,ענני שוקולד - חטיף מצופה שוקולד חלב,,0.00,100.00,false,1.00,6.90,0.00,true,0,
7290117380185,false,סוויט פוף חטיף מצופה שוקולד חלב ולבן,"טחנת האבן תעשיות בע""",IL,ענני שוקולד - חטיף מצופה שוקולד חלב ולבן,,0.00,100.00,false,1.00,6.90,0.00,true,0,
7290117380857,false,"מרבה סלים דליס פייבר עוגות אישיות בטעם לימון, 120 גרם",ש. שסטוביץ בע`מ,NL,עוגות אישיות בטעם לימון,,0.00,100.00,false,1.00,15.90,0.00,true,0,
7290117380864,false,סלים דליס פייבר עוגות בראוניס אישיות בטעם שוקולד 120 גרם,ש.שסטוביץ בעמ,NL,עוגות אישיות בטעם שוקולד,,0.00,100.00,false,1.00,15.90,0.00,true,0,
7290117380871,false,סלים דליס פייבר עוגות אישיות בטעם אוכמניות 120 גרם,ש.שסטוביץ בעמ,NL,עוגות אישיות בטעם אוכמניות,,0.00,100.00,false,1.00,15.90,0.00,true,0,
7290117381229,false,פוף פריכיות מצופות שוקולד חלב 70 גרם,ש. שסטוביץ בע`מ,RS,פריכיות ביס בציפוי שוקולד חלב,,0.00,100.00,false,1.00,8.90,0.00,true,0,
7290117381236,false,פוף פריכיות מצופות שוקולד מריר 70 גרם,ש. שסטוביץ בע`מ,RS,פריכיות ביס בציפוי שוקולד מריר,,0.00,100.00,false,1.00,8.90,0.00,true,0,
7290117381243,false,פוף פריכיות מצופות שוקולד חלב ותות 70 גר,ש. שסטוביץ בע`מ,RS,פריכיות ביס בציפוי שוקולד תות,,0.00,100.00,false,1.00,8.90,0.00,true,0,
7290117381250,false,פוף פריכיות מצופות שוקולד מריר ותפוח 70 גרם,ש. שסטוביץ בע`מ,RS,פריכיות ביס בציפוי שוקולד מריר ותפוז,,0.00,100.00,false,1.00,8.90,0.00,true,0,
7290117381489,false,קולגייט מברשת ילדים באטמן 2-5,שסטוביץ,CN,מברשת שיניים ילדים באטמן 2-5,,0.00,0.00,false,1.00,15.90,0.00,true,0,
7290117381502,false,קולגייט מברשת ילדים בארבי 2-5,שסטוביץ,CN,מברשת שיניים ילדים בארבי 2-5,,0.00,0.00,false,1.00,15.90,0.00,true,0,
7290117381533,false,קולגייט מברשת ילדים באטמן 6+,שסטוביץ,CN,מברשת שיניים ילדים באטמן 6+,,0.00,0.00,false,1.00,15.90,0.00,true,0,
7290117381625,false,קולגייט מברשת ילדים בארבי 6+,שסטוביץ,CN,מברשת שיניים ילדים בארבי 6+,,0.00,0.00,false,1.00,15.90,0.00,true,0,
7290117382318,false,סלים דליס - חטיף חלבון מצופה שוקולד מריר 60 גרם,"י. מרבה ישראל בע""\מ",IT,פרו 33 חטיף חלבון מצופה שוקולד מריר,,0.00,100.00,false,1.00,12.90,0.00,true,0,
7290117382325,false,סלים דליס - פרו 33 חטיף חלבון מצופה שוקולד חלב 60 גרם,"י. מרבה ישראל בע""\מ",IT,פרו 33 חטיף חלבון מצופה שוקולד חלב,,0.00,100.00,false,1.00,12.90,0.00,true,0,
7290117382332,false,סלים דליס - חטיף חלבון מצופה שוקולד בטעם עוגיות 60 גרם,"י. מרבה ישראל בע""\מ",IT,פרו 33 חטיף חלבון מצופה שוקולד בטעם עוגיות,,0.00,100.00,false,1.00,12.90,0.00,true,0,
7290117822609,false,קופסת אוכל מחולקת BPA FREE ספיידרמן,שמחה זה אנחנו,CN,קופסת אוכל מחולקת BPA FREE ספיידרמן,,0.00,0.00,false,1.00,14.90,0.00,true,0,
7290117822616,false,קופסת אוכל מחולקת BPA FREE פוני,שמחה זה אנחנו,CN,קופסת אוכל מחולקת BPA FREE פוני,,0.00,0.00,false,1.00,14.90,0.00,true,0,
7290117822630,false,קופסת אוכל מחולקת BPA FREE באטמן,שמחה זה אנחנו,CN,קופסת אוכל מחולקת BPA FREE באטמן,,0.00,0.00,false,1.00,14.90,0.00,true,0,
7290117822791,false,בקבוק טריטן עם צמידים 700 - באטמן,שמחה זה אנחנו,CN,"בקבוק טריטן עם צמידים 700 מ""ל - באטמן",,0.00,0.00,false,1.00,29.90,0.00,true,0,
7290117822807,false,בקבוק טריטן עם צמידים 700 - הפוני הקטן ש,שמחה זה אנחנו,CN,"בקבוק טריטן עם צמידים 700 מ""ל - הפוני הקטן שלי",,0.00,0.00,false,1.00,29.90,0.00,true,0,
7290117822814,false,בקבוק טריטן עם צמידים 700 - מפרץ ההרפתקא,שמחה זה אנחנו,CN,"בקבוק טריטן עם צמידים 700 מ""ל - מפרץ ההרפתקאות",,0.00,0.00,false,1.00,29.90,0.00,true,0,
7290117823958,false,בצק משחק-ברבי שמחה זה אנחנו,שמחה זה אנחנו,CN,בצק משחק-ברבי,,0.00,0.00,false,1.00,19.90,0.00,true,0,
7290117823965,false,בצק משחק-סמי הכבאי,שמחה זה אנחנו,CN,בצק משחק-סמי הכבאי,,0.00,0.00,false,1.00,19.90,0.00,true,0,
7290117823972,false,בצק משחק - מפרץ ההרפתקאות,שמחה זה אנחנו,CN,בצק משחק-מפרץ ההרפתקאות,,0.00,0.00,false,1.00,19.90,0.00,true,0,
7290117825624,false,לייף קידס צלחת פרימיום פס סיליקון - נסיכ,לייף,CN,צלחת פרימיום פס סיליקון - נסיכות דיסני,,0.00,0.00,false,1.00,14.90,14.90,true,0,
7290117825631,false,לייף קידס צלחת פרימיום פס סיליקון - מפרץ,לייף,CN,צלחת פרימיום פס סיליקון - מפרץ ההרפתקאות,,0.00,0.00,false,1.00,14.90,14.90,true,0,
7290117825648,false,לייף קידס קערת פרמיום פס סילקון - נסיכות,לייף,CN,קערת פרמיום פס סילקון - נסיכות דיסני,,0.00,0.00,false,1.00,12.90,12.90,true,0,
7290117825655,false,לייף קידס קערת פרמיום פס סילקון - מפרץ ה,לייף,CN,קערת פרמיום פס סילקון - מפרץ ההרפתקאות,,0.00,0.00,false,1.00,12.90,12.90,true,0,
7290117860038,false,"הוואי - תחליב רחצה יוגורט בניחוח אוכמניות 700 מ""ל","טרופיקל דגיל בע""\מ",IL,תחליב רחצה יוגורט בניחוח אוכמניות,,0.00,100.00,false,1.00,14.90,0.00,true,0,
7290117860045,false,שמפו תמציות אלוורה ותה ירוק לשיער רגיל,"טרופיקל גליל בע""מ",IL,שמפו אלוורה ותה ירוק לשיער רגיל,,0.00,100.00,false,1.00,14.90,0.00,true,0,
7290117860083,false,"הוואי קרם רחצה יוגורט בניחוח אירוס זהוב ודבש 700 מ""ל","טרופיקל דגיל בע""\מ",IL,קרם רחצה תמצית דבש וניחוח אירוס זהוב,,0.00,100.00,false,1.00,14.90,0.00,true,0,
7290117860090,false,מרכך תמציות אלוורה ותה ירוק לשיער רגיל,"טרופיקל דגיל בע""\מ",IL,מרכך אלוורה ותה ירוק לשיער רגיל,,0.00,100.00,false,1.00,14.90,0.00,true,0,
7290117860137,false,"הוואי קרם רחצה יוגורט בניחוח פרח הקמליה 700 מ""ל","טרופיקל גליל בע""מ",IL,קרם רחצה בניחוח פרח הקמליה,,0.00,100.00,false,1.00,14.90,0.00,true,0,
7290117860144,false,הוואי שמפו פירות אקזוטיים וקלנדולה 700,"טרופיקל גליל בע""מ",IL,שמפו פירות אקזוטיים וקלנדולה למניעת קשקשים,,0.00,100.00,false,1.00,14.90,0.00,true,0,
7290117860182,false,"הוואי - תחליב רחצה בניחוח מגנוליה ושמן שקדים 700 מ""ל","טרופיקל דגיל בע""\מ",IL,תחליב רחצה שמן שקדים וניחוח מגנוליה,,0.00,100.00,false,1.00,14.90,0.00,true,0,
7290117860199,false,שמפו שמן ורד הבר ושמן מקדמיה לשיער יבש,"טרופיקל דגיל בע""\מ",IL,שמפו שמן ורד הבר ושמן מקדמיה לשיער יבש,,0.00,100.00,false,1.00,14.90,0.00,true,0,
7290117860236,false,"הוואי - קרם רחצה בניחוח ויולה ורודה 700 מ""ל","טרופיקל דגיל בע""\מ",IL,קרם רחצה בניחוח ויולה ורודה,,0.00,100.00,false,1.00,14.90,0.00,true,0,
7290117860243,false,"הוואי - מרכך מעניק לחות לשיער יבש 700 מ""ל","טרופיקל גליל בע""מ",IL,מרכך שמן ורד הבר ושמן מקדמיה לשיער יבש,,0.00,100.00,false,1.00,14.90,0.00,true,0,
7290117860281,false,"הוואי - ג'ל רחצה לגבר בניחוח עוצמתי 700 מ""ל","טרופיקל דגיל בע""\מ",IL,MEN ג'ל רחצה בניחוח עוצמתי,,0.00,100.00,false,1.00,14.90,0.00,true,0,
7290117860298,false,שמפו קומפלקס קרטין לשיער עדין או חלש,"טרופיקל גליל בע""מ",IL,שמפו קומפלקס קרטין לשיער עדין או חלש,,0.00,100.00,false,1.00,14.90,0.00,true,0,
7290117860335,false,"הוואי ג'ל רחצה לגבר בניחוח מעורר 700 מ""ל","טרופיקל דגיל בע""\מ",IL,MEN ג'ל רחצה בניחוח מעורר,,0.00,100.00,false,1.00,14.90,0.00,true,0,
7290117860342,false,מרכך קומפלקס קרטין לשיער עדין או חלש,"טרופיקל גליל בע""מ",IL,מרכך קומפלקס קרטין לשיער עדין או חלש,,0.00,100.00,false,1.00,14.90,0.00,true,0,
7290117860380,false,"תחליב רחצה יוגורט בניחוח אלוורה 700 מ""ל הוואי","טרופיקל דגיל בע""\מ",IL,תחליב רחצה יוגורט בניחוח אלוורה,,0.00,100.00,false,1.00,14.90,0.00,true,0,
7290117860397,false,שמפו תמצית פריחת הדובדבן לשיער רגיל,"טרופיקל גליל בע""מ",IL,שמפו תמציות פריחת הדובדבן לשיער רגיל,,0.00,100.00,false,1.00,14.90,0.00,true,0,
7290117860441,false,"מרכך הוואי פריחת הדובדבן 700 מ""ל","טרופיקל גליל בע""מ",IL,מרכך תמציות פריחת הדובדבן לשיער רגיל,,0.00,100.00,false,1.00,14.90,0.00,true,0,
7290117860496,false,"הוואי שמפו + מרכך 2 ב-1 לגבר 700 מ""ל-חדש","טרופיקל גליל בע""מ",IL,MEN שמפו + מרכך 2 ב-1 לכל סוגי השיער,,0.00,100.00,false,1.00,14.90,0.00,true,0,
7290117860540,false,הוואי שמפו לילדים רוזמרין מנגו ומשמש 700,"טרופיקל דגיל בע""\מ",IL,KIDS שמפו תמציות רוזמרין ומנגו ושמן משמש מתיר קשרים לשיער נקי,,0.00,100.00,false,1.00,14.90,0.00,true,0,
7290117860595,false,הוואי מרכך לילדים רוזמרין מנגו ומשמש 700,"טרופיקל גליל בע""מ",IL,KIDS מרכך תמציות רוזמרין ומנגו ושמן משמש מתיר קשרים לשיער נקי,,0.00,100.00,false,1.00,14.90,0.00,true,0,
7290117860649,false,הוואי שמפו קרטין קיק ללא סולפטים 700 מל,"טרופיקל גליל בע""מ",IL,"שמפו קרטין, שמן קיק ומי ורדים ללא סולפטים לשיער שעבר טיפול מקצועי",,0.00,100.00,false,1.00,14.90,0.00,true,0,
7290117860694,false,הוואי מרכך קרטין קיק ללא סולפטים 700 מל,"טרופיקל גליל בע""מ",IL,"מרכך קרטין, שמן קיק ומי ורדים ללא סולפטים לשיער שעבר טיפול מקצועי",,0.00,100.00,false,1.00,14.90,0.00,true,0,
7290117860748,false,הוואי שמפו תמצית יסמין מעניק נפח 700 מל,"טרופיקל גליל בע""מ",IL,שמפו תמצית יסמין מעניק נפח לשיער דק,,0.00,100.00,false,1.00,14.90,0.00,true,0,
7290117860793,false,הוואי מרכך תמצית יסמין מעניק נפח 700 מל,"טרופיקל דגיל בע""\מ",IL,מרכך תמצית יסמין מעניק נפח לשיער דק,,0.00,100.00,false,1.00,14.90,0.00,true,0,
7290117860847,false,"הוואי רעננות מושלמת לגבר לשיער, גוף, פנים וזקן","טרופיקל גליל בע""מ",IL,"MEN שמפו + מרכך 4 ב-1 רעננות מושלמת לשיער, גוף, פנים וזקן",,0.00,100.00,false,1.00,14.90,0.00,true,0,
7290117860892,false,"הוואי - תחליב רחצה יוגורט בניחוח וניל ודבש 700 מ""ל","טרופיקל דגיל בע""\מ",IL,תחליב רחצה יוגורט בניחוח וניל ודבש,,0.00,100.00,false,1.00,14.90,0.00,true,0,
7290117860946,false,"תחליב רחצה יוגורט בניחוח קוקוס 700 מ""ל הוואי","טרופיקל דגיל בע""\מ",IL,תחליב רחצה יוגורט בניחוח קוקוס,,0.00,100.00,false,1.00,14.90,0.00,true,0,
7290117860991,false,"תחליב רחצה יוגורט בניחוח שקדים 700 מ""ל הוואי","טרופיקל דגיל בע""\מ",IL,תחליב רחצה יוגורט בניחוח שקדים,,0.00,100.00,false,1.00,14.90,0.00,true,0,
7290118200178,false,לייף בייביז בקבוק צר מיקי מאוס 2022,לייף,TH,בקבוק צר מיקי מאוס,,0.00,0.00,false,1.00,16.90,0.00,true,0,
7290118200192,false,לייף קידס ביסקוויטים חד קרן 3+,לייף,IL,ביסקוויטים אפויים עם קמח מלא לילדים - חד קרן,,0.00,0.00,false,1.00,12.90,0.00,true,0,
7290118200208,false,לייף קידס ביסקוויטים סמי הכבאי 3+,לייף,IL,ביסקוויטים אפויים עם קמח מלא לילדים - סמי הכבאי,,0.00,0.00,false,1.00,12.90,0.00,true,0,
7290118200246,false,לייף כוס אימון 250 מל פיה רכה+ידית,ויטאל בייבי,CN,כוס אימון 250 מל פיה רכה+ידית,,0.00,0.00,false,1.00,32.90,0.00,true,0,
7290118200307,false,בסטי מארז טיפוח הגוף,REVOLUTION BEAUTY,IL,THE PERFECT BODY סט קרם גוף + ג'ל רחצה + מי גוף מבושמים,,0.00,0.00,false,1.00,39.90,0.00,true,0,
7290118200314,false,לייף טישו קוביה 56 יח ירוק כתום,לייף,IL,ממחטות נייר רכות במיוחד תלת-שכבתיות טישו קוביה ירוק got an issues here's a tissue?,,0.00,0.00,false,1.00,6.90,0.12,true,0,
7290118200321,false,לייף טישו קוביה 56 יח תכלת ורוד,לייף,IL,ממחטות נייר רכות במיוחד תלת-שכבתיות טישו קוביה תכלת always here for you,,0.00,0.00,false,1.00,6.90,0.12,true,0,
7290118200369,false,סו.קו רולר עיסוי משובץ אבנים ממריצות,General,KR,רולר עיסוי משובץ אבנים ממריצות,,0.00,0.00,false,1.00,69.90,0.00,true,0,
7290118200376,false,סו.קו מברשת פילינג לשפתיים,General,KR,מברשת פילינג לשפתיים,,0.00,0.00,false,1.00,9.90,0.00,true,0,
7290118200383,false,סו.קו מברשת ניקוי לגוף,General,CN,מברשת ניקוי לגוף,,0.00,0.00,false,1.00,19.90,0.00,true,0,
7290118200475,false,TMH שמיכי ארנב כדור פורח,מיננה,GB,שמיכי ארנב כדור פורח,,0.00,0.00,false,1.00,49.90,0.00,true,0,
7290118200512,false,TMHאוברול קטיפה ארנב0-3ורוד,מיננה,GB,אוברול קטיפה ארנב 0-3 ורוד,,0.00,0.00,false,1.00,94.90,94.90,true,0,
7290118200529,false,TMHאוברול קטיפה ארנב3-6ורוד,מיננה,GB,אוברול קטיפה ארנב 3-6 ורוד,,0.00,0.00,false,1.00,94.90,94.90,true,0,
7290118200536,false,TMHאוברול קטיפה ארנב6-12ורוד,מיננה,GB,אוברול קטיפה ארנב 6-12 ורוד,,0.00,0.00,false,1.00,94.90,94.90,true,0,
7290118200543,false,TMHאוברול ובגד גוף0-3 ורוד,מיננה,GB,אוברול ובגד גוף 0-3 ורוד,,0.00,0.00,false,1.00,89.90,89.90,true,0,
7290118200550,false,TMHאוברול ובגד גוף3-6 ורוד,מיננה,GB,אוברול ובגד גוף 3-6 ורוד,,0.00,0.00,false,1.00,89.90,89.90,true,0,
7290118200567,false,TMHאוברול ובגד גוף6-12 ורוד,מיננה,GB,אוברול ובגד גוף 6-12 ורוד,,0.00,0.00,false,1.00,89.90,89.90,true,0,
7290118200574,false,TMHאוברול ובגד גוף12-18 ורוד,מיננה,GB,אוברול ובגד גוף 12-18 ורוד,,0.00,0.00,false,1.00,89.90,89.90,true,0,
7290118200581,false,TMHאוברול ובגד גוף0-3 כחול,מיננה,GB,אוברול ובגד גוף 0-3 כחול,,0.00,0.00,false,1.00,89.90,89.90,true,0,
7290118200598,false,TMHאוברול ובגד גוף3-6 כחול,מיננה,GB,אוברול ובגד גוף 3-6 כחול,,0.00,0.00,false,1.00,89.90,89.90,true,0,
7290118200604,false,TMHאוברול ובגד גוף6-12 כחול,מיננה,GB,אוברול ובגד גוף 6-12 כחול,,0.00,0.00,false,1.00,89.90,89.90,true,0,
7290118200611,false,TMHאוברול ובגד גוף12-18 כחול,מיננה,GB,אוברול ובגד גוף 12-18 כחול,,0.00,0.00,false,1.00,89.90,89.90,true,0,
7290118200628,false,TMHבגד גוף ומכנס0-3 פרחוני,מיננה,GB,בגד גוף ומכנס 0-3 פרחוני,,0.00,0.00,false,1.00,84.90,84.90,true,0,
7290118200635,false,TMHבגד גוף ומכנס3-6 פרחוני,מיננה,GB,בגד גוף ומכנס 3-6 פרחוני,,0.00,0.00,false,1.00,84.90,84.90,true,0,
7290118200642,false,TMHבגד גוף ומכנס6-12 פרחוני,מיננה,GB,בגד גוף ומכנס 6-12 פרחוני,,0.00,0.00,false,1.00,84.90,84.90,true,0,
7290118200659,false,TMHבגד גוף ומכנס12-18 פרחוני,מיננה,GB,בגד גוף ומכנס 12-18 פרחוני,,0.00,0.00,false,1.00,84.90,84.90,true,0,
7290118200666,false,TMHבגד גוף ומכנס0-3 סוסים,מיננה,GB,בגד גוף ומכנס 0-3 סוסים,,0.00,0.00,false,1.00,84.90,84.90,true,0,
7290118200673,false,TMHבגד גוף ומכנס3-6 סוסים,מיננה,GB,בגד גוף ומכנס 3-6 סוסים,,0.00,0.00,false,1.00,84.90,84.90,true,0,
7290118200680,false,TMHבגד גוף ומכנס6-12 סוסים,מיננה,GB,בגד גוף ומכנס 6-12 סוסים,,0.00,0.00,false,1.00,84.90,84.90,true,0,
7290118200697,false,TMHבגד גוף ומכנס12-18 סוסים,מיננה,GB,בגד גוף ומכנס 12-18 סוסים,,0.00,0.00,false,1.00,84.90,84.90,true,0,
7290118200703,false,TMHשמיכת חורף דו צדדית פרחוני ורוד,General,GB,שמיכת חורף דו צדדית פרחוני ורוד,,0.00,0.00,false,1.00,99.90,99.90,true,0,
7290118200710,false,TMHשמיכת חורף דו צדדית סוסים שמנת,General,GB,שמיכת חורף דו צדדית סוסים שמנת,,0.00,0.00,false,1.00,99.90,99.90,true,0,
7290118200727,false,TMHתיק מגבונים פרחוני,מיננה,GB,תיק מגבונים פרחוני,,0.00,0.00,false,1.00,59.90,59.90,true,0,
7290118200734,false,TMHתיק מגבונים סוסים,מיננה,GB,תיק מגבונים סוסים,,0.00,0.00,false,1.00,59.90,59.90,true,0,
7290118200741,false,TMHזוג חיתולי במבוק פרחים,General,GB,חיתולי במבוק פרחים,,0.00,0.00,false,1.00,41.90,41.90,true,0,
7290118200758,false,TMHזוג חיתולי במבוק סוסים,General,GB,חיתולי במבוק סוסים,,0.00,0.00,false,1.00,41.90,41.90,true,0,
7290118200802,false,מכנס וחולצה בנות איור תות מידה 12-18 חו,מיננה,,ומיננה חליפת מעבר 12-18 חודשים,,0.00,0.00,false,1.00,59.90,59.90,true,0,
7290118200819,false,מכנס וחולצה בנות איור תות מידה 18-24 חוד,מיננה,,ומיננה חליפת מעבר 18-24 חודשים,,0.00,0.00,false,1.00,59.90,59.90,true,0,
7290118200826,false,מכנס וחולצה בנות איור תות מידה 2-3 שנים,מיננה,,ומיננה חליפת מעבר 2-3 שנים,,0.00,0.00,false,1.00,59.90,59.90,true,0,
7290118200833,false,מכנס וחולצה בנות איור תות מידה 3-4 שנים,מיננה,,ומיננה חליפת מעבר 3-4 שנים,,0.00,0.00,false,1.00,59.90,59.90,true,0,
7290118200871,false,מכנס וחולצה בנים אפור עם טקסט מידה 3-4 ש,מיננה,,ומיננה חליפת מעבר 3-4 שנים,,0.00,0.00,false,1.00,59.90,59.90,true,0,
7290118200888,false,מכנס וחולצה בנות ורוד מידה 12-18 חודשים,מיננה,,ומיננה חליפת מעבר 12-18 חודשים,,0.00,0.00,false,1.00,59.90,59.90,true,0,
7290118200895,false,מכנס וחולצה בנות ורוד מידה 18-24 חודשים,מיננה,,ומיננה חליפת מעבר 18-24 חודשים,,0.00,0.00,false,1.00,59.90,59.90,true,0,
7290118200901,false,מכנס וחולצה בנות ורוד מידה 2-3 שנים,מיננה,,ומיננה חליפת מעבר 2-3 שנים,,0.00,0.00,false,1.00,59.90,59.90,true,0,
7290118200918,false,מכנס וחולצה בנות ורוד מידה 3-4 שנים,מיננה,,ומיננה חליפת מעבר 3-4 שנים,,0.00,0.00,false,1.00,59.90,59.90,true,0,
7290118201021,false,סו.קו מברשת ניקוי בצורת טלפון,General,CN,מברשת ניקוי בצורת טלפון,,0.00,0.00,false,1.00,29.90,0.00,true,0,
7290118201038,false,סו.קו רולר מעסה גוף,General,CN,רולר מעסה גוף,,0.00,0.00,false,1.00,29.90,0.00,true,0,
7290118201045,false,וולנס PRO חטיף חלבון בוטנים ושוקולד מריר,לייף,IL,PRO חטיף עשיר בחלבון בוטנים ושוקולד מריר,,0.00,1.00,false,1.00,6.90,0.69,true,0,
7290118201083,false,בקבוק נירוסטה דופן כפולה 500 מל שומר קור,שמחה זה אנחנו,CN,"בקבוק נירוסטה דופן כפולה 500 מ""ל שומר קור",,0.00,0.00,false,1.00,34.90,0.00,true,0,
7290118201090,false,לייף טישו קוביה במבו 60 יחידות 3 שכבות,לייף,IL,טישו קוביה במבו 3 שכבות,,0.00,0.00,false,1.00,7.90,0.13,true,0,
7290118201120,false,סאנדיי אקונומיקה מבושמת 4 ליטר פקק בטחון,זוהר דליה,IL,אקונומיקה מבושמת,,0.00,1.00,false,1.00,13.90,3.47,true,0,
7290118201137,false,לייף סטרונג-הייר FREE שמפו 400 מל,לייף,IL,שמפו FREE טיפולי סטרונג-הייר,,0.00,100.00,false,1.00,49.90,0.00,true,0,
7290118201199,false,סו.קו כלי לעיסוי הפנים,General,CN,כלי לעיסוי הפנים,,0.00,0.00,false,1.00,24.90,0.00,true,0,
7290118201212,false,מוצץ גומי טבעי 0-6 בלון (אפור),איתן,IL,מוצץ גומי טבעי 0-6 בלון,,0.00,0.00,false,1.00,19.90,0.00,true,0,
7290118201229,false,מוצץ גומי טבעי 6-18 בלון (אפור),איתן,IL,מוצץ גומי טבעי 6-18 בלון,,0.00,0.00,false,1.00,19.90,0.00,true,0,
7290118201236,false,מוצץ גומי טבעי אורתודנטי 0-6 (חום),איתן,IL,מוצץ גומי טבעי אורתודנטי 0-6,,0.00,0.00,false,1.00,19.90,0.00,true,0,
7290118201243,false,מוצץ גומי טבעי אורתודנטי 6-18 (חום),איתן,IL,מוצץ גומי טבעי אורתודנטי 6-18,,0.00,0.00,false,1.00,19.90,0.00,true,0,
7290118201359,false,סו.קו דה וואנד - אבן עיסוי עשויה רוז קוו,General,CN,THE WAND אבן עיסוי עשויה רוז קווארץ,,0.00,0.00,false,1.00,34.90,0.00,true,0,
7290118201427,false,לייף טישו קוביה 56 יח מיקי מאוס,לייף,IL,ממחטות נייר רכות במיוחד תלת-שכבתיות מיקי מאוס,,0.00,0.00,false,1.00,6.90,0.12,true,0,
7290118201434,false,לייף טישו קוביה 56 יח מיני מאוס,לייף,IL,ממחטות נייר רכות במיוחד תלת-שכבתיות מיני מאוס,,0.00,0.00,false,1.00,6.90,0.12,true,0,
7290118201557,false,לייף קידס מגן מזרן למיטת יחיד,איתן,,"מגן מזרן - למיטת יחיד 90X200 ס""מ",,0.00,0.00,false,1.00,49.90,49.90,true,0,
7290118201922,false,לייף טישו קופסא 150 יחידות,לייף,IL,טישו 3 שכבות אולטרה סופט,,0.00,0.00,false,1.00,6.90,0.04,true,0,
7290118202134,false,וולנס PRO חטיפי חלבון בוטנים ושוקולד 20,ספץ תעשיות,IL,PRO חטיף עשיר בחלבון בוטנים ושוקולד מריר,,0.00,0.00,false,1.00,138.00,0.00,true,0,
7290118202585,false,לייף וולנס חליטת צאי מסאלה הודי 50 תיונ,לייף,IL,צ'אי מסאלה הודי,,0.00,0.00,false,1.00,29.90,0.59,true,0,
7290118202592,false,לייף וולנס חליטת צאי מסאלה כורכום 50 תיו,לייף,IL,חליטת צ'אי כורכום ללא קפאין,,0.00,0.00,false,1.00,29.90,0.00,true,0,
7290118202608,false,לייף וולנס חליטת תפוח קינמון 50 תיונים,לייף,IL,חליטת תפוחים וקינמון ללא קפאין,,0.00,0.00,false,1.00,29.90,0.00,true,0,
7290118202615,false,לייף וולנס מארז מעורב 4 טעמים 50 תיונים,לייף,IL,שקיקי תה וחליטות ב-4 טעמים,,0.00,0.00,false,1.00,29.90,0.59,true,0,
7290118202851,false,לייף מגן תחתון נורמל 20 יחידות TO GO,היזלמה,IT,מגןן תחתון נורמל TO GO,,0.00,0.00,false,1.00,5.90,0.29,true,0,
7290118203421,false,לייף מוס רחצה ורדים וניל 200 מל,לייף,,מוס רחצה לגוף בניחוח וניל וורדים,,0.00,100.00,false,1.00,12.90,0.00,true,0,
7290118203438,false,לייף תחליב רחצה לידיים ורדים וניל 400 מל,לייף,,תחליב רחצה לגוף ולידיים בניחוח וניל וורדים,,0.00,100.00,false,1.00,14.90,0.00,true,0,
7290118203445,false,לייף קרם גוף ורדים וניל 300 מל,לייף,,קרם גוף בניחוח וניל וורדים,,0.00,100.00,false,1.00,14.90,0.00,true,0,
7290118203476,false,לייף קידס מוס רחצה לילדים ברבי 200 מל,סאסא-טק,IL,מוס רחצה לילדים ברבי,,0.00,100.00,false,1.00,11.90,0.00,true,0,
7290118203575,false,לייף וולנס תה ירוק עם עשב לימון לואיזה50,לייף,,תה ירוק עם עשב לימון לואיזה,,0.00,0.00,false,1.00,29.90,0.59,true,0,
7290118203599,false,לייף וולנס תה ירוק ונענע 50 תיונים,לייף,,תה ירוק ונענע,,0.00,0.00,false,1.00,29.90,0.59,true,0,
7290118203995,false,לייף בייביז חטיף בוטנים +12 חודשים,לייף,IL,חטיף בוטנים +12 חודשים,,0.00,100.00,false,1.00,6.90,0.00,true,0,
7291049177393,false,צעצוע דינוזאור לקקן בפה (12) 11 גרם,General,,,,0.00,0.00,false,1.00,10.00,10.00,true,0,
7291049180706,false,דינוזאור גדל במים בביצה בינונית (6),General,,,,0.00,0.00,false,1.00,20.00,20.00,true,0,
7291049183202,false,שרשרת לב חצוי חד קרן(24),General,,,,0.00,0.00,false,1.00,20.00,20.00,true,0,
7291049188191,false,מאוורר עם כתר חד קרן+סוכריות(12) 5 גרם,General,,,,0.00,0.00,false,1.00,13.00,13.00,true,0,
7291049197360,false,אלבום מדבקות+מדבקות ברבי,General,,,,0.00,0.00,false,1.00,12.00,12.00,true,0,
7291049200596,false,סט אלבום+מדבקות סוניק,General,,,,0.00,0.00,false,1.00,12.00,12.00,true,0,
7291049201555,false,שרוולים מתנפחים סוניק,General,,,,0.00,0.00,false,1.00,16.90,16.90,true,0,
7291049203276,false,כלב סקוושי שלי(12),General,,,,0.00,0.00,false,1.00,10.00,10.00,true,0,
7291049208431,false,מדבקות בולטות מטוסים,General,,,,0.00,0.00,false,1.00,6.00,6.00,true,0,
7291049208448,false,מדבקות בולטות לבבות ופרחים צבעוניים,General,,,,0.00,0.00,false,1.00,6.00,6.00,true,0,
7291049208776,false,"צמיד כפול גליטר נצנצים 6 מ""מ (36)",General,,,,0.00,0.00,false,1.00,4.00,4.00,true,0,
7291049210519,false,קעקועים סוניק(36),General,,,,0.00,0.00,false,1.00,10.00,10.00,true,0,
7296089000267,false,אלו אקטיב מי פה 250מל,זר הייטק,,מי פה ממקור טבעי,"מ""ל",255.00,100.00,false,1.00,19.90,0.00,true,0,
7296089000298,false,"אלו אקטיב מ.שיניים סנסטיב 100 מ""ל אלוורה",זר הייטק,,משחת שיניים מיסוואק,,0.00,0.00,false,1.00,19.90,0.19,true,0,
7296089001646,false,בלנקס וויט שוק ערכה להלבנת שיניים+משחה,זר הייטק,IT,WHITE SHOCK ערכת טיפול להלבנת שיניים + מילוי,,0.00,0.00,false,1.00,99.90,0.00,true,0,
7296089001660,false,בלנקס וויט שוק עט להלבנת שיניים+ערכת טיפ,זר הייטק,IT,WHITE SHOCK עט להלבנת שיניים + ערכת טיפול להלבנת שיניים,,0.00,0.00,false,1.00,129.90,0.00,true,0,
7296089001677,false,אלו אקטיב משחת שיניים פחם להלבנת שיניים,זר הייטק,,משחת שיניים פחם להלבנת שיניים,,0.00,0.00,false,1.00,29.90,0.29,true,0,
7296168003707,false,מגן מזרן מגבת מיטה זוגית,איתן ציוד רפואי,,מגן מזרן מגבת מיטה זוגית,,0.00,0.00,false,1.00,99.90,99.90,true,0,
7296168003721,false,מגן מזרן 120/190,איתן ציוד רפואי,,מגן מזרן 120/190,,0.00,0.00,false,1.00,89.90,89.90,true,0,
7296168076732,false,טופמד מדבקות לפצעונים,איתן,KR,מדבקות לפצעונים,,0.00,0.00,false,1.00,29.90,0.00,true,0,
7296168705113,false,וולטרס קיסמי שיניים דנטליים,ארוינג טישו,,קיסם מברשת לשיניים,,0.00,0.00,false,1.00,25.90,0.00,true,0,
7296179021660,false,מידנייט חמאת גוף 300 מל,שיק תעשיות תמרוקים,IL,חמאת גוף מבושמת,,0.00,100.00,false,1.00,36.90,0.00,true,0,
7296179021677,false,מידנייט WHITE חמאת גוף 300 מל,חלאבין,IL,מידנייט white חמאת גוף,,0.00,100.00,false,1.00,36.90,0.00,true,0,
7296179021707,false,חמאת גוף לאב ליין 300מ'ל,שיק תעשיות תמרוקים,IL,חמאת גוף מבושמת,,0.00,100.00,false,1.00,36.90,0.00,true,0,
7296179021721,false,מידנייט WHITE קרם ידיים 100 מל,General,IL,מידנייט white קרם מועשר לידיים יבשות,,0.00,0.00,false,1.00,10.90,0.10,true,0,
7296179021738,false,מידנייט WHITE דאודורנט רול און 80 מל,General,IL,מידנייט white דאודורנט רול-און עד 48 שעות,,0.00,0.00,false,1.00,21.90,0.00,true,0,
7296179021752,false,מידנייט WHITE קרם גוף 275 מל,חלאבין,IL,מידנייט white קרם גוף,,0.00,100.00,false,1.00,36.90,0.00,true,0,
7296179021769,false,מידנייט WHITE דאודורנט ספריי 187 מל,חלאבין,IL,מידנייט white דאודורנט ספריי,,0.00,100.00,false,1.00,21.90,0.00,true,0,
7296179029642,false,מידנייט WILD דאודורנט רול און 80 מל,חלאבין,IL,מידנייט wild דאודורנט רול-און עד 48 שעות,,0.00,0.00,false,1.00,21.90,0.00,true,0,
7296179029659,false,מידנייט WILD קרם גוף 275 מל,חלאבין,IL,מידנייט wild קרם גוף,,0.00,100.00,false,1.00,36.90,0.00,true,0,
7296179029666,false,מידנייט WILD קרם ידיים 100 מל,חלאבין,IL,מידנייט wild קרם מועשר לידיים יבשות,,0.00,0.00,false,1.00,9.90,0.09,true,0,
7296179029673,false,מידנייט WILD דאודורנט ספריי 187 מל,חלאבין,IL,מידנייט wild דאודורנט ספריי,,0.00,100.00,false,1.00,21.90,0.00,true,0,
7296179029963,false,לאב ליין רוז אריזת שי GARDEN,חלאבין,IL,לאבליין rouge סט GARDEN,,0.00,0.00,false,1.00,74.90,0.00,true,0,
7296179029970,false,מידנייט ווייט אריזת שי GARDEN,חלאבין,IL,מידנייט white סט GARDEN,,0.00,0.00,false,1.00,74.90,0.00,true,0,
7296179029987,false,לאב ליין ווייט אריזת שי GARDEN,חלאבין,IL,לאבליין white סט GARDEN,,0.00,0.00,false,1.00,74.90,0.00,true,0,
7297476275077,false,TAKE ME HOME חולצה ומכנס אפור בהיר 0-3,מיננה,GB,TAKE ME HOME חולצה ומכנס אפור בהיר 0-3,,0.00,0.00,false,1.00,89.90,89.90,true,0,
7297476275084,false,TAKE ME HOME חולצה ומכנס אפור בהיר 3-6,מיננה,GB,TAKE ME HOME חולצה ומכנס אפור בהיר 3-6,,0.00,0.00,false,1.00,89.90,89.90,true,0,
7297476275091,false,TAKE ME HOME חולצה ומכנס אפור בהיר 6-12,מיננה,GB,TAKE ME HOME חולצה ומכנס אפור בהיר 6-12,,0.00,0.00,false,1.00,89.90,89.90,true,0,
7297476275107,false,TAKE ME HOME חולצה ומכנס אפור כהה 0-3,מיננה,GB,חולצה ומכנס אפור כהה 0-3,,0.00,0.00,false,1.00,89.90,89.90,true,0,
7297476275114,false,TAKE ME HOME חולצה ומכנס אפור כהה 3-6,מיננה,GB,חולצה ומכנס אפור כהה 3-6,,0.00,0.00,false,1.00,89.90,89.90,true,0,
7297476275121,false,TAKE ME HOME חולצה ומכנס אפור כהה 6-12,מיננה,GB,חולצה ומכנס אפור כהה 6-12,,0.00,0.00,false,1.00,89.90,89.90,true,0,
7297611230121,false,אוברול עם סינר מיקי אפור 3-6M,לייף,CN,אוברול עם סינר מיקי אפור 3-6M,,0.00,0.00,false,1.00,49.90,0.00,true,0,
7297611230169,false,אוברול עם סינר מיני לבן 6-12M,לייף,CN,אוברול עם סינר מיני לבן 6-12M,,0.00,0.00,false,1.00,49.90,0.00,true,0,
7297611230176,false,אוברול עם סינר מיני לבן 12-18M,לייף,CN,אוברול עם סינר מיני לבן 12-18M,,0.00,0.00,false,1.00,49.90,0.00,true,0,
7298074501018,false,בליסטקס קלאסיק שפתון לשפתיים יבשות וסדוק,מדיליין פריגו,US,קלאסיק - שפתון לשפתיים יבשות וסדוקות,,0.00,100.00,false,1.00,12.90,0.03,true,0,
7298074501063,false,ג'ל ייבוש טיפולי נטול שומן,פריגו,,ג'ל ייבוש טיפולי נטול שומן,,0.00,100.00,false,1.00,62.90,0.04,true,0,
7298074501070,false,"אקניל תחליב 100 מ""ל",(PERRIGO(AGIS,,תחליב לחות טיפולי נטול שומן לטיפול בפצעונים,,0.00,0.00,false,1.00,69.90,0.69,true,0,
7298074501087,false,אקניל רוז קרם פנים 30מל,(PERRIGO(AGIS,,"קרם פנים לטיפול באדמומיות העור, סומק ונימים",,0.00,100.00,false,1.00,99.90,0.03,true,0,
7298074501193,false,מור פה ספריי תות,פריגו,,תרסיס לרענון ומניעת ריח פה בטעם תות,,0.00,1.00,false,1.00,19.90,1.32,true,0,
7298074501551,false,בליסטקס סטיק פרוטקט פלוס SPF30,מדיליין פריגו,US,שפתון פרוטקט פלוס SPF30,,0.00,0.00,false,1.00,15.90,0.00,true,0,
7298074501933,false,בליסטקס משחה טיפולית לשפתיים בטעם דובדבן,מדיליין פריגו,US,משחה טיפולית לשפתיים SPF 15 בטעם דובדבן,,0.00,0.00,false,1.00,19.90,0.00,true,0,
7298074501995,false,בליסטקס סטיק אולטרא SPF50,מדיליין פריגו,US,שפתון אולטרא SPF50,,0.00,0.00,false,1.00,15.90,0.00,true,0,
7298074502015,false,בליסטקס ליפ סרום - בליסטר,מדיליין פריגו,US,בליסטקס ליפ סרום,,0.00,0.00,false,1.00,29.90,0.00,true,0,
7298074502220,false,בליסטקס ליפ אינפיוזן סגול NOURISH,מדיליין פריגו,US,שפתון ליפ אינפיוז'ן סגול NOURISH,,0.00,0.00,false,1.00,19.90,0.00,true,0,
7298074502268,false,בליסטקס ליפ אינפיוזן כחול HYDRATION,מדיליין פריגו,US,שפתון ליפ אינפיוז'ן כחול HYDRATION,,0.00,0.00,false,1.00,19.90,0.00,true,0,
7298074502343,false,אקניל מוס ניקוי טיפולי נטול שומן לעור מע,פריגו,IL,מוס ניקוי טיפולי - נטול שומן לעור מעורב,,0.00,100.00,false,1.00,79.90,0.00,true,0,
7298074502350,false,ACNIL מארז התנסות:תרחיץ פנים+ תחליב לחות,פריגו,IL,מארז התנסות: תחליב לחות והגנה + תרחיץ פנים טיפולי,,0.00,0.00,false,1.00,69.90,0.00,true,0,
7298074502374,false,בליסטקס ליפ אינפיוזן כתום,מדיליין פריגו,US,שפתון ליפ אינפיוז'ן כתום RESTORE,,0.00,0.00,false,1.00,19.90,0.00,true,0,
7298074502381,false,בליסטקס ליפ אינפיוזן ירוק,מדיליין פריגו,US,שפתון ליפ אינפיוז'ן ירוק SOOTHING,,0.00,0.00,false,1.00,19.90,0.00,true,0,
7298074502398,false,בליסטקס משחה טיפולית - בליסטר,מדיליין פריגו,US,בליסטקס משחה טיפולית לשפתיים SPF15 - בליסטר,,0.00,0.00,false,1.00,29.90,0.00,true,0,
7298171183964,false,שמיכת פלנל פרווה 185/125 עיצוב מיני מאוס,לייף,,"כרבולית פליז מפנקת שתי שכבות עיצוב מיני מאוס 185/125 ס""מ",,0.00,0.00,false,1.00,69.90,0.00,true,0,
7332531063135,false,"ספריי לשיער סאיוס סרמיד לחיזוק 400 מ""ל",שוורצקופף והנקל,DE,ספריי לשיער סרמיד,,0.00,100.00,false,1.00,47.90,0.00,true,0,
7350068604096,false,CCS קרם טיפולי לרגליים סדוקות 75 מל,כמיפל שיווק,SE,קרם טיפולי לרגליים סדוקות,,0.00,100.00,false,1.00,59.90,0.00,true,0,
7350068604102,false,CCS קרם רגליים טיפולי 175 מל,כמיפל שיווק,SE,קרם רגליים טיפולי,,0.00,100.00,false,1.00,69.90,0.00,true,0,
7350068604119,false,CCS קרם ידיים טיפולי 200 מל,כמיפל שיווק,SE,קרם ידיים טיפולי,,0.00,100.00,false,1.00,69.90,0.00,true,0,
7350075691393,false,THE HUMBLE קיסם חוט דנטלי כפול 36י יח' פחם,זר הייטק,CN,קיסמי שיניים חוט דנטלי כפול עם ידית - תירס,,0.00,0.00,false,1.00,11.90,0.33,true,0,
7350075691409,false,THE HUMBLE קיסם חוט דנטלי כפול 36י יח' תירס,זר הייטק,CN,קיסמי שיניים חוט דנטלי כפול עם ידית - פחם,,0.00,0.00,false,1.00,11.90,0.33,true,0,
7350075692604,false,THE HUMBLE מקלוני אוזניים עץ לבן ספירלה 100,זר הייטק,CN,מקלוני ספירלה צמר גפן ובמבוק,,0.00,0.00,false,1.00,6.90,0.00,true,0,
7350075693564,false,THE HUMBLE פראוד מברשת שיניים למבוגרים,זר הייטק,CN,פראוד מברשת שיניים במבוק למבוגרים סופט - בצבעי הקשת,,0.00,0.00,false,1.00,15.00,0.00,true,0,
7350075693809,false,THE HUMBLE זוג מברשות שיניים סנסטיב ממקו,זר הייטק,CN,מברשות שיניים סנסטיב ממקור צמחי,,0.00,0.00,false,1.00,21.90,0.00,true,0,
7509546057545,false,ליידי ספיד סטיק דרמה פנינה סטיק,קולגייט פלמוליב,US,דאודורנט סטיק פרו 5,,0.00,100.00,false,1.00,25.90,0.00,true,0,
7509546061160,false,"משחת שיניים לילדים מיניונים 2-5 75 מ""ל קולגייט",קולגייט פלמוליב,PL,משחת שיניים לילדים מיניונים בגילאי 2-6 בטעם פירות נהדר,,0.00,100.00,false,1.00,17.90,0.00,true,0,
7509546061665,false,דאודורנט סטיק ג'ל לגבר 24/7 אקסטרים אינטנס,קולגייט פלמוליב,US,דאודורנט ג'ל אקסטרים אינטנס,,0.00,100.00,false,1.00,31.90,0.00,true,0,
7509546061672,false,דאודורנט סטיק אקסטרים אינטנס,קולגייט פלמוליב,US,דאודורנט סטיק אקטסרים,,0.00,100.00,false,1.00,25.90,0.00,true,0,
7509546063515,false,ליידי ספיד סטיק -סטיק פרו 5 ספריי 150 מל,קולגייט פלמוליב,MX,PRO 5 דאודורנט ספריי,,0.00,100.00,false,1.00,24.90,0.00,true,0,
<<<<<<< HEAD
7509546663135,false,קולגייט משחת שיניים זירו פפרמינט 98 מל,שסטוביץ-ריו,PL,משחת שיניים זירו פפרמינט ללא חומרים מלאכותיים,,0.00,100.00,false,1.00,36.90,0.00,true,0,
=======
7509546663135,false,קולגייט משחת שיניים זירו פפרמינט 98 מל,ש.שסטוביץ בעמ,PL,משחת שיניים זירו פפרמינט ללא חומרים מלאכותיים,,0.00,100.00,false,1.00,36.90,0.00,true,0,
>>>>>>> d048ac2f4f281c9d788043ab4e81b61b0dbe3743
7509546666846,false,"קולגייט טוטאל משחת שיניים פחם 75 מ""ל",קולגייט פלמוליב,PL,משחת שיניים טוטאל פחם,,0.00,100.00,false,1.00,21.90,0.00,true,0,
7509546669144,false,ספיד סטיק דאו גל פיל אטרקטיב 85 גרם,שסטוביץ,US,דאודורנט ג'ל פיל אטרקטיב,,0.00,100.00,false,1.00,31.90,0.00,true,0,
7509546671314,false,ליידי ספיד סטיק זירו קוקוס סטיק 40 גרם,General,US,דאודורנט סטיק זירו בניחוח קוקוס מרענן,,0.00,100.00,false,1.00,29.90,0.00,true,0,
7509546671376,false,ליידי ספיד סטיק זירו ורד סטיק 40 גרם,General,US,דאודורנט סטיק זירו בניחוח עלי כותרת של ורדים,,0.00,100.00,false,1.00,29.90,0.00,true,0,
7509546678702,false,קולגייט משחת שיניים טוטל אנטי טרטר 100 מ,קולגייט-פלמוליב,PL,משחת שיניים טוטאל עם פלואוריד למניעת אבן שן,,0.00,0.00,false,1.00,21.90,0.21,true,0,
7610458007440,false,מברשת שיניים 3 שורות M27 עם אינטרספייס 744,פארו paro,,מברשת שיניים דקה 3 שורות ידית קצרה עם אינטרספייס 744 M27,,0.00,0.00,false,1.00,26.90,0.00,true,0,
7610458010037,false,מברשת אינטרספייס דו צדדית 1003,פארו paro,,מברשת אינטרספייס דו צדדית 1003,,0.00,0.00,false,1.00,35.90,0.00,true,0,
7610458010105,false,"מברשת בין שינית 2.0-6.0 מ""מ ללא ידית 1010",פארו paro,,איזולה מברשת ספירלית 1010,,0.00,0.00,false,1.00,61.90,0.00,true,0,
7610458010136,false,מברשת אינטרספייס 1013,פארו paro,,מברשת אינטרספייס לניקוי קו השיניים 1013,,0.00,0.00,false,1.00,42.90,7.15,true,0,
7610458010143,false,"מברשת בין שינית 2.5 מ""מ ללא ידית 1014",פארו paro,,איזולה מברשת ספירלית 1014,,0.00,0.00,false,1.00,61.90,0.00,true,0,
7610458010150,false,"מברשת בין שינית 5.0 מ""מ ללא ידית 1015",פארו paro,,איזולה מברשת ספירלית 1015,,0.00,0.00,false,1.00,61.90,0.00,true,0,
7610458010167,false,פארו מברשת 1016איזולה,סיראם,,איזולה מברשת ספירלית 1016,,0.00,0.00,false,1.00,61.90,0.00,true,0,
7610458010303,false,פארו 1030 ערכת סליידר ידית עם 3 מברשות,סיראם,CH,1030 ערכת סליידר הכוללת ידית עם 3 מברשות בין שיניות,,0.00,0.00,false,1.00,99.90,0.00,true,0,
7610458010402,false,ידית למברשת איזולה 1040,פארו paro,,מברשת איזולה 1040 חד צדדית,,0.00,0.00,false,1.00,32.90,0.00,true,0,
7610458010419,false,"מברשת בין שינית 3.0 מ""מ להרכבה על ידית 1041",פארו paro,,איזולה מברשת ספירלית 1041,,0.00,0.00,false,1.00,42.90,8.58,true,0,
7610458010433,false,פארו מברשת 1043 ספירלית,סיראם,,מברשת ספירלית איזולה 1043,,0.00,0.00,false,1.00,39.90,7.98,true,0,
7610458010440,false,"מברשת בין שינית 2.5 מ""מ להרכבה על ידית 1044",פארו paro,,"מברשת ספירלית איזולה 1044 2.5 מ""מ",,0.00,0.00,false,1.00,42.90,8.58,true,0,
7610458010464,false,"מברשת בין שינית 3/7 מ""מ להרכבה על ידית 1046",פארו paro,,מברשת ספירלית איזולה 1046,,0.00,0.00,false,1.00,40.90,8.18,true,0,
7610458010488,false,"מברשת בין שינית 1.7 מ""מ להרכבה על ידית 1048",פארו paro,,איזולה מברשת ספירלית 1048,,0.00,0.00,false,1.00,40.90,8.18,true,0,
7610458010495,false,"מברשת בין שינית 1.9/5.0 מ""מ להרכבה על ידית 1049",פארו paro,,"מברשת ספרילית איזולה קצרה 1.9/5 מ""מ 1049",,0.00,0.00,false,1.00,40.90,8.18,true,0,
7610458010617,false,פארו מברשת 1061 קיסם לידית,סיראם,,קיסם מבריש לניקוי השיניים 1061,,0.00,0.00,false,1.00,58.90,5.89,true,0,
7610458010723,false,פלקסי גריפ 1072 1.7 ממ,סיראם,,פלקסי גריפ מברשת ספירלית,,0.00,0.00,false,1.00,40.90,10.22,true,0,
7610458010730,false,פלקסי גריפ 1073 1.9 ממ,סיראם,,פלקסי גריפ מברשת ספירלית 1073,,0.00,0.00,false,1.00,40.90,0.00,true,0,
7610458010792,false,פארו 1079 מברשת בין שינית עם ידית אחיזה,סיראם,,פלקסי גריפ מברשת ספירלית 1079,,0.00,0.00,false,1.00,40.90,0.00,true,0,
7610458010839,false,פארו פלקסי גריפ 1083 מברשת בין שינית+ידי,סיראם,CH,פלקסי גריפ 1083 מברשת בין שינית 0.65MM*3.8MM ירוק,,0.00,0.00,false,1.00,40.90,10.22,true,0,
7610458017500,false,קיסמי שיניים מעץ סולידוקס 1750,פארו paro,,סולידוקס קיסמי עץ 1750,,0.00,0.00,false,1.00,34.90,0.36,true,0,
7610458017517,false,פארו קיסמים 1751,סיראם,,קיסמי עץ מיקרו 1751,,0.00,0.00,false,1.00,34.90,0.36,true,0,
7610458017555,false,קיסמי שיניים מעץ פרש-סטיק בטעם מנטה 1755,פארו paro,,קיסמי שיניים פרש סטיק מעץ גודל מדיום בטעם מנטה,,0.00,0.00,false,1.00,36.90,0.38,true,0,
7610458017623,false,חוט דנטלי גלייד-טייפ מטפלון 1762,פארו paro,,גלייד טייפ חוט דנטלי מטפלון 1762,,0.00,1.00,false,1.00,34.90,1.74,true,0,
7610458107096,false,709-מברשת רכה 4 שורות אינטרספייס ירוק בה,סיראם,CH,709-מברשת שיניים רכה 4 שורות אינטרספייס ירוק בהיר,,0.00,0.00,false,1.00,25.90,0.00,true,0,
7610458107140,false,714-מברשת שיניים רכה במיוחד 5 שורות ירוק,סיראם,,714-מברשת שיניים רכה במיוחד 5 שורות ירוק בהיר,,0.00,0.00,false,1.00,28.90,0.00,true,0,
7610458107157,false,715-מברשת שיניים רכה 5 שורות ירוק בהיר,סיראם,CH,715-מברשת שיניים רכה 5 שורות ירוק בהיר,,0.00,0.00,false,1.00,28.90,0.00,true,0,
7610458107263,false,פארו 726-מברשת שיניים רכה במיוחד ירוק בה,סיראם,,726-מברשת שיניים רכה במיוחד - ירוק בהיר,,0.00,0.00,false,1.00,29.90,0.00,true,0,
7610458107393,false,739-מברשת רכה 3 שורות אינטרספייס ירוק בה,סיראם,CH,739-מברשת שיניים רכה 3 שורות אינטרספייס ירוק בהיר,,0.00,0.00,false,1.00,25.90,0.00,true,0,
7610458107447,false,744-מברשת שיניים 3 שורות אינטרספייס ירוק,סיראם,CH,744-מברשת שיניים 3 שורות אינטרספייס ירוק בהיר,,0.00,0.00,false,1.00,26.90,0.00,true,0,
7610458207093,false,709-מברשת רכה 4 שורות אינטרספייס טורקיז,סיראם,CH,709-מברשת שיניים רכה 4 שורות אינטרספייס טורקיז,,0.00,0.00,false,1.00,25.90,0.00,true,0,
7610458207147,false,714-מברשת שיניים רכה במיוחד 5 שורות טורק,סיראם,,714-מברשת שיניים רכה במיוחד 5 שורות טורקיז,,0.00,0.00,false,1.00,28.90,0.00,true,0,
7610458207154,false,715-מברשת שיניים רכה 5 שורות טורקיז,סיראם,CH,715-מברשת שיניים רכה 5 שורות טורקיז,,0.00,0.00,false,1.00,28.90,0.00,true,0,
7610458207260,false,פארו 726-מברשת שיניים רכה במיוחד טורקיז,סיראם,,726-מברשת שיניים רכה במיוחד - טורקיז,,0.00,0.00,false,1.00,29.90,0.00,true,0,
7610458207390,false,739-מברשת רכה 3 שורות אינטרספייס טורקיז,סיראם,CH,739-מברשת שיניים רכה 3 שורות אינטרספייס טורקיז,,0.00,0.00,false,1.00,25.90,0.00,true,0,
7610458207444,false,744-מברשת שיניים 3 שורות אינטרספייס טורק,סיראם,CH,744-מברשת שיניים 3 שורות אינטרספייס טורקיז,,0.00,0.00,false,1.00,26.90,0.00,true,0,
7610458307090,false,709-מברשת רכה 4 שורות אינטרספייס תכלת,סיראם,CH,709-מברשת שיניים רכה 4 שורות אינטרספייס תכלת,,0.00,0.00,false,1.00,25.90,0.00,true,0,
7610458307144,false,714-מברשת שיניים רכה במיוחד 5 שורות תכלת,סיראם,,714-מברשת שיניים רכה במיוחד 5 שורות תכלת,,0.00,0.00,false,1.00,28.90,0.00,true,0,
7610458307151,false,715-מברשת שיניים רכה 5 שורות תכלת,סיראם,CH,715-מברשת שיניים רכה 5 שורות תכלת,,0.00,0.00,false,1.00,28.90,0.00,true,0,
7610458307267,false,פארו 726-מברשת שיניים רכה במיוחד כחול בה,סיראם,CH,726-מברשת שיניים רכה במיוחד - כחול בהיר,,0.00,0.00,false,1.00,29.90,0.00,true,0,
7610458307397,false,739-מברשת רכה 3 שורות אינטרספייס תכלת,סיראם,CH,739-מברשת שיניים רכה 3 שורות אינטרספייס תכלת,,0.00,0.00,false,1.00,25.90,0.00,true,0,
7610458307441,false,744-מברשת שיניים 3 שורות אינטרספייס תכלת,סיראם,CH,744-מברשת שיניים 3 שורות אינטרספייס תכלת,,0.00,0.00,false,1.00,26.90,0.00,true,0,
7610458309209,false,920-מברשת לתותבות/פלטות אורטודנטיות תכלת,סיראם,,920-מברשת לתותבות/פלטות אורטודנטיות תכלת,,0.00,0.00,false,1.00,38.90,0.00,true,0,
7610458407097,false,709-מברשת רכה 4 שורות אינטרספייס כחול כה,סיראם,CH,709-מברשת שיניים רכה 4 שורות אינטרספייס כחול כהה,,0.00,0.00,false,1.00,25.90,0.00,true,0,
7610458407141,false,714-מברשת שיניים רכה במיוחד 5 שורות כחול,סיראם,,714-מברשת שיניים רכה במיוחד 5 שורות כחול כהה,,0.00,0.00,false,1.00,28.90,0.00,true,0,
7610458407158,false,715-מברשת שיניים רכה 5 שורות כחול כהה,סיראם,CH,715-מברשת שיניים רכה 5 שורות כחול כהה,,0.00,0.00,false,1.00,28.90,0.00,true,0,
7610458407264,false,פארו 726-מברשת שיניים רכה במיוחד כחול כה,סיראם,CH,726-מברשת שיניים רכה במיוחד - כחול כהה,,0.00,0.00,false,1.00,29.90,0.00,true,0,
7610458407394,false,739-מברשת רכה 3 שורות אינטרספייס כחול כה,סיראם,CH,739-מברשת שיניים רכה 3 שורות אינטרספייס כחול כהה,,0.00,0.00,false,1.00,25.90,0.00,true,0,
7610458407448,false,744-מברשת שיניים 3 שורות אינטרספייס כחול,סיראם,CH,744-מברשת שיניים 3 שורות אינטרספייס כחול כהה,,0.00,0.00,false,1.00,26.90,0.00,true,0,
7610458507094,false,709-מברשת רכה 4 שורות אינטרספייס כתום,סיראם,CH,709-מברשת שיניים רכה 4 שורות אינטרספייס כתום,,0.00,0.00,false,1.00,25.90,0.00,true,0,
7610458507148,false,714-מברשת שיניים רכה במיוחד 5 שורות כתום,סיראם,,714-מברשת שיניים רכה במיוחד 5 שורות כתום,,0.00,0.00,false,1.00,28.90,0.00,true,0,
7610458507155,false,715-מברשת שיניים רכה 5 שורות כתום,סיראם,CH,715-מברשת שיניים רכה 5 שורות כתום,,0.00,0.00,false,1.00,28.90,0.00,true,0,
7610458507261,false,פארו 726-מברשת שיניים רכה במיוחד כתום,סיראם,CH,726-מברשת שיניים רכה במיוחד - כתום,,0.00,0.00,false,1.00,29.90,0.00,true,0,
7610458507391,false,739-מברשת רכה 3 שורות אינטרספייס כתום,סיראם,CH,739-מברשת שיניים רכה 3 שורות אינטרספייס כתום,,0.00,0.00,false,1.00,25.90,0.00,true,0,
7610458507445,false,744-מברשת שיניים 3 שורות אינטרספייס כתום,סיראם,CH,744-מברשת שיניים 3 שורות אינטרספייס כתום,,0.00,0.00,false,1.00,26.90,0.00,true,0,
7610458509203,false,920-מברשת לתותבות/פלטות אורטודנטיות כתום,סיראם,,920-מברשת לתותבות/פלטות אורטודנטיות כתום,,0.00,0.00,false,1.00,38.90,0.00,true,0,
7610458607091,false,709-מברשת רכה 4 שורות אינטרספייס ורוד,סיראם,CH,709-מברשת שיניים רכה 4 שורות אינטרספייס ורוד,,0.00,0.00,false,1.00,25.90,0.00,true,0,
7610458607145,false,714-מברשת שיניים רכה במיוחד 5 שורות ורוד,סיראם,,714-מברשת שיניים רכה במיוחד 5 שורות ורוד,,0.00,0.00,false,1.00,28.90,0.00,true,0,
7610458607152,false,715-מברשת שיניים רכה 5 שורות ורוד,סיראם,CH,715-מברשת שיניים רכה 5 שורות ורוד,,0.00,0.00,false,1.00,28.90,0.00,true,0,
7610458607268,false,פארו 726-מברשת שיניים רכה במיוחד ורוד,סיראם,CH,726-מברשת שיניים רכה במיוחד - ורוד,,0.00,0.00,false,1.00,29.90,0.00,true,0,
7610458607398,false,739-מברשת רכה 3 שורות אינטרספייס ורוד,סיראם,CH,739-מברשת שיניים רכה 3 שורות אינטרספייס ורוד,,0.00,0.00,false,1.00,25.90,0.00,true,0,
7610458607442,false,744-מברשת שיניים 3 שורות אינטרספייס ורוד,סיראם,CH,744-מברשת שיניים 3 שורות אינטרספייס ורוד,,0.00,0.00,false,1.00,26.90,0.00,true,0,
7610458609200,false,920-מברשת לתותבות/פלטות אורטודנטיות סגול,סיראם,,920-מברשת לתותבות/פלטות אורטודנטיות סגול,,0.00,0.00,false,1.00,38.90,0.00,true,0,
7611916124877,false,וולדה סקראב פניני שעווה לניקוי עמוק 150,סמואלוב,DE,סקראב פניני שעווה לניקוי עמוק,,0.00,100.00,false,1.00,69.90,0.00,true,0,
7611916160752,false,וולדה גל רחצה ארומטי HARMONY,סמואלוב,DE,ג'ל רחצה ארומטי HARMONY,,0.00,100.00,false,1.00,44.90,0.00,true,0,
7611916160769,false,וולדה תחליב רחצה ארומטי LOVE,סמואלוב,DE,תחליב רחצה ארומטי LOVE,,0.00,100.00,false,1.00,44.90,0.00,true,0,
7611916160776,false,וולדה תחליב רחצה ארומטי RELAX,סמואלוב,DE,תחליב רחצה ארומטי RELAX,,0.00,100.00,false,1.00,44.90,0.00,true,0,
7611916357756,false,וולדה תרסיס לחות לעור הפנים,סמואלוב,DE,תרסיס לחות לעור הפנים,,0.00,0.00,false,1.00,69.90,0.69,true,0,
7613035829831,false,מטרנה מארז 6 בקבוקים שלב 1 מוכנים לשימוש,אסם,IL,מארז בקבוקים ופטמות מוכנים לשימוש שלב 1,,0.00,100.00,false,1.00,34.90,0.00,true,0,
<<<<<<< HEAD
7613036880534,false,גרבר מחית ירקות מעורבים מטרנה 190 גר',נסטלה פולסקה אס.איי,PL,מחית מרק ירקות מעורבים,,0.00,100.00,false,1.00,6.90,0.00,true,0,
7613037012200,false,גרבר מחית תפוח גזר ומנגו 90 גרם פאוץ,"מפעל סברס, נסטלה ספרד ס.",PL,מחית תפוח גזר ומנגו +6 חודשים,,0.00,100.00,false,1.00,5.90,0.00,true,0,
7613039547632,false,גרבר מחית תפוח בננה ותות 90 גרם פאוץ,שוורצקוף& הנקל דיסלד,ES,מחית תפוח בננה ותות +6 חודשים,,0.00,100.00,false,1.00,5.90,0.00,true,0,
7613039547731,false,גרבר מחית תפוח עץ ומשמש 90 גרם פאוץ,"מפעל סברס, נסטלה ספרד ס.",ES,מחית תפוח עץ ומשמש +6 חודשים,,0.00,100.00,false,1.00,5.90,0.00,true,0,
7613039547922,false,גרבר מחית אגס תפוח ובננה 90 גרם פאוץ,נסטלה ספרד,ES,מחית אגס תפוח ובננה +6 חודשים,,0.00,100.00,false,1.00,5.90,0.00,true,0,
7613039879382,false,גרבר - מחית תפוחי עץ 190 גרם,נסטלה פולסקה אס.איי,PL,מחית תפוחי עץ 6+ חודשים,,0.00,100.00,false,1.00,6.90,0.00,true,0,
7613039880807,false,גרבר מחית תפוח וגזר 190 גרם,נסטלה פולסקה אס.איי,PL,מחית תפוח גזר,,0.00,100.00,false,1.00,6.90,0.00,true,0,
7613039881521,false,גרבר מחית מרק מנגו 190 גרם,נסטלה פולסקה אס.איי,PL,מחית מנגו,,0.00,100.00,false,1.00,6.90,0.00,true,0,
7613039881965,false,גרבר מחית גזר תפוח ומנגו 190 גרם,נסטלה פולסקה אס.איי,PL,מחית גזר תפוח ומנגו,,0.00,100.00,false,1.00,6.90,0.00,true,0,
7613039882030,false,גרבר מחית תפוח גזר בטטה 6*190 גרם,נסטלה פולסקה אס.איי,PL,מחית תפוח גזר בטטה,,0.00,100.00,false,1.00,6.90,0.00,true,0,
7613287155832,false,גרבר מחית תפוחי עץ 90 גרם פאוץ,"מפעל סברס, נסטלה ספרד ס.",ES,מחית תפוחי עץ +6 חודשים,,0.00,100.00,false,1.00,5.90,0.00,true,0,
7613287155863,false,מטרנה מחית אגס פאוץ' 90 גר',"מפעל סברס, נסטלה ספרד ס.",ES,מחית אגס +6 חודשים,,0.00,100.00,false,1.00,5.90,0.00,true,0,
7613287155894,false,"גרבר מחית אפרסק פאוץ כשל""פ 90 גרם","מפעל סברס, נסטלה ספרד ס.",ES,מחית אפרסק +6 חודשים,,0.00,100.00,false,1.00,5.90,0.00,true,0,
7613287155924,false,מטרנה מחית תפוח וגזר פאוץ' 90 גר',"מפעל סברס, נסטלה ספרד ס.",ES,מחית תפוח גזר +6 חודשים,,0.00,100.00,false,1.00,5.90,0.00,true,0,
7613287181411,false,ויטמינציק מחית סלט פירות 110 גרם,"טרופיקל דגיל בע""מ אז",ES,מחית סלט פירות,,0.00,100.00,false,1.00,5.90,0.00,true,0,
7613287182326,false,ויטמינציק מחית בננה תפוח 110 גרם,"נסטלה ספרד ס.א, מפעל",ES,מחית בננה תפוח,,0.00,100.00,false,1.00,5.90,0.00,true,0,
7613287182357,false,מחית אגס תפוח ופירות יער ויטמינצ'יק 110 ג',נסטלה,ES,מחית אגס תפוח ופירות יער,,0.00,100.00,false,1.00,5.90,0.00,true,0,
7613287182425,false,ויטמינציק מחית תפוח בננה ותות 110 גרם,"טרופיקל דגיל בע""מ אז",ES,מחית תפוח בננה ותות,,0.00,100.00,false,1.00,5.90,0.00,true,0,
7613287182456,false,ויטמינציק מחית אגס בננה תפוח 110 גרם,"נסטלה ספרד ס.א, מפעל",ES,מחית אגס בננה תפוח,,0.00,100.00,false,1.00,5.90,0.00,true,0,
7613287186928,false,סטארבקס קפסולות קפה ברקפסט רוסט 10יח,נסטלה שוויץ - קפה,CH,קפסולות קפה ברקפסט רוסט,,0.00,0.00,false,1.00,21.90,2.19,true,0,
7613287302373,false,סטארבקס קפסולות איטליאן סטייל רוסט 56 גרם,נסטלה שוויץ - קפה,PT,קפסולות קפה איטליאן סטייל רוסט,,0.00,0.00,false,1.00,21.90,2.19,true,0,
7613287855640,false,סטארבקס קפסולות קפה גוואטמלה 10 יחידות,נסטלה שוויץ - קפה,CH,קפסולות קפה גוואטמלה,,0.00,0.00,false,1.00,21.90,2.19,true,0,
7614500035788,false,טובלרון שוקולד חלב 200 גרם,מונדלייז,CH,שוקולד חלב,,0.00,100.00,false,1.00,19.90,0.00,true,0,
7622010001858,false,עוגיות אוראו ממולאות קרם וניל 176 גרם.,פי אר ג'\יי אס אי מנדלז,CZ,עוגיות ממולאות קרם וניל,,0.00,100.00,false,1.00,10.90,0.00,true,0,
7622201127206,false,מילקה ממרח אגוזי לוז 350 ג',"נטרה מלה אנ.וי,",AT,ממרח שוקולד,,0.00,100.00,false,1.00,19.90,0.00,true,0,
7622201127367,false,מילקה אוראו מיניס שוקולד לבן 153 גרם,פי.אר.ג'\יי.אס.סי מונדלז,PL,אוראו מיניס שוקולד לבן,,0.00,100.00,false,1.00,16.90,0.00,true,0,
7622201500702,false,אוראו רמיקס 157 גרם דאבל קרם פטל וניל,דיפלומט,ES,רמיקס - דאבל קרם פטל וניל,,0.00,100.00,false,1.00,9.90,0.00,true,0,
7622201500733,false,עוגיות אוראו רמיקס דאבל קרם קרמל וניל157,דיפלומט,ES,רמיקס - דאבל קרם קרמל וניל,,0.00,100.00,false,1.00,9.90,0.00,true,0,
7622201502515,false,עוגיות מילקה קוקי לופ שוקולד צ'יפס,גיורי קייקס קייאפטי,HU,קוקי לופ עוגיות,,0.00,100.00,false,1.00,17.90,0.00,true,0,
7622201801809,false,מילקה שוקולד חלב עם אגוזים 100 גרם חדש,מנדלז דויצ'\לנד סנקס פרו,,שוקולד חלב עם אגוזים,,0.00,0.00,false,1.00,9.90,0.09,true,0,
7622201802363,false,מילקה טבלת שוקולד חלב וצימוקים ואגוזים 100ג',מנדלז דויצ'\לנד סנקס פרו,PL,שוקולד חלב עם צימוקים ואגוזים,,0.00,0.00,false,1.00,9.90,0.09,true,0,
7622201802394,false,שוקולד מילקה חלב מסרונים 100 גרם,מנדלז דויצ'\לנד סנקס פרו,PL,שוקולד חלב,,0.00,0.00,false,1.00,9.90,0.09,true,0,
7622201808631,false,אוראו מיני עוגיות ממולאות קרם וניל 67גרם,פי.טי. מונדלז אינדונ,ID,מיני עוגיות סנדוויץ' בטעם שוקולד ממולאות קרם בטעם וניל,,0.00,100.00,false,1.00,9.90,0.00,true,0,
7622201809188,false,ביסקוויט עם שוקולד חלב מילקה,מונדלז פרנס ביסקוויט פרו,PL,ביסקוויטים מצופים שוקולד חלב,,0.00,100.00,false,1.00,18.90,0.00,true,0,
7622201813390,false,עוגיות מילקה וואפל במילוי קרם קקאו 150 ג,מונדליז סי.אר. ביסקוויט,CZ,וופלים ממולאים קרם קקאו,,0.00,100.00,false,1.00,16.90,0.00,true,0,
7622201819170,false,שוקולד מילקה דרק שקדים 85 גרם.,מונדלז דויטשלנד סנאק,DE,דארק שוקולד מריר מעולה ושקדים קצוצים,,0.00,100.00,false,1.00,10.90,0.00,true,0,
=======
7613036880534,false,גרבר מחית ירקות מעורבים מטרנה 190 גר',קבוצת אוסם סחר שותפות מוגבלת,PL,מחית מרק ירקות מעורבים,,0.00,100.00,false,1.00,6.90,0.00,true,0,
7613037012200,false,גרבר מחית תפוח גזר ומנגו 90 גרם פאוץ,קבוצת אוסם סחר שותפות מוגבלת,PL,מחית תפוח גזר ומנגו +6 חודשים,,0.00,100.00,false,1.00,5.90,0.00,true,0,
7613039547632,false,גרבר מחית תפוח בננה ותות 90 גרם פאוץ,קבוצת אוסם סחר שותפות מוגבלת,ES,מחית תפוח בננה ותות +6 חודשים,,0.00,100.00,false,1.00,5.90,0.00,true,0,
7613039547731,false,גרבר מחית תפוח עץ ומשמש 90 גרם פאוץ,קבוצת אוסם סחר שותפות מוגבלת,ES,מחית תפוח עץ ומשמש +6 חודשים,,0.00,100.00,false,1.00,5.90,0.00,true,0,
7613039547922,false,גרבר מחית אגס תפוח ובננה 90 גרם פאוץ,קבוצת אוסם סחר-שות.מוגבלת,ES,מחית אגס תפוח ובננה +6 חודשים,,0.00,100.00,false,1.00,5.90,0.00,true,0,
7613039879382,false,מחית תפוח עץ 190 גר` גרבר כשר לפסח,קבוצת אוסם סחר שותפות מוגבלת,PL,מחית תפוחי עץ 6+ חודשים,,0.00,100.00,false,1.00,6.90,0.00,true,0,
7613039880807,false,גרבר מחית תפוח וגזר 190 גרם,קבוצת אוסם סחר שותפות מוגבלת,PL,מחית תפוח גזר,,0.00,100.00,false,1.00,6.90,0.00,true,0,
7613039881521,false,גרבר מחית מרק מנגו 190 גרם,קבוצת אוסם סחר שותפות מוגבלת,PL,מחית מנגו,,0.00,100.00,false,1.00,6.90,0.00,true,0,
7613039881965,false,גרבר מחית גזר תפוח ומנגו 190 גרם,קבוצת אוסם סחר שותפות מוגבלת,PL,מחית גזר תפוח ומנגו,,0.00,100.00,false,1.00,6.90,0.00,true,0,
7613039882030,false,גרבר מחית תפוח גזר בטטה 6*190 גרם,קבוצת אוסם סחר-שות.מוגבלת,PL,מחית תפוח גזר בטטה,,0.00,100.00,false,1.00,6.90,0.00,true,0,
7613287155832,false,מחית תפוח פאוץ 90 גר`גרבר כשלפ,קבוצת אוסם סחר שותפות מוגבלת,ES,מחית תפוחי עץ +6 חודשים,,0.00,100.00,false,1.00,5.90,0.00,true,0,
7613287155863,false,מחית אגס פאוץ 90 גר`גרבר כשלפ,קבוצת אוסם סחר שותפות מוגבלת,ES,מחית אגס +6 חודשים,,0.00,100.00,false,1.00,5.90,0.00,true,0,
7613287155894,false,"גרבר מחית אפרסק פאוץ כשל""פ 90 גרם",קבוצת אוסם סחר שותפות מוגבלת,ES,מחית אפרסק +6 חודשים,,0.00,100.00,false,1.00,5.90,0.00,true,0,
7613287155924,false,מטרנה מחית תפוח וגזר פאוץ' 90 גר',קבוצת אוסם סחר-שות.מוגבלת,ES,מחית תפוח גזר +6 חודשים,,0.00,100.00,false,1.00,5.90,0.00,true,0,
7613287181411,false,ויטמינציק מחית סלט פירות 110 גרם,קבוצת אוסם סחר שותפות מוגבלת,ES,מחית סלט פירות,,0.00,100.00,false,1.00,5.90,0.00,true,0,
7613287182326,false,ויטמינציק מחית בננה תפוח 110 גרם,קבוצת אוסם סחר-שות.מוגבלת,ES,מחית בננה תפוח,,0.00,100.00,false,1.00,5.90,0.00,true,0,
7613287182357,false,מחית אגס תפוח ופירות יער ויטמינצ'יק 110 ג',קבוצת אוסם סחר שותפות מוגבלת,ES,מחית אגס תפוח ופירות יער,,0.00,100.00,false,1.00,5.90,0.00,true,0,
7613287182425,false,ויטמינציק מחית תפוח בננה ותות 110 גרם,קבוצת אוסם סחר שותפות מוגבלת,ES,מחית תפוח בננה ותות,,0.00,100.00,false,1.00,5.90,0.00,true,0,
7613287182456,false,ויטמינציק מחית אגס בננה תפוח 110 גרם,קבוצת אוסם סחר שותפות מוגבלת,ES,מחית אגס בננה תפוח,,0.00,100.00,false,1.00,5.90,0.00,true,0,
7613287186928,false,קפסולות קפה סומטרה (10 יח) סטארבקס (56 ג,קבוצת אוסם סחר שותפות מוגבלת,CH,קפסולות קפה ברקפסט רוסט,,0.00,0.00,false,1.00,21.90,2.19,true,0,
7613287302373,false,סטארבקס קפסולות איטליאן סטייל רוסט 56 גרם,קבוצת אוסם סחר שותפות מוגבלת,PT,קפסולות קפה איטליאן סטייל רוסט,,0.00,0.00,false,1.00,21.90,2.19,true,0,
7613287855640,false,סטארבקס קפסולות קפה גוואטמלה 10 יחידות,קבוצת אוסם סחר שותפות מוגבלת,CH,קפסולות קפה גוואטמלה,,0.00,0.00,false,1.00,21.90,2.19,true,0,
7614500035788,false,טובלרון שוקולד חלב 200 גרם,דיפלומט מפיצים (1968) בעמ**,CH,שוקולד חלב,,0.00,100.00,false,1.00,19.90,0.00,true,0,
7622010001858,false,עוגיות אוראו ממולאות קרם וניל 176 גרם.,דיפלומט מפיצים (1968) בעמ**,CZ,עוגיות ממולאות קרם וניל,,0.00,100.00,false,1.00,10.90,0.00,true,0,
7622201127206,false,מילקה ממרח אגוזי לוז 350 ג',דיפלומט מפיצים (1968) בעמ**,AT,ממרח שוקולד,,0.00,100.00,false,1.00,19.90,0.00,true,0,
7622201127367,false,מילקה אוראו מיניס שוקולד לבן 153 גרם,דיפלומט מפיצים (1968) בעמ**,PL,אוראו מיניס שוקולד לבן,,0.00,100.00,false,1.00,16.90,0.00,true,0,
7622201500702,false,עוגיות אוראו רמיקס דאבל קרם פטל וניל157ג,דיפלומט היינץ,ES,רמיקס - דאבל קרם פטל וניל,,0.00,100.00,false,1.00,9.90,0.00,true,0,
7622201500733,false,עוגיות אוראו רמיקס דאבל קרם קרמל וניל157,דיפלומט מפיצים (1968) בע`מ,ES,רמיקס - דאבל קרם קרמל וניל,,0.00,100.00,false,1.00,9.90,0.00,true,0,
7622201502515,false,עוגיות מילקה קוקי לופ שוקולד צ'יפס,דיפלומט מפיצים (1968) בעמ**,HU,קוקי לופ עוגיות,,0.00,100.00,false,1.00,17.90,0.00,true,0,
7622201801809,false,מילקה שוקולד חלב עם אגוזים 100 גרם חדש,מנדלז דויצ'\לנד סנקס פרו,,שוקולד חלב עם אגוזים,,0.00,0.00,false,1.00,9.90,0.09,true,0,
7622201802363,false,מילקה טבלת שוקולד חלב וצימוקים ואגוזים 100ג',מנדלז דויצ'\לנד סנקס פרו,PL,שוקולד חלב עם צימוקים ואגוזים,,0.00,0.00,false,1.00,9.90,0.09,true,0,
7622201802394,false,שוקולד מילקה חלב מסרונים 100 גרם,מנדלז דויצ'\לנד סנקס פרו,PL,שוקולד חלב,,0.00,0.00,false,1.00,9.90,0.09,true,0,
7622201808631,false,אוראו מיני עוגיות ממולאות קרם וניל 67גרם,דיפלומט מפיצים (1968) בעמ**,ID,מיני עוגיות סנדוויץ' בטעם שוקולד ממולאות קרם בטעם וניל,,0.00,100.00,false,1.00,9.90,0.00,true,0,
7622201809188,false,מילקה ביסקויט מצופה שוקולד 150 גר`,מונדלז פרנס ביסקוויט פרו,PL,ביסקוויטים מצופים שוקולד חלב,,0.00,100.00,false,1.00,18.90,0.00,true,0,
7622201813390,false,עוגיות מילקה וואפל במילוי קרם קקאו 150 ג,דיפלומט מפיצים (1968) בעמ**,CZ,וופלים ממולאים קרם קקאו,,0.00,100.00,false,1.00,16.90,0.00,true,0,
7622201819170,false,שוקולד מילקה דרק שקדים 85 גרם.,דיפלומט מפיצים (1968) בעמ**,DE,דארק שוקולד מריר מעולה ושקדים קצוצים,,0.00,100.00,false,1.00,10.90,0.00,true,0,
>>>>>>> d048ac2f4f281c9d788043ab4e81b61b0dbe3743
7622201819552,false,מילקה דארק שוקולד 85 גרם חדש,מונדלז דויטשלנד סנאק,DE,דארק שוקולד מריר מעולה,,0.00,100.00,false,1.00,10.90,0.00,true,0,
7622210078131,false,שוקולד חלב עם שבבי קרמל מילקה דיים 100 גרם,מנדלז דויצ'\לנד סנקס פרו,PL,DAIM שוקולד חלב עם שיברי קרמל ושקדים - כשר לפסח,,0.00,0.00,false,1.00,9.90,0.09,true,0,
7622210117762,false,"קוטדור בונבונירה בושה, 200 גרם כשל""פ",דיפלומט מפיצים {1968}בעמ,SK,בושה שוקולד חלב ממולא,,0.00,100.00,false,1.00,19.90,0.00,true,0,
7622210392589,false,טובלרון טייני שוקולד חלב 200 גרם,מונדלז סוויצרלנד פרודקשן,CH,טייני - שוקולד חלב שוויצרי,,0.00,100.00,false,1.00,19.90,0.00,true,0,
7622210453327,false,עוגיות שוקוצ'יפס במילוי שוקולד סנסיישן,דיפלומט מפיצים (1968) בעמ**,PL,עוגיות סנסיישן,,0.00,100.00,false,1.00,16.90,0.00,true,0,
7622210464729,false,אוראו גולדן עוגיות וניל במילוי קרם וניל,דיפלומט מפיצים (1968) בעמ**,CZ,גולדן עוגיות סנדוויץ' בטעם וניל במילוי קרם בטעם וניל,,0.00,100.00,false,1.00,9.90,0.00,true,0,
7622210637994,false,מיני עוגיות אוראו קראנצ'י בייטס אורגינל,דיפלומט מפיצים (1968) בעמ**,ES,קראנצ'י בייטס - מיני עוגיות דקות ופריכות בטעם שוקולד ממולאות קרם בטעם וניל,,0.00,100.00,false,1.00,9.90,0.00,true,0,
7622210638021,false,מיני עוגיות אוראו קראנצ'י בייטס מצופים,דיפלומט מפיצים (1968) בעמ**,ES,קראנצ'י בייטס מצופים - מיני עוגיות דקות ופריכות בטעם שוקולד ממולאות קרם בטעם וניל מצופה שוקולד חלב,,0.00,100.00,false,1.00,9.90,0.00,true,0,
7622210690852,false,מילקה שוקולד טריולד 280 גרם,דיפלומט היינץ,AT,TRIOLADE - שוקולד בשלוש שכבות,,0.00,100.00,false,1.00,19.90,0.00,true,0,
7622210690883,false,מילקה שוקולד חלב-מהדורת מונדיאל 270 גרם,דיפלומט מפיצים (1968) בעמ**,AT,שוקולד חלב - מהדורת כדורגל מונדיאל,,0.00,100.00,false,1.00,19.90,0.00,true,0,
7622210693266,false,מילקה שוקולד אגוזים שלמים 270 גרם,מונדלז אוסטרייך פרודקשן,AT,שוקולד אגוזים שלמים,,0.00,100.00,false,1.00,19.90,0.00,true,0,
7622210826053,false,מילקה שוקולד אוראו סנדוויץ 100 גרם,דיפלומט מפיצים (1968) בעמ**,PL,מילקה שוקולד אוראו סנדביץ',,0.00,100.00,false,1.00,9.90,0.00,true,0,
7622210835338,false,אוראו עוגיות ממולאות טעם בראוניז 176 גרם,דיפלומט מפיצים (1968) בעמ**,ES,עוגיות ממולאות בטעם בראוניז,,0.00,100.00,false,1.00,10.90,0.00,true,0,
7622300200237,false,שוקולד מילקה שוקולד חלב 250 גרם,דיפלומט מפיצים (1968) בעמ**,PL,שוקולד חלב,,0.00,100.00,false,1.00,16.90,0.00,true,0,
7622300270506,false,מילקה גריינס - עוגיות שיבולת שועל מצופות שוקולד 168 ג',דיפלומט מפיצים (1968) בעמ**,PL,גריינס-עוגיות מצופות שוקולד חלב,,0.00,100.00,false,1.00,16.90,0.00,true,0,
7622300315283,false,אוראו עוגיות ממולאות קרם וניל 154 גרם,דיפלומט מפיצים (1968) בעמ**,UA,עוגיות סנדוויץ' בטעם שוקולד ממולאות קרם בטעם וניל,,0.00,100.00,false,1.00,9.90,0.00,true,0,
7622300489427,false,עוגיות אוראו בציפוי בטעם שוקולד לבן 246 גרם,דיפלומט מפיצים (1968) בעמ**,ES,עוגיות סנדוויץ' בציפוי בטעם שוקולד לבן,,0.00,100.00,false,1.00,19.90,0.00,true,0,
7622300489434,false,"עוגיות אוראו פאדג' בציפוי שוקולד חלב, 246 גרם",דיפלומט מפיצים (1968) בעמ**,ES,עוגיות סנדוויץ' בציפוי בטעם שוקולד חלב,,0.00,100.00,false,1.00,19.90,0.00,true,0,
7622300503079,false,עוגיות ביסקוויט מצופה שוקולד חלב מילקה 200 גרם,דיפלומט מפיצים (1968) בעמ**,PL,מוו-ביסקוויט מצופה שוקולד חלב,,0.00,100.00,false,1.00,16.90,0.00,true,0,
7622300617820,false,מילקה שוקולד חלב במילוי קרם חלב ווניל ושבבי עוגיות אוראו 100 גרם,מנדלז דויצ'\לנד סנקס פרו,PL,,,0.00,0.00,false,1.00,9.90,0.09,true,0,
<<<<<<< HEAD
7622300761363,false,עוגיות מיני אוראו במילוי קרם בטעם שוקולד בכוס,פי.טי. מונדלז אינדונ,ID,מיני עוגיות סנדוויץ' בטעם שוקולד ממולאות קרם בטעם שוקולד,,0.00,100.00,false,1.00,9.90,0.00,true,0,
7622300772314,false,עוגיות אוראו ממולאות קרם וניל 66 גרם,מונדלייז,CZ,עוגיות ממולאות קרם וניל,,0.00,100.00,false,1.00,4.90,0.00,true,0,
=======
7622300761363,false,עוגיות מיני אוראו במילוי קרם בטעם שוקולד בכוס,דיפלומט מפיצים (1968) בעמ**,ID,מיני עוגיות סנדוויץ' בטעם שוקולד ממולאות קרם בטעם שוקולד,,0.00,100.00,false,1.00,9.90,0.00,true,0,
7622300772314,false,עוגיות אוראו ממולאות קרם בטעם וניל 66גר,דיפלומט מפיצים (1968) בעמ**,CZ,עוגיות ממולאות קרם וניל,,0.00,100.00,false,1.00,4.90,0.00,true,0,
>>>>>>> d048ac2f4f281c9d788043ab4e81b61b0dbe3743
7622400005190,false,שוקולד חלב נגיעות שוקולד לבן מילקה 100 ג,מנדלז דויצ'\לנד סנקס פרו,PL,שוקולד חלב עם שוקולד לבן - כשר לפסח,,0.00,0.00,false,1.00,9.90,0.09,true,0,
7630019900942,false,גאם סופט פיקס אקסטרה לארג 636,General,DE,מברשת אינטרדנטלית סופט פיקס אקסטרה לארג',,0.00,0.00,false,1.00,49.90,1.24,true,0,
7630019902366,false,גאם סופט פיקס אדוונס מדיום 650,General,DE,מברשת אינטרדנטלית סופט פיקס אדוונס מדיום,,0.00,0.00,false,1.00,49.90,1.66,true,0,
7630019902816,false,גאם סופט פיקס אדוונס לארג 651,General,DE,מברשת אינטרדנטלית סופט פיקס אדוונס לארג',,0.00,0.00,false,1.00,49.90,1.66,true,0,
7630311507016,false,קפסולות קפה סטארבקס סאני דיי 12*57גר`,קבוצת אוסם סחר שותפות מוגבלת,CH,קפסולות קפה סאני דיי,,0.00,0.00,false,1.00,21.90,2.19,true,0,
7630477891592,false,סטארבקס קפסולות קפה האוס בלנד 10 יחידות,קבוצת אוסם סחר שותפות מוגבלת,CH,קפסולות קפה האוס בלנד 8,,0.00,0.00,false,1.00,21.90,2.19,true,0,
7630477891615,false,סטארבקס קפסולות קפה סומטרה 10 יחידות,קבוצת אוסם סחר שותפות מוגבלת,CH,קפסולות קפה סומטרה 10,,0.00,0.00,false,1.00,21.90,2.19,true,0,
7630477891639,false,קפסולות קפה סומטרה (10 יח) סטארבקס ( 55,קבוצת אוסם סחר שותפות מוגבלת,CH,קפסולות קפה ורונה 10,,0.00,0.00,false,1.00,21.90,2.19,true,0,
7630477891653,false,סטארבקס קפסולות קפה אספרסו נטול 10 יחידו,קבוצת אוסם סחר שותפות מוגבלת,CH,קפסולות קפה אספרסו נטול 11,,0.00,0.00,false,1.00,21.90,2.19,true,0,
7630477891677,false,סטארבקס קפסולות קפה פייק פלייס 10 יחידות,קבוצת אוסם סחר שותפות מוגבלת,CH,קפסולות קפה פייק פלייס 7,,0.00,0.00,false,1.00,21.90,2.19,true,0,
7630477891691,false,קפסולות קפה קולומביה (10 יח) סטארבקס ( 5,קבוצת אוסם סחר שותפות מוגבלת,CH,קפסולות קפה קולומביה 7,,0.00,0.00,false,1.00,21.90,2.19,true,0,
7630477891714,false,סטארבקס קפסולות קפה אספרסו 10 יחידות,קבוצת אוסם סחר שותפות מוגבלת,CH,קפסולות קפה אספרסו 11,,0.00,0.00,false,1.00,21.90,2.19,true,0,
7630477891738,false,סטארבקס קפסולות קפה אספרסו בלונד 10 יחיד,קבוצת אוסם סחר שותפות מוגבלת,CH,קפסולות קפה אספרסו בלונד 6,,0.00,0.00,false,1.00,21.90,2.19,true,0,
7640102474571,false,PERSKINDOL ACTIVE PATCH,מדיטרנד,,מדבקה פעילה,,0.00,0.00,false,1.00,59.90,11.98,true,0,
7640167725274,false,PERSKINDOL COOL GEL,מדיטרנד,,ג'ל קירור להקלה מיידית בכאבים ונפיחות,,0.00,0.00,false,1.00,59.00,0.59,true,0,
7640167726004,false,"פרסקינדול ג'ל פעיל 200 מ""ל",מדיטרנד,CH,ג'ל פעיל להקלה מיידית בכאב מקומי שרירים תפוסים כאבי פרקים,,0.00,100.00,false,1.00,99.90,0.00,true,0,
7640249153728,false,פרסקינדול תרמו ג'ל 100 מל,מדיטרנד,CH,תרמו ג'ל,,0.00,0.00,false,1.00,69.90,0.69,true,0,
7640249153735,false,פרסקינדול תרמו רול און 75 מל,מדיטרנד,CH,תרמו רול און,,0.00,100.00,false,1.00,69.90,0.00,true,0,
7702018016808,false,ג'ילט ונוס ריווירה 2 סכיני גילוח חד פעמי,דיפלומט מפיצים 1968 בעמ,,ריביירה סכיני גילוח חד פעמיים עם אלוורה,,0.00,0.00,false,1.00,22.90,11.45,true,0,
7702018085514,false,סכיני גילוח גילט פיוז`ן פרוגלייד רביעייה,פארמה דיל (פ.א.ב.) שיווק והפצה,DE,פיוז'ן פרוגלייד סכיני גילוח,,0.00,0.00,false,1.00,89.90,22.47,true,0,
7702018085545,false,גילט 8 סכיני פיוזן פרוגלייד ידני,דיפלומט,DE,פיוז'ן פרוגלייד סכיני גילוח,,0.00,0.00,false,1.00,161.90,20.23,true,0,
7702018085576,false,גילט 4 סכיני פיוזן פרוגלייד פאוור,דיפלומט,DE,פיוז'ן פרוגלייד פאוור סכיני גילוח,,0.00,0.00,false,1.00,109.90,27.47,true,0,
7702018263783,false,סכיני גילוח מאך 3 ג'ילט 8 יחידות,דיפלומט מפיצים (1968) בעמ,,מחסנית סכיני גילוח רב פעמי מאך 3,,0.00,0.00,false,1.00,92.90,11.61,true,0,
7702018267651,false,ונוס+אוליי סכיני גילוח רביעייה,דיפלומט,PL,מחסנית סכיני גילוח עם אוליי להזנת לחות,,0.00,0.00,false,1.00,74.90,18.72,true,0,
7702018271788,false,"דאודורנט קליר ג'ילט בניחוח ספורט 70 מ""ל",פארמה דיל (פ.א.ב.) שיווק והפצה,,דאודורנט קליר ג'ל SPORT TRIUMPH,,0.00,100.00,false,1.00,22.90,0.00,true,0,
7702018321520,false,דאודורנט סטיק לגבר Pro G Arctic ice,דיפלומט מפיצים (1968) בעמ,,דאודורנט סטיק לגבר Arctic Ice,,0.00,100.00,false,1.00,24.90,0.00,true,0,
7702018321582,false,דאודורנט סטיק מתקדם ג`ילט (45 מל),דיפלומט מפיצים (1968) בעמ,,דאודורנט סטיק לגבר Cool Wave,,0.00,100.00,false,1.00,24.90,0.00,true,0,
7702018347629,false,ונוס אקסטרה סמוט סכיני גילוח רביעייה,ג'ילט ונוס Gillette Venus,PL,אקסטרה סמוט סכיני גילוח רב פעמיים,,0.00,0.00,false,1.00,62.90,15.72,true,0,
7702018364459,false,ונוס סנאפ אקסטרא סמוט מכשיר גילוח,פרוקטר אנד גמבל,US,סנאפ מכשיר גילוח אקסטרא סמוט לנסיעות + סכין,,0.00,0.00,false,1.00,44.90,0.00,true,0,
7702018390816,false,גילט מכשיר פרוגלייד ידני +2 סכינים,דיפלומט,PL,פיוז'ן פרוגלייד מכשיר גילוח לגבר,,0.00,0.00,false,1.00,66.90,0.00,true,0,
7702018401055,false,מכשיר גילוח ג'ילט ונוס סווירל Extra Smooth,דיפלומט מפיצים (1968) בעמ,PL,סווירל EXTRA SMOOTH מכשיר גילוח רב פעמי +סכין,,0.00,0.00,false,1.00,46.90,0.00,true,0,
7702018401383,false,ונוס 6 סכיני גילוח סווירל EXTRA SMOOTH,דיפלומט,PL,סווירל EXTRA SMOOTH סכיני גילוח,,0.00,0.00,false,1.00,99.90,16.65,true,0,
7702018405145,false,גילט סירייס גל גילוח להגנה גבוהה,דיפלומט מפיצים 1968 בעמ,GB,ג'ל גילוח להגנה גבוהה ומקיפה,,0.00,100.00,false,1.00,19.90,0.00,true,0,
7702018441075,false,גילט מארז סכינים פיוזן ידני 12 יחידות,דיפלומט מפיצים (1968) בעמ,PL,מארז סכיני גילוח פיוז'ן ידני,,0.00,0.00,false,1.00,179.90,14.99,true,0,
7702018459445,false,גילט פיוזן פאואר סכיני גילוח 12 יחידות,פרוקטר & גמבל,,פיוז'ן פאואר מחסנית סכיני גילוח רב פעמיים,,0.00,0.00,false,1.00,199.90,16.65,true,0,
7702018464753,false,"גל גילוח גילט פיוזן לעור רגיש 200 מ""ל",דיפלומט מפיצים 1968 בעמ,GB,פיוז'ן ג'ל גילוח לעור רגיש,,0.00,100.00,false,1.00,26.90,0.00,true,0,
7702018465033,false,גילט פיוזן גל גילוח לתחושה קרירה 200 מל,דיפלומט,GB,פיוז'ן ג'ל גילוח לעור רגיש ולתחושה קרירה,,0.00,100.00,false,1.00,26.90,0.00,true,0,
7702018468447,false,גילט בלו 2 פלוס סכינים חד פעמיים עשירייה,דיפלומט מפיצים (1968) בעמ,PL,סכיני גילוח חד פעמיים בלו 2 פלוס,,0.00,0.00,false,1.00,29.90,2.99,true,0,
7702018469802,false,ג'ילט - ונוס סווירל ידית ו3 סכינים 5 להבים,דיפלומט מפיצים (1968) בעמ,PL,סווירל מארז ידית + סכינים,,0.00,0.00,false,1.00,54.90,0.00,true,0,
7702018470884,false,גילט מארז פיוזן 16 סכיני גילוח,"פרוקטר אנד גמבל, גרמניה",PL,מארז פיוז'ן 5 סכיני גילוח,,0.00,0.00,false,1.00,239.90,14.99,true,0,
7702018484027,false,ונוס סווירל מארז ידית מכשיר+5 סכינים,פרוקטר & גמבל,US,סווירל מארז ידית כדורית + סכינים,,0.00,0.00,false,1.00,99.90,0.00,true,0,
7702018486342,false,גילט מארז סקינגארד אלוורה מכשיר+2 סכין,דיפלומט,PL,מארז סקינגארד אלוורה מכשיר גילוח+סכיני גילוח לעור רגיש,,0.00,0.00,false,1.00,66.90,0.00,true,0,
7702018486618,false,גילט מארז סקינגארד אלוורה 8 סכינים,פרוקטר אנד גמבל גרמניה,PL,מארז סקינגארד אלוורה סכיני גילוח לעור רגיש,,0.00,0.00,false,1.00,161.90,20.23,true,0,
7702018489619,false,גילט בלו 3 סכין גילוח חד פעמי לגבר 3 יח,דיפלומט מפיצים 1968 בעמ,PL,בלו 3 סכיני גילוח חד פעמיים,,0.00,0.00,false,1.00,18.90,0.00,true,0,
7702018497447,false,סכיני גילוח ונוס סנסיטיב אקסטרה סמוט - 4 יח',ג'ילט ונוס Gillette Venus,PL,סנסיטיב אקסטרה סמוט סכיני גילוח רב פעמיים,,0.00,0.00,false,1.00,62.90,15.72,true,0,
7702018498567,false,מארז ידית + 5 סכיני גילוח לעור רגיש סקינגארד,פרוקטר & גמבל,PL,מארז סקינגארד מכשיר גילוח + סכינים לעור רגיש,,0.00,0.00,false,1.00,139.90,0.00,true,0,
7702018514472,false,גילט מאך 3 טורבו מכשיר גילוח,פרוקטר אנד גמבל,,מאך 3 - מכשיר גילוח רב פעמי טורבו + סכינים,,0.00,0.00,false,1.00,49.90,0.00,true,0,
7702018526192,false,גילט סקינגארד אלוורה סכיני גילוח שמינייה,דיפלומט,DE,סקינגארד סנסיטיב אלוורה סכיני גילוח לעור רגיש,,0.00,0.00,false,1.00,161.90,20.23,true,0,
7702018531523,false,גילט 8 יח סכינים חמות,דיפלומט,US,Labs סכיני גילוח למכשיר גילוח מתחמם,,0.00,0.00,false,1.00,199.00,0.00,true,0,
7702018539468,false,גילט ונוס תות- ידית ושלושה סכינים 5להבים מארז,דיפלומט מפיצים (1968) בעמ,PL,תות מארז ידית+סכינים,,0.00,0.00,false,1.00,54.90,0.00,true,0,
7702018541652,false,קינג סי גילט תער גילוח דו צדדי+5 סכינים,דיפלומט,CA,תער גילוח דו צדדי + 5 סכינים לעיצוב ופיסול הזקן,,0.00,0.00,false,1.00,92.90,92.90,true,0,
7702018541683,false,קינג סי גילט מארז 10 סכינים לתער גילוח,דיפלומט,CA,מארז סכינים לתער גילוח לעיצוב ופיסול הזקן,,0.00,0.00,false,1.00,51.90,5.19,true,0,
7702018544585,false,קינג סי גילט מכשיר לגילוח ופיסול זקן,דיפלומט,CA,מכשיר לגילוח ופיסול זקן,,0.00,0.00,false,1.00,66.90,66.90,true,0,
7702018544738,false,קינג סי מכונה לעיצוב הזקן גילט,דיפלומט,CA,מכשיר לעיצוב זקן,,0.00,0.00,false,1.00,185.90,185.90,true,0,
7702018545902,false,קינג סי גילט שלישיית סכיני גילוח,דיפלומט,US,סכיני גילוח,,0.00,0.00,false,1.00,72.90,72.90,true,0,
7702018570157,false,ונוס 6 סכיני גילוח אוליי דובדבן,דיפלומט,PL,אולי דובדבן סכיני גילוח,,0.00,0.00,false,1.00,99.90,16.65,true,0,
7702018572342,false,סאטין קייר סרום לאחר גילוח 50 מל,דיפלומט,GB,סרום יום יומי להרגעת העור,,0.00,100.00,false,1.00,49.90,0.00,true,0,
7702018572373,false,סאטין קייר גל גילוח וסבון 2 ב 1 - 190 מל,General,GB,2 ב 1 מנקה + ג'ל גילוח,,0.00,100.00,false,1.00,49.90,0.00,true,0,
7702018572403,false,סאטין קייר פילינג להרגעת העור 177 מל,General,GB,פילינג להחלקת העור,,0.00,100.00,false,1.00,49.90,0.00,true,0,
7702018574162,false,ונוס מכשיר גילוח לקו הביקיני,דיפלומט,PL,ידית מכשיר גילוח לקו ביקיני,,0.00,0.00,false,1.00,54.90,0.00,true,0,
7702018574254,false,ונוס מארז 4 סכיני גילוח ביקיני,דיפלומט,PL,סכיני גילוח לקו ביקיני,,0.00,0.00,false,1.00,79.90,19.97,true,0,
7702018580767,false,ונוס פלטינום מארז מכשיר גילוח+3 סכינים,דיפלומט,PL,פלטינום מארז ידית+סכינים,,0.00,0.00,false,1.00,54.90,0.00,true,0,
7702018581467,false,ונוס סווירל מארז ידית מכשיר+8 סכינים,דיפלומט,US,סווירל מארז ידית כדורית + סכינים,,0.00,0.00,false,1.00,149.90,0.00,true,0,
7702018583836,false,ונוס מכשיר גילוח אוליי דובדבן,דיפלומט,CN,מכשיר גילוח אוליי דובדבן,,0.00,0.00,false,1.00,46.90,0.00,true,0,
7702018591398,false,ונוס סנאפ אקסטרא סמוט מכשיר גילוח,דיפלומט,PL,סנאפ מכשיר גילוח אקסטרא סמוט לנסיעות + סכין,,0.00,0.00,false,1.00,44.90,0.00,true,0,
7702018602070,false,קינג סי גילט מכשיר לגילוח ועיצוב זיפים,דיפלומט,CA,מכשיר לגילוח ועיצוב זיפים,,0.00,0.00,false,1.00,249.90,249.90,true,0,
7702018602117,false,קינג סי גילט סכין גילוח למעצב שיער פנים,דיפלומט,CN,סכין גילוח למעצב שיער פנים,,0.00,0.00,false,1.00,99.90,99.90,true,0,
7702018605255,false,גילט Labs מארז ידית + סכין עם פס פילינג,דיפלומט,CN,Labs מארז ידית + סכין עם פס פילינג,,0.00,0.00,false,1.00,89.90,0.00,true,0,
7702018605347,false,גילט Labs מארז ידית + 5 סכינים+פס פילינג,דיפלומט,CN,Labs מארז ידית + סכין עם פס פילינג,,0.00,0.00,false,1.00,189.90,0.00,true,0,
7702018605378,false,גילט Labs מארז 4 סכינים עם פס פילינג,דיפלומט,US,Labs מארז סכינים עם פס פילינג,,0.00,0.00,false,1.00,124.90,31.22,true,0,
7702018605439,false,גילט Labs מארז 9 סכינים עם פס פילינג,דיפלומט,US,Labs מארז סכינים עם פס פילינג,,0.00,0.00,false,1.00,229.90,25.54,true,0,
7702018607167,false,גילט סקין קרם גילוח למראה עור בריא 175,דיפלומט,PL,סקין - קרם גילוח למראה עור בריא,,0.00,100.00,false,1.00,41.90,0.00,true,0,
7702018607242,false,גילט סקין באלם להרגעת העור לאחר גילוח100,דיפלומט,PL,סקין - באלם להרגעת העור לאחר גילוח,,0.00,0.00,false,1.00,41.90,0.41,true,0,
7702018607341,false,גילט סקין סבון פנים למראה עור בריא 140 מ,דיפלומט,PL,סקין - סבון פנים למראה עור בריא,,0.00,100.00,false,1.00,41.90,0.00,true,0,
7702018607426,false,גילט סקין קרם לחות למראה עור בריא 100 מל,דיפלומט,PL,סקין - קרם לחות למראה עור בריא,,0.00,0.00,false,1.00,41.90,0.41,true,0,
7702018607518,false,גילט מארז פיוזן מכשיר+סכיני גילוח שישייה,דיפלומט מפיצים 1968 בעמ,PL,מארז פיוז'ן 5 מכשיר + סכיני גילוח,,0.00,0.00,false,1.00,139.90,0.00,true,0,
7702018607532,false,ג'ילט פרוגלייד מארז 14 סכינים,"פרוקטר אנד גמבל, גרמניה",DE,מארז פיוז'ן פרוגלייד סכיני גילוח,,0.00,0.00,false,1.00,239.90,0.00,true,0,
7702018607556,false,גילט מארז סקינגארד אלוורה 14 סכינים,"פרוקטר אנד גמבל, גרמניה",PL,מארז סקינגארד אלוורה סכיני גילוח לעור רגיש,,0.00,0.00,false,1.00,239.90,17.13,true,0,
7702018607914,false,ונוס 6 סכיני גילוח מנומר בניחוח קוקוס,דיפלומט,PL,סכיני גילוח מנומר בניחוח קוקוס,,0.00,0.00,false,1.00,99.90,16.65,true,0,
7702018607945,false,ונוס מכשיר גילוח מנומר בניחוח קוקוס,דיפלומט,PL,מכשיר גילוח מנומר בניחוח קוקוס,,0.00,0.00,false,1.00,46.90,0.00,true,0,
7702018609130,false,סכיני גילט סקינגארד אלוורה ידני 10 יח,"פרוקטר אנד גמבל, גרמניה",PL,מארז סקינגארד אלוורה סכיני גילוח לעור רגיש,,0.00,0.00,false,1.00,189.90,18.99,true,0,
7702018609154,false,סכיני גילט פרוגלייד ידני 10 יח.,"פרוקטר אנד גמבל, גרמניה",DE,מארז פיוז'ן פרוגלייד סכיני גילוח,,0.00,0.00,false,1.00,189.90,0.00,true,0,
7702018609741,false,גילט Labs גל גילוח 198 מל,דיפלומט,US,Labs ג'ל גילוח,,0.00,100.00,false,1.00,41.90,0.00,true,0,
<<<<<<< HEAD
7702018610280,false,גילט מארז פרוגלייד מכשיר+4 סכינים,פרוקטר אנד גמבל,PL,מארז פיוז'ן פרוגלייד מכשיר גילוח + סכינים,,0.00,0.00,false,1.00,139.90,0.00,true,0,
7702018610303,false,גילט מארז סקינגארד אלוורה מכשיר+4 סכין,פרוקטר אנד גמבל,PL,מארז סקינגארד אלוורה מכשיר גילוח+סכיני גילוח לעור רגיש,,0.00,0.00,false,1.00,139.90,0.00,true,0,
=======
7702018610280,false,גילט מארז פרוגלייד מכשיר+4 סכינים,דיפלומט מפיצים (1986) בע`מ,PL,מארז פיוז'ן פרוגלייד מכשיר גילוח + סכינים,,0.00,0.00,false,1.00,139.90,0.00,true,0,
7702018610303,false,גילט מארז סקינגארד אלוורה מכשיר+4 סכין,דיפלומט מפיצים 1968 בעמ,PL,מארז סקינגארד אלוורה מכשיר גילוח+סכיני גילוח לעור רגיש,,0.00,0.00,false,1.00,139.90,0.00,true,0,
>>>>>>> d048ac2f4f281c9d788043ab4e81b61b0dbe3743
7702018866984,false,גילט פיוזן ידני סכיני גילוח 4 יחידות,תות ממתקי איכות,PL,פיוז'ן מחסנית סכיני גילוח רב פעמיים,,0.00,0.00,false,1.00,79.90,19.97,true,0,
7702018867110,false,גילט מארז פיוזן פאוור 5 מכשיר גילוח+1סכי,דיפלומט,DE,פיוז'ן פאוור 5 מכשיר גילוח+סכין גילוח,,0.00,0.00,false,1.00,48.90,0.00,true,0,
7702018978106,false,"ג'ילט - דאודורנט ג'ל לגבר ארטיק אייס 70 מ""ל",פארמה דיל (פ.א.ב.) שיווק והפצה,,דאודורנט קליר ג'ל ARTIC ICE,,0.00,100.00,false,1.00,22.90,0.00,true,0,
7702018978120,false,"ג'ילט - דאודורנט ג'ל לגבר קול וייב 70 מ""ל",פארמה דיל (פ.א.ב.) שיווק והפצה,,דאודורנט קליר ג'ל COOL WAVE,,0.00,100.00,false,1.00,22.90,0.00,true,0,
7702018980833,false,"ג'ילט ג'ל גילוח סירייס מועשר בלחות - 200 מ""ל",פרוקטר אנד גמבל,,ג'ל גילוח להזנה בלחות,"מ""ל",200.00,100.00,false,1.00,19.90,0.00,true,0,
7891024027998,false,קולגייט מי פה טוטאל הגנה מפני אבן 500 מל,קולגייט- פלמוליב,BR,מי פה טוטאל הגנה מפני אבן השן,,0.00,100.00,false,1.00,36.90,0.00,true,0,
7891024030974,false,"קולגייט משחת שיניים טריפל אקשן 75 מ""ל",הנסיך- מפעל לייצור ט,BR,טריפל אקשן משחת שיניים להגנה משולשת,,0.00,100.00,false,1.00,6.90,0.00,true,0,
7891024124826,false,קולגייט משחת אופטיק ספרקלינג וייט 75מל,הנסיך- מפעל לייצור ט,,משחת שיניים אופטיק ווייט ספרקלינג למראה שיניים לבנות יותר,,0.00,100.00,false,1.00,21.90,0.00,true,0,
7891024179482,false,"שטיפת פה קולגייט אופטיק וייט 500מ""ל",יבואן ומשווק: ש. שסט,,מי פה אופטיק ווייט,,0.00,100.00,false,1.00,36.90,0.00,true,0,
8000380005918,false,וופל קוביות קואדרטיני אגוזים לואקר 125 גרם,ליימן שליסל בע`מ,,קואדרטיני אגוזים,,0.00,100.00,false,1.00,8.90,0.00,true,0,
8000380005963,false,וופל קוארדטיני שוקולד לואקר 125 גרם,ליימן שליסל בע`מ,,קואדרטיני קקאו,,0.00,100.00,false,1.00,8.90,0.00,true,0,
8000380154791,false,שלישיית וופל טורטינה לואקר 21 גרם,קריניציה ויטמינה אס,,טורטינה אורגינל שוקולד חלב,,0.00,0.00,false,1.00,13.90,0.00,true,0,
<<<<<<< HEAD
8000380180783,false,וופל קואדרטיני קקאו וחלב לואקר 125 גרם,ליימן מותגים,IT,קואדרטיני וופל קקאו וחלב,,0.00,100.00,false,1.00,8.90,0.00,true,0,
8000500023624,false,חטיפי הפי היפו Happy Hippo במילוי קרם חלב וקקאו,פררו - אלבה,IT,הפי היפו שוקולד חלב ממולא קרם חלב,,0.00,0.00,false,1.00,14.90,2.98,true,0,
8000500026731,false,שוקולד ביצי הפתעה קינדר שלישייה,פררו אס.פי.אי,IT,ביצת הפתעה,,0.00,0.00,false,1.00,17.90,5.96,true,0,
8000500029350,false,מארז וופל מצופה 3יח' *43 גרם קינדר בואנו,פררו - אלבה,PL,בואנו שוקולד חלב,,0.00,0.00,false,1.00,11.90,3.96,true,0,
8000500037874,false,בונבונרייה פררו רושר 200 גרם,פררו - אלבה,IT,כדורי וופל פריך מצופים שוקולד חלב ושברי אגוזי לוז,,0.00,100.00,false,1.00,29.90,0.00,true,0,
8000500071083,false,אצבעות שוקולד קינדר Kinder שש עשרה יחידות,פררו - אלבה,IT,שוקולד חלב ממולא קרם חלב,,0.00,100.00,false,1.00,14.90,0.00,true,0,
8000500075708,false,ביצי שוקולד הפתעה קינדר ג'וי כחול בנים שלישיה,פררו - אלבה,,ג'וי עם הפתעה כחול כדורי וופל על מצע קרם אגוזים וקקאו וקרם חלב,,0.00,0.00,false,1.00,17.90,5.96,true,0,
8000500121436,false,מארז קינדר בואנו Kinder Bueno לבן שלוש יחידות,פררו - אלבה,PL,בואנו שוקולד לבן,,0.00,0.00,false,1.00,11.90,3.96,true,0,
8000500126325,false,ביצי שוקולד הפתעה קינדר ג'וי ורוד בנות שלישיה,פררו - אלבה,,ג'וי עם הפתעה ורוד כדורי וופל על מצע קרם אגוזים וקקאו וקרם חלב,,0.00,0.00,false,1.00,17.90,5.96,true,0,
8000500227848,false,נוטלה - בי רדי אצבעות ביסקוויט במילוי שוקולד 6 יח' * 22 גרם,פררו,IT,B-READY,,0.00,0.00,false,1.00,13.90,2.31,true,0,
8000500247150,false,פררו רושה קולקשיין קוקוס מילוי קרם ושקד שלם 172ג',פררו,IT,קולקשן - מבחר כדורי וופל מצופים שוקולד וקוקוס,,0.00,0.00,false,1.00,29.90,1.99,true,0,
8000500256213,false,קינדר שוקולד מיני בשקית.,פררו - אלבה,IT,שוקולד חלב מיני,,0.00,100.00,false,1.00,11.90,0.00,true,0,
8001090066008,false,תחבושות אולוויז דיסקרט לונג פלוס 8 יח,פרוקטר אנד גמבל,DE,דיסקריט תחבושות לבריחת שתן לונג פלוס,,0.00,0.00,false,1.00,24.90,3.11,true,0,
8001090111685,false,תחתונים אולוויז דיסקריט מידה L לבריחת שתן,פרוקטר אנד גמבל,DE,דיסקרט תחתונים אלסטיים לבריחת שתן לארג',,0.00,0.00,false,1.00,39.90,4.98,true,0,
8001090111715,false,תחתונים אולוויז דיסקריט מידה M לבריחת שתן,פרוקטר אנד גמבל,DE,דיסקריט תחתונים אלסטיים לבריחת שתן מדיום,,0.00,0.00,false,1.00,39.90,4.43,true,0,
=======
8000380180783,false,וופל קואדרטיני קקאו וחלב לואקר 125 גרם,ליימן שליסל בע`מ,IT,קואדרטיני וופל קקאו וחלב,,0.00,100.00,false,1.00,8.90,0.00,true,0,
8000500023624,false,חטיפי הפי היפו Happy Hippo במילוי קרם חלב וקקאו,פרימיום-חברה לדברי מתיקה ולמסח,IT,הפי היפו שוקולד חלב ממולא קרם חלב,,0.00,0.00,false,1.00,14.90,2.98,true,0,
8000500026731,false,ביצי שוקולד קינדר מארז 3 יח סופרייז,פרימיום-חברה לדברי מתיקה ולמסח,IT,ביצת הפתעה,,0.00,0.00,false,1.00,17.90,5.96,true,0,
8000500029350,false,מארז וופל מצופה 3יח' *43 גרם קינדר בואנו,פרימיום-חברה לדברי מתיקה ולמסח,PL,בואנו שוקולד חלב,,0.00,0.00,false,1.00,11.90,3.96,true,0,
8000500037874,false,בונבונרייה פררו רושר 200 גרם,פרימיום-חברה לדברי מתיקה ולמסח,IT,כדורי וופל פריך מצופים שוקולד חלב ושברי אגוזי לוז,,0.00,100.00,false,1.00,29.90,0.00,true,0,
8000500071083,false,אצבעות שוקולד קינדר Kinder שש עשרה יחידות,פרימיום-חברה לדברי מתיקה ולמסח,IT,שוקולד חלב ממולא קרם חלב,,0.00,100.00,false,1.00,14.90,0.00,true,0,
8000500075708,false,ביצי שוקולד הפתעה קינדר ג'וי כחול בנים שלישיה,פרימיום-חברה לדברי מתיקה ולמסח,,ג'וי עם הפתעה כחול כדורי וופל על מצע קרם אגוזים וקקאו וקרם חלב,,0.00,0.00,false,1.00,17.90,5.96,true,0,
8000500121436,false,מארז קינדר בואנו Kinder Bueno לבן שלוש יחידות,פרימיום-חברה לדברי מתיקה ולמסח,PL,בואנו שוקולד לבן,,0.00,0.00,false,1.00,11.90,3.96,true,0,
8000500126325,false,ביצי שוקולד הפתעה קינדר ג'וי ורוד בנות שלישיה,פרימיום-חברה לדברי מתיקה ולמסח,,ג'וי עם הפתעה ורוד כדורי וופל על מצע קרם אגוזים וקקאו וקרם חלב,,0.00,0.00,false,1.00,17.90,5.96,true,0,
8000500227848,false,נוטלה - בי רדי אצבעות ביסקוויט במילוי שוקולד 6 יח' * 22 גרם,פרימיום-חברה לדברי מתיקה ולמסח,IT,B-READY,,0.00,0.00,false,1.00,13.90,2.31,true,0,
8000500247150,false,פררו רושה קולקשיין קוקוס מילוי קרם ושקד שלם 172ג',פרימיום-חברה לדברי מתיקה ולמסח,IT,קולקשן - מבחר כדורי וופל מצופים שוקולד וקוקוס,,0.00,0.00,false,1.00,29.90,1.99,true,0,
8000500256213,false,קינדר שוקולד חלב במילוי קרם חלבי,פרימיום-חברה לדברי מתיקה ולמסח,IT,שוקולד חלב מיני,,0.00,100.00,false,1.00,11.90,0.00,true,0,
8001090066008,false,תחבושות אולוויז דיסקרט לונג פלוס 8 יח,דיפלומט מפיצים (1968) בעמ,DE,דיסקריט תחבושות לבריחת שתן לונג פלוס,,0.00,0.00,false,1.00,24.90,3.11,true,0,
8001090111685,false,תחתונים אולוויז דיסקריט מידה L לבריחת שתן,דיפלומט מפיצים (1968) בעמ,DE,דיסקרט תחתונים אלסטיים לבריחת שתן לארג',,0.00,0.00,false,1.00,39.90,4.98,true,0,
8001090111715,false,תחתונים אולוויז דיסקריט מידה M לבריחת שתן,דיפלומט מפיצים (1968) בעמ,DE,דיסקריט תחתונים אלסטיים לבריחת שתן מדיום,,0.00,0.00,false,1.00,39.90,4.43,true,0,
>>>>>>> d048ac2f4f281c9d788043ab4e81b61b0dbe3743
8001090128836,false,אורל בי 3D WHITE משחה-מנטה עדינה,דיפלומט,DE,3D WHITE משחת שיניים להלבנה - מנטה עדינה,,0.00,100.00,false,1.00,19.90,0.00,true,0,
8001090159144,false,אולד ספייס דאו סטיק LASTING LEGEND,דיפלומט,GB,דאודורנט סטיק LASTING LEGEND,,0.00,100.00,false,1.00,21.90,0.00,true,0,
8001090222428,false,"הרבל אסנסס - שמפו חלב קוקוס 400 מ""ל",דיפלומט מפיצים 1968 בעמ,FR,שמפו חלב קוקוס,,0.00,100.00,false,1.00,26.90,0.00,true,0,
8001090222541,false,הרבל אסנסס שמפו תות שדה ומנטה 400 גרם,דיפלומט מפיצים (1968) בעמ,FR,שמפו תות שדה ומנטה,,0.00,100.00,false,1.00,26.90,0.00,true,0,
8001090222572,false,הרבל אסנסס מרכך תות שדה ומנטה 400 גרם,דיפלומט מפיצים (1968) בעמ,FR,מרכך תות שדה ומנטה,,0.00,100.00,false,1.00,26.90,0.00,true,0,
8001090222725,false,"הרבל אסנסס - שמפו שמן מורינגה 400 מ""ל",דיפלומט מפיצים (1968) בעמ,FR,שמפו שמן מורינגה,,0.00,100.00,false,1.00,26.90,0.00,true,0,
8001090222756,false,"הרבל אסנס מרכך תות שמן מורינגה 400 מ""ל",דיפלומט מפיצים (1968) בעמ,FR,מרכך שמן מורינגה,,0.00,100.00,false,1.00,26.90,0.00,true,0,
8001090222848,false,"הרבל אסנסס - שמפו שיקום שמן ארגן 400 מ""ל",דיפלומט מפיצים (1968) בעמ,FR,שמפו שיקום שמן ארגן,,0.00,100.00,false,1.00,26.90,0.00,true,0,
8001090222879,false,"הרבל אסנסס - מרכך שיקום שמן ארגן 400 מ""ל",דיפלומט מפיצים (1968) בעמ,FR,מרכך שיקום שמן ארגן,,0.00,100.00,false,1.00,26.90,0.00,true,0,
8001090252210,false,אוליי קרם עיניים אולטימטיבי 15 מל,דיפלומט,PL,קרם עיניים אולטימטיבי,,0.00,100.00,false,1.00,139.90,0.09,true,0,
8001090274441,false,אוליי סרום ממצק לעיניים 15 מל,דיפלומט,PL,סרום ממצק לעיניים,,0.00,100.00,false,1.00,139.90,0.09,true,0,
8001090290830,false,"אוראל בי משחת שיניים- להלבנה פנינה בוהקת 75 מ""ל",דיפלומט מפיצים (1968) בעמ,DE,3D WHITE משחת שיניים - לבן פנינה,,0.00,100.00,false,1.00,29.90,0.00,true,0,
8001090290939,false,"אוראל בי משחת שיניים- להלבנה לובן בוהק 75 מ""ל",דיפלומט מפיצים (1968) בעמ,DE,3D WHITE משחת שיניים להלבנה זוהרת,,0.00,100.00,false,1.00,29.90,0.00,true,0,
8001090290984,false,אורל בי 3D WHITE משחה-רעננות מעוררת,דיפלומט,DE,3D WHITE משחת שיניים להלבנה - רעננות מעוררת,,0.00,100.00,false,1.00,19.90,0.00,true,0,
8001090291035,false,אורל בי 3D WHITE משחה-רעננות ארקטית,דיפלומט,DE,3D WHITE משחת שיניים להלבנה - רעננות ארקטית,,0.00,100.00,false,1.00,19.90,0.00,true,0,
8001090295439,false,אוליי רגנריסט אנטי אייגינג SPF30 קרם יום,דיפלומט,PL,REGENERIST אנטי א'ייגינג SPF30 קרם יום,,0.00,100.00,false,1.00,139.90,0.02,true,0,
8001090302106,false,אורל בי 3D WHITE ערכת הלבנה לשיניים,פרוקטר אנד גמבל,DE,3D WHITE ערכת הלבנה לשיניים המכילה: משחת שיניים להלבנה + מאיץ הלבנה,,0.00,0.00,false,1.00,74.90,0.00,true,0,
8001090316103,false,קפסולות לכתמים קשים 45 יח' אריאל,דיפלומט מפיצים (1986) בע`מ,FR,קפסולות ג'ל כביסה לכתמים קשים,,0.00,0.00,false,1.00,76.90,1.70,true,0,
8001090336354,false,חיתולי ביביי דריי מידה 2 ( 46 יח) פמפרס,דיפלומט מפיצים (1986) בע`מ,DE,"חיתולים מידה 2 4-8 ק""ג",,0.00,0.00,false,1.00,41.90,0.91,true,0,
8001090336408,false,חיתולים בייבי דריי מידה 3 38 יח' פמפרס,דיפלומט מפיצים (1986) בע`מ,DE,"חיתולים מידה 3 6-10 ק""ג",,0.00,0.00,false,1.00,41.90,1.10,true,0,
8001090336446,false,חיתולי ביביי דריי מידה 4 ( 34 יח) פמפרס,דיפלומט מפיצים (1986) בע`מ,DE,"חיתולים מידה 4 9-14 ק""ג",,0.00,0.00,false,1.00,41.90,1.23,true,0,
8001090336491,false,פמפרס בייבי דריי חיתולים מידה +4 31 יח,דיפלומט מפיצים (1986) בע`מ,DE,"חיתולים מידה +4 10-15 ק""ג",,0.00,0.00,false,1.00,41.90,1.35,true,0,
8001090336521,false,חיתולי פמפרס בייבי דריי מידה 5 30 יח` `,דיפלומט מפיצים (1986) בע`מ,DE,"חיתולים מידה 5 11-16 ק""ג",,0.00,0.00,false,1.00,41.90,1.39,true,0,
8001090336606,false,פמפרס בייבי דריי חיתולים מידה 6 26 יח,דיפלומט מפיצים (1986) בע`מ,DE,"חיתולים מידה 6 13-18 ק""ג",,0.00,0.00,false,1.00,41.90,1.61,true,0,
8001090344274,false,קוקידנט פלוס משחת הצמדה חזקה לשיניים תות,General,DE,פלוס משחת הצמדה חזקה לשיניים לתותבות,,0.00,100.00,false,1.00,39.90,0.00,true,0,
<<<<<<< HEAD
8001090364104,false,"משחת שיניים אורל בי G&E אורגינל 75 מ""ל",פרוקטר אנד גמבל,DE,GUM & ENAMEL REPAIR משחת שיניים - אורגינל,,0.00,100.00,false,1.00,19.90,0.00,true,0,
8001090364159,false,"משחת שיניים אורל בי G&E רעננות מוגברת 75 מ""ל",פרוקטר אנד גמבל,DE,GUM & ENAMEL REPAIR משחת שיניים - רעננות מוגברת,,0.00,100.00,false,1.00,19.90,0.00,true,0,
8001090364203,false,"משחת שיניים אורל בי G&E להלבנה עדינה 75 מ""ל",פרוקטר אנד גמבל,DE,GUM & ENAMEL REPAIR משחת שיניים - להלבנה עדינה,,0.00,100.00,false,1.00,19.90,0.00,true,0,
8001090364319,false,טייד קפסולות כביסה אפקט פיירי 37 יחידות,פרוקטר & גמבל,FR,קפסולות ג'ל כביסה אפקט פיירי,,0.00,0.00,false,1.00,67.90,1.83,true,0,
8001090375186,false,"מרכך מרוכז 200 מ""ל לצבע מלא חיים ""פנטן""",פרוקטר אנד גמבל,FR,מרכך מרוכז לשיער לצבע מלא חיים,,0.00,100.00,false,1.00,29.90,0.00,true,0,
8001090375230,false,"מרכך מרוכז 200 מ""ל לחות מוגברת ""פנטן""",פרוקטר אנד גמבל,FR,מרכך מרוכז לשיער לחות מוגברת,,0.00,100.00,false,1.00,29.90,0.00,true,0,
8001090375285,false,"פנטן מרכך מרוכז 200 מ""ל למגע רך כשמי",פרוקטר אנד גמבל,FR,מרכך מרוכז לשיער למגע רך כמשי,,0.00,100.00,false,1.00,29.90,0.00,true,0,
8001090377487,false,מסכה לשיער פנטן לחות מוגברת 300 מל,פרוקטר אנד גמבל,RO,מסכה לחות מוגברת,,0.00,100.00,false,1.00,38.90,0.00,true,0,
8001090379337,false,פמפרס פרימיום קר חיתולים שלב 3 40 יח VP,פרוקטר אנד גמבל,PL,"חיתולים שלב 3, 6-10 ק""ג",,0.00,0.00,false,1.00,47.90,1.19,true,0,
8001090379368,false,פמפרס פרימיום קר חיתולים שלב 4 34 יח VP,פרוקטר אנד גמבל,PL,"חיתולים שלב 4, 9-14 ק""ג",,0.00,0.00,false,1.00,47.90,1.40,true,0,
8001090379399,false,פמפרס פרימיום קר חיתולים שלב 5 30 יח VP,פרוקטר אנד גמבל,PL,"חיתולים שלב 5 11-16 ק""ג",,0.00,0.00,false,1.00,47.90,1.59,true,0,
8001090438973,false,אולוויז דיסקריט תחתון סופג מדיום 9 יח,דיפלומט,DE,דיסקריט תחתון סופג מידה M,,0.00,0.00,false,1.00,54.90,6.10,true,0,
8001090533890,false,אולד ספייס גל רחצה CITRON,דיפלומט,FR,ג'ל רחצה CITRON,,0.00,100.00,false,1.00,21.90,0.00,true,0,
8001090540577,false,"מי פה אורל בי להלבנה 500 מ""ל",פרוקטר אנד גמבל,DE,3D WHITE מי פה,,0.00,100.00,false,1.00,29.90,0.00,true,0,
8001090580122,false,"הד אנד שולדרס שמפו סופרים משקם 400 מ""ל",פרוקטר אנד גמבל,FR,סופרים שמפו משקם,,0.00,100.00,false,1.00,26.90,0.00,true,0,
=======
8001090364104,false,"משחת שיניים אורל בי G&E אורגינל 75 מ""ל",דיפלומט מפיצים (1968) בעמ,DE,GUM & ENAMEL REPAIR משחת שיניים - אורגינל,,0.00,100.00,false,1.00,19.90,0.00,true,0,
8001090364159,false,"משחת שיניים אורל בי G&E רעננות מוגברת 75 מ""ל",דיפלומט מפיצים (1968) בעמ,DE,GUM & ENAMEL REPAIR משחת שיניים - רעננות מוגברת,,0.00,100.00,false,1.00,19.90,0.00,true,0,
8001090364203,false,"משחת שיניים אורל בי G&E להלבנה עדינה 75 מ""ל",דיפלומט מפיצים (1968) בעמ,DE,GUM & ENAMEL REPAIR משחת שיניים - להלבנה עדינה,,0.00,100.00,false,1.00,19.90,0.00,true,0,
8001090364319,false,טייד קפסולות כביסה אפקט פיירי 37 יחידות,דיפלומט מפיצים (1986) בע`מ,FR,קפסולות ג'ל כביסה אפקט פיירי,,0.00,0.00,false,1.00,67.90,1.83,true,0,
8001090375186,false,"מרכך מרוכז 200 מ""ל לצבע מלא חיים ""פנטן""",דיפלומט מפיצים (1986) בע`מ,FR,מרכך מרוכז לשיער לצבע מלא חיים,,0.00,100.00,false,1.00,29.90,0.00,true,0,
8001090375230,false,"מרכך מרוכז 200 מ""ל לחות מוגברת ""פנטן""",דיפלומט מפיצים (1968) בעמ,FR,מרכך מרוכז לשיער לחות מוגברת,,0.00,100.00,false,1.00,29.90,0.00,true,0,
8001090375285,false,"פנטן מרכך מרוכז 200 מ""ל למגע רך כשמי",דיפלומט מפיצים (1986) בע`מ,FR,מרכך מרוכז לשיער למגע רך כמשי,,0.00,100.00,false,1.00,29.90,0.00,true,0,
8001090377487,false,מסכה לשיער פנטן לחות מוגברת 300 מל,דיפלומט מפיצים (1968) בעמ,RO,מסכה לחות מוגברת,,0.00,100.00,false,1.00,38.90,0.00,true,0,
8001090379337,false,פמפרס פרימיום קר חיתולים שלב 3 40 יח VP,דיפלומט מפיצים (1986) בע`מ,PL,"חיתולים שלב 3, 6-10 ק""ג",,0.00,0.00,false,1.00,47.90,1.19,true,0,
8001090379368,false,פמפרס פרימיום קר חיתולים שלב 4 34 יח VP,דיפלומט מפיצים (1986) בע`מ,PL,"חיתולים שלב 4, 9-14 ק""ג",,0.00,0.00,false,1.00,47.90,1.40,true,0,
8001090379399,false,פמפרס פרימיום קר חיתולים שלב 5 30 יח VP,דיפלומט מפיצים (1986) בע`מ,PL,"חיתולים שלב 5 11-16 ק""ג",,0.00,0.00,false,1.00,47.90,1.59,true,0,
8001090438973,false,אולוויז דיסקריט תחתון סופג מדיום 9 יח,דיפלומט,DE,דיסקריט תחתון סופג מידה M,,0.00,0.00,false,1.00,54.90,6.10,true,0,
8001090533890,false,אולד ספייס גל רחצה CITRON,דיפלומט,FR,ג'ל רחצה CITRON,,0.00,100.00,false,1.00,21.90,0.00,true,0,
8001090540577,false,"מי פה אורל בי להלבנה 500 מ""ל",דיפלומט מפיצים (1968) בעמ,DE,3D WHITE מי פה,,0.00,100.00,false,1.00,29.90,0.00,true,0,
8001090580122,false,"הד אנד שולדרס שמפו סופרים משקם 400 מ""ל",דיפלומט מפיצים 1968 בעמ,FR,סופרים שמפו משקם,,0.00,100.00,false,1.00,26.90,0.00,true,0,
>>>>>>> d048ac2f4f281c9d788043ab4e81b61b0dbe3743
8001090603388,false,פמפרס פיור מגבונים 48 יח שלישייה,General,DE,PURE מגבונים לחים 99% מים טהורים וכותנה אורגנית,,0.00,0.00,false,1.00,34.90,11.63,true,0,
8001090628985,false,אורל בי 3D WHITE משחה להלבנה ורגישות,דיפלומט,DE,3D WHITE משחה להלבנה ורגישות,,0.00,100.00,false,1.00,31.90,0.00,true,0,
8001090629036,false,אורל בי 3D WHITE משחה להלבנה וחיזוק,דיפלומט,DE,3D WHITE משחה להלבנה וחיזוק,,0.00,100.00,false,1.00,31.90,0.00,true,0,
8001090632715,false,מש.שיניים אורל בי לילדים פרוזן וקארס120ג,פרוקטר אנד גמבל,DE,משחת שיניים לילדים לגיל 2-6 שנים פרוזן,,0.00,100.00,false,1.00,19.90,0.00,true,0,
<<<<<<< HEAD
8001090678195,false,"מרכך הד&שולדרס סופרים לחות 275 מ""ל",פרוקטר אנד גמבל,FR,סופרים מרכך לחות,,0.00,100.00,false,1.00,18.90,0.00,true,0,
8001090678225,false,"הד אנד שולדרס מרכך סופרים משקם 275 מ""ל",פרוקטר אנד גמבל,FR,סופרים מרכך משקם,,0.00,100.00,false,1.00,18.90,0.00,true,0,
8001090678614,false,"שמפו סופרים לחות הד אנד שולדרס 400 מ""ל",פרוקטר אנד גמבל,FR,סופרים שמפו לחות,,0.00,100.00,false,1.00,26.90,0.00,true,0,
8001090721129,false,אריאל קפסולות גל לכביסה 3ב1 קולור 27 יח,פרוקטר אנד גמבל,FR,קפסולות ג'ל כביסה 3 ב-1 קולור,,0.00,0.00,false,1.00,41.90,1.55,true,0,
8001090735744,false,אוליי דיילי פיישל 5 ב 1- מטליות יבשות המ,דיפלומט,US,DAILY FACIALS מטליות יבשות המופעלות במים 5 ב-1,,0.00,0.00,false,1.00,34.90,0.00,true,0,
8001090737809,false,מגן תחתון אולוויז סינגל טנגה 36 יחידות,פרוקטר אנד גמבל,ES,מגן תחתון טנגה,,0.00,0.00,false,1.00,16.90,0.46,true,0,
8001090802385,false,קפסולות גל לכביסה טייד בניחוח לנור 26 יח,פרוקטר אנד גמבל,FR,קפסולות ג'ל כביסה קולור בניחוח לנור,,0.00,0.00,false,1.00,34.90,1.34,true,0,
8001090810083,false,"פנטן קונדישנר נוסחה קלאסית 500 מ""ל",פרוקטר אנד גמבל,RO,קונדישינר הנוסחה הקלאסית הזנה וברק,,0.00,100.00,false,1.00,21.90,0.00,true,0,
8001090810120,false,"פנטן קונדישנר שמן מרוקאי משקם 500 מ""ל",פרוקטר אנד גמבל,RO,קונדישינר שמן משקם,,0.00,100.00,false,1.00,21.90,0.00,true,0,
8001090810205,false,"פנטן שמפו נוסחה קלאסית 500 מ""ל",פנטן שמפן/מרכך 500 מ,RO,שמפו הנוסחה הקלאסית הזנה וברק,,0.00,100.00,false,1.00,21.90,0.00,true,0,
8001090810281,false,"שמפו שמן מרוקאי משקם פנטן 500 מ""ל",פרוקטר אנד גמבל,RO,שמפו שמן משקם,,0.00,100.00,false,1.00,21.90,0.00,true,0,
8001090832450,false,"שמפו פנטן הנוסחה הקלאסית 660 מ""ל",פרוקטר אנד גמבל,RO,שמפו הנוסחה הקלאסית הזנה וברק,,0.00,100.00,false,1.00,24.90,0.00,true,0,
8001090832535,false,"שמפו פנטן שמן מרוקאי משקם 660 מ""ל",פרוקטר אנד גמבל,RO,שמפו שמן משקם,,0.00,100.00,false,1.00,24.90,0.00,true,0,
8001090832573,false,"שמפו פנטן לחות מוגברת 660 מ""ל",פרוקטר אנד גמבל,RO,שמפו לחות מוגברת,,0.00,100.00,false,1.00,24.90,0.00,true,0,
8001090832610,false,"שמפו פנטן למגע רך כמשי 660 מ""ל",פרוקטר אנד גמבל,RO,שמפו למגע רך כמשי,,0.00,100.00,false,1.00,24.90,0.00,true,0,
8001090832696,false,"פנטן שמפו לתלתלים מושלמים 660 מ""ל",פרוקטר אנד גמבל,RO,שמפו לתלתלים מושלמים,,0.00,100.00,false,1.00,24.90,0.00,true,0,
8001090832771,false,"פנטן שמפו להזנת קרטין 660 מ""ל",פרוקטר אנד גמבל,RO,שמפו הזנת קרטין,,0.00,100.00,false,1.00,24.90,0.00,true,0,
8001090832818,false,מרכך פנטן הנוסחה הקלאסית לשיער רגיל ומעורב,פרוקטר אנד גמבל,RO,קונדישינר הנוסחה הקלאסית הזנה וברק,,0.00,100.00,false,1.00,24.90,0.00,true,0,
8001090832856,false,"פנטן 660 מ""ל קונדישינר מרוקאי משקם",פרוקטר אנד גמבל,RO,מרכך שמן משקם,,0.00,100.00,false,1.00,24.90,0.00,true,0,
8001090832894,false,מרכך לשיער חלש ופגום לחות מוגברת,פרוקטר אנד גמבל,RO,קונדישינר לחות מוגברת,,0.00,100.00,false,1.00,24.90,0.00,true,0,
8001090832931,false,"פנטן 660 מ""ל קונדישינר למגע רך כמשי",פרוקטר אנד גמבל,RO,קונדישינר למגע רך כמשי,,0.00,100.00,false,1.00,24.90,0.00,true,0,
8001090832979,false,"פנטן 660 מ""ל קונדישינר לתלתלים מושלמים",פנטן שמפו ומרכך ב 17,RO,קונדישינר לתלתלים מושלמים,,0.00,100.00,false,1.00,24.90,0.00,true,0,
8001090833051,false,"פנטן 660 מ""ל קונדישינר הזנת קרטין",פנטן שמפו ומרכך ב 17,RO,קונדישינר הזנת קרטין,,0.00,100.00,false,1.00,24.90,0.00,true,0,
8001090833167,false,גל כביסה אריאל בניחוח הרים 2.365 ליטר,פרוקטור אנד גמבל,FR,ג'ל כביסה ניחוח הרים,,0.00,1.00,false,1.00,36.90,15.56,true,0,
8001090833228,false,אריאל ג'ל כביסה קולור 2.365 ליטר,פרוקטור אנד גמבל,FR,ג'ל כביסה COLOR,,0.00,1.00,false,1.00,36.90,15.56,true,0,
=======
8001090678195,false,"מרכך הד&שולדרס סופרים לחות 275 מ""ל",דיפלומט מפיצים (1968) בעמ,FR,סופרים מרכך לחות,,0.00,100.00,false,1.00,18.90,0.00,true,0,
8001090678225,false,"הד אנד שולדרס מרכך סופרים משקם 275 מ""ל",דיפלומט מפיצים 1968 בעמ,FR,סופרים מרכך משקם,,0.00,100.00,false,1.00,18.90,0.00,true,0,
8001090678614,false,"שמפו סופרים לחות הד אנד שולדרס 400 מ""ל",דיפלומט מפיצים (1986) בע`מ,FR,סופרים שמפו לחות,,0.00,100.00,false,1.00,26.90,0.00,true,0,
8001090721129,false,אריאל קפסולות גל לכביסה 3ב1 קולור 27 יח,דיפלומט מפיצים (1986) בע`מ,FR,קפסולות ג'ל כביסה 3 ב-1 קולור,,0.00,0.00,false,1.00,41.90,1.55,true,0,
8001090735744,false,אוליי דיילי פיישל 5 ב 1- מטליות יבשות המ,דיפלומט,US,DAILY FACIALS מטליות יבשות המופעלות במים 5 ב-1,,0.00,0.00,false,1.00,34.90,0.00,true,0,
8001090737809,false,מגן תחתון אולוויז סינגל טנגה 36 יחידות,דיפלומט מפיצים (1968) בעמ,ES,מגן תחתון טנגה,,0.00,0.00,false,1.00,16.90,0.46,true,0,
8001090802385,false,קפסולות גל לכביסה טייד בניחוח לנור 26 יח,דיפלומט מפיצים (1986) בע`מ,FR,קפסולות ג'ל כביסה קולור בניחוח לנור,,0.00,0.00,false,1.00,34.90,1.34,true,0,
8001090810083,false,"פנטן קונדישנר נוסחה קלאסית 500 מ""ל",דיפלומט מפיצים (1968) בעמ,RO,קונדישינר הנוסחה הקלאסית הזנה וברק,,0.00,100.00,false,1.00,21.90,0.00,true,0,
8001090810120,false,"פנטן קונדישנר שמן מרוקאי משקם 500 מ""ל",פרוקטר אנד גמבל,RO,קונדישינר שמן משקם,,0.00,100.00,false,1.00,21.90,0.00,true,0,
8001090810205,false,"פנטן שמפו נוסחה קלאסית 500 מ""ל",פנטן שמפן/מרכך 500 מ,RO,שמפו הנוסחה הקלאסית הזנה וברק,,0.00,100.00,false,1.00,21.90,0.00,true,0,
8001090810281,false,"שמפו שמן מרוקאי משקם פנטן 500 מ""ל",דיפלומט מפיצים 1968 בעמ,RO,שמפו שמן משקם,,0.00,100.00,false,1.00,21.90,0.00,true,0,
8001090832450,false,"שמפו פנטן הנוסחה הקלאסית 660 מ""ל",דיפלומט מפיצים (1986) בע`מ,RO,שמפו הנוסחה הקלאסית הזנה וברק,,0.00,100.00,false,1.00,24.90,0.00,true,0,
8001090832535,false,"שמפו פנטן שמן מרוקאי משקם 660 מ""ל",דיפלומט מפיצים (1986) בע`מ,RO,שמפו שמן משקם,,0.00,100.00,false,1.00,24.90,0.00,true,0,
8001090832573,false,שמפו שמן לחות מוגברת 660 מל פנטן,דיפלומט מפיצים (1986) בע`מ,RO,שמפו לחות מוגברת,,0.00,100.00,false,1.00,24.90,0.00,true,0,
8001090832610,false,שמפו שמן למגע רך כמשי 660 מל פנטן,דיפלומט מפיצים (1986) בע`מ,RO,שמפו למגע רך כמשי,,0.00,100.00,false,1.00,24.90,0.00,true,0,
8001090832696,false,"פנטן שמפו לתלתלים מושלמים 660 מ""ל",דיפלומט מפיצים (1986) בע`מ,RO,שמפו לתלתלים מושלמים,,0.00,100.00,false,1.00,24.90,0.00,true,0,
8001090832771,false,"פנטן שמפו להזנת קרטין 660 מ""ל",דיפלומט מפיצים (1986) בע`מ,RO,שמפו הזנת קרטין,,0.00,100.00,false,1.00,24.90,0.00,true,0,
8001090832818,false,מרכך פנטן הנוסחה הקלאסית לשיער רגיל ומעורב,דיפלומט מפיצים (1986) בע`מ,RO,קונדישינר הנוסחה הקלאסית הזנה וברק,,0.00,100.00,false,1.00,24.90,0.00,true,0,
8001090832856,false,"פנטן 660 מ""ל קונדישינר מרוקאי משקם",דיפלומט מפיצים (1986) בע`מ,RO,מרכך שמן משקם,,0.00,100.00,false,1.00,24.90,0.00,true,0,
8001090832894,false,מרכך לשיער חלש ופגום לחות מוגברת,דיפלומט מפיצים (1986) בע`מ,RO,קונדישינר לחות מוגברת,,0.00,100.00,false,1.00,24.90,0.00,true,0,
8001090832931,false,"פנטן 660 מ""ל קונדישינר למגע רך כמשי",דיפלומט מפיצים (1986) בע`מ,RO,קונדישינר למגע רך כמשי,,0.00,100.00,false,1.00,24.90,0.00,true,0,
8001090832979,false,"פנטן 660 מ""ל קונדישינר לתלתלים מושלמים",דיפלומט מפיצים (1986) בע`מ,RO,קונדישינר לתלתלים מושלמים,,0.00,100.00,false,1.00,24.90,0.00,true,0,
8001090833051,false,"פנטן 660 מ""ל קונדישינר הזנת קרטין",דיפלומט מפיצים (1986) בע`מ,RO,קונדישינר הזנת קרטין,,0.00,100.00,false,1.00,24.90,0.00,true,0,
8001090833167,false,גל כביסה אריאל בניחוח הרים 2.365 ליטר,דיפלומט מפיצים (1986) בע`מ,FR,ג'ל כביסה ניחוח הרים,,0.00,1.00,false,1.00,36.90,15.56,true,0,
8001090833228,false,אריאל ג'ל כביסה קולור 2.365 ליטר,דיפלומט מפיצים (1986) בע`מ,FR,ג'ל כביסה COLOR,,0.00,1.00,false,1.00,36.90,15.56,true,0,
>>>>>>> d048ac2f4f281c9d788043ab4e81b61b0dbe3743
8001090856005,false,פאנטן 200 מרכך הקסם סופר פוד,פרוקטר אנד גמבל,RO,מרכך הקסם 3 דקות סופר פוד,,0.00,100.00,false,1.00,29.90,0.00,true,0,
8001090861276,false,"פנטן קונדישנר סופר פוד 660 מ""ל",פרוקטר אנד גמבל,RO,מרכך סופר פוד לשיער עשיר וחזק,,0.00,100.00,false,1.00,24.90,0.00,true,0,
8001090861795,false,"פנטן שמפו סופר פוד 660 מ""ל",פרוקטר אנד גמבל,RO,שמפו סופר פוד לשיער עשיר וחזק,,0.00,100.00,false,1.00,24.90,0.00,true,0,
8001090875266,false,אוליי רגנריסט WHIP קרם לחות פעיל 50 מל,דיפלומט,PL,REGENERIST WHIP קרם לחות פעיל,,0.00,100.00,false,1.00,159.90,0.03,true,0,
8001090875419,false,אוליי רגנריסט WHIP קרם לחות פעיל SPF 30,דיפלומט,PL,REGENERIST WHIP קרם לחות פעיל SPF 30,,0.00,100.00,false,1.00,159.90,0.03,true,0,
8001090875563,false,אוליי לומינוס WHIP קרם לחות פעיל 50 מל,דיפלומט,PL,LUMINOUS WHIP קרם לחות פעיל,,0.00,100.00,false,1.00,159.90,0.03,true,0,
8001090875624,false,אוליי רגנריסט לומינוס WHIP קרם לחות פעיל,דיפלומט,PL,REGENERIST LUMINOUS WHIP קרם לחות פעיל SPF 30,,0.00,100.00,false,1.00,159.90,0.03,true,0,
8001090886385,false,לנור כדוריות הבושם בניחוח רענן 140 גרם,דיפלומט מפיצים (1968) בעמ,US,כדוריות בושם בניחוח רענן,,0.00,100.00,false,1.00,29.90,0.00,true,0,
8001090886460,false,לנור כדוריות הבושם בניחוח אביבי 140 גרם,דיפלומט מפיצים (1968) בעמ,US,כדוריות בושם בניחוח אביבי,,0.00,100.00,false,1.00,29.90,0.00,true,0,
8001090891273,false,לנור כדוריות בושם בניחוח סחלב 210 גרם,דיפלומט מפיצים (1968) בעמ,US,כדוריות בושם בניחוח סחלב,,0.00,100.00,false,1.00,39.90,0.00,true,0,
8001090893277,false,אולוויז דיסקרט תחתון אלסטי אקסטרה לארג 7,דיפלומט,CA,דיסקרט תחתונים אלסטיים לבריחת שתן אקסטרא לארג',,0.00,0.00,false,1.00,54.90,7.84,true,0,
8001090899071,false,אולוויז פלטינום נורמל + 12 יח תחבושות,דיפלומט,DE,פלטינום תחבושות עם כנפיים נורמל,,0.00,0.00,false,1.00,15.90,1.32,true,0,
8001090899101,false,אולוויז פלטינום לונג + 10 יח תחבושות,ספקים שונים,DE,פלטינום תחבושות עם כנפיים לונג,,0.00,0.00,false,1.00,15.90,1.59,true,0,
8001090899132,false,אולוויז פלטינום לילה + 8 יח תחבושות,דיפלומט,DE,פלטינום תחבושות עם כנפיים לילה,,0.00,0.00,false,1.00,15.90,1.98,true,0,
<<<<<<< HEAD
8001090899194,false,תחבושות אולוויז פלטינום נורמל 24 יחידות,פרוקטר אנד גמבל,DE,פלטינום אולטרה נורמל - תחבושות היגייניות עם כנפיים בניחוח עדין,,0.00,0.00,false,1.00,26.90,1.12,true,0,
8001090899224,false,תחבושות אולוויז פלטינום לונג 20 יחידות,פרוקטר אנד גמבל,DE,פלטינום אולטרה לונג - תחבושות היגייניות עם כנפיים בניחוח עדין,,0.00,0.00,false,1.00,26.90,1.34,true,0,
8001090899255,false,תחבושות אולוויז פלטינום לילה 16 יחידות,פרוקטר אנד גמבל,DE,פלטינום אולטרה נייט - תחבושות היגייניות עם כנפיים בניחוח עדין,,0.00,0.00,false,1.00,26.90,1.68,true,0,
8001090899286,false,תחבושות אולוויז פלטינום לילה בטוח 14 יח',פרוקטר אנד גמבל,DE,פלטינום אולטרה סקיור נייט - תחבושות היגייניות עם כנפיים בניחוח עדין,,0.00,0.00,false,1.00,26.90,1.68,true,0,
8001090962966,false,אולד ספייס דאו ספריי לגוף CAPTAIN,דיפלומט,GB,דאודורנט ספריי לגוף CAPTAIN,,0.00,100.00,false,1.00,21.90,0.00,true,0,
8001090965615,false,אולד ספייס גל רחצה+שמפו CAPTAIN,דיפלומט,FR,ג'ל רחצה + שמפו CAPTAIN,,0.00,100.00,false,1.00,21.90,0.00,true,0,
8001090970497,false,אולד ספייס דאו סטיק CAPTAIN,דיפלומט,PL,דאודורנט סטיק CAPTAIN,,0.00,100.00,false,1.00,21.90,0.00,true,0,
8001090988362,false,"שמפו לחות מוגברת פנטן 500 מ""ל","פרוקטר אנד גמבל, רומ",RO,שמפו לחות מוגברת,,0.00,100.00,false,1.00,21.90,0.00,true,0,
8001090988843,false,"פנטן קונדישנר לחות מרכך מוגברת 500 מ""ל",פרוקטר אנד גמבל,RO,קונדישינר לחות מוגברת,,0.00,100.00,false,1.00,21.90,0.00,true,0,
8001090992338,false,פיירי טבליות למדיח פלטינום פלוס 50 יחידו,פרוקטר אנד גמבל,BE,טבליות למדיח פלטינום פלוס,,0.00,0.00,false,1.00,69.90,1.39,true,0,
=======
8001090899194,false,תחבושות אולוויז פלטינום נורמל 24 יחידות,דיפלומט מפיצים (1986) בע`מ,DE,פלטינום אולטרה נורמל - תחבושות היגייניות עם כנפיים בניחוח עדין,,0.00,0.00,false,1.00,26.90,1.12,true,0,
8001090899224,false,תחבושות אולוויז פלטינום לונג 20 יחידות,דיפלומט מפיצים (1986) בע`מ,DE,פלטינום אולטרה לונג - תחבושות היגייניות עם כנפיים בניחוח עדין,,0.00,0.00,false,1.00,26.90,1.34,true,0,
8001090899255,false,תחבושות אולוויז פלטינום לילה 16 יחידות,דיפלומט מפיצים (1986) בע`מ,DE,פלטינום אולטרה נייט - תחבושות היגייניות עם כנפיים בניחוח עדין,,0.00,0.00,false,1.00,26.90,1.68,true,0,
8001090899286,false,תחבושות אולוויז פלטינום לילה בטוח 14 יח',דיפלומט מפיצים (1986) בע`מ,DE,פלטינום אולטרה סקיור נייט - תחבושות היגייניות עם כנפיים בניחוח עדין,,0.00,0.00,false,1.00,26.90,1.68,true,0,
8001090962966,false,אולד ספייס דאו ספריי לגוף CAPTAIN,דיפלומט,GB,דאודורנט ספריי לגוף CAPTAIN,,0.00,100.00,false,1.00,21.90,0.00,true,0,
8001090965615,false,אולד ספייס גל רחצה+שמפו CAPTAIN,דיפלומט,FR,ג'ל רחצה + שמפו CAPTAIN,,0.00,100.00,false,1.00,21.90,0.00,true,0,
8001090970497,false,אולד ספייס דאו סטיק CAPTAIN,דיפלומט,PL,דאודורנט סטיק CAPTAIN,,0.00,100.00,false,1.00,21.90,0.00,true,0,
8001090988362,false,"שמפו פאנטן לחות מוגברת 500 מ""ל",דיפלומט מפיצים {1968}בעמ,RO,שמפו לחות מוגברת,,0.00,100.00,false,1.00,21.90,0.00,true,0,
8001090988843,false,"פנטן קונדישנר לחות מרכך מוגברת 500 מ""ל",דיפלומט מפיצים (1968) בעמ,RO,קונדישינר לחות מוגברת,,0.00,100.00,false,1.00,21.90,0.00,true,0,
8001090992338,false,פיירי טבליות למדיח פלטינום פלוס 50 יחידו,דיפלומט מפיצים (1968) בעמ,BE,טבליות למדיח פלטינום פלוס,,0.00,0.00,false,1.00,69.90,1.39,true,0,
>>>>>>> d048ac2f4f281c9d788043ab4e81b61b0dbe3743
8001090998996,false,אולד ספייס דאו קליר גל LAGOON 70  מל,דיפלומט,BE,דאודורנט קליר ג'ל LAGOON,,0.00,100.00,false,1.00,24.90,0.00,true,0,
8001090999030,false,אולד ספייס דאו קליר גל WHITEWATER 70  מל,דיפלומט,BE,דאודורנט קליר ג'ל WHITEWATER,,0.00,100.00,false,1.00,24.90,0.00,true,0,
8001090999191,false,אולד ספייס דאו קליר גל CAPTAIN 70  מל,דיפלומט,BE,דאודורנט קליר ג'ל CAPTAIN,,0.00,100.00,false,1.00,24.90,0.00,true,0,
8001160001786,false,"משקה אנרגיה גטורייד ספורט כחול 500מ""ל",אקווה מינרלה סאן בנדטו,,משקה בטעם פטל מופחת קלוריות,,0.00,100.00,false,1.00,11.90,0.00,true,0,
8001160001892,false,"משקה אנרגיה גטורייד ספורט תפוז אדום 500מ""ל",אקווה מינרלה סאן בנדטו,,משקה בטעם תפוז אדום מופחת קלוריות,,0.00,100.00,false,1.00,11.90,0.00,true,0,
8001440118944,false,שלישיית עגבניות פולפה צ'יריו 400 גרם,דיפלומט מפיצים (1968) בעמ**,IT,פולפה עגבניות חתוכות דק,,0.00,0.00,false,1.00,15.90,5.30,true,0,
8001800006270,false,קפסולות תואמות נספרסו זהב ARABICA,קנדי חשמל ונכסים,IT,קפסולות תואמות נספרסו זהב ARABICA,,0.00,0.00,false,1.00,19.90,1.99,true,0,
8001800006287,false,קפסולות תואמות נספרסו אדום CREMESO,קנדי חשמל ונכסים,IT,קפסולות תואמות נספרסו אדום CREMESO,,0.00,0.00,false,1.00,19.90,1.99,true,0,
8001800006294,false,קפסולות תואמות נספרסו כחול DECAF נטול,קנדי חשמל ונכסים,IT,קפסולות תואמות נספרסו כחול DECAF נטול,,0.00,0.00,false,1.00,19.90,1.99,true,0,
8001800006300,false,קפסולות תואמות נספרסו כסוף INTENSO,קנדי חשמל ונכסים,IT,קפסולות תואמות נספרסו כסוף INTENSO,,0.00,0.00,false,1.00,19.90,1.99,true,0,
8001800006539,false,קפסולות תואמות נספרסו ירוק LUNGO,קנדי חשמל ונכסים,IT,קפסולות תואמות נספרסו ירוק LUNGO INTENSO,,0.00,0.00,false,1.00,19.90,1.99,true,0,
8001841006710,false,לנור כדוריות הבושם בניחוח רענן ( 210 גר`,דיפלומט מפיצים (1968) בעמ,US,כדוריות הריח בניחוח רענן,,0.00,100.00,false,1.00,39.90,0.00,true,0,
8001841053684,false,תחבושות אולוויז עבה לונג פלוס 12 יחידות,פרוקטר אנד גמבל )ראה קוד,HU,תחבושות היגייניות עם כנפיים מקסי לילה,,0.00,0.00,false,1.00,13.90,1.15,true,0,
<<<<<<< HEAD
8001841053806,false,תחבושות היגייניות אולוויז מקסי עבה לילה,פרוקטר אנד גמבל,HU,תחבושות היגייניות מקסי לילה פלוס,,0.00,0.00,false,1.00,13.90,1.54,true,0,
8001841062624,false,פמפרס מגבונים לחים ללא בישום רביעייה,פרוקטר אנד גמבל.,DE,מגבונים לחים ללא בישום,,0.00,0.00,false,1.00,23.90,5.97,true,0,
8001841077949,false,מארז מגבוני פמפרס בניחוח מרענן - רביעייה,פרוקטר אנד גמבל,DE,מגבונים לחים לרעננות,,0.00,0.00,false,1.00,23.90,5.97,true,0,
=======
8001841053806,false,תחבושות היגייניות אולוויז מקסי עבה לילה,דיפלומט מפיצים (1968) בעמ,HU,תחבושות היגייניות מקסי לילה פלוס,,0.00,0.00,false,1.00,13.90,1.54,true,0,
8001841062624,false,פמפרס מגבונים לחים ללא בישום רביעייה,דיפלומט מפיצים (1968) בעמ,DE,מגבונים לחים ללא בישום,,0.00,0.00,false,1.00,23.90,5.97,true,0,
8001841077949,false,מארז מגבוני פמפרס בניחוח מרענן - רביעייה,דיפלומט מפיצים (1986) בע`מ,DE,מגבונים לחים לרעננות,,0.00,0.00,false,1.00,23.90,5.97,true,0,
>>>>>>> d048ac2f4f281c9d788043ab4e81b61b0dbe3743
8001841104614,false,פמפרס פרימיום חיתולים שלב 1 א.נשיאה 26יח,פרוקטר אנד גמבל,PL,"אריזת התנסות מידה 1, 2-5 ק""ג",,0.00,0.00,false,1.00,24.90,0.95,true,0,
8001841104751,false,פמפרס פרימיום קר חיתולים שלב 1 52 יח VP,דיפלומט מפיצים (1968) בעמ,PL,"חיתולים שלב 1 2-5 ק""ג",,0.00,0.00,false,1.00,47.90,0.92,true,0,
8001841104799,false,פמפרס פרימיום קר חיתולים שלב 2 46 יח VP,דיפלומט מפיצים (1968) בעמ,PL,"חיתולים שלב 2 4-8 ק""ג",,0.00,0.00,false,1.00,47.90,1.04,true,0,
8001841105093,false,פמפרס פרימיום קר חיתולים שלב 6 26 יח VP,דיפלומט מפיצים (1986) בע`מ,PL,"חיתולים שלב 6 13+ ק""ג",,0.00,0.00,false,1.00,47.90,1.84,true,0,
8001841137179,false,קונדישינר הד&שולדרס הנוסחה הקלאסית 275מל,דיפלומט מפיצים (1986) בע`מ,RO,מרכך לשיער ולקרקפת הנוסחה הקלאסית,,0.00,100.00,false,1.00,18.90,0.00,true,0,
8001841137216,false,"קונדישנר למגע רך כמשי הד אנד שולדרס 275 מ""ל",דיפלומט מפיצים (1986) בע`מ,RO,מרכך לשיער ולקרקפת למגע רך כמשי,,0.00,100.00,false,1.00,18.90,0.00,true,0,
8001841137667,false,הד&שולדרס מרכך בניחוח תפוח 275 מל,פרוקטר אנד גמבל,RO,מרכך לשיער ולקרקפת בניחוח תפוח,,0.00,100.00,false,1.00,18.90,0.00,true,0,
8001841142722,false,אורל בי 3D WHITE משחה-לבן עוצמתי 75 מל,דיפלומט,DE,3D WHITE משחת שיניים להלבנה עוצמתית ומרעננת,,0.00,100.00,false,1.00,29.90,0.00,true,0,
8001841173887,false,אוליי גל עיניים להזנה עמוקה 15 מל,דיפלומט,PL,ג'ל עיניים להזנה עמוקה לעור עייף,,0.00,100.00,false,1.00,139.90,0.09,true,0,
8001841198347,false,"דאו ספריי לגבר קול וייב ג'ילט 150 מ""ל",פרוקטר אנד גמבל,GB,דאודורנט ספריי אנטי-פרספירנט קול ווייב,,0.00,100.00,false,1.00,22.90,0.00,true,0,
8001841214504,false,פנטן Hair Biology שמפו לשיער מלא ותוסס,דיפלומט,FR,שמפו לשיער מלא ותוסס,,0.00,100.00,false,1.00,27.90,0.00,true,0,
8001841214566,false,פנטן Hair Biology שמפו לשיער אפור וזוהר,דיפלומט,FR,שמפו לשיער אפור וזוהר,,0.00,100.00,false,1.00,27.90,0.00,true,0,
8001841214627,false,פנטן Hair Biology שמפו לניקוי ושיקום 250,דיפלומט,FR,שמפו לניקוי ושיקום השיער,,0.00,100.00,false,1.00,27.90,0.00,true,0,
8001841214689,false,פנטן Hair Biology שמפו אנטי קרזול 250,דיפלומט,FR,שמפו אנטי קרזול ואפקט הארה,,0.00,100.00,false,1.00,27.90,0.00,true,0,
8001841216638,false,פנטן Hair Biology מרכך לשיער מלא ותוסס,דיפלומט,FR,מרכך לשיער מלא ותוסס,,0.00,100.00,false,1.00,27.90,0.00,true,0,
8001841216690,false,פנטן Hair Biology מרכך לשיער אפור וזוהר,דיפלומט,FR,מרכך לשיער אפור וזוהר,,0.00,100.00,false,1.00,27.90,0.00,true,0,
8001841216751,false,פנטן Hair Biology מרכך לניקוי ושיקום 160,דיפלומט,FR,מרכך לניקוי ושיקום השיער,,0.00,100.00,false,1.00,27.90,0.00,true,0,
8001841216812,false,פנטן Hair Biology מרכך אנטי קרזול 250,דיפלומט,FR,מרכך אנטי קרזול ואפקט הארה,,0.00,100.00,false,1.00,27.90,0.00,true,0,
8001841226033,false,הד&שולדרס אולטרא 360 שמפו סנדלווד אולד ס,דיפלומט,RO,אולטרא שמפו לגבר אולד ספייס בניחוח סנדלווד,,0.00,100.00,false,1.00,21.90,0.00,true,0,
8001841228242,false,פנטן Hair Biology מסכה לניקוי ושיקום 160,דיפלומט,FR,מסכה לניקוי ושיקום השיער,,0.00,100.00,false,1.00,27.90,0.00,true,0,
8001841228457,false,פנטן Hair Biology מסכה אנטי קרזול 160,דיפלומט,FR,מסכה אנטי קרזול ואפקט הארה,,0.00,100.00,false,1.00,27.90,0.00,true,0,
8001841228662,false,פנטן Hair Biology מסכה לשיער מלא ותוסס,דיפלומט,FR,מסכה לשיער מלא ותוסס,,0.00,100.00,false,1.00,27.90,0.00,true,0,
8001841228877,false,פנטן Hair Biology מסכה לשיער אפור וזוהר,דיפלומט,FR,מסכה לשיער אפור וזוהר,,0.00,100.00,false,1.00,27.90,0.00,true,0,
8001841272757,false,אורל-בי משחת שיניים להלבנה פחם- לניקוי עמוק,דיפלומט מפיצים (1968) בעמ,DE,3D WHITE משחה פחם לניקוי יסודי,,0.00,100.00,false,1.00,31.90,0.00,true,0,
8001841275185,false,הרבל אסנס מסכה שמן ארגן מרוקאי 250 מל,דיפלומט,FR,BIO RENEW מסכה שמן ארגן מרוקאי,,0.00,100.00,false,1.00,24.90,0.00,true,0,
8001841282572,false,אולד ספייס דאו ספריי DEEP SEA,דיפלומט,GB,דאודורנט ספריי DEEP SEA,,0.00,100.00,false,1.00,21.90,0.00,true,0,
8001841283807,false,אולד ספייס דאו סטיק ROCK,דיפלומט,PL,דאודורנט סטיק ROCK,,0.00,100.00,false,1.00,21.90,0.00,true,0,
8001841283944,false,אולד ספייס דאו סטיק DEEP SEA,General,PL,דאודורנט סטיק DEEP SEA,,0.00,100.00,false,1.00,21.90,0.00,true,0,
8001841326153,false,אולד ספייס גל רחצה DEEP SEA,דיפלומט,FR,ג'ל רחצה DEEP SEA,,0.00,100.00,false,1.00,21.90,0.00,true,0,
8001841326207,false,אולד ספייס גל רחצה+שמפו ROCK,דיפלומט,FR,ג'ל רחצה + שמפו ROCK,,0.00,100.00,false,1.00,21.90,0.00,true,0,
8001841407593,false,אוליי מים מיסלריים,דיפלומט,US,מים מיסלריים,,0.00,100.00,false,1.00,38.90,0.00,true,0,
8001841426723,false,אוזי REPAIR מרכך 200 מל,General,US,מרכך REPAIR,,0.00,100.00,false,1.00,20.90,0.00,true,0,
8001841427164,false,אולוויז פרו פרש מגן תחתון 4ב-1 לארג 40,פרוקטר אנד גמבל,DE,פרו פרש מגן תחתון 4ב-1 לארג',,0.00,0.00,false,1.00,19.90,0.49,true,0,
8001841429847,false,אוליי רגנריסט רטינול 24 קרם לילה 50 מל,דיפלומט,PL,REGENERIST RETINOL 24 אנטי אייג'ינג קרם לילה,,0.00,100.00,false,1.00,149.90,0.02,true,0,
8001841430003,false,אוליי רגנריסט רטינול 24 סרום לילה 40 מל,דיפלומט,PL,REGENERIST RETINOL 24 סרום לילה,,0.00,100.00,false,1.00,149.90,0.03,true,0,
8001841430164,false,אוליי רגנריסט רטינול 24 קרם עיניים ללילה,דיפלומט,PL,REGENERIST RETINOL 24 קרם עיניים ללילה,,0.00,100.00,false,1.00,149.90,0.09,true,0,
8001841435022,false,אולוויז גביעונית לספיגה רגילה,דיפלומט,DE,גביעונית לספיגה רגילה,,0.00,0.00,false,1.00,189.90,0.00,true,0,
8001841435060,false,אולוויז גביעונית לספיגה גבוהה,דיפלומט,DE,גביעונית לספיגה גבוהה,,0.00,0.00,false,1.00,189.90,0.00,true,0,
8001841461380,false,פמפרס בייבי דריי פנטס מידה 4 32 יח,פרוקטר אנד גמבל,DE,"מכנסונים מידה 4 9-15 ק""ג",,0.00,0.00,false,1.00,39.90,1.24,true,0,
8001841461458,false,פמפרס בייבי דריי פנטס מידה 6 24 יח,פרוקטר אנד גמבל,DE,"מכנסונים מידה 6 +15 ק""ג",,0.00,0.00,false,1.00,39.90,1.66,true,0,
8001841479804,false,אולוויז תחבושות כותנה אורגנית נורמל 12 י,דיפלומט,DE,כותנה אורגנית - תחבושות היגייניות נורמל,,0.00,0.00,false,1.00,24.90,2.07,true,0,
8001841479842,false,אולוויז תחבושות כותנה אורגנית לונג 10 יח,דיפלומט,DE,כותנה אורגנית - תחבושות היגייניות לונג,,0.00,0.00,false,1.00,24.90,2.49,true,0,
8001841479873,false,אולוויז תחבושות כותנה אורגנית לילה 9 יח,דיפלומט,DE,כותנה אורגנית - תחבושות היגייניות לילה,,0.00,0.00,false,1.00,24.90,2.76,true,0,
8001841480565,false,אוליי תחליב פנים להסרת איפור 200 מל,דיפלומט,PL,תחליב פנים להסרת איפור,,0.00,100.00,false,1.00,34.90,0.00,true,0,
8001841483375,false,אוליי סבון פנים לעור יבש 150 מל,דיפלומט,PL,סבון פנים לעור יבש,,0.00,100.00,false,1.00,34.90,0.00,true,0,
8001841500799,false,"הרבל אסנסס - שמפו ללא סולפטים אלוורה ומנגו 380 מ""ל",דיפלומט מפיצים (1968) בעמ,FR,שמפו אלוורה ומנגו - ללא סולפטים,,0.00,100.00,false,1.00,26.90,0.00,true,0,
8001841500942,false,"הרבל אסנסס - שמפו ללא סולפטים אלוורה ובמבוק 380 מ""ל",דיפלומט מפיצים (1986) בע`מ,FR,שמפו אלוורה ובמבוק - ללא סולפטים,,0.00,100.00,false,1.00,26.90,0.00,true,0,
8001841502298,false,"הרבל אסנסס - מרכך ללא סולפטים אלוורה ומנגו 275 מ""ל",דיפלומט מפיצים (1968) בעמ,FR,מרכך אלוורה ומנגו - ללא סולפטים,,0.00,100.00,false,1.00,26.90,0.00,true,0,
8001841502601,false,"הרבל אסנסס - מרכך ללא סולפטים אלוורה ובמבוק 275 מ""ל",דיפלומט מפיצים (1968) בעמ,FR,מרכך אלוורה ובמבוק- ללא סולפטים,,0.00,100.00,false,1.00,26.90,0.00,true,0,
8001841535487,false,הרבל אסנס שמן ארגן 100 מל,דיפלומט,FR,שמן ארגן,,0.00,0.00,false,1.00,24.90,0.24,true,0,
8001841535593,false,הרבל אסנס שמן קוקוס 100 מל,דיפלומט,FR,שמן קוקוס,,0.00,0.00,false,1.00,24.90,0.24,true,0,
8001841543680,false,אולוויז דיסקריט תחתון סופג מדיום 9 יח שח,דיפלומט,DE,דיסקריט תחתון סופג מידה M צבע שחור,,0.00,0.00,false,1.00,57.90,6.43,true,0,
8001841543710,false,אולוויז דיסקריט תחתון סופג לארג 8 יח שחו,דיפלומט,DE,דיסקריט תחתון סופג מידה L צבע שחור,,0.00,0.00,false,1.00,57.90,6.43,true,0,
8001841555843,false,אוזי SOS שמפו שיקום עמוק 290 מל,דיפלומט,FR,SOS שמפו שיקום עמוק,,0.00,100.00,false,1.00,20.90,0.00,true,0,
8001841555881,false,אוזי SOS ספריי מציל מחום ללא שטיפה 100 מ,דיפלומט,FR,SOS ספריי מציל מחום ללא שטיפה,,0.00,0.00,false,1.00,20.90,0.20,true,0,
8001841558196,false,אוזי SOS מרכך שיקום עמוק 200 מל,דיפלומט,FR,SOS מרכך שיקום עמוק,,0.00,100.00,false,1.00,20.90,0.00,true,0,
8001841558332,false,אוזי SOS מסכת הקסם שיקום עמוק 225 מל,דיפלומט,FR,SOS מסכת הקסם ב-3 דקות שיקום עמוק,,0.00,100.00,false,1.00,31.90,0.00,true,0,
8001841566771,false,לנור כדוריות בושם בניחוח יסמין 210 גרם,דיפלומט מפיצים (1968) בעמ,US,כדוריות בושם בניחוח יסמין,,0.00,100.00,false,1.00,39.90,0.00,true,0,
8001841587684,false,"גילט דאודורנט היידרה גל אלוורה 70 מ""ל",דיפלומט,PL,דאודורנט הידרה ג'ל אלוורה,,0.00,100.00,false,1.00,27.90,0.00,true,0,
8001841587738,false,גילט דאודורנט הידרה גל אקליפטוס 70 מל,דיפלומט,PL,דאודורנט הידרה ג'ל אקליפטוס,,0.00,100.00,false,1.00,27.90,0.00,true,0,
8001841604558,false,אורל בי משחה לחניכיים ורגישות-רעננות מוג,דיפלומט,DE,SENSITIVITY & GUM משחת שיניים - רעננות מוגברת,,0.00,100.00,false,1.00,24.90,0.00,true,0,
8001841618272,false,קינג סי גילט שמפו לזקן וסבון פנים 350 מל,דיפלומט,FR,שמפו לזקן וסבון פנים,,0.00,100.00,false,1.00,41.90,0.00,true,0,
8001841618326,false,קינג סי גילט גל גילוח שקוף 150 מל,דיפלומט,CA,ג'ל גילוח שקוף,,0.00,100.00,false,1.00,41.90,0.00,true,0,
8001841618371,false,קינג סי גילט באלם לזקן 100 מל,דיפלומט,FR,באלם לזקן,,0.00,0.00,false,1.00,41.90,0.41,true,0,
8001841618425,false,קינג סי גילט שמן לזקן 30 מל,דיפלומט,FR,שמן לזקן,,0.00,100.00,false,1.00,41.90,0.01,true,0,
8001841625188,false,סבון כלים פלטינום לימון X3 פעולות להסרת שומנים,דיפלומט מפיצים (1986) בע`מ,GB,נוזל לניקוי כלים פלטינום בניחוח לימון,,0.00,100.00,false,1.00,13.90,0.00,true,0,
8001841625287,false,סבון כלים פלטינום לימון X3 פעולות להסרת שומנים,דיפלומט מפיצים (1968) בעמ,GB,נוזל לניקוי כלים פלטינום בניחוח לימון,,0.00,1.00,false,1.00,20.90,20.49,true,0,
8001841625461,false,סבון כלים פלטינום X3 פעולות להסרת שומנים,דיפלומט מפיצים (1986) בע`מ,GB,נוזל לניקוי כלים פלטינום בניחוח מרענן,,0.00,100.00,false,1.00,13.90,0.00,true,0,
8001841625508,false,"נוזל כלים פיירי פלטינום אורגינל 1.015 ליטר בד""צ",דיפלומט מפיצים (1968) בעמ,GB,נוזל לניקוי כלים פלטינום אורגינל,,0.00,1.00,false,1.00,20.90,20.49,true,0,
8001841660257,false,מסכה לשיער פנטן מיראקלס במבוק 160 מל,דיפלומט מפיצים (1968) בעמ,FR,מיראקלס לשיער חזק וארוך מסכת שיקום קרטין,,0.00,100.00,false,1.00,21.90,0.00,true,0,
8001841660530,false,קרם לחות מינרלס במבוק + חלבון משקם לשיער ארוך,דיפלומט מפיצים (1968) בעמ,FR,מיראקלס קרם לחות לשיער ארוך יותר,,0.00,100.00,false,1.00,23.90,0.00,true,0,
8001841669465,false,קפסולות לכביסה אריאל בניחוח לנור 24 יחידות,דיפלומט מפיצים (1986) בע`מ,FR,קפסולות ג'ל כביסה בניחוח לנור,,0.00,0.00,false,1.00,39.90,1.66,true,0,
8001841669519,false,קפסולות לכביסה ALL IN ONE אריאל 55 יחידות,דיפלומט מפיצים (1986) בע`מ,FR,קפסולות ג'ל כביסה,,0.00,0.00,false,1.00,76.90,1.39,true,0,
8001841715957,false,"ג'ל רחצה ושמפו ניקוי אינטנסיסי האד אנד שולדרס 360 מ""ל",דיפלומט מפיצים (1968) בעמ,,ג'ל רחצה ושמפו ניקוי אינטנסיבי,,0.00,100.00,false,1.00,21.90,0.00,true,0,
8001841716312,false,"ג'ל רחצה ושמפו ספורט האד אנד שולדרס 360 מ""ל",דיפלומט מפיצים (1986) בע`מ,,ג'ל רחצה ושמפו ספורט,,0.00,100.00,false,1.00,21.90,0.00,true,0,
8001841716596,false,"ג'ל רחצה ושמפו מרענן האד אנד שולדרס 360 מ""ל",דיפלומט מפיצים (1968) בעמ,,ג'ל רחצה ושמפו מרענן,,0.00,100.00,false,1.00,21.90,0.00,true,0,
8001841718422,false,אוליי קרם עיניים מבהיר,דיפלומט,PL,קרם עיניים מבהיר,,0.00,100.00,false,1.00,139.90,0.09,true,0,
8001841762869,false,אוליי סבון גרגירים להפחתת מראה נקבוביות,דיפלומט,PL,סבון גרגירים להפחתת מראה נקבוביות,,0.00,100.00,false,1.00,34.90,0.00,true,0,
8001841762951,false,אוליי סבון גרגירים לחות 150 מל,דיפלומט,PL,סבון גרגירים לחות,,0.00,100.00,false,1.00,34.90,0.00,true,0,
8001841763040,false,אוליי סבון גרגירים לטיהור מועשר בפחם,דיפלומט,PL,סבון גרגירים לטיהור מועשר בפחם,,0.00,100.00,false,1.00,34.90,0.00,true,0,
8001841834443,false,אולד ספייס דאו ספריי RESTART,דיפלומט,BE,דאודורנט ספריי RESTART,,0.00,100.00,false,1.00,21.90,0.00,true,0,
8001841837239,false,הרבל אסנס מרכך ללא סולפטים שמן אבוקדו,דיפלומט,FR,מרכך שמן אבוקדו - ללא סולפטים,,0.00,100.00,false,1.00,26.90,0.00,true,0,
8001841838014,false,הרבל אסנס מסכה ללא סולפטים שמן אבוקדו,דיפלומט,FR,מסכה שמן אבוקדו - ללא סולפטים,,0.00,100.00,false,1.00,24.90,0.00,true,0,
8001841838052,false,הרבל אסנס שמן ללא סולפטים שמן אבוקדו,דיפלומט,FR,שמן לשיער שמן אבוקדו - ללא סולפטים,,0.00,0.00,false,1.00,26.90,0.26,true,0,
8001841841373,false,הרבל אסנס שמפו ללא סולפטים שמן אבוקדו,דיפלומט,FR,שמפו שמן אבוקדו - ללא סולפטים,,0.00,100.00,false,1.00,26.90,0.00,true,0,
8001841858395,false,אולד ספייס דאו סטיק  RESTART,דיפלומט,GB,דאודורנט סטיק  RESTART,,0.00,100.00,false,1.00,21.90,0.00,true,0,
8001841858715,false,אולד ספייס דאו סטיק ULTRA,דיפלומט,GB,דאודורנט סטיק ULTRA,,0.00,100.00,false,1.00,21.90,0.00,true,0,
8001841861562,false,אולד ספייס גל רחצה ULTRA,דיפלומט,BE,ג'ל רחצה ULTRA,,0.00,100.00,false,1.00,21.90,0.00,true,0,
8001841861630,false,אולד ספייס גל רחצה RESTART,דיפלומט,BE,ג'ל רחצה RESTART,,0.00,100.00,false,1.00,21.90,0.00,true,0,
8001841910079,false,הד&שולדרס סופרים מרכך לחיזוק השיער275 מל,דיפלומט,FR,סופרים מרכך לחיזוק השיער,,0.00,100.00,false,1.00,18.90,0.00,true,0,
8001841916361,false,הד&שולדרס סופרים שמפו לחיזוק השיער400 מל,דיפלומט,FR,סופרים שמפו לחיזוק השיער,,0.00,100.00,false,1.00,26.90,0.00,true,0,
8001841940281,false,אוליי אולטרה ריץ קרם יום ללא בישום 50 מל,דיפלומט,US,ULTRA RICH קרם יום ללא בישום,,0.00,100.00,false,1.00,139.90,0.02,true,0,
8001841941929,false,אולוויז וליו פק לילה בטוח אקסטרא 16 יחידות,דיפלומט מפיצים (1986) בע`מ,DE,תחבושות אולטרה עם כנפיים לילה בטוח אקסטרה אריזת דואו,,0.00,0.00,false,1.00,19.90,1.24,true,0,
8001841943961,false,לנור כדוריות בושם בניחוח אוקיינוס 210 גר,דיפלומט מפיצים (1968) בעמ,US,כדוריות בושם בניחוח אוקיינוס,,0.00,100.00,false,1.00,39.90,0.00,true,0,
8001841990149,false,הד&שולדרס שמפו קלאסי שקית מילוי 480 מל,General,FR,שמפו נוסחה קלאסית - שקית מילוי,,0.00,100.00,false,1.00,21.90,0.00,true,0,
8001841990293,false,הד&שולדרס שמפו קלאסי בקבוק אלומיניום 430,דיפלומט,FR,שמפו נוסחה קלאסית - בקבוק אלומיניום,,0.00,100.00,false,1.00,42.90,0.00,true,0,
8001841990354,false,הרבל אסנס שמפו ארגן בקבוק אלומיניום 430,General,FR,שמפו ארגן - בקבוק אלומיניום,,0.00,100.00,false,1.00,42.90,0.00,true,0,
8001841990507,false,הרבל אסנס שמפו ארגן שקית מילוי 480 מל,General,FR,שמפו ארגן - שקית מילוי,,0.00,100.00,false,1.00,28.90,0.00,true,0,
8001841990620,false,פנטן שמפו לחות מוגברת בקבוק אלומיניום,דיפלומט,RO,שמפו לחות מוגברת - בקבוק אלומיניום,,0.00,100.00,false,1.00,42.90,0.00,true,0,
8001841990743,false,פנטן שמפו לחות מוגברת שקית מילוי,General,RO,שמפו לחות מוגברת - שקית מילוי,,0.00,100.00,false,1.00,17.90,0.00,true,0,
8001841997537,false,הד&שולדרס שמפו טיהור הקרקפת 400 מל,דיפלומט,FR,ניקוי אינטנסיבי שמפו טיהור הקרקפת,,0.00,100.00,false,1.00,26.90,0.00,true,0,
8001841997582,false,הד&שולדרס שמפו הפחתת שמנוניות 400 מל,דיפלומט,FR,ניקוי אינטנסיבי שמפו הפחתת שמנוניות,,0.00,100.00,false,1.00,26.90,0.00,true,0,
8001841997643,false,הד&שולדרס שמפו הקלה של הקרקפת 400 מל,דיפלומט,FR,ניקוי אינטנסיבי שמפו הקלה של הקרקרפת,,0.00,100.00,false,1.00,26.90,0.00,true,0,
8002110383709,false,נוטרוגינה ס.נורבגית ק.ידיים לא מבושם 50מל,ניוטרוג'ינה Neutrogena,,קרם ידיים לא מבושם,,0.00,100.00,false,1.00,29.90,0.00,true,0,
<<<<<<< HEAD
8002910043476,false,ויט רצועות שעווה מוכנות לקו הביקיני 12 יחידות,רקיט בנקיזר צרפת,,רצועות שעווה מוכנות לשימוש לקו ביקיני ולבית שחי,,0.00,0.00,false,1.00,39.90,2.49,true,0,
=======
8002910043476,false,ויט רצועות שעווה מוכנות לקו הביקיני 12 יחידות,רקיט בנקיזר (ניר איסט) בעמ,,רצועות שעווה מוכנות לשימוש לקו ביקיני ולבית שחי,,0.00,0.00,false,1.00,39.90,2.49,true,0,
>>>>>>> d048ac2f4f281c9d788043ab4e81b61b0dbe3743
8003130129506,false,סאן קרלו חטיפי תפוחי אדמה פריכים CLASSIC,קנדי חשמל ונכסים,IT,חטיפי תפוחי אדמה פריכים CLASSIC,,0.00,100.00,false,1.00,8.90,0.00,true,0,
8003130129544,false,סאן קרלו חטיפי תפוחי אדמה פריכ.CROCCANTE,קנדי חשמל ונכסים,IT,חטיפי תפוחי אדמה פריכים CROCCANTE,,0.00,100.00,false,1.00,8.90,0.00,true,0,
8003130186417,false,סאן קרלו חטיף תפוחי אדמה פריכים STILETTO,סן קרלו,IT,חטיפי תפוחי אדמה פריכים STILETTO,,0.00,100.00,false,1.00,8.90,0.00,true,0,
8003190127016,false,מרביס משחת שיניים מנטה קלאסית 75 מל,General,IT,משחת שיניים מנטה קלאסית,,0.00,100.00,false,1.00,29.90,0.00,true,0,
8003753158556,false,אילי קפסולות אספרסו קלאסיקו 10 יח' 57 גרם,דיפלומט מפיצים (1968) בעמ**,FR,קפסולות אספרסו קלאסיקו,,0.00,0.00,false,1.00,24.90,2.49,true,0,
8003753158617,false,אילי קפסולות אספרסו לונגו קלאסיקו 10 יח' 57 גרם,דיפלומט מפיצים (1968) בעמ**,FR,קפסולות אספרסו לונגו קלאסיקו,,0.00,0.00,false,1.00,24.90,2.49,true,0,
8003753158648,false,אילי קפסולות אספרסו אינטנסו 10 יח' 57 גרם,דיפלומט מפיצים (1968) בעמ**,FR,קפסולות אספרסו אינטנסו,,0.00,0.00,false,1.00,24.90,2.49,true,0,
8004030344938,false,"ריו מרה טונה בשמן זית 3X80 גרם מתכון חדש כשל""פ","בולטון אלימנטרי בע""\מ",IT,נתחי טונה בהירה בשמן זית,,0.00,100.00,false,1.00,29.90,0.00,true,0,
8004395110063,false,מרביס משחת שיניים מנטה קלאסית 25 מל,General,IT,משחת שיניים מנטה קלאסית- אריזת נסיעות,,0.00,100.00,false,1.00,14.90,0.00,true,0,
8004395110117,false,מרביס משחת שיניים אקוואטיק 75 מל,General,IT,משחת שיניים אקוואטיק,,0.00,100.00,false,1.00,29.90,0.00,true,0,
8004395110148,false,מרביס משחת שיניים יסמין מנטה 75 מל,General,IT,משחת שיניים יסמין מנטה,,0.00,100.00,false,1.00,29.90,0.00,true,0,
8004395110155,false,מרביס משחת שיניים מנטה מלבינה 75 מל,General,IT,משחת שיניים מנטה מלבינה,,0.00,100.00,false,1.00,29.90,0.00,true,0,
8004395110292,false,מרביס משחת שיניים יסמין מנטה 25 מל,General,IT,משחת שיניים יסמין מנטה- אריזת נסיעות,,0.00,100.00,false,1.00,14.90,0.00,true,0,
8004395110315,false,מרביס משחת שיניים אקוואטיק 25 מל,General,IT,משחת שיניים אקוואטיק- אריזת נסיעות,,0.00,100.00,false,1.00,14.90,0.00,true,0,
8004395110322,false,מרביס משחת שיניים מנטה מלבינה 25 מל,General,IT,משחת שיניים מנטה מלבינה- אריזת נסיעות,,0.00,100.00,false,1.00,14.90,0.00,true,0,
8006540050392,false,פנטן מיראקלס משי&זוהר שמפו 400 מל,דיפלומט,RO,מיראקלס שמפו לשיער משי&זוהר,,0.00,100.00,false,1.00,21.90,0.00,true,0,
8006540050552,false,פנטן מיראקלס שמפו לשליטה בקירזול 400 מל,דיפלומט,RO,מיראקלס שמפו לשליטה בקרזול,,0.00,100.00,false,1.00,21.90,0.00,true,0,
8006540050996,false,פנטן מיראקלס שמפו סגול חזק 225 מל,דיפלומט,BE,מיראקלס שמפו סגול חזק,,0.00,100.00,false,1.00,21.90,0.00,true,0,
8006540051054,false,פנטן מיראקלס שמפו ללא סולפטים 225 מל,דיפלומט,BE,מיראקלס שמפו ללא סולפטים,,0.00,100.00,false,1.00,21.90,0.00,true,0,
8006540052310,false,פנטן מיראקלס מסכה לשליטה בקרזול,דיפלומט,FR,מיראקלס מסכה לשליטה בקרזול,,0.00,100.00,false,1.00,21.90,0.00,true,0,
8006540052402,false,פנטן מיראקלס מסכה לשיקום השיער 160 מל,דיפלומט,BE,מיראקלס מסכה אינטנסיבית לשיקום השיער,,0.00,100.00,false,1.00,21.90,0.00,true,0,
8006540052860,false,פנטן מיראקלס משי&זוהר מרכך 275 מל,דיפלומט,BE,מיראקלס מרכך לשיער משי&זוהר,,0.00,100.00,false,1.00,21.90,0.00,true,0,
8006540053010,false,פנטן מיראקלס מרכך לשליטה בקרזול 275 מל,דיפלומט,FR,מיראקלס מרכך לשליטה בקרזול,,0.00,100.00,false,1.00,21.90,0.00,true,0,
8006540054017,false,פנטן מיראקלס קרם לחות לשליטה בקרזול,דיפלומט,FR,מיראקלס קרם לחות לשליטה בקרזול,,0.00,100.00,false,1.00,21.90,0.00,true,0,
8006540060148,false,אוליי קרם יום קולגן 50 מל,דיפלומט,PL,REGENERIST COLLAGEN PEPTIDE 24 קרם יום,,0.00,100.00,false,1.00,149.90,0.02,true,0,
8006540060261,false,אוליי סרום לשיקום אינטנסיבי קולגן 40 מל,דיפלומט,PL,REGENERIST COLLAGEN PEPTIDE 24 סרום לשיקום אינטנסיבי קולגן,,0.00,100.00,false,1.00,149.90,0.03,true,0,
8006540060353,false,אוליי קרם עיניים קולגן 15 מל,דיפלומט,PL,REGENERIST COLLAGEN PEPTIDE 24 קרם עיניים,,0.00,100.00,false,1.00,149.90,0.09,true,0,
8006540075159,false,פמפרס הרמוני חיתולים שלב 6 22 יח,General,DE,"חיתולים שלב 6 +13 ק""ג",,0.00,0.00,false,1.00,56.90,2.58,true,0,
8006540084403,false,הרבל אסנס מסכה להזנה שמן אבוקדו 450 מל,דיפלומט,FR,מסכה להזנה שמן אבוקדו,,0.00,100.00,false,1.00,49.90,0.00,true,0,
8006540088692,false,הרבל אסנס מסכה אינטנסיבית ארגן 450 מל,דיפלומט מפיצים 1968 בעמ,FR,מסכה אינטנסיבית ארגן,,0.00,100.00,false,1.00,49.90,0.00,true,0,
8006540088906,false,הרבל אסנס מסכה מרוכזת קוקוס 450 מל,דיפלומט,FR,מסכה מרוכזת קוקוס,,0.00,100.00,false,1.00,49.90,0.00,true,0,
8006540091906,false,לנור כדוריות הבושם בניחוח אריאל 140 גרם,פטר קרמר עבור פרוקטור אנ,US,כדוריות בישום בניחוח אריאל,,0.00,100.00,false,1.00,29.90,0.00,true,0,
8006540091937,false,לנור כדוריות הבושם בניחוח אריאל 210 גרם,פטר קרמר עבור פרוקטור אנ,US,כדוריות בישום בניחוח אריאל,,0.00,100.00,false,1.00,39.90,0.00,true,0,
<<<<<<< HEAD
8006540110317,false,שמפו מינרלס ביוטין + במבוק לשיער חזק וארוך,פרוקטר אנד גמבל,RO,מיראקלס שמפו לשיער חזק וארוך,,0.00,100.00,false,1.00,21.90,0.00,true,0,
8006540112823,false,"לנור מרכך כביסה מרוכז בניחוח האוקיינוס 900 מ""ל",פרוקטר אנד גמבל,FR,מרכך כביסה מרוכז ומבושם רעננות האוקיינוס,,0.00,100.00,false,1.00,21.90,0.00,true,0,
8006540112854,false,"מרכך כביסה מרוכז בניחוח סחלב לנור 900 מ""ל",פרוקטר אנד גמבל,FR,מרכך כביסה מרוכך ומבושם סחלב,,0.00,100.00,false,1.00,21.90,0.00,true,0,
=======
8006540110317,false,שמפו מינרלס ביוטין + במבוק לשיער חזק וארוך,דיפלומט מפיצים (1968) בעמ,RO,מיראקלס שמפו לשיער חזק וארוך,,0.00,100.00,false,1.00,21.90,0.00,true,0,
8006540112823,false,"לנור מרכך כביסה מרוכז בניחוח האוקיינוס 900 מ""ל",דיפלומט מפיצים (1968) בעמ,FR,מרכך כביסה מרוכז ומבושם רעננות האוקיינוס,,0.00,100.00,false,1.00,21.90,0.00,true,0,
8006540112854,false,"מרכך כביסה מרוכז בניחוח סחלב לנור 900 מ""ל",דיפלומט מפיצים (1986) בע`מ,FR,מרכך כביסה מרוכך ומבושם סחלב,,0.00,100.00,false,1.00,21.90,0.00,true,0,
>>>>>>> d048ac2f4f281c9d788043ab4e81b61b0dbe3743
8006540113462,false,אורל בי פיור אקטיב משחה 99% טיפול מרענן,דיפלומט,DE,Pure Activ משחת שיניים 99% רכיבים טבעיים - טיפול מרענן,,0.00,100.00,false,1.00,19.90,0.00,true,0,
8006540113509,false,אורל בי פיור אקטיב משחה 99% טיפול חיוני,דיפלומט,DE,Pure Activ משחת שיניים 99% רכיבים טבעיים - טיפול חיוני,,0.00,100.00,false,1.00,19.90,0.00,true,0,
8006540124710,false,פנטן שמן מועשר בקוקוס להזנה וריכוך 100מל,דיפלומט,FR,פנטן שמן מועשר בקוקוס להזנה וריכוך,,0.00,0.00,false,1.00,32.90,0.32,true,0,
8006540124758,false,פנטן שמן הגנת קרטין לשיקום וברק 100 מל,דיפלומט,FR,פנטן שמן הגנת קרטין לשיקום וברק,,0.00,0.00,false,1.00,32.90,0.32,true,0,
8006540124833,false,פנטן שמן מועשר בארגן 100 מל,General,FR,שמן לשיער מועשר בארגן,,0.00,0.00,false,1.00,32.90,0.32,true,0,
8006540153895,false,פנטן Hair Biology שמפו לגיל המעבר 250 מל,דיפלומט,FR,שמפו לגיל המעבר,,0.00,100.00,false,1.00,27.90,0.00,true,0,
8006540154083,false,פנטן Hair Biology מרכך לגיל המעבר 160 מל,דיפלומט,FR,מרכך לגיל המעבר,,0.00,100.00,false,1.00,27.90,0.00,true,0,
8006540154274,false,פנטן Hair Biology מסכה לגיל המעבר 160 מל,דיפלומט,FR,מסכה לגיל המעבר,,0.00,100.00,false,1.00,27.90,0.00,true,0,
8006540154465,false,פנטן Hair Biology סרום לגיל המעבר 100 מל,דיפלומט,FR,סרום לגיל המעבר,,0.00,0.00,false,1.00,27.90,0.27,true,0,
8006540156155,false,פמפרס הרמוני חיתולים שלב 1 26 יח א.התנסו,דיפלומט,DE,"חיתולים שלב 1 2-5 ק""ג אריזת התנסות",,0.00,0.00,false,1.00,27.90,1.07,true,0,
8006540156513,false,פמפרס הרמוני חיתולים שלב 1 50 יח,דיפלומט,DE,"חיתולים שלב 1 2-5 ק""ג",,0.00,0.00,false,1.00,56.90,1.13,true,0,
8006540156551,false,פמפרס הרמוני חיתולים שלב 2 39 יח,דיפלומט,DE,"חיתולים שלב 2 4-8 ק""ג",,0.00,0.00,false,1.00,56.90,1.45,true,0,
8006540156599,false,פמפרס הרמוני חיתולים שלב 3 31 יח,דיפלומט,DE,"חיתולים שלב 3 6-10 ק""ג",,0.00,0.00,false,1.00,56.90,1.83,true,0,
8006540156636,false,פמפרס הרמוני חיתולים שלב 4 28 יח,דיפלומט,DE,"חיתולים שלב 4 9-14 ק""ג",,0.00,0.00,false,1.00,56.90,2.03,true,0,
8006540156674,false,פמפרס הרמוני חיתולים שלב 5 24 יח,General,DE,"חיתולים שלב 5 11-16 ק""ג",,0.00,0.00,false,1.00,56.90,2.37,true,0,
8006540157374,false,מרכך מינרלס ביוטין + במבוק לשיער חזק וארוך,דיפלומט מפיצים (1968) בעמ,FR,מיראקלס מרכך לשיער חזק וארוך,,0.00,100.00,false,1.00,21.90,0.00,true,0,
8006540199503,false,אולוויז מגן תחתון וליו פק פרש לארג 48 יח,דיפלומט,,מגן תחתון פרש לארג',,0.00,0.00,false,1.00,19.90,0.41,true,0,
8006540221389,false,אולוויז פרו פרש מגן תחתון 4ב-1 נורמל 48,דיפלומט,DE,פרו פרש מגן תחתון 4ב-1 נורמל,,0.00,0.00,false,1.00,19.90,0.41,true,0,
8006540280140,false,אולד ספייס CAPTAIN גל רחצה+שמפו 675 מל,דיפלומט,FR,CAPTAIN ג'ל רחצה+שמפו,,0.00,100.00,false,1.00,34.90,0.00,true,0,
8006540280195,false,אולד ספייס WHITEWATER גל רחצה 675 מל,דיפלומט,FR,WHITEWATER ג'ל רחצה,,0.00,100.00,false,1.00,34.90,0.00,true,0,
8006540289846,false,אולד ספייס דאו ספריי WHITEWATER 250 מל,דיפלומט,BE,XXL דאודורנט ספריי לגוף WHITEWATER,,0.00,100.00,false,1.00,34.90,0.00,true,0,
8006540289945,false,אולד ספייס דאו ספריי CAPTAIN 250 מל,דיפלומט,BE,XLL דאודורנט ספריי לגוף CAPTAIN,,0.00,100.00,false,1.00,34.90,0.00,true,0,
8006540303481,false,קוקידנט משחת הצמדה 47 גרם,General,,משחת הצמדה טבעית לתותבות,,0.00,100.00,false,1.00,39.90,0.00,true,0,
8006540315156,false,אולד ספייס דאו סטיק WHITEWATER 85 גרם,דיפלומט,BE,XXL דאודורנט סטיק WHITEWATER,,0.00,100.00,false,1.00,34.90,0.00,true,0,
8006540319611,false,אולד ספייס דאו סטיק CAPTAIN 85 גרם,דיפלומט,BE,XXL דאודורנט סטיק CAPTAIN,,0.00,100.00,false,1.00,34.90,0.00,true,0,
8006540352960,false,טמפונים טמפקס פרל רגולר 20 יחידות,דיפלומט מפיצים (1986) בע`מ,HU,פרל עם מוליך רגולר,,0.00,0.00,false,1.00,24.90,1.24,true,0,
8006540353004,false,טמפקס פרל סופר 18 יחידות חדש,דיפלומט מפיצים (1986) בע`מ,HU,פרל עם מוליך סופר,,0.00,0.00,false,1.00,24.90,1.38,true,0,
8006540358498,false,טמפקס פרל סופר-פלוס 18 יחידות חדש,דיפלומט מפיצים (1968) בעמ,HU,פרל עם מוליך סופר פלוס,,0.00,0.00,false,1.00,24.90,1.38,true,0,
8006540377116,false,אולד ספייס דאו ספריי NIGHTPANTHER,דיפלומט,GB,דאודורנט ספריי NIGHTPANTHER,,0.00,100.00,false,1.00,21.90,0.00,true,0,
8006540383087,false,טבליות למדיח פיירי פלטינום פלוס דיפ קלין 42 יחידות,דיפלומט מפיצים (1968) בעמ,BE,טבליות למדיח פלטינום פלוס ניקוי עמוק,,0.00,0.00,false,1.00,69.90,1.66,true,0,
8006540385029,false,הד&שולדרס MEN שמפו ומרכך 2ב-1 אולטרא 540,URLATI GAMBLE & PROCTER,RO,MEN ULTRA שמפו ומרכך 2ב-1,,0.00,100.00,false,1.00,26.90,0.00,true,0,
8006540385067,false,הד&שולדרס MEN שמפו אולטרא ספורט מרענן540,URLATI GAMBLE & PROCTER,RO,MEN ULTRA שמפו ספורט מרענן,,0.00,100.00,false,1.00,26.90,0.00,true,0,
8006540396124,false,פנטן מירקלס מסכה לשיער סורבה 160 מל,דיפלומט,FR,מיראקלס מסכה לשיער סורבה,,0.00,100.00,false,1.00,21.90,0.00,true,0,
8006540401347,false,פנטן מיראקלס לחות&זוהר סרום 70 מל,דיפלומט,BE,מיראקלס סרום חלב למים מרווה קצוות צמאים,,0.00,100.00,false,1.00,39.90,0.00,true,0,
<<<<<<< HEAD
8006540404850,false,דיסקריט תחבושות לבריחת שתן לונג 10 יח,פרוקטר & גמבל,DE,דיסקריט תחבושות לבריחת שתן לונג,,0.00,0.00,false,1.00,24.90,2.49,true,0,
8006540404898,false,אולוויז דיסקריט לבריחת שתן לונג פלוס 8יח,פרוקטר & גמבל,DE,דיסקריט תחבושות לבריחת שתן לונג פלוס,,0.00,0.00,false,1.00,24.90,3.11,true,0,
8006540404935,false,דיסקריט תחבושות לבריחת שתן נורמל 12 יח,פרוקטר & גמבל,DE,דיסקריט תחבושות לבריחת שתן נורמל,,0.00,0.00,false,1.00,24.90,2.07,true,0,
=======
8006540404850,false,דיסקריט תחבושות לבריחת שתן לונג 10 יח,דיפלומט מפיצים (1968) בעמ,DE,דיסקריט תחבושות לבריחת שתן לונג,,0.00,0.00,false,1.00,24.90,2.49,true,0,
8006540404898,false,אולוויז דיסקריט לבריחת שתן לונג פלוס 8יח,דיפלומט מפיצים (1968) בעמ,DE,דיסקריט תחבושות לבריחת שתן לונג פלוס,,0.00,0.00,false,1.00,24.90,3.11,true,0,
8006540404935,false,דיסקריט תחבושות לבריחת שתן נורמל 12 יח,דיפלומט מפיצים (1968) בעמ,DE,דיסקריט תחבושות לבריחת שתן נורמל,,0.00,0.00,false,1.00,24.90,2.07,true,0,
>>>>>>> d048ac2f4f281c9d788043ab4e81b61b0dbe3743
8006540404973,false,דיסקריט מגן תחתון פלוס לבריחת שתן 24 יח,דיפלומט,DE,דיסקריט מגן תחתון פלוס לבריחת שתן,,0.00,0.00,false,1.00,24.90,1.03,true,0,
8006540405031,false,דיסקריט תחבושות לבריחת שתן סמול פלוס 16,דיפלומט מפיצים (1968) בעמ,DE,דיסקריט תחבושות לבריחת שתן סמול פלוס,,0.00,0.00,false,1.00,24.90,1.55,true,0,
8006540406694,false,פמפרס בייבי דריי פנטס מידה 4 42 יח,דיפלומט,PL,"מכנסונים מידה 4 9-15 ק""ג",,0.00,0.00,false,1.00,61.90,1.47,true,0,
8006540406724,false,פמפרס בייבי דריי פנטס מידה 5 38 יח,דיפלומט,PL,"מכנסונים מידה 5 12-17 ק""ג",,0.00,0.00,false,1.00,61.90,1.62,true,0,
8006540406793,false,פמפרס בייבי דריי פנטס מידה 6 34 יח,דיפלומט,PL,"מכנסונים מידה 6 14-19 ק""ג",,0.00,0.00,false,1.00,61.90,1.82,true,0,
8006540406823,false,פמפרס בייבי דריי פנטס מידה 7 31 יח,דיפלומט,PL,"מכנסונים מידה 7 +17 ק""ג",,0.00,0.00,false,1.00,61.90,1.99,true,0,
8006540407684,false,דיסקריט תחבושות לבריחת שתן לילה 8 יח,דיפלומט,DE,דיסקריט תחבושות לבריחת שתן לילה,,0.00,0.00,false,1.00,24.90,3.11,true,0,
8006540410905,false,הד&שולדרס 7 יתרונות ב-1 עמידות השיער 450,S BLOIS GAMBLE & PROCTER,FR,7 יתרונות ב-1 עמידות השיער,,0.00,100.00,false,1.00,26.90,0.00,true,0,
8006540410967,false,הד&שולדרס 7 יתרונות ב-1 רב פעולות 450,S BLOIS GAMBLE & PROCTER,FR,7 יתרונות ב-1 רב פעולות,,0.00,100.00,false,1.00,26.90,0.00,true,0,
8006540428368,false,חיתולי פמפרס בייבי דרי מידה 1 40 יחדות,דיפלומט מפיצים (1968) בעמ,TR,"חיתולים בייבי דריי מידה 1 2-5 ק""ג",,0.00,0.00,false,1.00,41.90,1.04,true,0,
8006540429327,false,פיירי מקס פאוור לימון עם מנגנון למניעת נזילות,דיפלומט מפיצים (1968) בעמ,CZ,מקס פאוור לימון,,0.00,100.00,false,1.00,14.90,0.00,true,0,
8006540431436,false,פנטן מיראקלס לחות&זוהר שמפו 400 מל,דיפלומט,RO,מיראקלס שמפו לשיער משי&זוהר,,0.00,100.00,false,1.00,21.90,0.00,true,0,
8006540431498,false,פנטן מיראקלס לחות&זוהר מרכך 275 מל,דיפלומט,BE,מיראקלס מרכך לשיער לחות&זוהר,,0.00,100.00,false,1.00,21.90,0.00,true,0,
8006540456439,false,אולד ספייס גל רחצה+שמפו NIGHTPANTHER,דיפלומט,GB,ג'ל רחצה+שמפו NIGHTPANTHER,,0.00,100.00,false,1.00,21.90,0.00,true,0,
8006540458525,false,פמפרס הרמוני 0% פלסטיק מגבונים שלישייה48,דיפלומט,PL,הרמוני 0% פלסטיק - מגבונים לחים 99% מים טהורים וכותנה פרימיום,,0.00,0.00,false,1.00,29.90,9.96,true,0,
8006540463550,false,פיירי טבליות למדיח פלטינום 63 יחידות,דיפלומט מפיצים (1968) בעמ,BE,טבליות למדיח פלטינום,,0.00,0.00,false,1.00,69.90,1.10,true,0,
8006540495186,false,לנור מרכך כביסה מרוכז רגיש בייבי 900 מל,דיפלומט מפיצים (1986) בע`מ,FR,מרכך כביסה מרוכז רגיש,,0.00,100.00,false,1.00,21.90,0.00,true,0,
8006540495216,false,"לנור מרכך כביסה מרוכז בניחוח אמאטיסט 900 מ""ל",דיפלומט מפיצים (1986) בע`מ,FR,מרכך כביסה מרוכז זר פרחוני,,0.00,100.00,false,1.00,21.90,0.00,true,0,
8006540495247,false,"לנור מרכך כביסה מרוכז בניחוח פרחי בר 900 מ""ל",דיפלומט מפיצים (1968) בעמ,FR,מרכך כביסה מרוכז פרחי בר,,0.00,100.00,false,1.00,21.90,0.00,true,0,
8006540519714,false,אולוויז תחתוני מחזור חד פעמיים,דיפלומט,HU,תחתוני מחזור חד פעמיים,,0.00,0.00,false,1.00,21.90,7.30,true,0,
8008843003945,false,NO DOL קרם,נוה פארמה,,NO DOL קרם,,0.00,0.00,false,1.00,89.10,0.89,true,0,
8008843004294,false,אלו-פרש גל אלוורה 97% 200 מל,זר הייטק,,,,0.00,100.00,false,1.00,49.90,0.00,true,0,
8011607235155,false,פופה מסיר איפור עיניים דו פאזי 200 מל,לילית,IT,STRUCCANTE BIFASICO מסיר איפור עיניים דו פאזי,,0.00,100.00,false,1.00,69.00,0.00,true,0,
8011607357468,false,פופה תחליב גוף עשיר אבוקדו 200 מל,לילית,IT,FRUIT LOVERS תחליב גוף אבוקדו,,0.00,100.00,false,1.00,34.00,0.00,true,0,
8011607357475,false,פופה תחליב גוף עשיר פפאיה 200 מל,לילית,IT,FRUIT LOVERS תחליב גוף פפאיה,,0.00,100.00,false,1.00,34.00,0.00,true,0,
8017331020258,false,בלנקס משחת שיניים מלבינה משאבה 75 מל,זר הייטק,,משחת שיניים מלבינה משאבה,,0.00,100.00,false,1.00,34.90,0.00,true,0,
8017331031407,false,BIOREPAIR משחת שיניים להגנה מלאה 75 מל,זר טכנולוגיות,IT,משחת שיניים להגנה יומיומית פלוס,,0.00,100.00,false,1.00,10.00,0.00,true,0,
8017331031421,false,ביוריפייר משחה לשיניים רגישות,זר טכנולוגיות,IT,משחה לשיניים רגישות פלוס לתיקון אמייל השן,,0.00,100.00,false,1.00,10.00,0.00,true,0,
8017331039731,false,בלנקס אינסטנט וויט שוק משחת שיניים להלבנ,זר הייטק,IT,WHITE SHOCK משחת שיניים להלבנה באמצעות אור לד,,0.00,100.00,false,1.00,39.90,0.00,true,0,
8017331040584,false,בלנקס משחת שיניים מלבינה שפופרת 75 מל,זר הייטק,,משחת שיניים מלבינה לשימוש יומיומי,,0.00,100.00,false,1.00,29.90,0.00,true,0,
8017331045213,false,בלנקס משחת שיניים להסרת כתמים שפופרת75מל,זר הייטק,,משחת שיניים להסרת כתמים מהשיניים,,0.00,100.00,false,1.00,29.90,0.00,true,0,
8017331050583,false,BLANX משחת שיניים אדומה להלבנה וחיזוק אמייל,זר הייטק,IT,משחת שיניים להלבנה ולחיזוק אמייל השן שפורפרת,,0.00,100.00,false,1.00,29.90,0.00,true,0,
8017331051573,false,בלנקס וויט שוק אינסטנט משחת שיניים,בלנקס Blanx,IT,WHITE SHOCK INSTANT משחת שיניים להלבנה,,0.00,100.00,false,1.00,29.90,0.00,true,0,
8017331053386,false,בלנקס משחת שיניים בלו להלבנה 75 מל,זר הייטק,IT,בלו משחת שיניים להלבנה,,0.00,100.00,false,1.00,29.90,0.00,true,0,
8017331054215,false,ביוריפייר משחת שיניים להלבנה,זר הייטק,IT,PRO WHITE משחת שיניים להלבנה,,0.00,100.00,false,1.00,10.00,0.00,true,0,
8017331054710,false,בלנקס וויט שוק עט להלבנת שיניים,בלנקס Blanx,IT,WHITE SHOCK עט להלבנת שיניים,,0.00,0.00,false,1.00,59.90,0.00,true,0,
8017331055427,false,וויט שוק White Shock ערכת טיפול להלבנת שיניים,בלנקס Blanx,IT,WHITE SHOCK ערכת טיפול להלבנת שיניים,,0.00,0.00,false,1.00,79.90,0.00,true,0,
8017331058329,false,ביוריפייר קיסם מברשת לרווחים צרים 40 יח,זר הייטק,IT,קיסם מברשת לרווחים צרים,,0.00,0.00,false,1.00,24.90,0.62,true,0,
8017331060056,false,ביוריפייר קיסם + חוט מרענן 36,זר הייטק,IT,חוט דנטלי עם קיסם,,0.00,0.00,false,1.00,10.00,0.27,true,0,
8017331060070,false,ביוריפייר קיסם מברשת לרווחים רגילים 40יח,זר הייטק,IT,קיסם מברשת לרווחים רגילים,,0.00,0.00,false,1.00,24.90,0.62,true,0,
8017331074039,false,בלנקס משחת שיניים פחם שחורה להלבנה 75 מל,זר הייטק,IT,משחת שיניים פחם שחורה להלבנה,,0.00,100.00,false,1.00,29.90,0.00,true,0,
8020141247005,false,לייף וולנס מים מינרלים שישייה 250 מל,לייף,IT,מים מינרלים דיסני,,0.00,1.00,false,1.00,12.90,8.60,true,0,
8032880800243,false,פיקניק הפתעה - אגוזי לוז ומקלות אפויים,"הוסטה איטליה, ס.ר.ל.",,הפתעה,,0.00,0.00,false,1.00,9.90,0.00,true,0,
8058776640939,false,מערכת התראה למניעת שכחת ילדים ברכב,Unknown,CN,מערכת התראה למניעת שכחת ילדים ברכב,,0.00,0.00,false,1.00,239.00,0.00,true,0,
8076800195057,false,ברילה - צ.א ספגטי מס5 חדש 500 גרם,ברילה גי.אי.אר פרטלי ס.פ,IT,ספגטי מס' 5,,0.00,100.00,false,1.00,9.90,0.00,true,0,
8076809513739,false,ברילה רוטב עגבניות עם בזיליקום 400 גרם,ברילה גי.אי.אר פרטלי ס.פ,IT,רוטב עגבניות עם בזיליקום,,0.00,100.00,false,1.00,14.90,0.00,true,0,
<<<<<<< HEAD
8121300206946,false,ממתיק סיטיביה טרוביה 80 שקיות אישיות,הרתסייד פוד,US,סטיביה ממתיק אישי,,0.00,100.00,false,1.00,29.90,0.00,true,0,
=======
8121300206946,false,ממתיק סיטיביה טרוביה 80 שקיות אישיות,גורי ע.ע.ע. בע`מ,US,סטיביה ממתיק אישי,,0.00,100.00,false,1.00,29.90,0.00,true,0,
>>>>>>> d048ac2f4f281c9d788043ab4e81b61b0dbe3743
8410076610379,false,"חטיף בוטנים, חלבון סויה ושוקולד מריר עם ציפוי בטעם שוקולד",סריילטו ספיין פודס,ES,חטיף פרוטאין בוטנים ושבבי שוקולד,,0.00,100.00,false,1.00,24.90,0.00,true,0,
8410076610386,false,נייטשר ואלי פרוטאין בוטנים עם ציפוי בטעם קרמל מלוח 160 ג',ג'\נרל מילס סאן אדריאן S,ES,חטיף פרוטאין בוטנים עם ציפוי בטעם קרמל מלוח,,0.00,100.00,false,1.00,24.90,0.00,true,0,
8410076610508,false,"חטיף שיבולת שועל מלאה עם בוטנים, שקדים ושוקולד מריר בציפוי בטעם שוקולד",נייצ'ר ואלי Nature Valley,ES,חטיף שיבולת שועל מלאה עם בוטנים שקדים שוקולד מריר בציפוי בטעם שוקולד,,0.00,100.00,false,1.00,19.90,0.00,true,0,
8410076621009,false,עוגות אישיות בטעם קרמל עם חתיכות בטעם קרמל מלוח,ליימן שליסל בע`מ,PT,עוגות אישיות בטעם קרמל עם חתיכות בטעם קרמל מלוח,,0.00,100.00,false,1.00,19.90,0.00,true,0,
8410076621047,false,עוגות אישיות בטעם שוקולד עם חתיכות בטעם שוקולד,ליימן שליסל בע`מ,ES,עוגיות אישיות בטעם שוקולד עם חתיכות בטעם שוקולד,,0.00,100.00,false,1.00,19.90,0.00,true,0,
8410076621573,false,פייבר וואן עוגיות בטעם בראוניז*5,"גלאטס סירו בע""\מ",ES,עוגיות אישיות בטעם בראוניז קרם עוגיות,,0.00,100.00,false,1.00,19.90,0.00,true,0,
8410076800633,false,נייטשר וואלי קראנצי שבבי שוקולד בודד,ליימן שליסל,ES,קראנצ'י חטיף שיבולת שועל מלאה עם שבבי שוקולד מריר,,0.00,100.00,false,1.00,3.90,0.00,true,0,
8410104039134,false,"מנקה ומחדש מדיח כלים פיניש 250 מ""ל",רקיט בנקיזר (ניר איסט) בעמ,,מנקה מדיח כלים,"מ""ל",250.00,100.00,false,1.00,20.90,0.00,true,0,
8410104045111,false,"פיניש מלח למדיח כלים 2ק""ג",רקיט בנקיזר (ניר איסט) בעמ,,מלח למדיח להגנה מפני האבנית,"ק""ג",2.00,1.00,false,1.00,20.90,10.45,true,0,
8410104425906,false,שעווה חמה בניחוח יסמין,רקיט בנקיזר (ניר איסט) בעמ,,שעווה חמה מועשרת בניחוח יסמין,"מ""ל",250.00,100.00,false,1.00,39.90,0.00,true,0,
8410104511340,false,ויט רצועות שעווה מוכנות לעור יבש 12 יחידות,רקיט בנקיזר (ניר איסט) בעמ,,רצועות שעווה מוכנות לשימוש לעור יבש,,0.00,0.00,false,1.00,39.90,3.32,true,0,
8410436218054,false,סאיוס אולאו אינטנס 3-82 מהגוני עדין,סאיוס syoss,,אינטנס מהגוני עדין 3-82,,0.00,0.00,false,1.00,44.90,0.00,true,0,
8410436218092,false,צבע שיער סאיוס אולאו אינטנס 4-18,סאיוס syoss,,אינטנס חום מוקה 4-18,,0.00,0.00,false,1.00,44.90,0.00,true,0,
8410436218139,false,צבע שיער סאיוס אולאו אינטנס 2-10,סאיוס syoss,,אינטנס שחור חום 2-10,,0.00,0.00,false,1.00,44.90,0.00,true,0,
8410436218177,false,צבע שיער סאיוס אולאו אינטנס 5-86,סאיוס syoss,,אינטנס 5-86 חום מתוק,,0.00,0.00,false,1.00,44.90,0.00,true,0,
8410436218214,false,סאיוס אולאו אינטנס 7-10 בלונד טבעי,סאיוס syoss,,אינטנס בלונד טבעי 7-10,,0.00,0.00,false,1.00,44.90,0.00,true,0,
8410436218252,false,סאיוס אולאו אינטנס 6-10 בלונד כהה,סאיוס syoss,,אינטנס בלונד כהה 6-10,,0.00,0.00,false,1.00,44.90,0.00,true,0,
8410436218290,false,צבע שיער סאיוס אולאו אינטנס 1-10,סאיוס syoss,,אינטנס 1-10 שחור עז,,0.00,0.00,false,1.00,44.90,0.00,true,0,
8410436218337,false,סאיוס אולאו אינטנס 9-10 בלונד בהיר,סאיוס syoss,,אינטנס בלונד בהיר 9-10,,0.00,0.00,false,1.00,44.90,0.00,true,0,
8410436227698,false,סאיוס אולאו אינטנס 3-10 חום עמוק,סאיוס syoss,,אינטנס חום עמוק 3-10,,0.00,0.00,false,1.00,44.90,0.00,true,0,
8412300801072,false,"קרם רב שימושי ניוואה 400 מ""ל",אלפא- ב.ד.ף בעמ,DE,קרם רב שימושי,,0.00,100.00,false,1.00,44.90,0.00,true,0,
8412497019663,false,כוס דמות 3D עם קש כח פי ג'יי בנים 360 מל,שמחה זה אנחנו,CN,כוס דמות 3D עם קש כח פי ג'יי בנים,,0.00,0.00,false,1.00,24.90,0.00,true,0,
8412497442669,false,לייף כוס דמות 3D עם קש מיקי - צבעי מים,שמחה זה אנחנו,CN,כוס דמות 3D עם קש מיקי - צבעי מים,,0.00,0.00,false,1.00,24.90,0.00,true,0,
8423207206488,false,סלים דליס חטיף דגנים מצופה שוקולד חלב מרבה 6*20 גרם,אף.סי תבליני בגליל ב,,חטיף דגנים מלאים מצופה שוקולד חלב,,0.00,0.00,false,1.00,15.90,2.65,true,0,
8423207206495,false,סלים דליס חטיף דגנים מצופה שוקולד מריר מרבה 6*20 גרם,אף.סי תבליני בגליל ב,,חטיף דגנים מלאים מצופה שוקולד מריר,,0.00,0.00,false,1.00,15.90,2.65,true,0,
8423207207362,false,חטיפי סלים דליס שוקולד לבן מרבה 6 יחידות,ביסנצ'ורי אס.אל.יו,,סלים דליס חטיף דגנים מלאים מצופה שוקולד לבן,,0.00,100.00,false,1.00,15.90,0.00,true,0,
8423207208260,false,מרבה סלים דליס 125 ג' ללא גלוטן שוקולד חלב,ביסנצ'ורי אס.אל.יו,ES,חטיף רב דגנים ללא גלוטן עם שוקולד חלב,,0.00,0.00,false,1.00,15.90,2.65,true,0,
8423207208680,false,חטיף דגנים שוקולד סלים דליס לילדים מרבה 6 יחידות,ביסנצ'ורי אס.אל.יו,ES,קידס חטיף דגנים מצופה שוקולד חלב,,0.00,100.00,false,1.00,15.90,0.00,true,0,
8423207208697,false,חטיפי סלים דליס לילדים שוקולד לבן מרבה 6 יחידות,ביסנצ'ורי אס.אל.יו,ES,קידס חטיף דגנים מצופה שוקולד לבן,,0.00,100.00,false,1.00,15.90,0.00,true,0,
8423207210928,false,חטיף דגנים מצופה שוקולד חלב ואגוזי לוז - 5 במארז,נוטרישן אנד סנטה קוב,ES,טופינג - חטיף רב דגנים מצופה שוקולד חלב ואגוזי לוז,,0.00,100.00,false,1.00,15.90,0.00,true,0,
8423207210942,false,חטיף דגנים מצופה שוקולד לבן ופירות יער,נוטרישן אנד סנטה קוב,ES,טופינג - חטיף רב דגנים מצופה שוקולד לבן ופירות יער,,0.00,100.00,false,1.00,15.90,0.00,true,0,
8423207210966,false,חטיף רב דגנים מצופה שוקולד לבן קוקוס ולימון,נוטרישן אנד סנטה קוב,ES,טופינג - חטיף רב דגנים מצופה שוקולד לבן קוקוס ולימון,,0.00,100.00,false,1.00,15.90,0.00,true,0,
8423207210980,false,סלים דליס טופינג קליפת תפוז 90 גרם,נוטרישן אנד סנטה קוב,ES,טופינג - חטיף רב דגנים מצופה שוקולד מריר וקליפת תפוז,,0.00,100.00,false,1.00,15.90,0.00,true,0,
8423371000653,false,סאליסול- בוטנים מלוחים בדבש 50 גרם,גלוברנדס,ES,בוטנים מלוחים בדבש,,0.00,100.00,false,1.00,6.50,0.00,true,0,
8423371005078,false,סאליסול- מיקס פיקנטי 50 גרם,גלוברנדס,ES,מיקס פיקנטי,,0.00,100.00,false,1.00,6.50,0.00,true,0,
8423371005085,false,סאליסול- מיקס פיקנטי 100 גרם,גלוברנדס,ES,מיקס פיקנטי,,0.00,0.00,false,1.00,13.00,0.13,true,0,
8423371007089,false,סאליסול- בוטנים מלוחים בדבש 150 גרם,גלוברנדס,ES,בוטנים מלוחים בדבש,,0.00,100.00,false,1.00,13.00,0.00,true,0,
8426420062350,false,בקבוק ZERO ZERO 180 מל,General,ES,בקבוק ZERO ZERO,,0.00,0.00,false,1.00,79.90,0.00,true,0,
8426420071956,false,זוג מוצצים זוהר בחושך 2-4 חודשים ארנב ור,General,ES,מוצצים זוהרים בחושך 2-4 חודשים - ארנב ורוד,,0.00,0.00,false,1.00,39.90,19.95,true,0,
8426420071970,false,זוג מוצצים זוהר בחושך 2-4 חודשים דובי י,General,ES,מוצצים זוהרים בחושך 2-4 חודשים - דובי ירוק,,0.00,0.00,false,1.00,39.90,19.95,true,0,
8426420071987,false,זוג מוצצים זוהר בחושך 4-18 חודשים ארנב ו,General,ES,מוצצים זוהרים בחושך 4-18 חודשים - ארנב ורוד,,0.00,0.00,false,1.00,39.90,19.95,true,0,
8426420072007,false,זוג מוצצים זוהר בחושך 4-18 חודשים דובי י,General,ES,מוצצים זוהרים בחושך 4-18 חודשים - דובי ירוק,,0.00,0.00,false,1.00,39.90,19.95,true,0,
8426420072441,false,בקבוק 270 מל MEMORIES - ירוק,General,ES,בקבוק MEMORIES - ירוק,,0.00,0.00,false,1.00,49.90,0.00,true,0,
8426420072465,false,בקבוק 270 מל MEMORIES - כתום,General,ES,בקבוק MEMORIES - כתום,,0.00,0.00,false,1.00,49.90,0.00,true,0,
8426420072526,false,בקבוק 270 מל SPREAD JOY - לב זהב,General,ES,בקבוק SPREAD JOY - לב זהב,,0.00,0.00,false,1.00,49.90,0.00,true,0,
8426420072540,false,בקבוק 270 מל SPREAD JOY - כתר כסף,General,ES,בקבוק SPREAD JOY - כתר כסף,,0.00,0.00,false,1.00,49.90,0.00,true,0,
8426420072724,false,בקבוק 360 מל MEMORIES - ורוד,General,ES,בקבוק MEMORIES - ורוד,,0.00,0.00,false,1.00,49.90,0.00,true,0,
8426420072748,false,בקבוק 360 מל MEMORIES - תכלת,General,ES,בקבוק MEMORIES - תכלת,,0.00,0.00,false,1.00,49.90,0.00,true,0,
8426420072762,false,בקבוק 360 מל SPREAD JOY - לב זהב,General,ES,בקבוק SPREAD JOY - לב זהב,,0.00,0.00,false,1.00,49.90,0.00,true,0,
8426420072786,false,בקבוק 360 מל SPREAD JOY - כתר כסף,General,ES,בקבוק SPREAD JOY - כתר כסף,,0.00,0.00,false,1.00,49.90,0.00,true,0,
8426420074728,false,זוג מוצצים SPREAD JOY 0-6 -כסף,General,ES,מוצצים SPREAD JOY 0-6 -כסף,,0.00,0.00,false,1.00,39.90,19.95,true,0,
8426420074827,false,זוג מוצצים SPREAD JOY 6-18 -זהב,General,ES,מוצצים SPREAD JOY 6-18 -זהב,,0.00,0.00,false,1.00,39.90,19.95,true,0,
8426420074834,false,זוג מוצצים SPREAD JOY 6-18 -כסף,General,ES,מוצצים SPREAD JOY 6-18 -כסף,,0.00,0.00,false,1.00,39.90,19.95,true,0,
8427030005010,false,תרכובת מזון על בסיס חלב A.R מלידה ואילך,אבוט מעבדות רפואיות,,סימילאק A.R,,0.00,100.00,false,1.00,44.90,0.00,true,0,
8427030007274,false,סימילאק גולד קומפורט 1 תרכובת מזון על בסיס חלב,אבוט לבורטוריס ס.א.,ES,סימילאק גולד קומפורט עם HMO שלב 1,,0.00,100.00,false,1.00,51.90,0.00,true,0,
8427030007281,false,סימילאק גולד קומפורט 1 תרכובת מזון על בסיס חלב,שקד תבל בעמ-סימילק,ES,סימילאק גולד קומפורט עם HMO שלב 1,,0.00,100.00,false,1.00,106.90,0.00,true,0,
8427030007298,false,סימילאק גולד קומפורט 2 תרכובת מזון על בסיס חלב,אבוט לבורטוריס ס.א.,ES,סימילאק גולד קומפורט עם HMO שלב 2,,0.00,100.00,false,1.00,106.90,0.00,true,0,
8427030007861,false,סימילאק גולד נאושור עם HMO,אבוט,ES,גולד נאושור עם HMO,,0.00,100.00,false,1.00,39.90,0.00,true,0,
8435495805168,false,"תינוקלין לכביסה לעור רגיש אולימפיק 1.25ק""ג",מולינו ניקולי s.p.a,PL,אבקת כביסה לבעלי עור רגיש,,0.00,1.00,false,1.00,24.90,19.92,true,0,
8435495807636,false,תינוקלין ג`ל כביסה בייבי סנסטיב היפואל,ליימן שליסל בע`מ,PL,ג'ל כביסה מרוכז היפואלרגני,,0.00,1.00,false,1.00,34.90,17.45,true,0,
8470001631688,false,איסדין תחליב למניעת כתמי שמש הגנה גבוהה,לילית,ES,FOTOULTRA תחליב למניעת כתמי שמש הגנה גבוהה מאד SPF50,,0.00,100.00,false,1.00,120.00,0.02,true,0,
8470001674227,false,איסדין תחליב עם גוון קל למראה עור אחיד ו,לילית,ES,FOTOULTRA תחליב עם גוון קל למראה עור אחיד והבהרת כתמי שמש SPF50,,0.00,100.00,false,1.00,125.00,0.02,true,0,
8470001710529,false,איסדין תחליב לתיקון גוון העור והבהרת כתמ,לילית,ES,FOTOULTRA תחליב לתיקון גוון העור והבהרת כתמי שמש SPF50,,0.00,100.00,false,1.00,130.00,0.02,true,0,
8470001748577,false,איסדין מסנן קרינה עם הגנה גבוהה SPF50,לילית,ES,FOTOPROTECTOR מסנן קרינה עם הגנה גבוהה SPF50,,0.00,100.00,false,1.00,100.00,0.02,true,0,
8470001839749,false,איסדין מסנן קרינה לעיכוב סממני הגיל עם ה,לילית,ES,FOTOULTRA מסנן קרינה לעיכוב סממני הגיל עם הגנה גבוהה SPF50,,0.00,100.00,false,1.00,135.00,0.02,true,0,
8470001878199,false,איסדין מסנן קרינה עם גוון והגנה גבוהה SP,לילית,ES,FOTOPROTECTOR מסנן קרינה עם גוון והגנה גבוהה SPF50,,0.00,100.00,false,1.00,100.00,0.02,true,0,
8470002573376,false,ג'ינג'י - משחת שיניים להגנת החניכיים,לאסר LACER,,משחת שיניים מקצועית לשימוש יום-יומי להגנה על החניכיים,,0.00,100.00,false,1.00,26.90,0.00,true,0,
8470002636651,false,ג'ינג'י - שטיפת פה להגנת החניכיים (ללא אלכוהול),לאסר LACER,,שטיפת פה מקצועית לשימוש יומיומי להגנה על החניכיים,,0.00,100.00,false,1.00,48.90,0.00,true,0,
8594001023738,false,לייף מים מינרלים עשירים במגנזיום 750 מל,לייף,IT,"מגנזיה מים מינרלים טבעיים עשירים במגנזיום- 127 מ""ג מגנזיום לבקבוק",,0.00,100.00,false,1.00,9.90,0.00,true,0,
8681248449510,false,ארה מסכת פנים היגיינית N95 מארז עשירייה,סופר-פארם,TR,ERA מסכת פנים היגיינית N95,,0.00,0.00,false,1.00,29.90,2.99,true,0,
8683130025574,false,"מרכך כביסה מרוכז אקסטרה לבנדר בדין 960 מ""ל",יוניליוור ישראל שיווק בע`מ,TR,מרכך כביסה מרוכז בדין אקסטרה לבנדר,,0.00,100.00,false,1.00,19.90,0.00,true,0,
8683130025581,false,"מרכך כביסה מרוכז אקסטרה ענבר בדין 960 מ""ל",יוניליוור ישראל שיווק בע`מ,TR,מרכך כביסה מרוכז בדין אקסטרה ענבר,,0.00,100.00,false,1.00,19.90,0.00,true,0,
8690526009308,false,אי טי אי - חטיף קוקוס מצופה שוקולד חלב וכדורוני דגנים 126 גרם,גורי ע.ע.ע. בעמ,TR,מיני חטיפים קוקוס בציפוי שוקולד חלב,,0.00,100.00,false,1.00,9.90,0.00,true,0,
8690526019147,false,אי טי אי - וופל במילוי קרם אגוזי לוז 142 גרם,"GIDA ETI , טורקיה n\",TR,וופל במילוי קרם אגוזי לוז,,0.00,100.00,false,1.00,7.90,0.00,true,0,
8690526019178,false,אי טי אי - וופל קקאו במילוי קרם קוקוס 142 גרם,מולינו ניקולי s.p.a,TR,וופל קקאו במילוי קרם קוקוס,,0.00,100.00,false,1.00,7.90,0.00,true,0,
8690526019185,false,אי טי אי - וופל במילוי קרם שוקולד חלב 142 גרם,מולינו ניקולי s.p.a,TR,וופל במילוי קרם שוקולד חלב,,0.00,100.00,false,1.00,7.90,0.00,true,0,
8690526029191,false,אי טי אי - מיני וופל במילוי קרם אגוזים וחתיכות בוטנים 140 גרם,"GIDA ETI , טורקיה n\",TR,מיני וופל במילוי קרם אגוזים וחתיכות בוטנים,,0.00,100.00,false,1.00,9.90,0.00,true,0,
8690526029207,false,אי טי אי - מארז חמישייה וופל במילוי קרם קקאו וחתיכות בוטנים 145 גרם,אתי גידה סאנאי וה טיק .A,TR,וופל במילוי קרם קקאו וחתיכות בוטנים,,0.00,100.00,false,1.00,9.90,0.00,true,0,
8690526035697,false,אי טי אי - וופל מיני בצפוי עם שוקולד מריר ובמילוי קרם קקאו 112 גרם,"GIDA ETI , טורקיה n\",TR,מיני וופלים בציפוי שוקולד מריר,,0.00,100.00,false,1.00,9.90,0.00,true,0,
8690526039206,false,אי טי אי - מיני וופל במילוי קרם קקאו וחתיכות בוטנים 140 גרם,"GIDA ETI , טורקיה n\",TR,מיני וופל במילוי קרם קקאו וחתיכות בוטנים,,0.00,100.00,false,1.00,9.90,0.00,true,0,
8690572775288,false,"גליס מרכך סרום שיקום עמוק 400 מ""ל",שוורצקוף Schwarzkopf,TR,מרכך סרום שיקום עמוק,,0.00,100.00,false,1.00,18.90,0.00,true,0,
8690572778326,false,פה ד.ספרי אנטיפרספינט 200 מל 1/12,שוורצקופף והנקל,DE,דאודורנט ספריי כותנה,,0.00,100.00,false,1.00,10.90,0.00,true,0,
8690572783931,false,"פה - דאודורנט ספריי לגבר אינוויזיבל פאוואר 200 מ""ל",שוורצקופף והנקל,DE,דאודורנט ספריי לגבר אינוויזיבל פאוואר,,0.00,100.00,false,1.00,10.90,0.00,true,0,
8690572788912,false,"גליס - ביו טק מרכך 400 מ""ל",שוורצקופף והנקל,TR,ביו-טק מרכך עשיר,,0.00,100.00,false,1.00,18.90,0.00,true,0,
8690572794579,false,גליס שמפו סרום שיקום עמוק 500 מל,הנקל סוד,TR,שמפו סרום שיקום עמוק,,0.00,100.00,false,1.00,18.90,0.00,true,0,
8690572794593,false,גליס שמפו תמצית שמן אולטימטיבי 500 מל,הנקל סוד,TR,שמפו תמצית שמן אולטימטיבי,,0.00,100.00,false,1.00,18.90,0.00,true,0,
8690572794609,false,גליס שמפו ביו-טק משקם 500 מל,הנקל סוד,TR,שמפו ביו-טק משקם,,0.00,100.00,false,1.00,18.90,0.00,true,0,
8690572794715,false,"גליס - מרכך לאיזון והזנת הקרקפת 400 מ""ל","הובי קוסמטיק, חברת ייצור",TR,מרכך לאיזון והזנת הקרקפת,,0.00,100.00,false,1.00,18.90,0.00,true,0,
8690572795408,false,גליס שמפו לאיזון והזנת הקרקרפת 500 מל,הנקל סוד,TR,שמפו עדין לאיזון והזנת הקרקפת,,0.00,100.00,false,1.00,18.90,0.00,true,0,
8690572799482,false,"סאיוס מרכך לשיער גלי ומתולתל 500 מ""ל","הובי קוסמטיק, אנקרה, תור",TR,מרכך קרטין,,0.00,100.00,false,1.00,12.90,0.00,true,0,
<<<<<<< HEAD
8690572799499,false,"סאיוס - מרכך אולאו 500 מ""ל",הובי קוסמטיק,TR,מרכך אולאו,,0.00,100.00,false,1.00,12.90,0.00,true,0,
=======
8690572799499,false,"סאיוס - מרכך אולאו 500 מ""ל",הנקל סוד בע`מ,TR,מרכך אולאו,,0.00,100.00,false,1.00,12.90,0.00,true,0,
>>>>>>> d048ac2f4f281c9d788043ab4e81b61b0dbe3743
8690572799505,false,סאיוס מרכך לחיזוק שורשי סיב השערה 500 מל,"הובי קוסמטיק, אנקרה, תור",TR,מרכך לחיזוק שורשי סיב השערה,,0.00,100.00,false,1.00,12.90,0.00,true,0,
8690572799512,false,"מרכך לחיזוק שורשי סיב השערה סאיוס 500מ""ל","הובי קוסמטיק, אנקרה, תור",TR,מרכך תלתלים,,0.00,100.00,false,1.00,12.90,0.00,true,0,
8690572799529,false,"סאיוס - שמפו קרטין 500 מ""ל","הובי קוסמטיק, אנקרה, תור",TR,שמפו קרטין,,0.00,100.00,false,1.00,12.90,0.00,true,0,
8690572799536,false,"סאיוס שמפו שמני הזנה 500 מ""ל","הובי קוסמטיק, אנקרה, תור",TR,שמפו אולאו,,0.00,100.00,false,1.00,12.90,0.00,true,0,
8690572799543,false,סאיוס שמפו לחיזוק שורשי סיב השערה 500 מל,"הובי קוסמטיק, אנקרה, תור",TR,שמפו לחיזוק שורשי סיב השערה,,0.00,100.00,false,1.00,12.90,0.00,true,0,
<<<<<<< HEAD
8690572799550,false,"סאיוס שמפו לשיער גלי ומתולתל 500 מ""ל",הובי קוסמטיק,TR,שמפו תלתלים,,0.00,100.00,false,1.00,12.90,0.00,true,0,
8690637505607,false,מרכך כביסה מרוכז בדין אקסטרה בניחוח פינוק כחול,יוניליוור סנאיי וי טיקאר,TR,מרכך כביסה מרוכז בדין אקסטרה בניחוח פינוק כחול,,0.00,100.00,false,1.00,19.90,0.00,true,0,
8690637505959,false,דאב סבון ידיים הזנה לוטוס 500 מל,General,TR,אל סבון ידיים פרח הלוטוס ומי אורז,,0.00,100.00,false,1.00,16.90,0.00,true,0,
8690637506956,false,"דאב שמפו נגד קשקשים אלוורה 600 מ""ל",יוניליוור סנאי ווי טיקאר,TR,שמפו למניעת קשקשים,,0.00,100.00,false,1.00,22.90,0.00,true,0,
8690637555084,false,"מרכך כביסה מרוכז אקסטרה פריחת התפוז בדין 960 מ""ל",יוניליוור סנאיי וי טיקאר,,מרכך כביסה מרוכז בדין אקסטרה פריחת התפוז,,0.00,100.00,false,1.00,19.90,0.00,true,0,
8690637704277,false,"שמפו ומרכך לשיער רגיל 600 מ""ל דאב",יונילוור - תורכיה,TR,שמפו ומרכך 2 ב-1 טיפוח יום יומי,,0.00,100.00,false,1.00,22.90,0.00,true,0,
8690637704291,false,שמפו לשיקום אינטנסיבי לשיער פגום,יוניליוור טורקיה. אז,TR,שמפו משקם לשיער פגום,,0.00,100.00,false,1.00,22.90,0.00,true,0,
8690637704376,false,"שמפו לטיפוח יום יומי דאב 600 מ""ל",יוניליוור סנאיי וי טיקאר,TR,שמפו טיפוח יום יומי,,0.00,100.00,false,1.00,22.90,0.00,true,0,
8690637704390,false,"מרכך שיער לטיפוח יום יומי דאב 600 מ""ל",יוניליוור טורקיה. אז,TR,מרכך שיער לטיפוח יום יומי,,0.00,100.00,false,1.00,22.90,0.00,true,0,
8690637704413,false,מרכך לשיקום אינטנסיבי לשיער פגום,יוניליוור טורקיה. אז,TR,מרכך לשיער שיקום אינטנסיבי,,0.00,100.00,false,1.00,22.90,0.00,true,0,
8690637704437,false,שמפו עם שמני הזנה לטיפוח לשיער יבש,יוניליוור סנאיי וי טיקאר,TR,שמפו עם שמני הזנה לשיער יבש ומקורזל,,0.00,100.00,false,1.00,22.90,0.00,true,0,
8690637704451,false,מרכך עם שמני הזנה לטיפוח לשיער יבש,יוניליוור טורקיה. אז,TR,מרכך שיער בתוספת שמני הזנה,,0.00,100.00,false,1.00,22.90,0.00,true,0,
8690637858734,false,ג'ל לניקוי כללי בתוספת אקונומיקה בניחוח לימון,סיף פנטסטיק Cif Fantastic,IL,ג'ל לניקוי כללי בתוספת אקונומיקה מרוכזת בניחוח לימון,,0.00,100.00,false,1.00,13.90,0.00,true,0,
8690637858741,false,ג'ל לניקוי כללי בתוספת אקונומיקה בניחוח רוח ים,סיף פנטסטיק Cif Fantastic,IL,ג'ל אקונומיקה מרוכזת בניחוח רוח ים,,0.00,100.00,false,1.00,13.90,0.00,true,0,
8690637858758,false,ג'ל לניקוי כללי בתוספת אקונומיקה בניחוח אורנים,סיף פנטסטיק Cif Fantastic,IL,ג'ל אקונומיקה מרוכזת בניחוח אורנים,,0.00,100.00,false,1.00,13.90,0.00,true,0,
8690637865589,false,"דאב תרחיץ ידיים בניחוח מלפפונים ותה ירוק 500 מ""ל",General,TR,תחליב רחצה לידיים מלפפונים ותה ירוק,,0.00,100.00,false,1.00,16.90,0.00,true,0,
8690637865596,false,תחליב רחצה לניקוי וטיפוח עור הידיים,קוסטר אירוסול ולף סנ,TR,תחליב רחצה לידיים מזין,,0.00,100.00,false,1.00,16.90,0.00,true,0,
8690637871047,false,דאב שמפו בתוספת שמן קוקוס וכורכום 600 מל,יוניליוור סנאיי וי טיקאר,TR,שמפו עם שמן קוקוס וכורכום,,0.00,100.00,false,1.00,22.90,0.00,true,0,
8690637946301,false,"בדין - מרכך כביסה אקסטרא בייביי כחול 960 מ""ל",יוניליוור סנאיי וי טיקאר,,מרכך כביסה מרוכז בדין אקסטרה בייבי כחול,,0.00,100.00,false,1.00,19.90,0.00,true,0,
8690637946318,false,"מרכך כביסה בדין מרוכז אקסטרה בייבי טלק 960 מ""ל",יוניליוור סנאיי וי טיקאר,IL,מרכך כביסה מרוכז בדין אקסטרה בייבי צהוב,,0.00,100.00,false,1.00,19.90,0.00,true,0,
8690637971310,false,"מרכך כביסה מרוכז אקסטרה בניחוח יערת הדבש בדין 960 מ""ל",יוניליוור סנאיי וי טיקאר,TR,מרכך כביסה מרוכז בדין אקסטרה יערת הדבש,,0.00,100.00,false,1.00,19.90,0.00,true,0,
8690637976995,false,"מרכך כביסה מרוכז אקסטרה ורוד סחלבים פראי בדין 960 מ""ל",יוניליוור סנאיי וי טיקאר,TR,מרכך כביסה מרוכז בדין אקסטרה ורוד,,0.00,100.00,false,1.00,19.90,0.00,true,0,
=======
8690572799550,false,"סאיוס שמפו לשיער גלי ומתולתל 500 מ""ל","הנקל סוד בע""מ",TR,שמפו תלתלים,,0.00,100.00,false,1.00,12.90,0.00,true,0,
8690637505607,false,מרכך כביסה מרוכז בדין אקסטרה בניחוח פינוק כחול,יוניליוור ישראל שיווק בע`מ,TR,מרכך כביסה מרוכז בדין אקסטרה בניחוח פינוק כחול,,0.00,100.00,false,1.00,19.90,0.00,true,0,
8690637505959,false,דאב סבון ידיים הזנה לוטוס 500 מל,יוניליוור ישראל שיווק בעמ,TR,אל סבון ידיים פרח הלוטוס ומי אורז,,0.00,100.00,false,1.00,16.90,0.00,true,0,
8690637506956,false,"דאב שמפו נגד קשקשים אלוורה 600 מ""ל",יוניליוור ישראל שיווק בע`מ,TR,שמפו למניעת קשקשים,,0.00,100.00,false,1.00,22.90,0.00,true,0,
8690637555084,false,"מרכך כביסה מרוכז אקסטרה פריחת התפוז בדין 960 מ""ל",יוניליוור ישראל שיווק בע`מ,,מרכך כביסה מרוכז בדין אקסטרה פריחת התפוז,,0.00,100.00,false,1.00,19.90,0.00,true,0,
8690637704277,false,"שמפו ומרכך לשיער רגיל 600 מ""ל דאב","יוניליוור ישראל שיווק בע""מ",TR,שמפו ומרכך 2 ב-1 טיפוח יום יומי,,0.00,100.00,false,1.00,22.90,0.00,true,0,
8690637704291,false,שמפו לשיקום אינטנסיבי לשיער פגום,"יוניליוור ישראל שיווק בע""מ",TR,שמפו משקם לשיער פגום,,0.00,100.00,false,1.00,22.90,0.00,true,0,
8690637704376,false,"שמפו לטיפוח יום יומי דאב 600 מ""ל","יוניליוור ישראל שיווק בע""מ",TR,שמפו טיפוח יום יומי,,0.00,100.00,false,1.00,22.90,0.00,true,0,
8690637704390,false,"מרכך שיער לטיפוח יום יומי דאב 600 מ""ל","יוניליוור ישראל שיווק בע""מ",TR,מרכך שיער לטיפוח יום יומי,,0.00,100.00,false,1.00,22.90,0.00,true,0,
8690637704413,false,מרכך לשיקום אינטנסיבי לשיער פגום,"יוניליוור ישראל שיווק בע""מ",TR,מרכך לשיער שיקום אינטנסיבי,,0.00,100.00,false,1.00,22.90,0.00,true,0,
8690637704437,false,שמפו עם שמני הזנה לטיפוח לשיער יבש,יוניליוור ישראל שיווק בע`מ,TR,שמפו עם שמני הזנה לשיער יבש ומקורזל,,0.00,100.00,false,1.00,22.90,0.00,true,0,
8690637704451,false,מרכך עם שמני הזנה לטיפוח לשיער יבש,"יוניליוור ישראל שיווק בע""מ",TR,מרכך שיער בתוספת שמני הזנה,,0.00,100.00,false,1.00,22.90,0.00,true,0,
8690637858734,false,ג'ל לניקוי כללי בתוספת אקונומיקה בניחוח לימון,יוניליוור ישראל שיווק בע`מ,IL,ג'ל לניקוי כללי בתוספת אקונומיקה מרוכזת בניחוח לימון,,0.00,100.00,false,1.00,13.90,0.00,true,0,
8690637858741,false,ג'ל לניקוי כללי בתוספת אקונומיקה בניחוח רוח ים,יוניליוור ישראל שיווק בע`מ,IL,ג'ל אקונומיקה מרוכזת בניחוח רוח ים,,0.00,100.00,false,1.00,13.90,0.00,true,0,
8690637858758,false,ג'ל לניקוי כללי בתוספת אקונומיקה בניחוח אורנים,יוניליוור ישראל שיווק בע`מ,IL,ג'ל אקונומיקה מרוכזת בניחוח אורנים,,0.00,100.00,false,1.00,13.90,0.00,true,0,
8690637865589,false,"דאב תרחיץ ידיים בניחוח מלפפונים ותה ירוק 500 מ""ל",יוניליוור ישראל שיווק בעמ,TR,תחליב רחצה לידיים מלפפונים ותה ירוק,,0.00,100.00,false,1.00,16.90,0.00,true,0,
8690637865596,false,תחליב רחצה לניקוי וטיפוח עור היד 750 מ,"יוניליוור ישראלשיווק בע""מ",TR,תחליב רחצה לידיים מזין,,0.00,100.00,false,1.00,16.90,0.00,true,0,
8690637871047,false,דאב שמפו בתוספת שמן קוקוס וכורכום 600 מל,"יוניליוור ישראל שיווק בע""מ",TR,שמפו עם שמן קוקוס וכורכום,,0.00,100.00,false,1.00,22.90,0.00,true,0,
8690637946301,false,"בדין - מרכך כביסה אקסטרא בייביי כחול 960 מ""ל",יוניליוור ישראל שיווק בע`מ,,מרכך כביסה מרוכז בדין אקסטרה בייבי כחול,,0.00,100.00,false,1.00,19.90,0.00,true,0,
8690637946318,false,"מרכך כביסה בדין מרוכז אקסטרה בייבי טלק 960 מ""ל",יוניליוור ישראל שיווק בע`מ,IL,מרכך כביסה מרוכז בדין אקסטרה בייבי צהוב,,0.00,100.00,false,1.00,19.90,0.00,true,0,
8690637971310,false,"מרכך כביסה מרוכז אקסטרה בניחוח יערת הדבש בדין 960 מ""ל",יוניליוור ישראל שיווק בע`מ,TR,מרכך כביסה מרוכז בדין אקסטרה יערת הדבש,,0.00,100.00,false,1.00,19.90,0.00,true,0,
8690637976995,false,"מרכך כביסה מרוכז אקסטרה ורוד סחלבים פראי בדין 960 מ""ל",יוניליוור ישראל שיווק בע`מ,TR,מרכך כביסה מרוכז בדין אקסטרה ורוד,,0.00,100.00,false,1.00,19.90,0.00,true,0,
>>>>>>> d048ac2f4f281c9d788043ab4e81b61b0dbe3743
8690637977794,false,תחליב רחצה לידיים בניחוח חמאת שיאה ווניל,קוסטר אירוסול ולף סנ,TR,אל סבון ידיים חמאת שיאה ווניל,,0.00,100.00,false,1.00,16.90,0.00,true,0,
8690637994029,false,מרכך כביסה אקסטרה בניחוח סחלבים פראי,"יוניליוור ישראל שיווק בע""מ",TR,מרכך כביסה מרוכז בדין אקסטרה ורוד,,0.00,1.00,false,1.00,24.90,17.29,true,0,
8690637994036,false,מרכך כביסה אקסטרה בניחוח יסמין מרענן,"יוניליוור ישראל שיווק בע""מ",TR,מרכך כביסה מרוכז בדין אקסטרה כחול,,0.00,1.00,false,1.00,24.90,17.29,true,0,
8690784611442,false,סבון מוצק לניקוי אסלה בניחוח הדרים בתוספת אקונומיקה,דאופלור אס פי אי כונ,PL,סבון מוצק לניקוי האסלה עם אקונומיקה מקציפה בניחוח הדרים,,0.00,0.00,false,1.00,9.90,0.00,true,0,
8693495037853,false,זוג מברשות שיניים קולגייט סלים סופט זהב,הנסיך- מפעל לייצור ט,,מברשת שיניים סיבים רכים במיוחד סלים סופט לניקוי עדין ועמוק,,0.00,0.00,false,1.00,31.90,15.95,true,0,
8693495041461,false,קולגייט זוג מברשות שיניים סלים סופט פחם,הנסיך- מפעל לייצור ט,,מברשת שיניים פחם,,0.00,0.00,false,1.00,31.90,15.95,true,0,
8693495051002,false,קולגייט מברשת שיניים מיניונים 6+ לילדים,קולגייט פלמוליב,CN,מברשת שיניים ילדים מיניונים מעמד ואקום גיל 6+,,0.00,0.00,false,1.00,15.90,0.00,true,0,
<<<<<<< HEAD
8693495051255,false,מברשת שיניים סלים סופט זהב קולגייט זוג,קולגייט - פלמוליב,CN,מברשת שיניים סלים סופט זהב לניקוי עדין ועמוק,,0.00,0.00,false,1.00,39.90,19.95,true,0,
=======
8693495051255,false,מברשת שיניים קולגייט סלים סופט זהב זוג,קולגייט - פלמוליב,CN,מברשת שיניים סלים סופט זהב לניקוי עדין ועמוק,,0.00,0.00,false,1.00,39.90,19.95,true,0,
>>>>>>> d048ac2f4f281c9d788043ab4e81b61b0dbe3743
8693495052177,false,פלמוליב נטורלס תחליב רחצה זיתים 750 מל,קולגייט פלמוליב,TR,סבון נוזלי זיתים משאבה,,0.00,100.00,false,1.00,23.90,0.00,true,0,
8693495052931,false,זוג מברשות שיניים אדוונסט 360 לניקוי כל חלל הפה,קולגייט פלמוליב,CN,מברשת שיניים 360 ADVANCED לניקוי כל חלל הפה,,0.00,0.00,false,1.00,41.90,20.95,true,0,
8693495054034,false,פלמוליב ס.נוזלי לומינוס אבוקדו 750 משאבה,קולגייט פלמוליב,TR,לומינוס ג'ל רחצה בניחוח שמן אבוקדו,,0.00,100.00,false,1.00,23.90,0.00,true,0,
8693495054058,false,סבון נוזלי פלמוליב לומינוס עם תמציות שמן מקדמיה,קולגייט פלמוליב,TR,לומינוס ג'ל רחצה בניחוח שמן מקדמיה,,0.00,100.00,false,1.00,23.90,0.00,true,0,
8693830036770,false,משחק בצק דינו טיפול שיניים 280 גרם(5 צבע,General,,,,0.00,0.00,false,1.00,50.00,50.00,true,0,
8693830037272,false,חול קינטי אתר בניה 750 גר,General,,,,0.00,0.00,false,1.00,70.00,70.00,true,0,
8697040109323,false,אסותא סבון מוצק להיגיינה,עיסא ערטול בעמ-סוכן הנקל סוד,TR,סבון תמרוקים להיגיינה אישית,,0.00,0.00,false,1.00,5.90,0.05,true,0,
8699568532003,false,וולה פלקס ספריי לעיצוב שיער מגה עמיד 250,דיפלומט מפיצים (1968) בעמ,FR,ספריי לעיצוב מגה עמיד,,0.00,100.00,false,1.00,39.90,0.00,true,0,
8699568548905,false,קולסטון קיט 77/44 אדום נחושת עוצמתי,דיפלומט,DE,קרם לצביעה לשיער 77/44 אדום נחושת עוצמתי,,0.00,0.00,false,1.00,39.90,0.00,true,0,
8699568548950,false,צבע לשיער קולסטון קיט 55/46 - אדום אקזוטי,וולה Wella,DE,קרם לצביעה לשיער 55/46 אדום אקזוטי,,0.00,0.00,false,1.00,39.90,0.00,true,0,
8699568549001,false,צבע לשיער קולסטון קיט 66/46 - אדום דובדבן,וולה Wella,DE,קרם לצביעה לשיער 66/46 אדום דובדבן,,0.00,0.00,false,1.00,39.90,0.00,true,0,
8710103534457,false,אוונט פטמה לדייסה לגילאי 6+ חודשים,כמיפל,,פטמה לבקבוק קלאסיק+ למזון סמיך ביותר,,0.00,0.00,false,1.00,43.90,21.95,true,0,
8710103556879,false,אוונט רפידות הנקה 60 יחידות,כמיפל,CN,רפידות הנקה,,0.00,0.00,false,1.00,49.90,0.00,true,0,
8710103633075,false,סוניקר 2 ראשים להחלפה למברשת חשמלית,כמיפל,US,ראשים למברשת שיניים חשמלית סוניקר HX6012/07,,0.00,0.00,false,1.00,89.90,0.00,true,0,
8710103633105,false,סוניקר 4 ראשים להחלפה למברשת חשמלית,כמיפל,US,ראשים למברשת שיניים חשמלית סוניקר HX6014/07,,0.00,0.00,false,1.00,149.90,0.00,true,0,
8710103633266,false,סוניקר 2 ראשים להחלפה לשיניים רגישות וחנ,כמיפל,US,ראשים לשיניים רגישות למברשת שיניים חשמלית סוניקר HX6052/07,,0.00,0.00,false,1.00,99.90,49.95,true,0,
8710103673149,false,סוניקר מברשת שיניים Plaque Removal,כמיפל,CN,מברשת שיניים חשמלית סוניקר מסירה פי 6 פלאק Plaque Removal HX6231/01,,0.00,0.00,false,1.00,349.90,0.00,true,0,
8710103779469,false,סוניקר מברשת שיניים Daily Clean,כמיפל,RO,מברשת שיניים חשמלית סוניקר Daily Clean HX3212/11,,0.00,0.00,false,1.00,179.90,0.00,true,0,
8710103779803,false,אוונט כוס שתיה פיה גמישה 6+ 200 מל בנות,כמיפל,ID,כוס שתיה פיה רכה וגמישה גיל 6+,,0.00,0.00,false,1.00,49.90,0.00,true,0,
8710103779810,false,אוונט כוס שתיה פיה גמישה 6+ 200 מל בנים,כמיפל,ID,כוס שתיה פיה רכה וגמישה גיל 6+,,0.00,0.00,false,1.00,49.90,0.00,true,0,
8710103786665,false,אוונט כוס עם קש לגיל 9+ 200 מל בנות,כמיפל,ID,כוס עם קש לגיל 9+,,0.00,0.00,false,1.00,49.90,0.00,true,0,
8710103786672,false,אוונט כוס עם קש לגיל 9+ 200 מל בנים,כמיפל,ID,כוס עם קש לגיל 9+,,0.00,0.00,false,1.00,49.90,0.00,true,0,
8710103786689,false,אוונט כוס עם קש לגיל 12+ 300 מל בנים,כמיפל,ID,כוס עם קש לגיל 12+,,0.00,0.00,false,1.00,49.90,0.00,true,0,
8710103786696,false,אוונט כוס עם קש לגיל 12+ 300 מל בנות,כמיפל,ID,כוס עם קש לגיל 12+,,0.00,0.00,false,1.00,49.90,0.00,true,0,
8710103787402,false,פיליפס סכין וואן בלייד למכשיר ONE BLADE,פיליפס-גילוח,ID,סכין גילוח למכשיר ONE BLADE,,0.00,0.00,false,1.00,99.90,0.00,true,0,
8710103797944,false,ONE BLADE מכשיר לעיצוב זיפים 60 דקות פעולה,פילפס,ID,"ONE BLADE, מכשיר לעיצוב זיפים 60 דקות פעולה",,0.00,0.00,false,1.00,249.90,0.00,true,0,
8710103797951,false,פיליפס ONE BLADE 3 מכשיר לעיצוב זיפים 45,פילפס,ID,"ONE BLADE, מכשיר לעיצוב זיפים 45 דקות פעולה",,0.00,0.00,false,1.00,189.90,0.00,true,0,
8710103826279,false,אוונט כוס שתיה פיה רכה גיל 9+ 300מל בנים,כמיפל,ID,כוס שתיה פיה רכה גיל 9+,,0.00,0.00,false,1.00,49.90,0.00,true,0,
8710103831624,false,פיליפס זוג סכינים ONE BLADE לפנים ולגוף,פיליפס-גילוח,ID,סכיני גילוח למכשיר ONE BLADE לפנים ולגוף,,0.00,0.00,false,1.00,199.90,99.95,true,0,
8710103831662,false,פיליפס ONE BLADE מכשיר פנים וגוף 45,פיליפס-גילוח,ID,"ONE BLADE, מכשיר לעיצוב זיפים וגילוח פנים וגוף 45 דקות פעולה",,0.00,0.00,false,1.00,289.90,0.00,true,0,
8710103845423,false,אוונט מוצץ 0-6 ULTRA AIR כחול,פיליפס אוונט,GB,ULTRA AIR מוצצים 0-6 חודשים,,0.00,0.00,false,1.00,44.90,22.45,true,0,
8710103845485,false,אוונט מוצץ 6-18 ULTRA AIR כחול,כמיפל,GB,ULTRA AIR מוצצים 6-18 חודשים,,0.00,0.00,false,1.00,44.90,22.45,true,0,
8710103845560,false,אוונט מוצץ 6-18 ULTRA AIR ורוד,כמיפל,GB,ULTRA AIR מוצצים 6-18 חודשים,,0.00,0.00,false,1.00,44.90,22.45,true,0,
8710103845836,false,פיליפס זוג סכינים ONE BLADE,פילפס,ID,סכיני גילוח למכשיר ONE BLADE,,0.00,0.00,false,1.00,159.90,79.95,true,0,
8710103847151,false,סוניקר מברשת שיניים להלבנה צבע שחור,כמיפל,CN,מברשת שיניים חשמלית להלבנה פיליפס סוניקר - צבע שחור HX6830/44,,0.00,0.00,false,1.00,599.90,0.00,true,0,
8710103850359,false,סוניקר 4 ראשים להחלפה להלבנה צבע לבן,כמיפל,AT,ראשים להלבנה למברשת שיניים חשמלית סוניקר (לבן) HX6064/10,,0.00,0.00,false,1.00,169.00,42.25,true,0,
8710103850366,false,סוניקר 4 ראשים להחלפה להלבנה צבע שחור,כמיפל,AT,ראשים להלבנה למברשת שיניים חשמלית סוניקר (שחור) HX6064/11,,0.00,0.00,false,1.00,169.00,42.25,true,0,
8710103855514,false,אוונט כוס שתיה פיה קשיחה 12+ 300 מל בנים,כמיפל,ID,כוס שתיה פיה קשיחה גיל 12+,,0.00,0.00,false,1.00,49.90,0.00,true,0,
8710103860204,false,פיליפס שלישיית סכינים ONE BLADE,פיליפס-גילוח,ID,מחסנית סכיני גילוח למכשיר ONE BLADE,,0.00,0.00,false,1.00,199.00,66.33,true,0,
8710103863205,false,סוניקר מברשת שיניים Plaque Removal+סנסור,כמיפל,CN,מברשת שיניים חשמלית סוניקר מסירה פי 7 פלאק + סנסור עוצמה Plaque Removal HX6807/24,,0.00,0.00,false,1.00,449.90,0.00,true,0,
8710103864455,false,מברשת שיניים PRO להלבנה+נרתיק+ראש החלפה,כמיפל,CN,מברשת שיניים חשמלית להלבנה סוניקר PRO עם נרתיק וראש נוסף להחלפה HX6871/47,,0.00,0.00,false,1.00,849.90,0.00,true,0,
8710103868309,false,אוונט בקבוק פוליפרופילן ורוד קלאסי 125 מ,כמיפל,GB,בקבוק פוליפרופילן ורוד קלאסיק+ עם פטמה מס' 1,,0.00,0.00,false,1.00,39.90,0.00,true,0,
8710103868347,false,אוונט בקבוק פוליפרופילן חלבי קלאסי 260 מ,פיליפס אוונט,GB,בקבוק פוליפרופילן חלבי קלאסיק+ עם פטמה מס' 2,,0.00,0.00,false,1.00,39.90,0.00,true,0,
8710103868699,false,אוונט בקבוק פוליפרופילן חלבי קלאסי 330 מ,פיליפס אוונט,GB,בקבוק פוליפרופילן חלבי קלאסיק+ עם פטמה מס' 3,,0.00,0.00,false,1.00,39.90,0.00,true,0,
8710103868781,false,אוונט בקבוק פוליפרופילן קלאסי קופיף,כמיפל,GB,בקבוק פוליפרופילן קלאסיק אנטי קוליק קופיף,,0.00,0.00,false,1.00,39.90,0.00,true,0,
8710103868811,false,אוונט בקבוק פוליפרופילן קלאסי גירף,כמיפל,GB,בקבוק פוליפרופילן קלאסיק אנטי קוליק ג'ירף,,0.00,0.00,false,1.00,39.90,0.00,true,0,
8710103868842,false,אוונט בקבוק פוליפרופילן קלאסי פינגווין,פיליפס אוונט,GB,בקבוק פוליפרופילן קלאסיק אנטי קוליק פינגווין,,0.00,0.00,false,1.00,39.90,0.00,true,0,
8710103870067,false,אוונט בקבוק נטורל 2 לויתן 260 מל,פיליפס אוונט,GB,בקבוק נטורל לויתן,,0.00,0.00,false,1.00,54.90,0.00,true,0,
8710103873877,false,אוונט זוג פטמות נטורל מעבר איטי,פיליפס אוונט,,פטמה לבקבוק נטורל זרימה איטית שלב 2,,0.00,0.00,false,1.00,41.90,20.95,true,0,
8710103873990,false,אוונט זוג פטמות נטורל מעבר מהיר,פיליפס אוונט,,פטמה לבקבוק נטורל זרימה מהירה שלב 4,,0.00,0.00,false,1.00,41.90,20.95,true,0,
8710103874058,false,אוונט פטמה נטורל רב שלבית,פיליפס אוונט,,"פטמה רב שלבית לבקבוק נטורל, מתאימה גם למזון סמיך",,0.00,0.00,false,1.00,41.90,20.95,true,0,
8710103875666,false,אוונט בקבוק נטורל 2 125 מל,פיליפס אוונט,GB,בקבוק נטורל חלבי עם פטמה מס' 1,,0.00,0.00,false,1.00,54.90,0.00,true,0,
8710103875857,false,אוונט בקבוק נטורל 2 סגול 260 מל,כמיפל,GB,בקבוק נטורל סגול,,0.00,0.00,false,1.00,54.90,0.00,true,0,
8710103875888,false,אוונט בקבוק נטורל 2 260 מל,פיליפס אוונט,GB,בקבוק נטורל חלבי עם פטמה מס' 2,,0.00,0.00,false,1.00,54.90,0.00,true,0,
8710103875918,false,אוונט מארז זוג בקבוק נטורל 2 260 מל,כמיפל,GB,מארז בקבוקי נטורל 2 260 מל,,0.00,0.00,false,1.00,69.90,0.00,true,0,
8710103875956,false,אוונט בקבוק נטורל 2 ורוד 260 מל,פיליפס אוונט,GB,בקבוק נטורל ורוד עם פטמה מס' 2,,0.00,0.00,false,1.00,54.90,0.00,true,0,
8710103876014,false,אוונט בקבוק נטורל 2 תכלת 260 מל,כמיפל,GB,בקבוק נטורל תכלת עם פטמה מס' 2,,0.00,0.00,false,1.00,54.90,0.00,true,0,
8710103876076,false,אוונט מארז זוג בקבוקי נטורל 330 מל,כמיפל,NL,מארז בקבוקי נטורל 330 מל,,0.00,0.00,false,1.00,79.90,0.00,true,0,
8710103876168,false,אוונט בקבוק נטורל 2 60 מל,כמיפל,GB,בקבוק נטורל 0M,,0.00,0.00,false,1.00,19.90,0.00,true,0,
8710103876342,false,אוונט בקבוק נטורל 2 330 מל,פיליפס אוונט,GB,בקבוק נטורל חלבי עם פטמה מס' 4,,0.00,0.00,false,1.00,54.90,0.00,true,0,
8710103876472,false,אוונט בקבוק נטורל 2 טייגר 260 מל,כמיפל,GB,בקבוק נטורל טייגר,,0.00,0.00,false,1.00,54.90,0.00,true,0,
8710103876526,false,אוונט בקבוק נטורל 2 דרקון 260 מל,פיליפס אוונט,GB,בקבוק נטורל דרקון,,0.00,0.00,false,1.00,54.90,0.00,true,0,
8710103876540,false,אוונט בקבוק נטורל 2 חד קרן 260 מל,פיליפס אוונט,GB,בקבוק נטורל חד קרן,,0.00,0.00,false,1.00,54.90,0.00,true,0,
8710103878995,false,פיליפס ONE BLADE 3 מכשיר לעיצוב 45+ 1סכי,פיליפס-גילוח,ID,"ONE BLADE, מכשיר לעיצוב זיפים 45 דקות פעולה + ראש סכין נוסף",,0.00,0.00,false,1.00,269.90,0.00,true,0,
8710103882848,false,סוניקר מברשת שיניים להלבנה צבע ורוד,כמיפל,CN,מברשת שיניים חשמלית להלבנה פיליפס סוניקר - צבע ורוד HX6836/24,,0.00,0.00,false,1.00,599.90,0.00,true,0,
8710103896135,false,אוונט מוצץ +18 אולטרה אייר בנים,כמיפל,GB,אולטרה אייר מוצץ קל ונושם +18,,0.00,0.00,false,1.00,54.90,0.00,true,0,
8710103896166,false,אוונט מוצץ +18 אולטרה אייר לילה בנות,כמיפל,GB,אולטרה אייר מוצץ קל ונושם +18,,0.00,0.00,false,1.00,54.90,0.00,true,0,
8710103896227,false,אוונט מוצץ 18+ אולטרה אייר בנים אריה,כמיפל,NL,אולטרה אייר מוצץ קל ונושם 18M+,,0.00,0.00,false,1.00,54.90,0.00,true,0,
8710103896241,false,אוונט מוצץ 18+ אולטרה אייר בנות 18+ ארנב,כמיפל,NL,אולטרה אייר מוצץ קל ונושם 18M+,,0.00,0.00,false,1.00,54.90,0.00,true,0,
8710103896494,false,אוונט מוצץ 18+ אולטרה אייר בנים קוף,כמיפל,NL,אולטרה אייר מוצץ קל ונושם 18M+,,0.00,0.00,false,1.00,54.90,0.00,true,0,
8710103901716,false,אוונט מוצץ 0-6 אולטרה אייר לילה בנים,פיליפס אוונט,GB,אולטרה אייר לילה מוצץ קל ונושם 0-6,,0.00,0.00,false,1.00,54.90,0.00,true,0,
8710103901754,false,אוונט מוצץ 0-6 אולטרה אייר לילה בנות,פיליפס אוונט,GB,אולטרה אייר לילה מוצץ קל ונושם 0-6,,0.00,0.00,false,1.00,54.90,0.00,true,0,
8710103901792,false,אוונט מוצץ 6-18 אולטרה אייר לילה בנים,פיליפס אוונט,GB,אולטרה אייר לילה מוצץ קל ונושם 6-18,,0.00,0.00,false,1.00,54.90,0.00,true,0,
8710103901822,false,אוונט מוצץ 6-18 אולטרה אייר לילה בנות,פיליפס אוונט,GB,אולטרה אייר לילה מוצץ קל ונושם 6-18,,0.00,0.00,false,1.00,54.90,0.00,true,0,
8710103907701,false,אוונט מגן פטמה פרפר גדול,כמיפל,,מגן פטמה פרפר גדול,,0.00,0.00,false,1.00,62.90,31.45,true,0,
8710103922582,false,"פיליפס ONE BLADE, מכשיר לעיצוב וגילוח 30 דקות פעולה",פיליפס-גילוח,ID,"ONE BLADE, מכשיר לעיצוב וגילוח 30 דקות פעולה",,0.00,0.00,false,1.00,159.90,0.00,true,0,
8710103938422,false,אוונט מוצץ 0-6 ULTRA SOFT בנים הלו,פיליפס אוונט,NL,ULTRA SOFT מוצצים 0-6 חודשים,,0.00,0.00,false,1.00,54.90,0.00,true,0,
8710103938484,false,אוונט מוצץ 0-6 ULTRA SOFT בנות באני,פיליפס אוונט,NL,ULTRA SOFT מוצצים 0-6 חודשים,,0.00,0.00,false,1.00,54.90,0.00,true,0,
8710103938538,false,אוונט מוצץ 6-18 ULTRA SOFT בנים ים,פיליפס אוונט,NL,ULTRA SOFT מוצצים 6-18 חודשים,,0.00,0.00,false,1.00,54.90,0.00,true,0,
8710103938583,false,אוונט מוצץ 6-18 ULTRA SOFT בנות פאוור,פיליפס אוונט,NL,ULTRA SOFT מוצצים 6-18 חודשים,,0.00,0.00,false,1.00,54.90,0.00,true,0,
8710103940913,false,פיליפס 4 סכינים ONE BLADE לפנים ולגוף,כמיפל,ID,סכיני גילוח למכשיר ONE BLADE לפנים ולגוף,,0.00,0.00,false,1.00,269.90,67.47,true,0,
8710103942542,false,אוונט מוצץ 0-6 אולטרה אייר תכלת-צהוב,כמיפל,NL,אולטרה אייר מוצץ קל ונושם 0-6,,0.00,0.00,false,1.00,54.90,0.00,true,0,
8710103942702,false,אוונט מוצץ 0-6 אולטרה אייר ורוד-ורוד,פיליפס אוונט,NL,אולטרה אייר מוצץ 0-6,,0.00,0.00,false,1.00,54.90,0.00,true,0,
8710103942740,false,אוונט מוצץ 6-18 ULTRA AIR חיות בנים,כמיפל,NL,ULTRA AIR מוצצים 6-18 חודשים חיות,,0.00,0.00,false,1.00,54.90,27.45,true,0,
8710103942788,false,אוונט מוצץ 6-18 ULTRA AIR בנות ים,כמיפל,NL,ULTRA AIR מוצצים 6-18 חודשים ים,,0.00,0.00,false,1.00,54.90,27.45,true,0,
8710103943969,false,אוונט נטורל משאבה חלב ידנית,כמיפל,NL,נטורל משאבה חלב ידנית,,0.00,0.00,false,1.00,299.00,299.00,true,0,
8710103949176,false,אוונט מוצץ 0-6 ULTRA AIR כחול צהוב HAPPY,פיליפס אוונט,NL,ULTRA AIR מוצצים 0-6 חודשים HAPPY,,0.00,0.00,false,1.00,54.90,27.45,true,0,
8710103949206,false,אוונט מוצץ 0-6 אולטרה אייר בנות הפי,כמיפל,NL,אולטרה אייר מוצץ קל ונושם 0-6M,,0.00,0.00,false,1.00,54.90,0.00,true,0,
8710103949237,false,אוונט זוג מוצצי אייר קול 6-18 בנים,כמיפל,NL,ULTRA AIR מוצצים 6-18 חודשים HAPPY,,0.00,0.00,false,1.00,54.90,27.45,true,0,
8710103949275,false,אוונט זוג מוצצי אייר קול 6-18 בנות,כמיפל,NL,ULTRA AIR מוצצים 6-18 חודשים HAPPY,,0.00,0.00,false,1.00,54.90,27.45,true,0,
8710103949312,false,אוונט מוצץ 0-6 ULTRA AIR כחול צהובANIMAL,כמיפל,NL,ULTRA AIR מוצצים 0-6 חודשים ANIMALS,,0.00,0.00,false,1.00,54.90,27.45,true,0,
8710103949350,false,אוונט מוצץ 0-6 ULTRA AIR ורוד סגולANIMAL,כמיפל,NL,ULTRA AIR מוצצים 0-6 חודשים ANIMALS,,0.00,0.00,false,1.00,54.90,27.45,true,0,
8710103949398,false,אוונט זוג מוצצי אייר קול 6-18 בנים,פיליפס אוונט,NL,ULTRA AIR מוצצים 6-18 חודשים ANIMALS,,0.00,0.00,false,1.00,54.90,27.45,true,0,
8710103949435,false,אוונט זוג מוצצי אייר קול 6-18 בנות,פיליפס אוונט,NL,ULTRA AIR מוצצים 6-18 חודשים חיות,,0.00,0.00,false,1.00,54.90,27.45,true,0,
8710103963882,false,אוונט זוג מוצצי ניו בורן 0-6 תכלת סיליקו,כמיפל,NL,מוצצי סיליקון ניו בורן 0-6 תכלת,,0.00,0.00,false,1.00,59.90,29.95,true,0,
8710103963905,false,אוונט זוג מוצצי ניו בורן 0-6 ורוד סיליקו,כמיפל,NL,מוצצי סיליקון ניו בורן 0-6 ורוד,,0.00,0.00,false,1.00,59.90,29.95,true,0,
8710103982371,false,אוונט מוצץ 0-6 ULTRA AIR ירוק צהוב Happy,כמיפל,NL,ULTRA AIR מוצצים 0-6 חודשים Happy,,0.00,0.00,false,1.00,54.90,27.45,true,0,
8710103982401,false,אוונט מוצץ 6-18 ULTRA AIR לבן צהוב Happy,כמיפל,NL,ULTRA AIR מוצצים 6-18 חודשים Happy,,0.00,0.00,false,1.00,54.90,27.45,true,0,
8710103982692,false,אוונט מוצץ +18 ULTRA AIR ללילה,כמיפל,NL,ULTRA AIR מוצצים +18 חודשים ללילה,,0.00,0.00,false,1.00,54.90,27.45,true,0,
8710103985471,false,סוניקר מברשת שיניים חשמלית ג'ימיני ורודה,כמיפל,CN,מברשת שיניים חשמלית ג'ימיני סוניקר ורוד HX3651/11,,0.00,0.00,false,1.00,219.90,0.00,true,0,
8710103985488,false,סוניקר מברשת שיניים חשמלית ג'ימיני כחולה,כמיפל,CN,מברשת שיניים חשמלית ג'ימיני סוניקר תכלת HX3651/12,,0.00,0.00,false,1.00,219.90,0.00,true,0,
8710103985587,false,סוניקר מברשת חשמלית ג'ימיני שחורה עם סנס,כמיפל,CN,מברשת שיניים חשמלית ג'ימיני סוניקר שחורה עם סנסור לחץ HX3671/14,,0.00,0.00,false,1.00,299.90,0.00,true,0,
8710103992998,false,אוונט מוצץ 0-6 ULTRA AIR אננס ינשוף,כמיפל,NL,ULTRA AIR מוצצים 0-6 חודשים,,0.00,0.00,false,1.00,54.90,27.45,true,0,
8710103993018,false,אוונט מוצץ 0-6 ULTRA AIR ציפור דובדבן,כמיפל,NL,ULTRA AIR מוצצים 0-6 חודשים,,0.00,0.00,false,1.00,54.90,27.45,true,0,
8710103993056,false,אוונט מוצץ 0-6 ULTRA AIR נטורל,כמיפל,NL,ULTRA AIR מוצצים 0-6 חודשים,,0.00,0.00,false,1.00,54.90,27.45,true,0,
8710103993094,false,אוונט מוצץ 6-18 ULTRA AIR אריה היפו,כמיפל,NL,ULTRA AIR מוצצים 6-18 חודשים,,0.00,0.00,false,1.00,54.90,27.45,true,0,
8710103993117,false,אוונט מוצץ 6-18 ULTRA AIR חתול קוואלה,כמיפל,NL,ULTRA AIR מוצצים 6-18 חודשים,,0.00,0.00,false,1.00,54.90,27.45,true,0,
8710103993155,false,אוונט מוצץ 6-18 ULTRA AIR נטורל,כמיפל,NL,ULTRA AIR מוצצים 6-18 חודשים,,0.00,0.00,false,1.00,54.90,27.45,true,0,
8710103993179,false,אוונט מוצץ 0-6 ULTRA SOFT לעור רגיש,כמיפל,NL,ULTRA SOFT מוצצים 0-6 חודשים לעור רגיש,,0.00,0.00,false,1.00,54.90,27.45,true,0,
8710103993193,false,אוונט מוצץ 6-18 ULTRA SOFT לעור רגיש,כמיפל,NL,ULTRA SOFT מוצצים 6-18 חודשים לעור רגיש,,0.00,0.00,false,1.00,54.90,27.45,true,0,
8710103997122,false,פיליפס סכין גילוח 360 למכשיר ONE BLADE,כמיפל,ID,ראש סכין גילוח 360 להחלפה עבור מכשיר ONE BLADE,,0.00,0.00,false,1.00,119.90,119.90,true,0,
8710428005755,false,תרכובת מזון לתינוקות על בסיס חלבון סויה איזומיל שלב 1,"אבוט מעבדות רפואיות בע""מ",,סימילאק צמחי שלב 1,,0.00,100.00,false,1.00,45.90,0.00,true,0,
8710428005762,false,תרכובת מזון לתינוקות על בסיס חלבון סויה איזומיל טף שלב 2,"אבוט מעבדות רפואיות בע""מ",,סימילאק צמחי שלב 2,,0.00,100.00,false,1.00,45.90,0.00,true,0,
8710428016348,false,אבקת משקה להשלמה תזונתית וניל 400 ג' פדיאשור,אבוט מעבדות רפואיות,NL,משקה להשלמה תזונתית היכול לסייע לילדים בגדילה מגיל 3-13 בטעם וניל,,0.00,100.00,false,1.00,39.90,0.00,true,0,
8710428016355,false,פדיאשור השלמה תזונתית בטעם שוקולד 400 גר,אבוט מעבדות רפואיות,NL,משקה להשלמה תזונתית היכול לסייע לילדים בגדילה מגיל 3-13 בטעם שוקולד,,0.00,100.00,false,1.00,39.90,0.00,true,0,
8710428017000,false,פדיאשור השלמה תזונתית בטעם וניל 850 גרם,שקד תבל בעמ-סימילק,NL,משקה להשלמה תזונתית היכול לסייע לילדים בגדילה מגיל 3-13 בטעם וניל,,0.00,100.00,false,1.00,79.90,0.00,true,0,
8710428017024,false,פדיאשור השלמה תזונתית בטעם שוקולד 850 גר,שקד תבל בעמ-סימילק,NL,משקה להשלמה תזונתית היכול לסייע לילדים בגדילה מגיל 3-13 בטעם שוקולד,,0.00,100.00,false,1.00,79.90,0.00,true,0,
8710447211052,false,טרזמה בוטניק שמפו להזנה ושיקום 400 מל,"יוניליוור ישראל שיווק בע""מ",PL,שמפו בוטניק,,0.00,100.00,false,1.00,18.90,0.00,true,0,
8710447223369,false,טרזמה מרכך משקם בתוספת ביוטין 700 מל,יוניליוור,PL,מרכך משקם בתוספת ביוטין,,0.00,100.00,false,1.00,26.90,0.00,true,0,
8710447224205,false,"מרכך טרזמה משקם בתוספת ביוטין 400 מ""ל",יוניליוור ישראל שיווק בעמ,PL,מרכך משקם בתוספת ביוטין,,0.00,100.00,false,1.00,18.90,0.00,true,0,
8710447224311,false,מרכך בוטניק בתוספת שמן קוקוס ואלוורה,"יוניליוור ישראל שיווק בע""מ",PL,מרכך בוטניק,,0.00,100.00,false,1.00,18.90,0.00,true,0,
8710447224366,false,טרזמה מרכך קרטין לשיער 400 מל,יוניליוור ישראל שיווק בע`מ,PL,מרכך עם קרטין,,0.00,100.00,false,1.00,18.90,0.00,true,0,
8710447240915,false,טרזמה מסכה משקמת בתוספת ביוטין 300 מל,"יוניליוור פולין, רחוב קר",PL,מסכה משקמת בתוספת ביוטין,,0.00,100.00,false,1.00,34.90,0.00,true,0,
8710447275306,false,דאב קרם ידיים שמן אבוקדו ותמצית קלנדולה,יוניליוור ישראל שיווק בעמ,PL,קרם ידיים אבוקדו ותמצית קלנדולה,,0.00,100.00,false,1.00,13.90,0.00,true,0,
8710447275313,false,דאב קרם ידיים שמן קוקוס וחלב שקדים,יוניליוור ישראל שיווק בעמ,PL,קרם ידיים לעור יבש מועשר בשמן קוקוס וחלב שקדים,,0.00,100.00,false,1.00,13.90,0.00,true,0,
8710447320662,false,דאודורנט ספריי בניחוח אפרסק ולימון ללא אלומיניום,יוניליוור ישראל שיווק בע`מ,GB,דאודורנט ספריי לאשה עם 0% מלחי אלומיניום בניחוח אפרסק,,0.00,100.00,false,1.00,13.90,0.00,true,0,
8710447331095,false,טרזמה בוטניק מסכה לשיער 300 מל,"יוניליוור ישראלשיווק בע""מ",PL,מסכת בוטניק,,0.00,100.00,false,1.00,34.90,0.00,true,0,
8710447473832,false,סימפל סרום לטיפול בפצעונים 25 מל,יוניליוור,HU,DAILY SKIN DETOX סרום לטיפול בפצעונים,,0.00,100.00,false,1.00,39.90,0.01,true,0,
8710447474419,false,סימפל תרחיץ פנים מטהר 150 מל,יוניליוור,PL,DAILY SKIN DETOX תרחיץ פנים מטהר,,0.00,100.00,false,1.00,35.90,0.00,true,0,
8710447474426,false,סימפל תרחיץ פילינג עדין 150 מל,יוניליוור,PL,DAILY SKIN DETOX תרחיץ פילינג עדין לניקוי יסודי,,0.00,100.00,false,1.00,35.90,0.00,true,0,
8710502194801,false,"עוגיות שוקלד ציפס רכה פירות יער ""מרבה"" 175 גרם",בנקטבקריי מרבה בי.וי,NL,עוגיות שוקולד צ'יפס במרקם רך עם פירות יער,,0.00,100.00,false,1.00,12.90,0.00,true,0,
8710502231018,false,מרבה עוגיות מיני שוקולד צ'יפס 175 גרם,ש. שסטוביץ בע`מ,NL,עוגיות שוקולד צ'יפס מיני,,0.00,100.00,false,1.00,11.90,0.00,true,0,
8710502279010,false,מרבה עוגיות שוקולד צ'יפס מצופות שוקולד 175 גרם,"י.מרבה ישראל בע""מ",NL,עוגיות שוקולד צ'יפס מצופות שוקולד חלב,,0.00,100.00,false,1.00,12.90,0.00,true,0,
8710522584200,false,דאב תחליב רחצה אלוורה ומי ורדים 500 מל,"יוניליוור ישראל שיווק בע""מ",DE,תחליב רחצה אלוורה ומי ורדים,,0.00,100.00,false,1.00,17.90,0.00,true,0,
8710847860829,false,"רקסונה - דאודורנט רול און לאישה כותנה 50 מ""ל",יוניליוור פארם,GB,דאודורנט רול און כותנה לאישה,,0.00,100.00,false,1.00,17.90,0.00,true,0,
8710847860843,false,"רקסונה - דאודורנט רולאון לאישה אינביזיבל 50 מ""ל",יוניליוור אנגליה,GB,דאודורנט רול און אינביזיבל לאשה,,0.00,100.00,false,1.00,17.90,0.00,true,0,
8710847942679,false,טרזמה שמפו לשיער יבש בתוספת שמן המפ,"יוניליוור ישראלשיווק בע""מ",PL,שמפו לשיער יבש בתוספת שמן המפ ותמצית פרח ההיביסקוס,,0.00,100.00,false,1.00,18.90,0.00,true,0,
8710847942693,false,טרזמה מרכך לשיער יבש שמן המפ 400 מל,"יוניליוור ישראל שיווק בע""מ",PL,מרכך לשיער יבש בתוספת שמן המפ ותמצית פרח ההיביסקוס,,0.00,100.00,false,1.00,18.90,0.00,true,0,
8710847973970,false,"תחליב רחצה דאב אלוורה מי עץ שדר, 750 מ""ל",יוניליוור ישראל שיווק בע`מ,DE,תחליב רחצה אלוורה ומי עץ שדר,,0.00,100.00,false,1.00,24.90,0.00,true,0,
8710847974441,false,טרזמה מרכך חומצה היאלורונית וחימר לבן,יוניליוור,PL,מרכך בתוספת חומצה היאלורונית וחימר לבן,,0.00,100.00,false,1.00,18.90,0.00,true,0,
8710908277795,false,אקס ווקס גמיש למראה שיער טבעי אורבן 75 מ,יוניליוור,IT,ווקס גמיש למראה שיער טבעי אורבן,,0.00,100.00,false,1.00,34.90,0.00,true,0,
8710908326691,false,"תחליב רחצה פרח האדמונית דאב 750 מ""ל",יוניליוור ישראל שיווק בע`מ,DE,תחליב רחצה פרח האדמונית,,0.00,100.00,false,1.00,24.90,0.00,true,0,
8710908404184,false,דאודורנט ספריי 0% אלומיניום אורגינל דאב,יוניליוור ישראל שיווק בע`מ,GB,דאודורנט ספריי לאשה עם 0% מלחי אלומיניום - אוריגינל,,0.00,100.00,false,1.00,13.90,0.00,true,0,
8710908435812,false,סימפל קרם לחות עם מקדם הגנה SPF 15,יוניליוור,HU,SENSITIVE SKIN EXPERTS קרם לחות SPF 15,,0.00,100.00,false,1.00,49.90,0.00,true,0,
8710908693809,false,"TRESSEMME מסיכה טיפולית עם קרטין 300מ""ל","יוניליוור ישראלשיווק בע""מ",PL,מסכה עם קרטין,,0.00,100.00,false,1.00,34.90,0.00,true,0,
8710908708787,false,סימפל סרום לחות 25 מל,יוניליוור,HU,SENSITIVE SKIN EXPERTS סרום לחות,,0.00,100.00,false,1.00,39.90,0.01,true,0,
8710908710773,false,סימפל תרחיץ פנים גל מיסלרי 150 מל,יוניליוור,PL,תרחיץ ג'ל ניקוי לפנים מיסלרי,,0.00,100.00,false,1.00,29.90,0.00,true,0,
8710908882463,false,תחליב רחצה Invigorating Ritual עם שמן אבוקדו וקלנדולה,"יוניליוור ישראל שיווק בע""מ",DE,תחליב רחצה אבוקדו,,0.00,100.00,false,1.00,17.90,0.00,true,0,
8711000362570,false,קפסולות קפה תואמות נספרסו פורזה 9 ל'אור 10 יחידות,דיפלומט מפיצים (1968) בעמ**,FR,קפסולות קפה אספרסו פורזה 9,,0.00,0.00,false,1.00,19.90,1.99,true,0,
8711000362617,false,לור קפסולות קפה אספרסו לונגו פרופונדו 8,דיפלומט מפיצים (1968) בעמ**,FR,קפסולות קפה אספרסו לונגו פרופונדו 8,,0.00,0.00,false,1.00,19.90,1.99,true,0,
8711000362631,false,קפסולות קפה תואמות נספרסו אוניקס 12 ל'אור 10 יחידות,דיפלומט מפיצים (1968) בעמ**,FR,קפסולות קפה אספרסו אוניקס 12,,0.00,0.00,false,1.00,19.90,1.99,true,0,
8711000362679,false,קפסולות קפה תואמות נספרסו קולומביה 8 ל'אור 10 יחידות,דיפלומט מפיצים (1968) בעמ**,FR,קפסולות קפה אספרסו קולומביה 8,,0.00,0.00,false,1.00,19.90,1.99,true,0,
8711000362747,false,קפסולות קפה תואמות נספרסו ריסטרטו 11 ל'אור 10 יחידות,דיפלומט מפיצים (1968) בעמ**,FR,קפסולות קפה אספרסו ריסטרטו 11,,0.00,0.00,false,1.00,19.90,1.99,true,0,
8711000471296,false,קפסולות קפה תואמות נספרסו אולטימו 13 ל'אור 10 יחידות,דיפלומט מפיצים (1968) בעמ**,FR,קפסולות קפה אספרסו אולטימו 13,,0.00,0.00,false,1.00,19.90,1.99,true,0,
8712400714105,false,נוטרילון ללא לקטוז 400 גרם מזון לתינוקות,טבע,,תרכובת מזון לתינוקות ללא לקטוז,,0.00,100.00,false,1.00,45.90,0.00,true,0,
8712400717984,false,נוטרילון קומפורט תרכובת מזון מגיל לידה,דיפלומט מפיצים (1968) בעמ**,,קומפורט - תרכובת מזון לתינוקות על בסיס חלב,,0.00,100.00,false,1.00,47.90,0.00,true,0,
8712400718073,false,נוטרילון A.R תרכובת מזון מגיל לידה,דיפלומט מפיצים (1968) בעמ**,,A.R תרכובת מזון לתינוקות על בסיס מוצקי חלב,,0.00,100.00,false,1.00,52.20,0.00,true,0,
8712400802482,false,נוטרילון מזון לתינוקות שלב 1 400 גרם,טבע,,תרכובת מזון לתינוקות שלב 1,,0.00,100.00,false,1.00,46.90,0.00,true,0,
8712400802499,false,תרכובת מזון המשך לפעוטות על בסיס חלב שלב 1,דיפלומט מפיצים (1968) בעמ**,,תרכובת מזון לתינוקות שלב1,,0.00,100.00,false,1.00,69.90,0.00,true,0,
8712400802505,false,נוטרילון מזון לתינוקות שלב 2 400 גרם,טבע,,תרכובת מזון לתינוקות שלב 2,,0.00,100.00,false,1.00,46.90,0.00,true,0,
<<<<<<< HEAD
8712400802512,false,תרכובת מזון המשך לפעוטות על בסיס חלב שלב 2,נוטרישיה קאלק ב. ו.,,תרכובת מזון לתינוקות שלב 2,,0.00,100.00,false,1.00,69.90,0.00,true,0,
8712400802536,false,תרכובת מזון המשך לפעוטות על בסיס חלב שלב 3,נוטרישיה קאלק ב. ו.,,תרכובת מזון לתינוקות שלב 3,,0.00,100.00,false,1.00,69.90,0.00,true,0,
8712561594240,false,"דאב תחליב רחצה להזנה עמוקה500 מ""ל-מרכז","יוניליוור גרמניה, Gmbh &",,תחליב רחצה להזנה עמוקה,,0.00,100.00,false,1.00,17.90,0.00,true,0,
8712561594608,false,"דאב תחליב רחיצה להזנה עמוקה 750 מ""ל","יוניליוור גרמניה, Gmbh &",DE,תחליב רחצה להזנה עמוקה,,0.00,100.00,false,1.00,24.90,0.00,true,0,
8712561609647,false,"דאב - תחליב רחצה חמאת שיאה 500 מ""ל","יוניליוור גרמניה, Gmbh &",DE,תחליב רחצה בניחוח חמאת שיאה ווניל,,0.00,100.00,false,1.00,17.90,0.00,true,0,
8712561611183,false,דאב סבון נוזלי 500 תמציות מלפפונים ותה,"יוניליוור גרמניה, Gmbh &",,תחליב רחצה מלפפון ותה ירוק,"מ""ל",500.00,100.00,false,1.00,17.90,0.00,true,0,
8712561611411,false,"תחליב רחצה בניחוח מלפפון ותה ירוק דאב 750 מ""ל","יוניליוור גרמניה, Gmbh &",DE,תחליב רחצה בניחוח מלפפון ותה ירוק,"מ""ל",750.00,100.00,false,1.00,24.90,0.00,true,0,
8712561626286,false,"תחליב רחצה דאב זוהר כמשי 750 מ""ל",יוניליוור גרמניה (בו,DE,תחליב רחצה משי עדין,,0.00,100.00,false,1.00,24.90,0.00,true,0,
8712561631570,false,"תחליב רחצה קוקוס ויסמין דאב 750 מ""ל",יוניליוור גרמניה (בו,DE,תחליב רחצה יסמין וחלב קוקוס,,0.00,100.00,false,1.00,24.90,0.00,true,0,
8712561646024,false,"תחליב רחצה קרם פיסטוק ומגנוליה דאב 750 מ""ל","יוניליוור גרמניה, Gmbh &",DE,תחליב רחצה קרם פיסטוק ומגנוליה,,0.00,100.00,false,1.00,24.90,0.00,true,0,
=======
8712400802512,false,תרכובת מזון המשך לפעוטות על בסיס חלב שלב 2,דיפלומט מפיצים (1968) בעמ**,,תרכובת מזון לתינוקות שלב 2,,0.00,100.00,false,1.00,69.90,0.00,true,0,
8712400802536,false,תרכובת מזון המשך לפעוטות על בסיס חלב שלב 3,דיפלומט מפיצים (1968) בעמ**,,תרכובת מזון לתינוקות שלב 3,,0.00,100.00,false,1.00,69.90,0.00,true,0,
8712561594240,false,"דאב תחליב רחצה להזנה עמוקה500 מ""ל-מרכז",יוניליוור ישראל שיווק בע`מ,,תחליב רחצה להזנה עמוקה,,0.00,100.00,false,1.00,17.90,0.00,true,0,
8712561594608,false,"דאב תחליב רחיצה להזנה עמוקה 750 מ""ל",יוניליוור ישראל שיווק בע`מ,DE,תחליב רחצה להזנה עמוקה,,0.00,100.00,false,1.00,24.90,0.00,true,0,
8712561609647,false,"דאב - תחליב רחצה חמאת שיאה 500 מ""ל",יוניליוור ישראל שיווק בעמ,DE,תחליב רחצה בניחוח חמאת שיאה ווניל,,0.00,100.00,false,1.00,17.90,0.00,true,0,
8712561611183,false,דאב סבון נוזלי 500 תמציות מלפפונים ותה,יוניליוור ישראל שיווק בע`מ,,תחליב רחצה מלפפון ותה ירוק,"מ""ל",500.00,100.00,false,1.00,17.90,0.00,true,0,
8712561611411,false,"תחליב רחצה בניחוח מלפפון ותה ירוק דאב 750 מ""ל",יוניליוור ישראל שיווק בע`מ,DE,תחליב רחצה בניחוח מלפפון ותה ירוק,"מ""ל",750.00,100.00,false,1.00,24.90,0.00,true,0,
8712561626286,false,תחליב רחצה זוהר כמשי דאב (750 מל),יוניליוור ישראל שיווק בע`מ,DE,תחליב רחצה משי עדין,,0.00,100.00,false,1.00,24.90,0.00,true,0,
8712561631570,false,"תחליב רחצה קוקוס ויסמין דאב 750 מ""ל",יוניליוור ישראל שיווק בע`מ,DE,תחליב רחצה יסמין וחלב קוקוס,,0.00,100.00,false,1.00,24.90,0.00,true,0,
8712561646024,false,"תחליב רחצה קרם פיסטוק ומגנוליה דאב 750 מ""ל","יוניליוור ישראל שיווק בע""מ",DE,תחליב רחצה קרם פיסטוק ומגנוליה,,0.00,100.00,false,1.00,24.90,0.00,true,0,
>>>>>>> d048ac2f4f281c9d788043ab4e81b61b0dbe3743
8712713883888,false,סטימודנט קיסם מבריש 40 יח,נורוליס,CN,קיסם מבריש גמיש ורך,,0.00,0.00,false,1.00,49.90,1.24,true,0,
8714100818879,false,לאב ביוטי א.פלנט גל ניקוי פנים עץ התה,יוניליוור,RU,ג'ל ניקוי פנים לעור נקי ורענן עץ התה,,0.00,100.00,false,1.00,16.90,0.00,true,0,
8714207410501,false,מולטי גין אקטיגל גל לטיפול בזיהום נרתיקי,מדיצי,,אקטיג'ל ג'ל מונע ומטפל זיהום בנרתיק,,0.00,100.00,false,1.00,69.90,0.01,true,0,
8714207420302,false,מולטי גין ליקוויגל מטפל מונע יובש בנרתיק,מדיצי,,ג'ל נוזלי מטפל ומקל ביובש נרתיקי,,0.00,100.00,false,1.00,59.90,0.01,true,0,
8714207430103,false,מולטי גין טבליות לשטיפה וגינלית 10 יח,מדיצי,,,,0.00,0.00,false,1.00,49.90,0.00,true,0,
8714207430820,false,מולטי גין דוש+טבליות לשטיפה וגינלית,מדיצי,,דוש+טבליות לשטיפה וגינאלית אינטימית,,0.00,0.00,false,1.00,79.90,0.00,true,0,
8714207452501,false,פלורה פלוס - לטיפול ומניעה של פטרת הנרתיק,מולטי-ג׳ין Multi-Gyn,,פלורה פלוס לטיפול ומניעה של פטרת הנרתיק,,0.00,0.00,false,1.00,69.90,13.98,true,0,
8714207821208,false,מולטי מאם קומפרסים לפטמות,מדיצי,NL,קומפרסים לפטמות לאמהות מניקות,,0.00,0.00,false,1.00,59.90,4.99,true,0,
8714599513828,false,ג'ייקובס קרוננג מיובש בהקפאה 47.5 גרם צנצנת,דיפלומט מפיצים (1968) בעמ**,RU,קרוננג קפה נמס מיובש בהקפאה,,0.00,100.00,false,1.00,9.90,0.00,true,0,
8714599513866,false,"קפה נמס מיובש בהקפאה קרונג צנצנת ג'ייקובס 200 גרם לל""ס",דיפלומט מפיצים (1968) בעמ**,RU,קרוננג קפה נמס מיובש בהקפאה,,0.00,100.00,false,1.00,39.90,0.00,true,0,
8714789177229,false,רבעיית מברשות שיניים קולגייט אקסטרה קלין 1 יחידה,הנסיך- מפעל לייצור ט,,אקסטרה קלין מברשות שיניים מארז,,0.00,0.00,false,1.00,15.90,0.00,true,0,
8714789218465,false,מברשת שיניים 360 סופט קולגייט 2 יחידות,הנסיך- מפעל לייצור ט,,360 מברשות שיניים עם סיבים רכים,,0.00,0.00,false,1.00,39.90,0.00,true,0,
8714789303925,false,מברשת שיניים 360 סנסטיב רכה במיוחד קולגייט 2 יחידות,קולגייט- פלמוליב,,מברשת שיניים,,0.00,0.00,false,1.00,39.90,19.95,true,0,
8714789402918,false,נוזל לניקוי כללי ורצפות בניחוח פרחי בר אג'קס 1.5 ליטר,הנסיך- מפעל לייצור ט,GR,נוזל לניקוי רצפות בניחוח פרחים אדומים,,0.00,1.00,false,1.00,19.90,13.26,true,0,
8714789529561,false,"משחת שיניים סנסטיב פרו ריליף להלבנה קולגייט 75 מ""ל",קולגייט-פלמוליב,,משחה לשיניים רגישות,,0.00,100.00,false,1.00,25.90,0.00,true,0,
8714789582764,false,אג'קס ספריי לניקוי חלונות ומשטחים,הנסיך- מפעל לייצור ט,,פעולה משולשת לניקוי חלונות ומשטחים,,0.00,100.00,false,1.00,16.40,0.00,true,0,
8714789754451,false,אלמקס משחת שיניים פרופשיונל סנסטיב 75 מל,שסטוביץ,PL,משחת שיניים פרופשיונל סנסיטיב לשיניים רגישות,,0.00,100.00,false,1.00,29.90,0.00,true,0,
8714789831275,false,מברשת שיניים 360 אופטיק ווייט קולגייט 2 יחידות,קולגייט-פלמוליב,,מברשת שיניים,,0.00,0.00,false,1.00,39.90,19.95,true,0,
<<<<<<< HEAD
8714789835112,false,קולגייט מברשת360 אופטיק וייט סופט חשמלית,COLGATE PALMOLIVE,,מברשת שיניים חשמלית 360 אופטיק ווייט,,0.00,0.00,false,1.00,69.90,69.90,true,0,
8714789930848,false,"משחת שיניים אופטיק וייט הלבנה מיידית קולגייט 75 מ""ל",הנסיך- מפעל לייצור ט,,משחת שיניים אופטיק ווייט אינסטנט מסייעת בשמירה על שיניים לבנות,,0.00,100.00,false,1.00,21.90,0.00,true,0,
8714789966403,false,ליידי ספיד סטיק פרו ג'ל 65 גרם,קולגייט פלמוליב,US,דאודורנט ג'ל פרו 5,,0.00,100.00,false,1.00,14.90,0.00,true,0,
8715700419732,false,מתבל עגבניות היינץ 700 גרם,ה.י. היינץ,NL,קטשופ- מתבל עגבניות,,0.00,100.00,false,1.00,14.90,0.00,true,0,
8715700423906,false,היינץ מתבל עגבניות מופחת סוכר ומלח 50/50 550 גרם,היינץ צפון אמריקה מק,NL,מתבל עגבניות 50% פחות סוכר ומופחת נתרן,,0.00,100.00,false,1.00,14.90,0.00,true,0,
8717163628355,false,"מרכך טרזמה להחלקה וצביעה 400 מ""ל","יוניליוור פולין, רחוב קר",PL,מרכך ללא סולפטים לשיער שעבר החלקה או צביעה,,0.00,100.00,false,1.00,23.90,0.00,true,0,
8717163628812,false,מסכה טרזמה ללא סולפטים להחלקה ולצביעה300,"יוניליוור פולין, רחוב קר",PL,מסכה להחלקה ולצביעה,,0.00,100.00,false,1.00,34.90,0.00,true,0,
8717163647226,false,"אקס דאודורנט ספריי גוף בלאק 150 מ""ל",ארנסט. רחוב קומבינצק,GB,דאודורנט ספריי גוף בלאק,,0.00,100.00,false,1.00,12.90,0.00,true,0,
8717163647240,false,"אקס דאודורנט ספריי גוף לגבר שוקולד 150 מ""ל",יוניליוור גרמניה (בו,GB,דאודורנט ספריי גוף שוקולד,,0.00,100.00,false,1.00,12.90,0.00,true,0,
8717163647301,false,אקס דאודורנט ספריי גולד לגבר 150 מל,יוניליוור אנגליה,GB,דאודורנט ספריי 48H גולד,,0.00,100.00,false,1.00,12.90,0.00,true,0,
8717163655764,false,"רקסונה - דאודורנט ספריי לאישה שוואר פרש 150 מ""ל","קוסטר אירוסול, גבזה 4140",GB,דאודורנט ספריי שאוור פרש לאשה,,0.00,100.00,false,1.00,17.90,0.00,true,0,
8717163655825,false,"רקסונה דאו' ספריי לנשים בניחוח כותנה, 150 מ""ל","קוסטר אירוסול, גבזה 4140",GB,דאודורנט ספריי כותנה לאישה,,0.00,100.00,false,1.00,17.90,0.00,true,0,
8717163658314,false,תחליב רחצה מים מיסלריים היפואלרגני לעור רגיש,יוניליוור גרמניה Gmbh &,DE,תחליב רחצה עם מים מיסלריים מתאים לעור רגיש היפואלרגני,,0.00,100.00,false,1.00,17.90,0.00,true,0,
8717163663493,false,"רקסונה - דאודורנט ספריי לגבר קובלט דריי 150 מ""ל","יוניליוור אנגליה, דרך קו",GB,דאודורנט ספריי לגבר קובלט דריי,,0.00,100.00,false,1.00,17.90,0.00,true,0,
8717163714850,false,"דאו דאב ספריי קוקוס ויסמין 150 מ""ל","קוסטר אירוסול, גבזה 4140",GB,דאודורנט ספריי קוקוס ויסמין,,0.00,100.00,false,1.00,13.90,0.00,true,0,
=======
8714789835112,false,קולגייט מברשת360 אופטיק וייט סופט חשמלית,ש.שסטוביץ בעמ,,מברשת שיניים חשמלית 360 אופטיק ווייט,,0.00,0.00,false,1.00,69.90,69.90,true,0,
8714789930848,false,"משחת שיניים אופטיק וייט הלבנה מיידית קולגייט 75 מ""ל",איינשטיין-צור יבוא-יצוא וסחר ב,,משחת שיניים אופטיק ווייט אינסטנט מסייעת בשמירה על שיניים לבנות,,0.00,100.00,false,1.00,21.90,0.00,true,0,
8714789966403,false,ליידי ספיד סטיק פרו 5 ג`ל 65 גרם,קולגייט פלמוליב,US,דאודורנט ג'ל פרו 5,,0.00,100.00,false,1.00,14.90,0.00,true,0,
8715700419732,false,מתבל עגבניות היינץ (700 גרם),דיפלומט מפיצים (1968) בעמ**,NL,קטשופ- מתבל עגבניות,,0.00,100.00,false,1.00,14.90,0.00,true,0,
8715700423906,false,היינץ מתבל עגבניות מופחת סוכר ומלח 50/50 550 גרם,דיפלומט מפיצים (1968) בעמ**,NL,מתבל עגבניות 50% פחות סוכר ומופחת נתרן,,0.00,100.00,false,1.00,14.90,0.00,true,0,
8717163628355,false,"מרכך טרזמה להחלקה וצביעה 400 מ""ל","יוניליוור ישראלשיווק בע""מ",PL,מרכך ללא סולפטים לשיער שעבר החלקה או צביעה,,0.00,100.00,false,1.00,23.90,0.00,true,0,
8717163628812,false,מסכה טרזמה ללא סולפטים להחלקה ולצביעה300,"יוניליוור ישראלשיווק בע""מ",PL,מסכה להחלקה ולצביעה,,0.00,100.00,false,1.00,34.90,0.00,true,0,
8717163647226,false,"אקס דאודורנט ספריי גוף בלאק 150 מ""ל",יוניליוור ישראל שיווק בע`מ,GB,דאודורנט ספריי גוף בלאק,,0.00,100.00,false,1.00,12.90,0.00,true,0,
8717163647240,false,"אקס דאודורנט ספריי גוף לגבר שוקולד 150 מ""ל",יוניליוור ישראל שיווק בע`מ,GB,דאודורנט ספריי גוף שוקולד,,0.00,100.00,false,1.00,12.90,0.00,true,0,
8717163647301,false,אקס דאודורנט ספריי גולד לגבר 150 מל,"יוניליוור ישראל שיווק בע""מ",GB,דאודורנט ספריי 48H גולד,,0.00,100.00,false,1.00,12.90,0.00,true,0,
8717163655764,false,"רקסונה - דאודורנט ספריי לאישה שוואר פרש 150 מ""ל","יוניליוור ישראל שיווק בע""מ",GB,דאודורנט ספריי שאוור פרש לאשה,,0.00,100.00,false,1.00,17.90,0.00,true,0,
8717163655825,false,"רקסונה דאו' ספריי לנשים בניחוח כותנה, 150 מ""ל","יוניליוור ישראל שיווק בע""מ",GB,דאודורנט ספריי כותנה לאישה,,0.00,100.00,false,1.00,17.90,0.00,true,0,
8717163658314,false,תחליב רחצה מים מיסלריים היפואלרגני לעור רגיש,יוניליוור ישראל שיווק בעמ,DE,תחליב רחצה עם מים מיסלריים מתאים לעור רגיש היפואלרגני,,0.00,100.00,false,1.00,17.90,0.00,true,0,
8717163663493,false,"רקסונה - דאודורנט ספריי לגבר קובלט דריי 150 מ""ל","יוניליוור ישראל שיווק בע""מ",GB,דאודורנט ספריי לגבר קובלט דריי,,0.00,100.00,false,1.00,17.90,0.00,true,0,
8717163714850,false,דאודורנט ספריי קוקוס ויסמין( 150 מל),"יוניליוור ישראל שיווק בע""מ",GB,דאודורנט ספריי קוקוס ויסמין,,0.00,100.00,false,1.00,13.90,0.00,true,0,
>>>>>>> d048ac2f4f281c9d788043ab4e81b61b0dbe3743
8717163719954,false,סימפל קרם לחות נוזלי קליל 50 מל,יוניליוור,HU,קרם לחות נוזלי קליל,,0.00,100.00,false,1.00,45.90,0.00,true,0,
8717163842669,false,"תחליב רחצה דאב חימר ירוק 500 מ""ל purifying",יוניליוור ישראל שיווק בעמ,DE,תחליב רחצה חימר ירוק,,0.00,100.00,false,1.00,17.90,0.00,true,0,
8717163842676,false,"תחליב רחצה חימר ורוד renewing glow דאב 500 מ""ל",יוניליוור ישראל שיווק בעמ,DE,תחליב רחצה חימר ורוד,,0.00,100.00,false,1.00,17.90,0.00,true,0,
8717163866870,false,סימפל סרום למראה זוהר 50 מל,יוניליוור,HU,סרום למראה זוהר,,0.00,100.00,false,1.00,39.90,0.00,true,0,
8717163866900,false,סימפל קרם לחות למראה זוהר 40 מל,יוניליוור,HU,קרם לחות לעור זוהר,,0.00,100.00,false,1.00,45.90,0.01,true,0,
8717163866924,false,סימפל תרחיץ חימר למראה זוהר 150 מל,יוניליוור,PL,SENSITIVE SKIN EXPERTS תרחיץ חימר לעור עייף וחסר חיוניות,,0.00,100.00,false,1.00,35.90,0.00,true,0,
8717163866931,false,סימפל מסכת חימר מטהרת למראה זוהר 50 מל,יוניליוור,HU,מסיכת חימר מטהרת,,0.00,100.00,false,1.00,35.90,0.00,true,0,
8717163934913,false,סימפל קרם לחות שמן המפ 50 מל,יוניליוור,PL,קרם לחות לפנים קרם לחות מרגיע,,0.00,100.00,false,1.00,45.90,0.00,true,0,
8717677336593,false,טוניס שוקולד חלב 180 גרם רבנות - נוכרי,ליימן שליסל בע`מ,NL,שוקולונלי שוקולד חלב,,0.00,100.00,false,1.00,18.90,0.00,true,0,
8717677336616,false,שוקולד מריר עם שקדים ומלח טוניס' שוקולונלי 180 גרם,ליימן שליסל בע`מ,NL,שוקולונלי שוקולד מריר עם שקדים ומלח,,0.00,100.00,false,1.00,18.90,0.00,true,0,
8717677336630,false,שוקולד חלב עם שקדים ודבש טוניס' שוקולונלי 180 גרם,ליימן שליסל בע`מ,NL,שוקולונלי שוקולד חלב שקדים ודבש,,0.00,100.00,false,1.00,18.90,0.00,true,0,
8717677336654,false,טוניס - שוקולד חלב מעולה עם שברי קרמל מלוח,ליימן שליסל בע`מ,NL,שוקולונלי שוקולד חלב עם שברי קרמל מלוח,,0.00,100.00,false,1.00,18.90,0.00,true,0,
8717677336661,false,טוניס שוקולד מריר מעולה 70% 180 גרם רבנות - נוכרי,ליימן שליסל בע`מ,NL,שוקולונלי שוקולד מריר 70%,,0.00,100.00,false,1.00,18.90,0.00,true,0,
8717677338436,false,שוקולד חלב עם אגוזי לוז טוניס' שוקולונלי 180 גרם,ליימן שליסל בע`מ,NL,שוקולונלי שוקולד חלב עם אגוזי לוז,,0.00,100.00,false,1.00,18.90,0.00,true,0,
8718117607662,false,נוטרילון A.R תרכובת מזון מגיל לידה,דיפלומט מפיצים (1968) בעמ**,NL,AR תרכובת מזון לתינוקות על בסיס מוצקי חלב,,0.00,100.00,false,1.00,114.20,0.00,true,0,
8718117608904,false,נוטרילון פגים 900 גרם,נוטרישיה קאלק,NL,תרכובת מזון לפגים ותינוקות משקל לידה נמוך על בסיס חלב,,0.00,100.00,false,1.00,89.90,0.00,true,0,
<<<<<<< HEAD
8718951030169,false,"קולגייט סנסיטיב הלבנה המסייעת בהגנה לשיניים רגישות 75 מ""ל",קולגייט Colgate,PL,סנסיטיב משחת שיניים רגישות להלבנה,,0.00,100.00,false,1.00,21.90,0.00,true,0,
8718951030206,false,"קולגייט סנסיטיב פרוטקשן משחת שיניים לשיניים רגישות 75 מ""ל",קולגייט-פלמוליב,PL,משחת שיניים רגישות מולטי פרוטקשן,,0.00,100.00,false,1.00,21.90,0.00,true,0,
8718951031241,false,אלמקס משחת שיניים פרופשיונל 75 מל,שסטוביץ,PL,משחת שיניים פרופשיונל להגנה מפני עששת,,0.00,100.00,false,1.00,10.00,0.00,true,0,
8718951044913,false,מרידול משחת שיניים להלבנה 75 מל,קולגייט פלמוליב,PL,משחת שיניים הלבנה להגנה על החניכיים,,0.00,100.00,false,1.00,21.90,0.00,true,0,
=======
8718951030169,false,"קולגייט סנסיטיב הלבנה המסייעת בהגנה לשיניים רגישות 75 מ""ל",ש. שסטוביץ בע`מ,PL,סנסיטיב משחת שיניים רגישות להלבנה,,0.00,100.00,false,1.00,21.90,0.00,true,0,
8718951030206,false,"קולגייט סנסיטיב פרוטקשן משחת שיניים לשיניים רגישות 75 מ""ל",קולגייט-פלמוליב,PL,משחת שיניים רגישות מולטי פרוטקשן,,0.00,100.00,false,1.00,21.90,0.00,true,0,
8718951031241,false,אלמקס משחת שיניים פרופשיונל 75 מל,ש.שסטוביץ בעמ,PL,משחת שיניים פרופשיונל להגנה מפני עששת,,0.00,100.00,false,1.00,10.00,0.00,true,0,
8718951044913,false,משחת שיניים הלבנה מרידול (75 מל),קולגייט פלמוליב,PL,משחת שיניים הלבנה להגנה על החניכיים,,0.00,100.00,false,1.00,21.90,0.00,true,0,
>>>>>>> d048ac2f4f281c9d788043ab4e81b61b0dbe3743
8718951079205,false,"קולגייט סנסיטיב פרו רליף רפיר אנד פריוונט 75 מ""ל",קולגייט-פלמוליב,PL,משחת שיניים רגישות,,0.00,100.00,false,1.00,25.90,0.00,true,0,
8718951093331,false,מרידול זוג מברשות שיניים אקסטרה סופט,קולגייט פלמוליב,CH,מברשות שיניים רכות במיוחד לחניכיים רגישות,,0.00,0.00,false,1.00,39.90,19.95,true,0,
8718951144064,false,מרידול מברשת שיניים פרודונט אקספרט זוג,"ש. שסטוביץ בע""\מ",CH,מברשת שיניים לחניכים רגישות פרודונט אקספרט,,0.00,0.00,false,1.00,39.90,0.00,true,0,
8718951166288,false,"משחת שיניים קולגייט מקס וייט 125 מ""ל",הנסיך- מפעל לייצור ט,PL,משחת שיניים מקס ווייט עם קריסטלים לבנים לנשימה רעננה,,0.00,100.00,false,1.00,22.90,0.00,true,0,
8718951166561,false,משחת שיניים לרעננות מוגברת max fresh cooling crystals,הנסיך- מפעל לייצור ט,PL,משחת שיניים מקס פרש,,0.00,100.00,false,1.00,22.90,0.00,true,0,
8718951175280,false,"קולגייט טוטאל משחת שיניים פרו ויזבל אקשן עם קצף פעיל 75 מ""ל",ש.שסטוביץ בעמ,PL,משחת שיניים טוטאל פרו ויזיבל אקשן קצף פעיל,,0.00,100.00,false,1.00,21.90,0.00,true,0,
8718951175600,false,"משחת שיניים קולגייט אוטאל קליין מינט 75 מ""ל",ש.שסטוביץ בעמ,PL,משחת שיניים טוטאל קלין מינט מסייע לשיניים רגישות,,0.00,100.00,false,1.00,9.90,0.00,true,0,
8718951175631,false,מש.שיניים קולגייט טוטל פרו גאם אקשן 75מל,ש. שסטוביץ בע`מ,PL,משחת שיניים לחניכיים טוטאל פרו גאם מסייעת בבעיות חניכיים ושיניים רגישות,,0.00,0.00,false,1.00,21.90,0.21,true,0,
8718951176874,false,קולגייט שטיפת פה לילדים מיניונים 250 מל,קולגייט-פלמוליב,PL,שטיפת פה לילדים מיניונים לגילאי 6-12 בטעם מנטה עדין,,0.00,100.00,false,1.00,17.90,0.00,true,0,
8718951187115,false,זוג מברשות שיניים אלמקס לילדים גילאי 3-6,ש.שסטוביץ בעמ,CN,מברשות שיניים לילדים בגילאי 3-6,,0.00,0.00,false,1.00,27.90,13.95,true,0,
8718951187122,false,זוג מברשות שיניים אלמקס לילדים גילאי 0-3,ש.שסטוביץ בעמ,CN,מברשות שיניים לילדים בגילאי 0-3 ניקוי לשיניים ראשונות,,0.00,0.00,false,1.00,27.90,13.95,true,0,
8718951236790,false,"קולגייט טוטאל משחת שיניים קלין מינט לפה בריא 100 מ""ל",קולגייט פלמוליב,PL,משחת שיניים טוטאל קלין מינט מסייע לשיניים רגישות,,0.00,0.00,false,1.00,21.90,0.21,true,0,
8718951236806,false,"קולגייט טוטאל הלבנה משחת שיניים המסייעת בהסרת כתמים 100 מ""ל",ש. שסטוביץ בע`מ,PL,משחת שיניים טוטאל הלבנה לפה בריא יותר 12 שעות הגנה,,0.00,0.00,false,1.00,21.90,0.21,true,0,
8718951236813,false,"קולגייט טוטאל משחת שיניים ניקוי מתקדם לפה בריא יותר 100 מ""ל",קולגייט פלמוליב,PL,משחת שיניים טוטאל ניקוי מתקדם מסייע לשיניים רגישות,,0.00,0.00,false,1.00,21.90,0.21,true,0,
8718951240742,false,"קולגייט טוטאל משחת שיניים פסים מרעננים 100 מ""ל",איינשטיין-צור יבוא-יצוא וסחר ב,PL,משחת שיניים,,0.00,0.00,false,1.00,21.90,0.21,true,0,
8718951253995,false,ליידי ספיד סטיק פיטנס דאו גל 65 גרם,שסטוביץ,US,דאודורנט ג'ל פיטנס,,0.00,100.00,false,1.00,29.90,0.00,true,0,
8718951254527,false,קולגייט משחה סנסיטיב פרו רליף חוזק מוגבר,קולגייט פלמוליב,PL,משחת שיניים רגישות,,0.00,100.00,false,1.00,27.90,0.00,true,0,
8718951259409,false,"פלמוליב תחליב רחצה נטורלס לעור עדין 750 מ""ל",קולגייט פלמוליב,IT,תחליב רחצה לעור עדין עם לחות מוגברת,,0.00,100.00,false,1.00,25.90,0.00,true,0,
<<<<<<< HEAD
8718951264618,false,"קולגייט אופטיק וייט פחם צ'רקול משחת שיניים, 75 מ""ל",קולגייט-פלמוליב,PL,משחת שיניים אופטיק וויט פחם,,0.00,100.00,false,1.00,31.90,0.00,true,0,
=======
8718951264618,false,"קולגייט אופטיק וייט פחם צ'רקול משחת שיניים, 75 מ""ל",איינשטיין-צור יבוא-יצוא וסחר ב,PL,משחת שיניים אופטיק וויט פחם,,0.00,100.00,false,1.00,31.90,0.00,true,0,
>>>>>>> d048ac2f4f281c9d788043ab4e81b61b0dbe3743
8718951265103,false,קולגייט זוג מברשת שיניים אולטרה סופט,קולגייט פלמוליב,CN,מברשת שיניים אולטרה סופט לניקוי עדין ויעיל,,0.00,0.00,false,1.00,41.90,20.95,true,0,
8718951273610,false,פלאקס מי פה 100 מל כחול מנטה לרעננות מוג,שסטוביץ,,מי פה פלאקס כחול מנטה נשימה רעננה ללא אלכוהול,,0.00,0.00,false,1.00,6.90,0.06,true,0,
8718951281738,false,אלמקס סנסיטיב משחה לשיניים רגישות,ש.שסטוביץ בעמ,PL,סנסיטיב משחת שיניים לשיניים רגישות,,0.00,100.00,false,1.00,19.90,0.00,true,0,
8718951286672,false,קולגייט משחת שיניים Gum Invigorate,שסטוביץ,PL,משחת שיניים לחניכיים Gum Invigorate,,0.00,100.00,false,1.00,31.90,0.00,true,0,
8718951286733,false,"קולגייט אופטיק וייט לסטינג וייט משחת שיניים 75 מ""ל",ש. שסטוביץ בע`מ,PL,משחת שיניים אופטיק וויט לסטינג וויט,,0.00,100.00,false,1.00,31.90,0.00,true,0,
8718951289833,false,פלמוליב סבון מוצק רביעייה לומינוס 360 ג,קולגייט פלמוליב,TR,סבון מוצק שמני לומינוס שקדים וקמיליה,,0.00,100.00,false,1.00,19.90,0.00,true,0,
<<<<<<< HEAD
8718951290150,false,קולגייט שטיפת פה Gum Invigorate,שסטוביץ,PL,מי פה לחניכיים Gum Invigorate רעננות וטיהור החניכיים,,0.00,100.00,false,1.00,36.90,0.00,true,0,
8718951301139,false,פלמוליב תחליב רחצה ויטמין B ורימון 750מל,שסטוביץ,TR,תחליב רחצה ויטמין B ורימון,,0.00,100.00,false,1.00,23.90,0.00,true,0,
=======
8718951290150,false,קולגייט שטיפת פה Gum Invigorate,ש.שסטוביץ בעמ,PL,מי פה לחניכיים Gum Invigorate רעננות וטיהור החניכיים,,0.00,100.00,false,1.00,36.90,0.00,true,0,
8718951301139,false,פלמוליב תחליב רחצה ויטמין B ורימון 750מל,ש.שסטוביץ בעמ,TR,תחליב רחצה ויטמין B ורימון,,0.00,100.00,false,1.00,23.90,0.00,true,0,
>>>>>>> d048ac2f4f281c9d788043ab4e81b61b0dbe3743
8718951302068,false,"קולגייט במבוק מברשת עם סיבי פחם, 750 מ""ל",שסטוביץ,,מברשת שיניים במבוק ופחם עץ,,0.00,0.00,false,1.00,29.90,0.00,true,0,
8718951313927,false,"סבון ידיים משאבה פלמוליב חימר טונוס 300 מ""ל",ש.שסטוביץ בעמ,TR,סבון ידיים חימר טונוס,,0.00,100.00,false,1.00,11.90,0.00,true,0,
8718951314023,false,פלמוליב נטורלס תחליב רחצה אפרסק 750 מל,קולגייט פלמוליב,TR,נטורלס תחליב רחצה מועשר בתמציות אפרסק,,0.00,100.00,false,1.00,25.90,0.00,true,0,
8718951315303,false,"קולגייט אדומה משחת שיניים להגנה מפני עששת 2*100 מ""ל",קולגייט-פלמוליב,PL,משחת שיניים אדומה להגנה מקסימלית מפני עששת מארז,,0.00,100.00,false,1.00,18.90,0.00,true,0,
8718951319059,false,קולגייט מקס וויט אולטימייט 75 מל,שסטוביץ,US,משחת שיניים להלבנה אולטימטיבית וויט אולטימט,,0.00,100.00,false,1.00,89.90,0.01,true,0,
8718951320093,false,זוג מברשות 360 אדוונס וויט שיניים קולגייט,קולגייט-פלמוליב,CN,מברשת שיניים אדוונס,,0.00,0.00,false,1.00,41.90,20.95,true,0,
8718951333048,false,"פלמוליב סבון לידיים למטבח, 300 מ""ל",הנסיך- מפעל לייצור ט,IT,סבון ידיים למטבח מנטרל ריחות,,0.00,100.00,false,1.00,11.90,0.00,true,0,
8718951338128,false,"ליידי ספיד סטיק רול און שאוור פרש 50 מ""ל",קולגייט פלמוליב,IT,דאודורנט רול און שאוור פרש,,0.00,100.00,false,1.00,14.90,0.00,true,0,
8718951350137,false,"פלמוליב תחליב רחצה מקדמיה וקקאו עם חמאת שיאה 750 מ""ל",קולגייט פלמוליב,IT,תחליב רחצה מקדמיה וקקאו עם חמאת שיאה,,0.00,100.00,false,1.00,25.90,0.00,true,0,
8718951365865,false,קולגייט זוג מברשות עם סיבי פחם בצפיפות ג,קולגייט פלמוליב,PL,מברשות עם סיבי פחם בצפיפות גבוהה עדינים לחניכיים,,0.00,0.00,false,1.00,41.90,20.95,true,0,
8718951366015,false,"קולגייט - משחת שיניים אופטיק וויט אקס קומפ 75 מ""ל",ש.שסטוביץ בעמ,PL,משחת שיניים אופטיק ווייט אקספרט קומפליט,,0.00,100.00,false,1.00,54.90,0.00,true,0,
8718951370135,false,"סבון נוזלי ארומה סנסיישן גלואו 750 מ""ל פלמוליב",קולגייט פלמוליב,TR,ג'ל רחצה ארומה סנסיישן גלואו משאבה,,0.00,100.00,false,1.00,23.90,0.00,true,0,
8718951377998,false,קולגייט סופט פואם זוג מברשות שיניים לניק,קולגייט פלמוליב,CN,סופט פואם מברשות שיניים לניקוי יסודי,,0.00,0.00,false,1.00,41.90,20.95,true,0,
8718951381292,false,"משחת שיניים מקס דיטוקס פואם קולגייט 125 מ""ל",ש. שסטוביץ בע`מ,PL,משחת שיניים מקס פרש דיטוקס פואם לתחושת רעננות,,0.00,100.00,false,1.00,22.90,0.00,true,0,
8718951382718,false,"פלמוליב ג`ל רחצה חימר התחדשות 750 מ""ל",קולגייט פלמוליב,TR,ג'ל רחצה חימר - התחדשות,,0.00,100.00,false,1.00,23.90,0.00,true,0,
8718951382787,false,"משחת שיניים אופטיק וויט חימר ומינרלים 75 מ""ל קולגייט",ש.שסטוביץ בעמ,PL,משחת שיניים אופטיק וויט חימר ומינרלים,,0.00,100.00,false,1.00,31.90,0.00,true,0,
8718951400474,false,"תחליב רחצה קמליה ושקדים ללא משאבה750 מ""ל פלמולי",קולגייט פלמוליב,TR,תחליב רחצה קמליה ושקדים,,0.00,100.00,false,1.00,25.90,0.00,true,0,
8718951400597,false,"תחליב רחצה קוקוס וחלב ללא משאבה750 מ""ל פלמוליב",קולגייט פלמוליב,TR,תחליב רחצה קוקוס וחלב,,0.00,100.00,false,1.00,25.90,0.00,true,0,
8718951409798,false,זוג מברשות שיניים מקס וויט פחם קולגייט,הנסיך- מפעל לייצור ט,PL,מברשות שיניים מקס הלבנה עם פחם,,0.00,0.00,false,1.00,27.90,0.00,true,0,
8718951412378,false,משחת שיניים לחניכיים רגישות ולנשימה רעננה,קולגייט פלמוליב,PL,משחת שיניים הגנה לחניכיים ונשימה רעננה,,0.00,100.00,false,1.00,27.90,0.00,true,0,
<<<<<<< HEAD
8718951415836,false,קולגייט מי פה פלאקס פחם לחיוך לבן 500 מל,קולגייט Colgate,PL,מי פה פלאקס פחם לחיוך לבן,,0.00,100.00,false,1.00,36.90,0.00,true,0,
8718951423558,false,"פלמוליב סבון רחצה גוף ונשמה קמומיל 750 מ""ל",שסטוביץ,TR,BODY & MIND ג'ל רחצה מרגיע מועשר בתמציות קמומיל ושמנים,,0.00,100.00,false,1.00,25.90,0.00,true,0,
8718951428492,false,"פלמוליב סבון רחצה לגבר 4ב1 מועשר בפחם 750 מ""ל",שסטוביץ,TR,ג'ל רחצה לגבר 4ב1 מועשר בפחם עם משאבה,,0.00,100.00,false,1.00,23.90,0.00,true,0,
8718951428522,false,"פלמוליב סבון רחצה לגבר 4 ב-1 המפ 750 מ""ל",שסטוביץ,TR,ג'ל רחצה לגבר באלנס 4ב1 משאבה,,0.00,100.00,false,1.00,23.90,0.00,true,0,
=======
8718951415836,false,קולגייט מי פה פלאקס פחם לחיוך לבן 500 מל,ש.שסטוביץ בעמ,PL,מי פה פלאקס פחם לחיוך לבן,,0.00,100.00,false,1.00,36.90,0.00,true,0,
8718951423558,false,"פלמוליב סבון רחצה גוף ונשמה קמומיל 750 מ""ל",שסטוביץ,TR,BODY & MIND ג'ל רחצה מרגיע מועשר בתמציות קמומיל ושמנים,,0.00,100.00,false,1.00,25.90,0.00,true,0,
8718951428492,false,"פלמוליב סבון רחצה לגבר 4ב1 מועשר בפחם 750 מ""ל",ש.שסטוביץ בעמ,TR,ג'ל רחצה לגבר 4ב1 מועשר בפחם עם משאבה,,0.00,100.00,false,1.00,23.90,0.00,true,0,
8718951428522,false,"פלמוליב סבון רחצה לגבר 4 ב-1 המפ 750 מ""ל",ש.שסטוביץ בעמ,TR,ג'ל רחצה לגבר באלנס 4ב1 משאבה,,0.00,100.00,false,1.00,23.90,0.00,true,0,
>>>>>>> d048ac2f4f281c9d788043ab4e81b61b0dbe3743
8718951431614,false,"סבון רחצה פלמוליב סו פירם מינרלים משאבה 750 מ""ל",קולגייט פלמוליב,TR,ג'ל רחצה סו פירמינג,,0.00,100.00,false,1.00,23.90,0.00,true,0,
8718951433120,false,קולגייט טוטאל משחת שיניים לילדים לגילאי,קולגייט פלמוליב,PL,משחת שיניים ילדים טוטאל לגילאי 7-12 שנים,,0.00,100.00,false,1.00,17.90,0.00,true,0,
8718951461413,false,"קולגייט טוטאל קלין מינט ביטיוב 100 מ""ל*2 כשל""פ",קולגייט פלמוליב,PL,משחת שיניים טוטאל קלין מינט - מארז זוג,,0.00,0.00,false,1.00,24.90,0.00,true,0,
8718951461444,false,"זוג משחת שיניים טוטאל הלבנה ביטיו *100 מ""ל קולגייט",קולגייט פלמוליב,PL,משחת שיניים טוטאל הלבנה - מארז זוג,,0.00,0.00,false,1.00,24.90,0.00,true,0,
8718951466371,false,מרידול משחת לחניכיים רגישות 75 מל,קולגייט פלמוליב,PL,משחת שיניים מסייעת בטיפול ומניעה של בעיות חניכיים,,0.00,100.00,false,1.00,21.90,0.00,true,0,
8718951470323,false,קולגייט סופט פואם פחם זוג מברשות שיניים,קולגייט פלמוליב,CN,סופט פואם פחם זוג מברשות שיניים לניקוי יסודי,,0.00,0.00,false,1.00,41.90,20.95,true,0,
8718951471061,false,ליידי ספיד סטיק זירו קוקוס ספריי 150 מל,General,RU,דאודורנט ספריי בניחוח זירו קוקוס מרענן,,0.00,100.00,false,1.00,26.90,0.00,true,0,
8718951471085,false,ליידי ספיד סטיק זירו ורד ספריי 150 מל,General,RU,דאודורנט ספריי זירו בניחוח עלי כותרת של ורדים,,0.00,100.00,false,1.00,26.90,0.00,true,0,
8718951477384,false,"קולגייט משחת שיניים טוטאל ג'ל מתקדם פיור 75 מ""ל",קולגייט פלמוליב,PL,משחת שיניים טוטאל ג'ל ניקוי מרענן עם 12 שעות הגנה,,0.00,100.00,false,1.00,21.90,0.00,true,0,
8718951503816,false,קולגייט מברשת סלים סופט זוג מלח הימלאיה,שסטוביץ,CN,מברשת שיניים סלים סופט - מלח הימלאיה,,0.00,0.00,false,1.00,31.90,15.95,true,0,
8718951503830,false,קולגייט מברשת סלים סופט זוג זרעי המפ,שסטוביץ,CN,מברשת שיניים סלים סופט - שמן זרעי המפ,,0.00,0.00,false,1.00,31.90,15.95,true,0,
8718951509627,false,"קולגייט אופטיק וייט לאוהבי קפה ותה משחת שיניים 75 מ""ל",קולגייט פלמוליב,PL,"משחת שיניים אופטיק וויט לאוהבי קפה, תה וטבק",,0.00,100.00,false,1.00,31.90,0.00,true,0,
8718951512047,false,פלמוליב סופר פוד ס.נוזלי 500 אסאי ושיבול,שסטוביץ,TR,סופר פוד- ג'ל רחצה תמציות אסאי ושיבולת שועל,,0.00,100.00,false,1.00,21.90,0.00,true,0,
8718951512153,false,פלמוליב סופר פוד ס.נוזלי 500 אשכולית וגי,שסטוביץ,TR,סופר פוד- ג'ל רחצה תמציות אשכולית וג'ינגר,,0.00,100.00,false,1.00,21.90,0.00,true,0,
8720181045912,false,"אקס דאודורנט ספריי גוף אפריקה 150 מ""ל",יוניליוור ישראל שיווק בע`מ,GB,דאודורנט ספריי גוף אפריקה,,0.00,100.00,false,1.00,12.90,0.00,true,0,
8720181046605,false,דאב - דאודורנט ספריי לאישה אורגינל כחול 150מל,יוניליוור ישראל שיווק בע`מ,GB,דאודורנט ספריי אוריגינל,,0.00,100.00,false,1.00,13.90,0.00,true,0,
8720181046612,false,"דאב - דאודורנט רול און לאישה אורגינל 50 מ""ל",יוניליוור ישראל שיווק בע`מ,GB,דאודורנט רול און כחול אורגינל,,0.00,100.00,false,1.00,12.90,0.00,true,0,
8720181090202,false,"תחליב רחצה דאב עם שמן זית, 750 מ""ל",יוניליוור ישראל שיווק בע`מ,DE,תחליב רחצה עם שמן זית,,0.00,100.00,false,1.00,24.90,0.00,true,0,
8720181090219,false,תחליב רחצה רימונים ותמצית פרח היביסקוס,יוניליוור ישראל שיווק בע`מ,DE,תחליב רחצה רימונים ותמצית פרח היביסקוס,,0.00,100.00,false,1.00,24.90,0.00,true,0,
8720181123955,false,"אקס - ג'ל רחצה ריצארג קריד 400 מ""ל","יוניליוור ישראלשיווק בע""מ",GB,RECHARGE ג'ל רחצה לגבר 3 ב-1,,0.00,100.00,false,1.00,16.90,0.00,true,0,
8720181201332,false,דאב אל סבון מוצק גרגרים 90 גרם רביעייה,יוניליוור ישראל טיפוח אי,,סבון מוצק גרגרים,,0.00,100.00,false,1.00,16.90,0.00,true,0,
8720181222399,false,דאב קר&נייטצר תחליב רחצה 750 תה ירוק מאצ,יוניליוור,DE,"CARE BY NATURE תחליב רחצה תה ירוק, מאצ'ה ופריחת הדובדבן",,0.00,100.00,false,1.00,26.90,0.00,true,0,
8720181222672,false,דאב קר&נייטצר תחליב רחצה 750 שמן קוקוס ו,יוניליוור,DE,CARE BY NATURE תחליב רחצה עם שמן קוקוס ותמצית שקדים,,0.00,100.00,false,1.00,26.90,0.00,true,0,
8720181222733,false,דאב קר&נייטצר תחליב רחצה 750 חמאת מנגו ו,יוניליוור,DE,CARE BY NATURE תחליב רחצה חמאת מנגו ותמצית שקדים,,0.00,100.00,false,1.00,26.90,0.00,true,0,
8720182253156,false,דאב אל סבון מוצק מלפפונים 90 גרם רביעייה,יוניליוור ישראל טיפוח אי,,סבון מוצק מלפפונים,,0.00,100.00,false,1.00,16.90,0.00,true,0,
8720182256850,false,דאב אל סבון מוצק קלאסי 90 גרם רביעייה,יוניליוור ישראל שיווק בע`מ,,סבון מוצק קלאסי,,0.00,100.00,false,1.00,16.90,0.00,true,0,
8720689001175,false,ONE BLADE מכשיר לעיצוב זיפים להב 360,כמיפל,ID,"ONE BLADE, מכשיר לעיצוב זיפים 60 דקות פעולה - להב 360 חדשני מתכוונן",,0.00,0.00,false,1.00,279.90,0.00,true,0,
<<<<<<< HEAD
8801055709458,false,אבקה להכנת משקה קפה בטעם קפוצ'ינו קרמל,נסטלה קוריאה - קפה,IL,קפוצ'ינו בטעם קרמל,,0.00,100.00,false,1.00,21.90,0.00,true,0,
8801055709465,false,אבקה להכנת משקה קפה בטעם קפוצ'ינו וניל,נסטלה קוריאה - קפה,,קפוצ'ינו בטעם וניל,,0.00,100.00,false,1.00,21.90,0.00,true,0,
8801055709472,false,נסטלה - נסקפה קפוצ'ינו קלאסי 12.50 גרם * 10,נסטלה קוריאה - קפה,,קפה בטעם קפוצ'ינו קלאסי,,0.00,100.00,false,1.00,21.90,0.00,true,0,
8801055709489,false,אבקה להכנת משקה קפה בטעם קפוצ'ינו אגוזים,נסטלה קוריאה - קפה,IL,קפוצ'ינו בטעם אגוזים,,0.00,100.00,false,1.00,21.90,0.00,true,0,
=======
8801055709458,false,אבקה להכנת משקה קפה בטעם קפוצ'ינו קרמל,קבוצת אוסם סחר שותפות מוגבלת,IL,קפוצ'ינו בטעם קרמל,,0.00,100.00,false,1.00,21.90,0.00,true,0,
8801055709465,false,אבקה להכנת משקה קפה בטעם קפוצ'ינו וניל,קבוצת אוסם סחר שותפות מוגבלת,,קפוצ'ינו בטעם וניל,,0.00,100.00,false,1.00,21.90,0.00,true,0,
8801055709472,false,נסטלה - נסקפה קפוצ'ינו קלאסי 12.50 גרם * 10,קבוצת אוסם סחר שותפות מוגבלת,,קפה בטעם קפוצ'ינו קלאסי,,0.00,100.00,false,1.00,21.90,0.00,true,0,
8801055709489,false,אבקה להכנת משקה קפה בטעם קפוצ'ינו אגוזים,קבוצת אוסם סחר שותפות מוגבלת,IL,קפוצ'ינו בטעם אגוזים,,0.00,100.00,false,1.00,21.90,0.00,true,0,
>>>>>>> d048ac2f4f281c9d788043ab4e81b61b0dbe3743
8806194019697,false,טוני מולי מסכת עגבנייה להבהרה,שסטוביץ,KR,מסכת עגבנייה להבהרה,,0.00,0.00,false,1.00,69.90,69.90,true,0,
8806194019758,false,טוני מולי I'M מסיכת בד- יין אדום,שסטוביץ,KR,I AM מסיכת בד - יין אדום,,0.00,0.00,false,1.00,14.90,14.90,true,0,
8806194019802,false,טוני מולי I'M מסיכת בד- אבוקדו,שסטוביץ,KR,I AM מסיכת בד - אבוקדו,,0.00,0.00,false,1.00,14.90,14.90,true,0,
8806194019819,false,טוני מולי I'M מסיכת בד- אלוורה,שסטוביץ,KR,I AM מסיכת בד - אלוורה,,0.00,0.00,false,1.00,14.90,14.90,true,0,
8806194019826,false,טוני מולי I'M מסיכת בד- עגבנייה,שסטוביץ,KR,I AM מסיכת בד - עגבנייה,,0.00,0.00,false,1.00,14.90,14.90,true,0,
8806194019833,false,טוני מולי I'M מסיכת בד- עץ התה,שסטוביץ,KR,I AM מסיכת בד - עץ התה,,0.00,0.00,false,1.00,14.90,14.90,true,0,
8806194019840,false,טוני מולי I'M מסיכת בד- אצות,שסטוביץ,KR,I AM מסיכת בד - אצות,,0.00,0.00,false,1.00,14.90,14.90,true,0,
8806194019857,false,טוני מולי מדבקות אף,שסטוביץ,KR,EGG PORE מדבקות אף,,0.00,0.00,false,1.00,24.90,0.00,true,0,
8806194020303,false,טוני מולי מאסטר לאב מסכת בד  סרמיד,שסטוביץ,KR,MASTER LAB מסכת בד - סרמיד,,0.00,0.00,false,1.00,19.90,19.90,true,0,
8806194020365,false,טוני מולי מאסטר לאבמסכת בד - ריר חילזון,שסטוביץ,KR,MASTER LAB מסכת בד  ריר חלזונות,,0.00,0.00,false,1.00,19.90,19.90,true,0,
8806194020471,false,טוני מולי פנדה- קרם הבהרה,שסטוביץ,KR,PANDA'S DREAM קרם הבהרה,,0.00,0.00,false,1.00,69.90,69.90,true,0,
8806194024875,false,טוני מולי מגבונים להסרת איפור וניקוי הפנ,שסטוביץ,KR,PRO CLEAN מגבונים להסרת איפור וניקוי הפנים,,0.00,0.00,false,1.00,29.90,0.00,true,0,
8806194030029,false,טוני מולי ויטל ויטה אמפולות 12 ויטמין H,שסטוביץ,KR,VITAL VITA 12 אמפולות 12 ויטמין H לצמצום מראה הנקבוביות ולסיוע בהחלקת העור,,0.00,100.00,false,1.00,89.90,0.02,true,0,
8806194030036,false,טוני מולי ויטל ויטה אמפולות 12 ויטמין C,שסטוביץ,KR,VITAL VITA 12 אמפולות 12 ויטמין C לסיוע בהבהרת העור ולצמצום מראה הקמטים,,0.00,100.00,false,1.00,89.90,0.02,true,0,
8806194030050,false,טוני מולי ויטל ויטה אמפולות 12 ויטמין B1,שסטוביץ,KR,VITAL VITA 12 אמפולות 12 ויטמין B12 לעור קורן ולאיחוד גוון העור,,0.00,100.00,false,1.00,89.90,0.02,true,0,
8806194030067,false,טוני מולי ויטל ויטה אמפולות 12 ויטמין B8,שסטוביץ,KR,VITAL VITA 12 אמפולות 12 ויטמין B8 להעשרת העור בלחות ומראה עור בריא,,0.00,100.00,false,1.00,89.90,0.02,true,0,
8806194030562,false,טוני מולי ויטל ויטה אמפולות 12 ויטמין B5,שסטוביץ,KR,VITAL VITA 12 אמפולות ויטמין B5 להרגעת העור,,0.00,100.00,false,1.00,89.90,0.02,true,0,
8806194035901,false,טוני מולי מסכה מתקלפת להסרת ראשים שחורים,שסטוביץ,KR,"TAKO PORE מסכה מתקלפת להסרת ""ראשים שחורים""",,0.00,100.00,false,1.00,64.90,0.01,true,0,
8806194039398,false,"טוני מולי קרם דלעת למיצוק העור 90 מ""ל",שסטוביץ,KR,PUMPKIN קרם למיצוק העור,,0.00,100.00,false,1.00,89.90,0.00,true,0,
8806194041971,false,טוני מולי קרם ידיים איי אם פריחת הדובדבן,שסטוביץ,KR,I'M CHERRY BLOSSOM קרם ידיים,,0.00,100.00,false,1.00,19.90,0.00,true,0,
8806194041995,false,טוני מולי קרם ידיים איי אם חלב,שסטוביץ,KR,I'M MILK קרם ידיים,,0.00,100.00,false,1.00,19.90,0.00,true,0,
8806194042008,false,טוני מולי קרם ידיים איי אם אבודוקו,שסטוביץ,KR,I'M AVOCADO קרם ידיים,,0.00,100.00,false,1.00,19.90,0.00,true,0,
8806194042015,false,טוני מולי קרם ידיים איי אם עץ השיטה,שסטוביץ,KR,I'M ACACIA קרם ידיים,,0.00,100.00,false,1.00,19.90,0.00,true,0,
8806194048697,false,טוני מולי פנדה- קרם לחות עדין 50 מל,שסטוביץ,KR,PANDA'S DREAM קרם לחות עדין,,0.00,100.00,false,1.00,89.90,0.01,true,0,
8806194049861,false,טוני מולי גל אלוורה להרגעת העור 250 מל,שסטוביץ,KR,CHOK CHOK ג'ל אלוורה להרגעת העור,,0.00,100.00,false,1.00,49.90,0.00,true,0,
8806194050287,false,טוני מולי פיורנס 100 מסכת כותנה - פנינים,שסטוביץ,KR,PURENESS 100 מסכת כותנה - פנינים,,0.00,100.00,false,1.00,14.90,0.00,true,0,
8806194050294,false,טוני מולי פיורנס 100 מסכת כותנה-חמאת שיא,שסטוביץ,KR,PURENESS 100 מסכת כותנה - חמאת שיאה,,0.00,100.00,false,1.00,14.90,0.00,true,0,
8806194050300,false,טוני מולי פיורנס 100 מסכת כותנה-חומצה הי,שסטוביץ,KR,PURENESS 100 מסכת כותנה - חומצה היאלורונית,,0.00,100.00,false,1.00,14.90,0.00,true,0,
8806194050317,false,טוני מולי פיורנס 100 מסכת כותנה -ריר חלז,שסטוביץ,KR,PURENESS 100 מסכת כותנה - ריר חלזונות,,0.00,100.00,false,1.00,14.90,0.00,true,0,
8806194050324,false,טוני מולי פיורנס 100 מסכת כותנה - קוויאר,שסטוביץ,KR,PURENESS 100 מסכת כותנה - קוויאר,,0.00,100.00,false,1.00,14.90,0.00,true,0,
8806194050331,false,טוני מולי פיורנס 100 מסכת כותנה - קולגן,שסטוביץ,KR,PURENESS 100 מסכת כותנה - קולגן,,0.00,100.00,false,1.00,14.90,0.00,true,0,
8806194051307,false,טוני מולי קולגן בוסטר 200 מל,שסטוביץ,KR,COLLAGEN BOOSTER X2,,0.00,100.00,false,1.00,249.90,0.01,true,0,
8806194055381,false,טוני מולי מסכת פנדה זהב 50 מל,שסטוביץ,KR,PANDA COLLAGEN BOUNCE מסכת זהב,,0.00,100.00,false,1.00,89.90,0.01,true,0,
8806358505493,false,טוני מולי סדרת הביצה - מסיכה לכיווץ נקבו,שסטוביץ,KR,EGG PORE מסכה לכיווץ נקבוביות,,0.00,0.00,false,1.00,64.90,0.00,true,0,
8806358510633,false,טוני מולי סרום ריר חלזונות 50 מל,שסטוביץ,KR,TIMELESS FERMENT SNAIL סרום,,0.00,100.00,false,1.00,299.90,0.05,true,0,
8806358510640,false,טוני מולי קרם פנים אנטי אייגינג ריר חלזו,שסטוביץ,KR,TIMELESS FERMENT SNAIL קרם פנים אנטי אייג'ינג ריר חלזונות,,0.00,100.00,false,1.00,299.90,0.05,true,0,
8806358510664,false,טוני מולי קרם עיניים ריר חלזונות 30 מל,שסטוביץ,KR,TIMELESS FERMENT SNAIL קרם עיניים,,0.00,100.00,false,1.00,299.90,0.09,true,0,
8806358511708,false,טוני מולי מסכת עיניים פנדה לריענון העור,שסטוביץ,KR,PANDA'S DREAM מסכת עיניים לריענון העור העדין סביב העיניים ולסיוע בהבהרת כהויות,,0.00,0.00,false,1.00,14.90,0.00,true,0,
8806358545062,false,טוני מולי מסכת הידרו גל אנטי אייגינג ריר,שסטוביץ,KR,HYDRO-GEL MASK מסכת אנטי אייג'ינג ריר חלזונות,,0.00,100.00,false,1.00,29.90,0.01,true,0,
8806358553852,false,טוני מולי מסכת עיניים ריר חלזונות מועשרת,שסטוביץ,KR,INTENSE CARE מסכת עיניים ריר חלזונות מועשרת זהב,,0.00,100.00,false,1.00,199.90,0.02,true,0,
8809033594232,false,סיטואה מסיכת פנים אנטי אייג'ינג,זר הייטק,KR,מסיכת פנים אנטי אייג'ינג,,0.00,0.00,false,1.00,14.90,0.00,true,0,
8809033594249,false,סיטואה מסיכת פנים לשליטה בעור שמנוני,זר הייטק,KR,מסיכת פנים לשליטה בעור שמנוני,,0.00,0.00,false,1.00,9.90,0.00,true,0,
8809033594256,false,סיטואה מסיכת פנים לנקבוביות העור,זר הייטק,IL,מסיכת פנים לנקבוביות העור,,0.00,0.00,false,1.00,12.90,0.00,true,0,
8809033594317,false,סיטואה מסכת רגליים,זר הייטק,KR,מסכת רגליים,,0.00,0.00,false,1.00,14.90,0.00,true,0,
8809033594324,false,סיטואה מסיכת לחות לפנים,זר הייטק,KR,מסיכת לחות לפנים,,0.00,0.00,false,1.00,12.90,0.00,true,0,
8809033594331,false,סיטואה מסיכת פנים להפחתת אדמומיות,זר הייטק,KR,מסיכת פנים להפחתת אדמומיות,,0.00,0.00,false,1.00,7.90,0.00,true,0,
8809389033669,false,סו.קו גואו קרם לחות עשיר לפנים 50 מל,General,KR,גלואו קרם לחות עשיר לפנים 50 מל,,0.00,100.00,false,1.00,39.90,0.00,true,0,
8809389033676,false,סו.קו סרום גלואו זהב 24 קאראט,General,KR,סרום זוהר מועשר בחלקיקי זהב 24 קראט,,0.00,100.00,false,1.00,49.90,0.01,true,0,
8809389033683,false,סו.קו מסכת גלואו זהב 24 קאראט,General,KR,גלואו מסכת לחות וזוהר מתקלפת זהב 24 קראט,,0.00,100.00,false,1.00,29.90,0.00,true,0,
8809389033690,false,סו.קו רטיות הידרוגל לעיניים זהב 24 קאראט,General,KR,רטיות הידרוג'ל לעיניים,,0.00,0.00,false,1.00,39.90,0.00,true,0,
8809389037490,false,סו.קו רטיות הידרוגל ורודות לעיניים ויטמי,General,KR,HYDROGEL רטיות ורודות לעיניים ויטמין E,,0.00,0.00,false,1.00,39.90,0.00,true,0,
8809389037551,false,סו.קו תרסיס שמן יבש לגוף,General,KR,תרסיס שמן יבש לגוף,,0.00,0.00,false,1.00,39.90,0.39,true,0,
8809389037629,false,סו.קו שמן קיק להזנה ולטיפוח הגבות,General,KR,EYBROW CSTOR שמן קיק להזנה ולטיפוח הגבות,,0.00,0.00,false,1.00,24.90,0.00,true,0,
8809389037636,false,סו.קו 15 רולר קפאין לעיניים,General,KR,PINK JADE רולר קפאין לעיניים,,0.00,100.00,false,1.00,34.90,0.02,true,0,
8809485980003,false,אוזו מסיכת מזרק הידרו ליפט,זר הייטק,KR,מסיכת מזרק הידרו ליפט,,0.00,0.00,false,1.00,9.90,0.00,true,0,
8809485980027,false,אוזו מסיכת מזרק נוטריאנט,זר הייטק,KR,מסיכת מזרק נוטריאנט,,0.00,0.00,false,1.00,9.90,0.00,true,0,
8809485980942,false,אוזו מסיכת קפסולה טריה-משי,זר הייטק,GB,מסיכת קפסולה טריה - משי,,0.00,0.00,false,1.00,9.90,0.00,true,0,
8809496770716,false,סיטואה מסיכה שחורה לניקוי,זר הייטק,IL,מסיכה שחורה לניקוי,,0.00,0.00,false,1.00,9.90,0.00,true,0,
8809541192784,false,סו.קו מארז 15 מסכות גלואו,General,KR,מסכות לחות וזוהר לשימוש יומיומי,,0.00,0.00,false,1.00,34.90,0.00,true,0,
8809541196942,false,סו.קו מסכת חימר אבוקדו ושיבולת שועל לניק,General,KR,מסכת חימר אבוקדו ושיבולת שועל לניקוי,,0.00,100.00,false,1.00,14.90,0.00,true,0,
8809541196959,false,סו.קו מסכת אשכולית לעור חיוני ומלא אנרגי,General,KR,מסכת אשכולית לעור חיוני ומלא אנרגיה,,0.00,100.00,false,1.00,14.90,0.00,true,0,
8809541196966,false,סו.קו מסכת חימר ורוד ואפרסק,General,KR,מסכת חימר ורוד ואפרסק,,0.00,100.00,false,1.00,14.90,0.00,true,0,
8809541196973,false,סו.קו מסכת סקראב סוכר לניקוי העור,General,KR,"מסכת סקראב סוכר, מלפפון ותה ירוק לניקוי העור",,0.00,100.00,false,1.00,14.90,0.00,true,0,
8809541196980,false,סו.קו מסכת קוקוס לעור רך ומלא לחות,General,KR,מסכת קוקוס לעור רך ומלא לחות,,0.00,100.00,false,1.00,14.90,0.00,true,0,
8809541197901,false,סו.קו מסכת אבטיח ללילה,General,KR,מסכת אבטיח וחומצה היאלורונית ללילה,,0.00,100.00,false,1.00,14.90,0.00,true,0,
8809738320891,false,סו.קו מסכת חימר לימון ומנטה,General,KR,מסכת חימר לימון ומנטה,,0.00,100.00,false,1.00,14.90,0.00,true,0,
8809738320907,false,סו.קו מסכת פירות יער,General,KR,מסכת פירות יער,,0.00,100.00,false,1.00,14.90,0.00,true,0,
8809738320983,false,סו.קו סקוויז - מסכת סקראב פחם פעיל וסוכר,General,KR,סו.קו סקוויז - מסכת סקראב פחם פעיל וסוכר שחור לפילינג ולסיוע לעידון עור הפנים,,0.00,100.00,false,1.00,14.90,0.00,true,0,
8809738321003,false,סו.קו - אמפולות 7 ימים- טיפול חומצה היאל,General,KR,אמפולות 7 ימים- טיפול חומצה היאלרונית לעור הפנים והצאוור,,0.00,0.00,false,1.00,29.90,0.00,true,0,
8809738321041,false,סו.קו רפידות לניקוי עור הפנים,General,KR,CICA רפידות לניקוי עור הפנים,,0.00,0.00,false,1.00,39.90,0.00,true,0,
8809738321492,false,סו.קו 15 מסכות שחורות מועשרות בפחם,General,KR,CHARCOAL PARTY מסיכות שחורות מועשרות בפחם ובקולוגן,,0.00,0.00,false,1.00,34.90,0.00,true,0,
8809738322215,false,סו.קו מסכת לילה לשפתיים,General,KR,NIGHT KISS מסכת לילה לשפתיים,,0.00,0.00,false,1.00,19.90,0.00,true,0,
8809738322222,false,סו.קו סקראב גוף מטהר 200 גרם,General,KR,סקראב גוף מטהר,,0.00,100.00,false,1.00,39.90,0.00,true,0,
8849496773362,false,סו.קו מסכת הידרוגל לשפתיים,General,CN,מסכת הידרוג'ל לשפתיים,,0.00,0.00,false,1.00,9.90,0.00,true,0,
8850632604266,false,"יוגטה, ממתק חמוץ בצורת מקלות בטעם קולה, 50 גרם",ליימן שליסל בע`מ,TH,חיספוסים- ממתק חמוץ בצורת שטיח בטעם קולה,,0.00,100.00,false,1.00,4.90,0.00,true,0,
8850632604372,false,"יוגטה, חיספוסים בצורת שטיח בטעם תות שדה 50 גרם",ליימן שליסל בע`מ,TH,חיספוסים- ממתק חמוץ בצורת שטיח בטעם תות,,0.00,100.00,false,1.00,4.90,0.00,true,0,
8850632604402,false,יוגטה חיספוסים בטעם מעורב תות שדה אבטיח ענבים בננה 50 גרם,ליימן שליסל בע`מ,,חיספוסים- ממתק חמוץ בצורת שטיח בטעם מעורב,,0.00,100.00,false,1.00,4.90,0.00,true,0,
8851908212666,false,פיקסי טוניק ויטמין C 40 מל,General,GB,ויטמין c,,0.00,100.00,false,1.00,25.00,0.00,true,0,
8901138500306,false,משחת שיניים איורודית עם פלואוריד מן הטבע,הימלאיה Himalaya,,משחת שיניים איורודית,,0.00,0.00,false,1.00,24.90,0.24,true,0,
8901138509231,false,הימלאיה שפתון מרגיע,ניאופארם,IN,שפתון מזין מרגיע,,0.00,100.00,false,1.00,15.90,0.03,true,0,
8901138511784,false,"הימלאיה - תרחיץ פנים ללא סבון 150 מ""ל",ניאולייף,IN,תרחיץ פנים,,0.00,100.00,false,1.00,29.90,0.00,true,0,
8901138711900,false,הימלאיה פילינג יומי פנים ללא סבון 150 מל,ניאולייף,IN,פילינג יומי עדין לפנים,,0.00,100.00,false,1.00,29.90,0.00,true,0,
8901138823344,false,הימלאיה שפתון חמאת קקאו,ניאופארם,IN,שפתון מרגיע חמאת קקאו,,0.00,0.00,false,1.00,15.90,0.00,true,0,
8901138825577,false,"משחת שיניים הימלאיה להגנה מושלמת 75 מ""ל",הימלאיה Himalaya,IN,משחת שיניים להגנה מושלמת,,0.00,100.00,false,1.00,25.90,0.00,true,0,
8901138825591,false,"משחת שיניים הימלאיה מלבינה 75 מ""ל",הימלאיה Himalaya,IN,משחת שיניים מלבינה,,0.00,100.00,false,1.00,25.90,0.00,true,0,
<<<<<<< HEAD
9000100590938,false,"סאיוס - מוס לשיער ליצירת נפח 250 מ""ל",שוורצקוף,,מוס ליצירת נפח ולייצוב חזק במיוחד,,0.00,100.00,false,1.00,35.90,0.00,true,0,
=======
9000100590938,false,"סאיוס - מוס לשיער ליצירת נפח 250 מ""ל",הנקל סוד בעמ,,מוס ליצירת נפח ולייצוב חזק במיוחד,,0.00,100.00,false,1.00,35.90,0.00,true,0,
>>>>>>> d048ac2f4f281c9d788043ab4e81b61b0dbe3743
9000100591058,false,"סאיוס - ג'ל לשיער לייצוב מקסימלי 250 מ""ל",הנקל סוד,,ג'ל לשיער ליצוב מקסימלי,,0.00,100.00,false,1.00,31.90,0.00,true,0,
9000100760591,false,"פה - דאודורנט רול און לגבר אינוויזיבל פאוואר 50 מ""ל",שוורצקופף והנקל,TR,דאודורנט רול און לגבר אינוויזיבל פאוואר,,0.00,100.00,false,1.00,10.90,0.00,true,0,
9000100806657,false,"פה - דאודורנט רול און לאישה בלתי נראה 50 מ""ל",שוורצקופף והנקל,,דאודורנט רול און ספורט אינויזיבל פאוור,,0.00,100.00,false,1.00,10.90,0.00,true,0,
9000100843256,false,"גליס תמציות שמן 6 פעולות משקמות 75 מ""ל",שוורצקוף Schwarzkopf,,שמן 6 פעולות משקמות,,0.00,100.00,false,1.00,35.90,0.00,true,0,
9000101380255,false,פרסיל דיסקס לכביסה ניקיון היגייני 22 יחידות,גורי שיווק בעמ,HU,פרסיל דיסקס קפסולות ג'ל לכביסה ניקיון היגייני,,0.00,0.00,false,1.00,39.90,1.81,true,0,
9000101417081,false,סבון אסלה ברף דלקס מגנוליה 50 גרם,גורי שיווק בעמ,RS,דלקס סבון אסלה מגנוליה,,0.00,100.00,false,1.00,11.90,0.00,true,0,
9000101418163,false,שלישיית סבון אסלה בניחוח מתחלף תפוח ירוק ברף,גורי שיווק בעמ,RS,כדוריות סבון אסלה בניחוח מתחלף תפוח-נופר,,0.00,100.00,false,1.00,19.90,0.00,true,0,
9000101511635,false,קפסולות ג'ל לכביסה פרסיל דיסקס לעור רגיש,גורי שיווק בעמ,HU,פרסיל דיסקס קפסולות ג'ל לכביסה סנסיטיב לעור רגיש,,0.00,0.00,false,1.00,39.90,1.81,true,0,
9000101520965,false,"סבון אסלה בניחוח מתחלף לוטוס עדין במבוק, 3 יחידות",גורי שיווק בעמ,RS,כדוריות סבון אסלה בניחוח מתחלף לוטוס-במבוק,,0.00,100.00,false,1.00,19.90,0.00,true,0,
9000101537550,false,פרסיל קאפסולות לכביסה לבנה וצבעונית 52 יח',גורי שיווק בעמ,HU,פאוור קאפס לכביסה לבנה וצבעונית,,0.00,0.00,false,1.00,69.90,1.34,true,0,
9000101610215,false,גליס טיפול משקם אקספרס לשיער צבוע,הנקל סוד,HU,טיפול משקם אקספרס לשיער צבוע או בעל גוונים,,0.00,100.00,false,1.00,39.90,0.00,true,0,
9000101610352,false,גליס טיפול משקם אקספרס שיקום אולטימטיבי,הנקל סוד,HU,טיפול משקם אקספרס שיקום אולטימטיבי,,0.00,100.00,false,1.00,39.90,0.00,true,0,
9001616201950,false,מאם מוצצים לטקס 6+ אורגינל תכלת,אלפא,,אורגינל מוצץ לטקס 6+ תכלת,,0.00,0.00,false,1.00,39.90,19.95,true,0,
9001616202100,false,מוצץ לתינוק ללא ביספנול 6+ מאם 2 יחידות,אלפא קוסמטיקה בעמ,,מוצצי סיליקון 6+,,0.00,0.00,false,1.00,39.90,19.95,true,0,
9001616202117,false,מוצץ סיליקון מיני 0-6 מאם) (2 זמן לאהבה,טרופיקל דגיל תעשיות,,זמן לאהבה מוצץ סיליקון 0-6 אפור,,0.00,0.00,false,1.00,39.90,19.95,true,0,
9001616202131,false,זוג מוצצי מיניבנים 0-6 עיגולים סיליקון,אלפא קוסמטיקה בעמ,,מוצצי סיליקון 0-6,,0.00,0.00,false,1.00,39.90,19.95,true,0,
9001616202148,false,מאם מוצצים לטקס 16+ כחול,General,,מוצץ לטקס 16+ כחול,,0.00,0.00,false,1.00,39.90,19.95,true,0,
9001616202155,false,מוצץ לתינוק אולטי סיליקון ללא ביספנול 16+ מאם,אלפא קוסמטיקה בעמ,,מוצץ סיליקון 16+ חודשים כחול,,0.00,0.00,false,1.00,39.90,19.95,true,0,
9001616202186,false,"בקבוק לתינוק 330 מ""ל 4+ חודשים Easy Active",טרופיקל דגיל תעשיות,,בקבוק הזנה לתינוק 4+ תכלת,,0.00,0.00,false,1.00,39.90,0.00,true,0,
9001616202193,false,מאם מוצצים לטקס 0-2 תכלת,אלפא קוסמטיקה,,מוצץ לטקס 0-2 חודשים תכלת,,0.00,0.00,false,1.00,39.90,19.95,true,0,
9001616202360,false,זוג מוצצי סיליקון זוהר בחושך 6+ חודשים Original Night,אלפא קוסמטיקה בעמ,,לילה מוצצי סיליקון זוהרים בחושך 6+ תכלת,,0.00,0.00,false,1.00,39.90,19.95,true,0,
9001616202377,false,מאם מוצצים סיליקון 0-6 לילה זוהרים תכלת,אלפא קוסמטיקה בעמ,,לילה מוצצי סיליקון זוהרים בחושך 0-6 תכלת,,0.00,0.00,false,1.00,39.90,19.95,true,0,
9001616202445,false,מוצץ לתינוק מיני אולטי סיליקון עיגולים מאם 2 יחידות,אלפא קוסמטיקה בעמ,,I LOVE MUMMY מוצצי סיליקון 0-6 תכלת,,0.00,0.00,false,1.00,39.90,19.95,true,0,
9001616202452,false,מאם מוצצים סיליקון 6+ פרל תכלת,אלפא,,פרל מוצצי סיליקון 6+ תכלת,,0.00,0.00,false,1.00,39.90,19.95,true,0,
9001616202988,false,מוצץ לתינוק סיליקון 6 Air מאם 2 יחידות,מאם Mam,,אייר מוצץ סיליקון 6+ כחול,,0.00,0.00,false,1.00,39.90,19.95,true,0,
9001616203305,false,זוג פטמות X לבקבוק 6+ חודשים,אלפא קוסמטיקה בעמ,,פטמות סיליקון X למזון מהיר,,0.00,0.00,false,1.00,29.90,14.95,true,0,
9001616203343,false,מאם כוס נגד נזילות 270 מל תכלת,אלפא,,כוס נגד נזילות תכלת,,0.00,0.00,false,1.00,49.90,0.00,true,0,
9001616203350,false,מאם זוג פטמות מס 1 זרימה איטית,אלפא קוסמטיקה בעמ,,פטמות לבקבוק זרימה איטית,,0.00,0.00,false,1.00,29.90,14.95,true,0,
9001616203367,false,מאם זוג פטמות מס 2 זרימה בינונית,אלפא קוסמטיקה,,פטמה מס' 2 זרימה בינונית,,0.00,0.00,false,1.00,29.90,14.95,true,0,
9001616203626,false,מאם זוג פטמות מס 3 זרימה מהירה,אלפא קוסמטיקה בעמ,,פטמות לבקבוק זרימה מהירה,,0.00,0.00,false,1.00,29.90,14.95,true,0,
9001616205514,false,מאם מוצצים לטקס 0-6 תכלת,אלפא,,מוצץ לטקס 0-6 חודשים תכלת,,0.00,0.00,false,1.00,39.90,19.95,true,0,
9001616205774,false,מאם אנימלס מוצצי סיליקון 0-6 תכלת,אלפא קוסמטיקה,,מוצצי סיליקון 0-6,,0.00,0.00,false,1.00,39.90,19.95,true,0,
9001616205781,false,מוצצים 6+ סיליקון קלירליין-בנים (כחול),אלפא קוסמטיקה בעמ,,אנימלס מוצצי סיליקון 6+ כחול,,0.00,0.00,false,1.00,39.90,19.95,true,0,
9001616205828,false,מאם מברשת לניקוי בקבוקים ירוק,אלפא,,מאם מברשת לניקוי בקבוקים ירוק,,0.00,0.00,false,1.00,51.90,51.90,true,0,
9001616205835,false,מאם כוס ספורט 330 מל כחול,אלפא,,כוס ספורט 12+ כחול,,0.00,0.00,false,1.00,51.90,0.00,true,0,
9001616620065,false,זוג מוצצי סיליקון 6+חודשים Hebrew Sayings,אלפא קוסמטיקה,,עברית מוצץ סיליקון 6+ תכלת,,0.00,0.00,false,1.00,39.90,19.95,true,0,
9001616639050,false,מאם מברשת השיניים הראשונה שלי תכלת,אלפא,,מברשת שיניים לתינוקות 6+ חודשים תכלת,,0.00,0.00,false,1.00,26.90,0.00,true,0,
9001616639418,false,מאמ מחלק מנות תכלת,אלפא,,מאמ מחלק מנות תכלת,,0.00,0.00,false,1.00,44.90,44.90,true,0,
<<<<<<< HEAD
9001616661099,false,"בקבוק לתינוק 270 מ""ל 2+ חודשים Easy Active",מאם Mam,,בקבוק הזנה לתינוק 2+ לתינוק,,0.00,0.00,false,1.00,39.90,0.00,true,0,
9001616669903,false,"בקבוק לתינוק ללא ביספנול 0+ מאם 160 מ""ל",מאם Mam,,בקבוק אנטי קוליק 0+ לבן,,0.00,0.00,false,1.00,39.90,0.00,true,0,
9001616669927,false,מאם בקבוק אנטי קוליק 260 מל אפור,מאם Mam,,בקבוק הזנה לתינוק 2+ אנטי קוליק,,0.00,0.00,false,1.00,39.90,0.00,true,0,
9001616671579,false,מאם מוצצים סיליקון 0-6 אייר תכלת,מאם Mam,AT,אייר מוצץ סיליקון 0-6 תכלת,,0.00,0.00,false,1.00,39.90,19.95,true,0,
=======
9001616661099,false,"בקבוק לתינוק 270 מ""ל 2+ חודשים Easy Active",אלפא קוסמטיקה בעמ,,בקבוק הזנה לתינוק 2+ לתינוק,,0.00,0.00,false,1.00,39.90,0.00,true,0,
9001616669903,false,"בקבוק לתינוק ללא ביספנול 0+ מאם 160 מ""ל",אלפא קוסמטיקה,,בקבוק אנטי קוליק 0+ לבן,,0.00,0.00,false,1.00,39.90,0.00,true,0,
9001616669927,false,מאם בקבוק אנטי קוליק 260 מל אפור,אלפא קוסמטיקה,,בקבוק הזנה לתינוק 2+ אנטי קוליק,,0.00,0.00,false,1.00,39.90,0.00,true,0,
9001616671579,false,מאם מוצצים סיליקון 0-6 אייר תכלת,אלפא קוסמטיקה בעמ,AT,אייר מוצץ סיליקון 0-6 תכלת,,0.00,0.00,false,1.00,39.90,19.95,true,0,
>>>>>>> d048ac2f4f281c9d788043ab4e81b61b0dbe3743
9001616671715,false,מאם בקבוק 130 מל+מוצץ 0-2 ערכת התנסות,General,HU,בקבוק+מוצץ 0-2,,0.00,0.00,false,1.00,34.90,0.00,true,0,
9001616672606,false,מאם זוג פטמות לבקבוק אימון,אלפא,AT,פטמות סיליקון רכות לבקבוק אימון,,0.00,0.00,false,1.00,34.90,17.45,true,0,
9001616672675,false,מאם זוג מגיני פטמה,אלפא,AT,מאם זוג מגיני פטמה,,0.00,0.00,false,1.00,49.90,24.95,true,0,
9001616676406,false,מאם בקבוק אנטי קוליק 320 מל תכלת,אלפא,AT,בקבוק הזנה לתינוק 4+ אנטי קוליק,,0.00,0.00,false,1.00,39.90,0.00,true,0,
9001616680991,false,"בקבוק לתינוק אנטי קוליק מאמ 260 מ""ל",אלפא קוסמטיקה בעמ,,בקבוק אנטי קוליק 2+ תכלת,,0.00,0.00,false,1.00,39.90,0.00,true,0,
9001616681363,false,"בקבוק לתינוק אנטי קוליק מאמ 260 מ""ל",אלפא קוסמטיקה בעמ,,בקבוק אנטי קוליק 2+ ורוד,,0.00,0.00,false,1.00,39.90,0.00,true,0,
9001616682216,false,מאם בקבוק אנטי קוליק 160 מל תכלת,אלפא קוסמטיקה בעמ,,בקבוק אנטי קוליק 0+ תכלת,,0.00,0.00,false,1.00,39.90,0.00,true,0,
9001616682223,false,מאם בקבוק אנטי קוליק 160 מל ורוד,אלפא קוסמטיקה בעמ,,בקבוק אנטי קוליק 0+ ורוד,,0.00,0.00,false,1.00,39.90,0.00,true,0,
9001616692857,false,בקבוק אימון 220 מ``ל מאמ בנים,אלפא קוסמטיקה,AT,בקבוק אימון עם ידיות תכלת,,0.00,0.00,false,1.00,54.90,0.00,true,0,
9001616700446,false,מאם הכוס הראשונה שלי כוס אימון 150 -תכלת,אלפא,AT,הכוס הראשונה שלי כוס אימון - תכלת,,0.00,0.00,false,1.00,49.90,0.00,true,0,
9001616700491,false,מאם מיני נשכן מרגיע שלב 2 - כחול,אלפא,AT,מיני נשכן מרגיע שלב 2 - כחול,,0.00,0.00,false,1.00,29.90,0.00,true,0,
9001616702600,false,זוג מוצצים סיליקון מאמ 0-2 ורוד,אלפא קוסמטיקה,,מוצץ סיליקון 0-2 חודשים ורוד,,0.00,0.00,false,1.00,39.90,19.95,true,0,
9001616702617,false,"מוצצים סיליקון 0-2 ירוק, זוג",General,,מוצץ סיליקון 0-2 חודשים ירוק,,0.00,0.00,false,1.00,39.90,19.95,true,0,
9001616702624,false,מאם מוצצים לטקס 0-2 ורוד קרם,General,,מוצץ לטקס 0-2 חודשים,,0.00,0.00,false,1.00,39.90,19.95,true,0,
9001616702631,false,מאם מוצצים לטקס 0-2 אפור קרם,General,,מוצץ לטקס 0-2 חודשים,,0.00,0.00,false,1.00,39.90,19.95,true,0,
9001616702648,false,מאם מוצצים לטקס 0-6 ורוד,אלפא,,מוצץ לטקס 0-6 חודשים ורוד,,0.00,0.00,false,1.00,39.90,19.95,true,0,
9001616702655,false,זוג מוצצים בנות מיני אולטי מאמ סיליקון,אלפא קוסמטיקה בעמ,,לילה מוצצי סיליקון זוהרים בחושך 0-6 ורוד,,0.00,0.00,false,1.00,39.90,19.95,true,0,
9001616702662,false,זוג מוצצים סיליקון פרל מאמ 0-6 ורוד,General,,פרל מוצצי סיליקון 0-6 ורוד,,0.00,0.00,false,1.00,39.90,19.95,true,0,
9001616702679,false,זוג מוצצי סיליקון לאב אנד אפקשן 0-6 ורוד,אלפא קוסמטיקה,,זמן לאהבה מוצץ סיליקון 0-6 ורוד,,0.00,0.00,false,1.00,39.90,19.95,true,0,
9001616702686,false,זוג מוצצים סיליקון אי לאב מאמי מאמ 0-6 ורוד,אלפא קוסמטיקה,,I LOVE MUMMY מוצצי סיליקון 0-6 ורוד,,0.00,0.00,false,1.00,39.90,19.95,true,0,
9001616702693,false,מוצצים 0-6 סיליקון בעלי חיים בת(ורוד),אלפא קוסמטיקה בעמ,,מוצצי סיליקון 0-6,,0.00,0.00,false,1.00,39.90,19.95,true,0,
9001616702709,false,מאם מוצצים לטקס 6+ אורגינל ורוד,אלפא,,אורגינל מוצץ לטקס 6+ ורוד,,0.00,0.00,false,1.00,39.90,19.95,true,0,
9001616702716,false,זוג מוצצים סיליקון זוהרים בלילה מאמ +6 ורוד,אלפא קוסמטיקה בעמ,,לילה מוצצי סיליקון זוהרים בחושך 6+ ורוד,,0.00,0.00,false,1.00,39.90,19.95,true,0,
9001616702723,false,זוג מוצצים סיליקון 6+ לילה זוהרים בחושך,אלפא קוסמטיקה בעמ,,לילה מוצצי סיליקון זוהרים בחושך 6+ ירוק,,0.00,0.00,false,1.00,39.90,19.95,true,0,
9001616702730,false,זוג מוצצי סיליקון לאב אנד אפקשן 6+ ו רוד,אלפא קוסמטיקה בעמ,,זמן לאהבה מוצצי סיליקון 6+ ורוד,,0.00,0.00,false,1.00,39.90,19.95,true,0,
9001616702747,false,מאם מוצצים סיליקון 6+ זמן לאהבה ירוק,General,,זמן לאהבה מוצצי סיליקון 6+ ירוק,,0.00,0.00,false,1.00,39.90,19.95,true,0,
9001616702761,false,מאם מוצצים סיליקון 6+ פרל ורוד,אלפא,,פרל מוצצי סיליקון 6+ ורוד,,0.00,0.00,false,1.00,39.90,19.95,true,0,
9001616702785,false,זוג מוצצי סיליקון כיתובים בעברית 6+ בנות,אלפא קוסמטיקה,,עברית מוצץ סיליקון 6+ ורוד,,0.00,0.00,false,1.00,39.90,19.95,true,0,
9001616702808,false,מוצצים 6+ סיליקון קלירליין-בנות (ורוד),אלפא קוסמטיקה בעמ,,מוצצים 6+ עם פטמת סיליקון דגם קלירליין,,0.00,0.00,false,1.00,39.90,19.95,true,0,
9001616702815,false,מוצצים 6+ סיליקון קלירליין-יוניסקס (צהו,אלפא קוסמטיקה בעמ,,אנימלס מוצצי סיליקון 6+ צהוב,,0.00,0.00,false,1.00,39.90,19.95,true,0,
9001616702822,false,זוג מוצצים סיליקון קריסטל מאמ +6 ורוד,General,,מוצצי סיליקון 6+,,0.00,0.00,false,1.00,39.90,19.95,true,0,
9001616702839,false,מאם מוצצים סיליקון 6+ ירוק קרם,General,,מוצצי סיליקון 6+,,0.00,0.00,false,1.00,39.90,19.95,true,0,
9001616702846,false,מאם מוצצים סיליקון 0-6 אייר ורוד,General,AT,אייר מוצץ סיליקון 0-6 ורוד,,0.00,0.00,false,1.00,39.90,19.95,true,0,
9001616702853,false,מאם מוצצים סיליקון 6+ אייר ורוד,General,,אייר מוצץ סיליקון 6+ ורוד,,0.00,0.00,false,1.00,39.90,19.95,true,0,
9001616702860,false,מאם מוצצים סיליקון 6+ אייר צהוב,General,,אייר מוצץ סיליקון 6+ צהוב,,0.00,0.00,false,1.00,39.90,19.95,true,0,
9001616702877,false,זוג מוצצים סיליקון מאמ +16 ורוד,אלפא קוסמטיקה בעמ,,מוצץ סיליקון 16+ חודשים ורוד,,0.00,0.00,false,1.00,39.90,19.95,true,0,
9001616702891,false,מאם מוצצים לטקס 16+ ורוד,General,,מוצץ לטקס 16+ ורוד,,0.00,0.00,false,1.00,39.90,19.95,true,0,
9001616702921,false,מאם בקבוק אנטי קוליק 260 מל לבן,General,,בקבוק הזנה לתינוק 2+ אנטי קוליק,,0.00,0.00,false,1.00,39.90,0.00,true,0,
9001616702938,false,מאם בקבוק אנטי קוליק 320 מל ורוד,אלפא,AT,בקבוק הזנה לתינוק התחלה קלה בלי גזים 4+ ורוד,,0.00,0.00,false,1.00,39.90,0.00,true,0,
9001616702952,false,מאם בקבוק אנטי קוליק 320 מל ירוק,אלפא,AT,בקבוק הזנה לתינוק התחלה קלה בלי גזים 4+ ירוק,,0.00,0.00,false,1.00,39.90,0.00,true,0,
<<<<<<< HEAD
9001616702969,false,"בקבוק תינוק 270 מ""ל סגול",General,,בקבוק הזנה לתינוק 2+,,0.00,0.00,false,1.00,39.90,0.00,true,0,
9001616702976,false,"בקבוק לתינוק מאם 270 מ""ל",General,,בקבוק הזנה לתינוק 2+ לתינוק לבן,,0.00,0.00,false,1.00,39.90,0.00,true,0,
9001616702983,false,"בקבוק לתינוק מאמ 330 מ""ל",General,,בקבוק הזנה לתינוק 4+ סגול,,0.00,0.00,false,1.00,39.90,0.00,true,0,
9001616702990,false,"בקבוק לתינוק מאמ 330 מ""ל",General,,בקבוק הזנה לתינוק 4+ ירוק,,0.00,0.00,false,1.00,39.90,0.00,true,0,
9001616703010,false,"בקבוק תינוק 330 מ""ל ורוד",General,,בקבוק הזנה לתינוק 4+ ורוד,,0.00,0.00,false,1.00,39.90,0.00,true,0,
9001616703027,false,בקבוק האכלה לתינוק מ,General,,בקבוק הזנה לתינוק 4+,,0.00,0.00,false,1.00,39.90,0.00,true,0,
=======
9001616702969,false,"בקבוק 270מ""ל ללא חלקים מתפרקים ורוד",אלפא קוסמטיקה בעמ,,בקבוק הזנה לתינוק 2+,,0.00,0.00,false,1.00,39.90,0.00,true,0,
9001616702976,false,"בקבוק 270מ""ל ללא חלקים מתפרקים לבן",אלפא קוסמטיקה,,בקבוק הזנה לתינוק 2+ לתינוק לבן,,0.00,0.00,false,1.00,39.90,0.00,true,0,
9001616702983,false,בקבוק תינוק 330 מל -סגול,אלפא קוסמטיקה בעמ,,בקבוק הזנה לתינוק 4+ סגול,,0.00,0.00,false,1.00,39.90,0.00,true,0,
9001616702990,false,"בקבוק 270מ""ל ללא חלקים מתפרקים ירוק",אלפא קוסמטיקה בעמ,,בקבוק הזנה לתינוק 4+ ירוק,,0.00,0.00,false,1.00,39.90,0.00,true,0,
9001616703010,false,"בקבוק 330מ""ל ללא חלקים מתפרקים",אלפא קוסמטיקה בעמ,,בקבוק הזנה לתינוק 4+ ורוד,,0.00,0.00,false,1.00,39.90,0.00,true,0,
9001616703027,false,בקבוק תינוק 330 מל -אפור,אלפא קוסמטיקה בעמ,,בקבוק הזנה לתינוק 4+,,0.00,0.00,false,1.00,39.90,0.00,true,0,
>>>>>>> d048ac2f4f281c9d788043ab4e81b61b0dbe3743
9001616703058,false,מאם הכוס הראשונה שלי כוס אימון 150 -ורוד,אלפא,AT,הכוס הראשונה שלי כוס אימון - ורוד,,0.00,0.00,false,1.00,49.90,0.00,true,0,
9001616703072,false,"מאם כוס נגד נזילות-סגול 270 מ""ל",אלפא,,כוס נגד נזילות סגול,,0.00,0.00,false,1.00,49.90,0.00,true,0,
9001616703089,false,מאם כוס ספורט 330 מל ורוד,אלפא,,כוס ספורט 12+ ורוד,,0.00,0.00,false,1.00,51.90,0.00,true,0,
9001616703096,false,מאם בקבוק אימון 220 מל ורוד,General,AT,בקבוק אימון עם ידיות ורוד,,0.00,0.00,false,1.00,54.90,0.00,true,0,
9001616703140,false,מחלק מנות ורוד יחידה,אלפא,,מאמ מחלק מנות ורוד,,0.00,0.00,false,1.00,44.90,44.90,true,0,
9001616703171,false,מאם מברשת השיניים הראשונה שלי ורוד,אלפא,,מברשת שיניים לתינוקות 6+ חודשים ורוד,,0.00,0.00,false,1.00,26.90,0.00,true,0,
9001616703225,false,מחזיק מוצץ בת יחידה,טרופיקל דגיל תעשיות,,מאם מחזיק מוצץ ורוד,,0.00,0.00,false,1.00,29.90,29.90,true,0,
9001616703256,false,נשכן בת יחידה,General,,נשכן לתינוק סגול,,0.00,0.00,false,1.00,34.90,0.00,true,0,
9001616703409,false,"בקבוק לתינוק אנטי קוליק מאמ 160 מ""ל",אלפא,,בקבוק אנטי קוליק 0+ אפור,,0.00,0.00,false,1.00,39.90,0.00,true,0,
9001616705335,false,מאם זוג פטמות מס 0 ניו בורן,General,,פטמה מס' 0 ניו בורן זרימה איטית במיוחד,,0.00,0.00,false,1.00,29.90,0.00,true,0,
9001616713859,false,מאם מוצץ קומפורט - תכלת,אלפא,,מוצץ קומפורט - תכלת,,0.00,0.00,false,1.00,39.90,0.00,true,0,
9001616713866,false,מאם מוצץ קומפורט - ורוד,אלפא,,מוצץ קומפורט - ורוד,,0.00,0.00,false,1.00,39.90,0.00,true,0,
9001616804564,false,מאם זוג ידיות לבקבוק יום ולילה תכלת,אלפא קוסמטיקה,AT,ידיות לבקבוק יום ולילה תכלת,,0.00,0.00,false,1.00,34.90,17.45,true,0,
9001616804571,false,מאם זוג ידיות לבקבוק יום ולילה ורוד,אלפא,AT,ידיות לבקבוק יום ולילה ורוד,,0.00,0.00,false,1.00,34.90,17.45,true,0,
9001616808609,false,מאם ערכה קטנה ליולדת כחול,אלפא,IL,ערכת לידה 2 בקבוקים + מוצץ - כחול,,0.00,0.00,false,1.00,64.90,64.90,true,0,
9001616808678,false,מאם ערכה קטנה ליולדת ורוד,אלפא,IL,ערכת לידה 2 בקבוקים + מוצץ - וורוד,,0.00,0.00,false,1.00,64.90,64.90,true,0,
9001616820687,false,זוג מוצצי סיליקון לילה 6+ורוד מאט,אלפא קוסמטיקה,AT,מוצץ סיליקון 6+ תכלת לבן,,0.00,0.00,false,1.00,39.90,19.95,true,0,
9001616825613,false,מאמ מוצץ בודד מאט 0-6 עם פטמה אורתודנטית סימטרית ורוד,אלפא,AT,מוצץ בודד מאמ מאט 0-6 עם פטמה אורתודנטית סימטרית,,0.00,0.00,false,1.00,19.90,19.90,true,0,
9001616825620,false,מאמ מוצץ בודד מאט 0-6 עם פטמה אורתודנטית סימטרית תכלת,אלפא,AT,מוצץ בודד מאמ מאט 0-6 עם פטמה אורתודנטית סימטרית,,0.00,0.00,false,1.00,19.90,19.90,true,0,
9002240001022,false,פיטדנט משחת הצמדה לתותבות,General,,משחת הצמדה לתותבות,,0.00,100.00,false,1.00,39.90,0.00,true,0,
9002240001138,false,פיטדנט רפידות הצמדה,General,,רפידות הצמדה לשיניים תותבות,,0.00,0.00,false,1.00,33.90,2.26,true,0,
9002490100490,false,"משקה אנרגיה רד בול מארז רביעייה*250 מ""ל",דיפלומט מפיצים (1968) בעמ**,IL,משקה אנרגיה מוגז בתוספת קפאין וטאורין,,0.00,100.00,false,1.00,29.90,0.00,true,0,
9005800317007,false,ניוואה סקראב אורז עור רגיל אוכמניות 75מל,אלפא,DE,SMOOTH פילינג אורז לעור רגיל,,0.00,100.00,false,1.00,29.90,0.00,true,0,
9005800317014,false,"ניוואה סקראב אורז עור עדין פטל 75 מ""ל",אלפא,DE,GLOW פילינג אורז לעור יבש,,0.00,100.00,false,1.00,29.90,0.00,true,0,
9005800317021,false,ניוואה סקראב אורז עור מעורב אלוורה 75מל,אלפא,DE,PURIFY פילינג אורז לעור מעורב,,0.00,100.00,false,1.00,29.90,0.00,true,0,
<<<<<<< HEAD
9005800343143,false,"ניוואה מן אפטר-שייב קול קיק פרש 100 מ""ל",beiersdorf,DE,אפטר שייב קול קיק פרש,,0.00,0.00,false,1.00,49.90,0.49,true,0,
=======
9005800343143,false,"ניוואה מן אפטר-שייב קול קיק פרש 100 מ""ל",אלפא ב.ד.ף בעמ,DE,אפטר שייב קול קיק פרש,,0.00,0.00,false,1.00,49.90,0.49,true,0,
>>>>>>> d048ac2f4f281c9d788043ab4e81b61b0dbe3743
9005800345291,false,"ניוואה היידרה סקין אפקט ג'ל מיסלרי לניקוי הפנים עם חומצה היאלורונית 150 מ""ל",אלפא,DE,HYDRA SKIN EFFECT ג'ל מיסלרי לניקוי הפנים עם חומצה היאלורונית,,0.00,100.00,false,1.00,39.90,0.00,true,0,
9006968013497,false,אנטיסטקס גל מרענן לרגליים 125 מל,פרמה שלום סלא,DE,ג'ל מרענן לרגליים,,0.00,100.00,false,1.00,79.90,0.00,true,0,
9007867715727,false,יובנה מאסטר קרם לעיניים ושפתיים,General,,MASTERCARE קרם לעיניים ולשפתיים,,0.00,100.00,false,1.00,430.00,0.21,true,0,
9007867728642,false,יובנה מאסטר קרם 75 מל,לילית,,MASTER קרם,,0.00,100.00,false,1.00,700.00,0.09,true,0,
9007867728949,false,יובנה P&O קרם יום סנסטיב 50 מל,לילית,,PREVENT & OPTIMIZE SENSITIVE קרם יום,,0.00,100.00,false,1.00,215.00,0.04,true,0,
9007867728956,false,יובנה P&O קרם לילה סנסטיב 50 מל,לילית,,PREVENT & OPTIMIZE קרם לילה עור רגיש,,0.00,100.00,false,1.00,250.00,0.05,true,0,
9007867728963,false,יובנה P&O קרם עיניים סנסטיב 15 מל,לילית,,PREVENT & OPTIMIZE YEUX SENSITIVE קרם עיניים,,0.00,100.00,false,1.00,185.00,0.12,true,0,
9007867729823,false,יובנה סקין נובה SC סרום 30 מל,לילית,,SKIN NOVA SC סרום,,0.00,100.00,false,1.00,455.00,0.15,true,0,
9007867730133,false,יובנה מויסט פלוס גל מאסק 75 מל,לילית,,MOISTURE PLUS GEL MASK,,0.00,100.00,false,1.00,240.00,0.03,true,0,
9007867731147,false,יובנה פיור חלב פנים 200 מל,General,,PURE חלב פנים,"מ""ל",200.00,100.00,false,1.00,90.00,0.00,true,0,
9007867731178,false,יובנה פיור מי פנים 200 מל,General,,PURE מי פנים,"מ""ל",200.00,100.00,false,1.00,90.00,0.00,true,0,
9007867731208,false,יובנה פיור CLARIFYING סבון ניקוי 200 מל,General,,PURE CLARIFYING סבון ניקוי,"מ""ל",200.00,100.00,false,1.00,90.00,0.00,true,0,
9007867731239,false,יובנה פיור CLARIFYING מים פנים 200 מל,General,,PURE CLARIFYING מי פנים,"מ""ל",200.00,100.00,false,1.00,90.00,0.00,true,0,
9007867737989,false,יובנה קרם גוף אינטנסיבי,General,,LUXURY ADORATION קרם גוף,,0.00,100.00,false,1.00,120.00,0.00,true,0,
9007867738016,false,יובנה שמן מסג מחייה,General,,שמן גוף מחייה,"מ""ל",200.00,100.00,false,1.00,110.00,0.00,true,0,
9007867760024,false,יובנה קרם לחות ליום ולילה לעור רגיל,לילית,,SKIN ENERGY קרם יום ולילה לעור רגיל,,0.00,100.00,false,1.00,199.00,0.03,true,0,
9007867760031,false,יובנה קרם לחות עשיר,לילית,,SKIN ENERGY MOISTURE קרם לחות עשיר,,0.00,100.00,false,1.00,199.00,0.03,true,0,
9007867760048,false,יובנה אקווה גל לחות בפורמולה מרוכזת,לילית,,SKIN ENERGY ג'ל לחות בפורמולה מרוכזת,,0.00,100.00,false,1.00,199.00,0.03,true,0,
9007867760055,false,יובנה קרם עיניים,לילית,,SKIN ENERGY קרם עיניים,,0.00,100.00,false,1.00,149.00,0.09,true,0,
9007867760338,false,יובנה מירקל בוסט אסנס תמצית 125 מל,לילית,,MIRACLE BOOST ESSENCE תמצית,,0.00,100.00,false,1.00,375.00,0.03,true,0,
9007867760659,false,יובנה סופריור מירקל קרם 75 מל,לילית,,SUPERIOR MIRACLE קרם יום,,0.00,100.00,false,1.00,309.00,0.04,true,0,
9007867760666,false,יובנה אבקת פילינג קסומה,לילית,,PURE EXFOLIANTE FACIAL אבקת פילינג קסומה,,0.00,100.00,false,1.00,145.00,0.01,true,0,
9007867760796,false,יובנה תמצית שמן מטהרת,לילית,DE,תמצית שמן מטהרת,,0.00,100.00,false,1.00,200.00,0.04,true,0,
9007867760833,false,יובנה ביוטי מירקל מסכה 75 מל,General,CH,MIRACLE BEAUTY MASK מסכה,,0.00,100.00,false,1.00,270.00,0.03,true,0,
9007867760901,false,יובנה קרם יום ולילה,לילית,DE,PHYTO DE TOX קרם יום ולילה,,0.00,100.00,false,1.00,299.00,0.05,true,0,
9007867760918,false,יובנה מירקל סרום לפנים 30 מל,לילית,CH,MIRACLE סרום לפנים,,0.00,100.00,false,1.00,360.00,0.12,true,0,
9007867760963,false,יובנה שמן לניקוי מטהר,לילית,DE,שמן לניקוי מטהר,,0.00,0.00,false,1.00,145.00,1.45,true,0,
9007867761083,false,יובנה קרם מרוכז המעניק תוספת נפח לשפתיים,General,CH,קרם מרוכז המעניק טיפול מעמיק ותוספת נפח השפתיים,,0.00,0.00,false,1.00,129.00,0.00,true,0,
9007867761144,false,יובנה סקין נובה SC סרום עיניים 15מל,לילית,,SKIN NOVA SC סרום לעיניים,,0.00,100.00,false,1.00,250.00,0.16,true,0,
9007867761229,false,יובנה אקווה ריצארג אסנס,לילית,CH,AQUA RECHARGE ESSENCE,,0.00,100.00,false,1.00,210.00,0.00,true,0,
9007867761236,false,יובנה מסיר איפור לעיניים 100 מל,General,CH,מסיר איפור לעיניים בשילוב טיפול וטיפוח העור,,0.00,0.00,false,1.00,115.00,1.15,true,0,
9007867761601,false,יובנה מסטר קר מסכות יופי 5 יחידות,General,CH,MASTERCARE מסכות למיצוק והחלקה מיידית להתחדשות מושלמת,,0.00,0.00,false,1.00,350.00,0.00,true,0,
9007867762318,false,יובנה פשיניסטה סקין נובה קרם גוף 200 מל,לילית,CH,FASCIANISTA SkinNova קרם גוף,,0.00,100.00,false,1.00,245.00,0.01,true,0,
9007867762363,false,יובנה בודי קר דאודורנט רול און 50 מל,לילית,CH,BODY CARE דאודורנט סטיק,,0.00,100.00,false,1.00,50.00,0.01,true,0,
9007867762486,false,יובנה פשיניסטה סקין נובה סרום לגוף 125 מ,לילית,CH,FASCIANISTA SkinNova סרום לגוף,,0.00,100.00,false,1.00,245.00,0.01,true,0,
9007867763391,false,יובנה שמן ספריי הגנה SPF 25,לילית,CH,שמן ספריי הגנה SPF25,,0.00,100.00,false,1.00,105.00,0.00,true,0,
9007867765012,false,יובנה מי ניקוי לפנים ולעיניים 200 מל,General,CH,מי ניקוי לפנים ולעיניים,,0.00,100.00,false,1.00,130.00,0.00,true,0,
9007867765050,false,יובנה מירקל קרם עיניים נגד הזדקנות העור,לילית,CH,MIRACLE קרם עיניים נגד הזדקנות העור,,0.00,100.00,false,1.00,209.00,0.10,true,0,
9007867765135,false,יובנה תחליב לחות רטינול וחומצה היאלורוני,לילית,CH,SKIN SPECIALISTS תחליב לחות רטינול וחומצה היאלורונית,,0.00,100.00,false,1.00,279.00,0.05,true,0,
9007867765203,false,יובנה רדיאנס ספריי לעיניים 15 מל,לילית,CH,RADIANCE ספריי לעיניים,,0.00,100.00,false,1.00,215.00,0.14,true,0,
9007867765210,false,יובנה מירקל תחליב פנים היאלורון 50 מל,לילית,CH,MIRACLE תחליב פנים היאלורון לטיפול בהבהרת כתמי גיל,,0.00,100.00,false,1.00,320.00,0.06,true,0,
9007867765234,false,יובנה מירקל קרם ידיים היאלורון 100 מל,לילית,CH,MIRACLE קרם ידיים היאלורון לטיפול בידיים יבשות והבהרת כתמי גיל,,0.00,0.00,false,1.00,140.00,1.40,true,0,
9007867765616,false,יובנה נוטרי רסטור קרם לחות 50 מל,לילית,CH,NUTRI RESTORE קרם לחות,,0.00,100.00,false,1.00,390.00,0.07,true,0,
9007867765623,false,יובנה נוטרי רסטור תחליב לחות 50 מל,לילית,CH,NUTRI RESTORE תחליב לחות,,0.00,100.00,false,1.00,350.00,0.07,true,0,
9007867765630,false,יובנה נוטרי רסטור קרם עיניים 15 מל,לילית,CH,NUTRI RESTORE קרם עיניים,,0.00,100.00,false,1.00,290.00,0.19,true,0,
9007867765647,false,יובנה נוטרי רסטור סרום 30 מל,לילית,CH,NUTRI RESTORE סרום,,0.00,100.00,false,1.00,300.00,0.10,true,0,
9007867766316,false,יובנה יובננס אפיגן קרם לחות ליום 50 מל,לילית,CH,JUVENANCE EPIGEN קרם לחות ליום,,0.00,100.00,false,1.00,280.00,0.05,true,0,
9007867766330,false,יובנה יובננס אפיגן קרם לחות ללילה 50 מל,לילית,CH,JUVENANCE EPIGEN קרם לחות ללילה,,0.00,100.00,false,1.00,290.00,0.05,true,0,
9007867766354,false,יובנה יובננס אפיגן סרום לפנים ולעיניים,לילית,CH,JUVENANCE EPIGEN סרום לפנים ולעיניים,,0.00,100.00,false,1.00,319.00,0.10,true,0,
9310088007015,false,דיפנד תחבושות אוברנייט בלילה,קימברלי קלארק ישראל שיווק בעמ,VN,Comfort-protect תחבושות לבריחת שתן בלילה,,0.00,0.00,false,1.00,21.90,2.73,true,0,
9310714206126,false,שוורצקופף - ג'ל צביעה לגבר חום בינוני,הנקל סוד,,שוורצקופף  ג'ל צביעה לשיער לגבר חום בינוני,,0.00,0.00,false,1.00,64.90,0.00,true,0,
9310714206133,false,שוורצקופף - ג'ל צביעה לגבר חום כהה,הנקל סוד,,שוורצקופף  ג'ל צביעה לשיער לגבר חום כהה,,0.00,0.00,false,1.00,64.90,0.00,true,0,
9310714206140,false,שוורצקופף - ג'ל צביעה לגבר חום שחור,הנקל סוד,,שוורצקופף  ג'ל צביעה שחור-חום למראה טבעי ללא אמוניה,,0.00,0.00,false,1.00,64.90,0.00,true,0,
9310714206157,false,מן פרפקט גל צביעה לגבר שחור טבעי,הנקל סוד,,שוורצקופף  ג'ל צביעה לשיער לגבר שחור טבעי,,0.00,0.00,false,1.00,64.90,0.00,true,0,
9312931720294,false,שיק אינטואישן נשים מכשיר+ 2 סכינים.,ש.שסטוביץ בעמ,CN,אינטואישן מכשיר גילוח רב פעמי + סכינים,,0.00,0.00,false,1.00,34.90,0.00,true,0,
9312931720300,false,סכיני גילוח שיק אינטואישן לנשים שלישייה,ש.שסטוביץ בעמ,CN,אינטואישן- מחסנית סכיני גילוח רב פעמיים לנשים,,0.00,0.00,false,1.00,37.90,12.63,true,0,
9317129040314,false,פלקסיטול משחה לכף הרגל לטיפול בעור יבש,טעם טבע אלטמן,,משחה לכף הרגל,,0.00,100.00,false,1.00,45.90,0.00,true,0,
9317129040321,false,פלקסיטול משחה לכף רגל 112 גרם,טעם טבע אלטמן,AU,משחה לכף הרגל,,0.00,100.00,false,1.00,87.90,0.00,true,0,
9317129040352,false,פלקסיטול קרם ידיים לעור יבש מאוד,טעם טבע אלטמן,,קרם ידיים לעור יבש מאוד,,0.00,100.00,false,1.00,44.90,0.00,true,0,
9317129040529,false,פלקסיטול - משחה לשפתיים 10 גרם,טעם טבע אלטמן,,משחה לשפתיים יבשות,,0.00,100.00,false,1.00,33.90,0.03,true,0,
9317129040703,false,פלקסיטול קרם לטיפוח הציפורן 20 גרם,טעם טבע אלטמן,,קרם לטיפוח הציפורן,,0.00,0.00,false,1.00,54.90,0.00,true,0,
9317129040826,false,פלקסיטול קרם פנים לילדים,טעם טבע אלטמן,,קרם פנים לילדים,,0.00,100.00,false,1.00,60.90,0.01,true,0,
9317129042608,false,פלקסיטול משחה לשפתיים +SPF 50,טעם טבע אלטמן,AU,משחה לשפתיים +SPF 50,,0.00,100.00,false,1.00,39.90,0.03,true,0,
9317129042813,false,פלקסיטול תחליב גוף לעור יבש 250 מל,טעם טבע אלטמן,AU,תחליב גוף לעור יבש,,0.00,100.00,false,1.00,54.90,0.00,true,0,
9317129042820,false,פלקסיטול תרחיץ לעור יבש 250 מל,טעם טבע אלטמן,AU,תרחיץ נטול סבון לעור רגיש ויבש,,0.00,100.00,false,1.00,54.90,0.00,true,0,
9317129042837,false,פלקסיטול קרם מרגיע לעור מגורה 85 גרם,טעם טבע אלטמן,AU,קרם מרגיע לעור מגורה,,0.00,100.00,false,1.00,74.90,0.00,true,0,
9317129042844,false,פלקסיטול קרם ידיים אנטי אייג'ינג 40 גרם,טעם טבע אלטמן,AU,קרם ידיים אנטי אייג'ינג,,0.00,100.00,false,1.00,64.90,0.01,true,0,
9317129042998,false,פלקסיטול ילדים תחליב לחות טיפולי 175 מל,טעם טבע אלטמן,AU,תחליב לחות טיפולי לילדים,,0.00,100.00,false,1.00,78.90,0.00,true,0,
9317129043001,false,פלקסיטול ילדים קרם טיפולי 56 גרם,טעם טבע אלטמן,AU,קרם טיפולי לילדים מגיל לידה,,0.00,100.00,false,1.00,68.90,0.01,true,0,
9317129043063,false,פלקסיטול צנצנת משחה לשפתיים יבשות 10 גרם,טעם טבע אלטמן,AU,משחה לשפתיים יבשות וסדוקות במיוחד,,0.00,100.00,false,1.00,39.90,0.03,true,0,
9317129043070,false,"פלקסיטול - סרום מרגיע לקרקפת מגורה 60 מ""ל",טעם טבע אלטמן,AU,סרום מרגיע לקרקפת מגורה,,0.00,100.00,false,1.00,65.90,0.01,true,0,
9317129043087,false,פלקסיטול קרם פנים ועפעפיים 40 גרם,טעם טבע אלטמן,AU,קרם פנים ועפעפיים מרגיע ומזין,,0.00,100.00,false,1.00,69.90,0.01,true,0,
9317129043148,false,פלקסיטול קרם לעור יבש מאוד 125 גרם,טעם טבע אלטמן,AU,קרם לעור יבש מאוד,,0.00,100.00,false,1.00,69.90,0.00,true,0,
9317129043155,false,"פלקסיטול - שמפו וקונדישנר מרגיע לקרקפת 210 מ""ל",טעם טבע אלטמן,AU,שמפו וקונדישנר מרגיע לקרקפת,,0.00,100.00,false,1.00,65.90,0.00,true,0,
9317129043186,false,פלקסיטול משחה לשפתיים - מנטה,טעם טבע אלטמן,AU,משחה לשפתיים - מנטה,,0.00,100.00,false,1.00,35.90,0.03,true,0,
9317129043193,false,פלקסיטול משחה לשפתיים - פירות יער,טעם טבע אלטמן,AU,משחה לשפתיים - פירות יער,,0.00,100.00,false,1.00,35.90,0.03,true,0,
9319871000042,false,משחת שיניים מלבינה PROFESSIONAL CHOICE,כמיפל,CN,White Glo Professional Choice משחת שיניים מלבינה* הבחירה של המקצוענים,,0.00,0.00,false,1.00,29.90,0.29,true,0,
9319871000325,false,משחת שיניים מלבינה להסרת כתמי קפה ותה,כמיפל,CN,משחת שיניים מלבינה* להסרת כתמי קפה ותה White Coffee & Tea Glo,,0.00,0.00,false,1.00,29.90,0.29,true,0,
9319871000622,false,משחת שיניים מלבינה - הנוסחה למעשנים,כמיפל,CN,משחת שיניים מלבינה הנוסחה למעשנים White Glo Smokers Formula,,0.00,0.00,false,1.00,29.90,0.29,true,0,
9319871000660,false,משחת שיניים צמחית מלבינה הרבל וויט,כמיפל,CN,משחת שיניים צמחית מלבינה White Glo Herbal White,,0.00,0.00,false,1.00,34.90,0.34,true,0,
9319871000875,false,משחת שיניים מלבינה - להסרת כתמים ופלאק,כמיפל,CN,משחת שיניים מלבינה להסרת כתמים ופלאק White Glo Anti-Plaque,,0.00,0.00,false,1.00,29.90,0.29,true,0,
9319871000943,false,משחת שיניים מלבינה עם פחם פעיל להסרת כתמ,כמיפל,CN,משחת שיניים מלבינה* עם פחם פעיל להסרת כתמים יסודית White Glo DSR,,0.00,0.00,false,1.00,29.90,0.29,true,0,
9319871001018,false,משחת שיניים מלבינה עם פחם פעיל למניעת רי,כמיפל,CN,משחת שיניים מלבינה* עם פחם פעיל למניעת ריח רע מהפה White Glo BBE,,0.00,0.00,false,1.00,29.90,0.29,true,0,
9319871001025,false,משחת שיניים מלבינה עם פחם פעיל לניקוי חל,כמיפל,CN,משחת שיניים מלבינה עם פחם פעיל לניקוי חלל הפה White Glo TMD,,0.00,0.00,false,1.00,29.90,0.29,true,0,
9319871001056,false,שטיפת פה עם פחם פעיל לטיפול בריח רע מהפה,כמיפל,CN,שטיפת פה עם פחם פעיל לטיפול בריח רע מהפה  White Glo Mouth Wash BBE,,0.00,100.00,false,1.00,34.90,0.00,true,0,
9319871001230,false,משחת שיניים מלבינה עם שמן קוקוס,כמיפל,CN,White Glo with Coconut Oil משחת שיניים מלבינה עם שמן קוקוס,,0.00,0.00,false,1.00,29.90,0.24,true,0,
9319871001322,false,מברשת שיניים במבוק ידידותית לסביבה בודד,כמיפל,CN,מברשת שיניים במבוק ידידותית לסביבה,,0.00,0.00,false,1.00,14.90,14.90,true,0,
9319871001445,false,מברשות שיניים במבוק ידידותית לסביבה 4 יח,כמיפל,CN,מברשת שיניים במבוק ידידותית לסביבה - מארז,,0.00,0.00,false,1.00,49.90,12.47,true,0,
9319871001568,false,קיסמי שיניים עם חוט דנטלי - 100 יחידות,כמיפל,CN,קיסמי שיניים עם חוט דנטלי,,0.00,0.00,false,1.00,29.90,0.29,true,0,
9319871001582,false,קיסמי שיניים עם חוט דנטלי ידית אקולוגית,כמיפל,CN,קיסמי שיניים עם חוט דנטלי - ידית אקולוגית,,0.00,0.00,false,1.00,29.90,0.42,true,0,
9319871001711,false,משחת שיניים להלבנה עוצמתית שמן זרעי המפ,כמיפל,CN,משחת שיניים להלבנה עוצמתית עם שמן זרעי המפ,,0.00,0.00,false,1.00,39.90,0.39,true,0,
9321104824264,false,כדור פעילות אחיזה אקספלור,לייף,IL,כדור פעילות אחיזה אקספלור,,0.00,0.00,false,1.00,39.00,0.00,true,0,
9321104838384,false,קוביות רכות לאמבטיה צבעוני,לייף,IL,קוביות רכות לאמבטיה צבעוני,,0.00,0.00,false,1.00,49.90,0.00,true,0,
9321104869678,false,ספר+נשכן בחווה עם תלייה,לייף,IL,ספר+נשכן בחווה עם תלייה,,0.00,0.00,false,1.00,49.90,0.00,true,0,
9321104883209,false,תיבת נגינה דב,לייף,IL,תיבת נגינה דב,,0.00,0.00,false,1.00,54.90,0.00,true,0,
9321104884152,false,סט חברים צפים 7 דמויות 1,לייף,IL,סט חברים צפים 7 דמויות,,0.00,0.00,false,1.00,69.00,0.00,true,0,
9321104884169,false,סט חברים צפים 7 דמויות 2,לייף,IL,סט חברים צפים 7 דמויות,,0.00,0.00,false,1.00,69.00,0.00,true,0,
9324054906394,false,כלורוקס מגבוני ניקוי אקספרט פלופאק 30 יח,כלורקס,US,מגבוני ניקוי וחיטוי בניחוח מרענן,,0.00,0.00,false,1.00,13.90,0.00,true,0,
9324054906400,false,כלורוקס מגבוני ניקוי אקספרט במיכל 30 יח,כלורקס,US,מגבוני ניקוי וחיטוי בניחוח מרענן בקופסה נוחה לשליפה,,0.00,0.00,false,1.00,17.90,0.00,true,0,
9330344004473,false,סכין גילוח שיק היידרו סילק חד פעמי 2 יח,"אם החיטה בע""מ",CN,היידרו סילק סכיני גילוח חד פעמיים לאשה,,0.00,0.00,false,1.00,29.90,0.00,true,0,
9335782003545,false,ביורה תרחיץ פנים מועשר בפחם לניקוי נקבוב,General,DE,תרחיץ פנים מועשר בפחם לניקוי נקבוביות עמוק,,0.00,100.00,false,1.00,34.90,0.00,true,0,
9336628003446,false,INTERPIK,סיראם,CN,INTERPIK קיסמים עם ציפוי גומי רך,,0.00,0.00,false,1.00,58.90,0.00,true,0,
9700000366182,false,ערכה ליולדת עיצוב חדש 2022,פיליפ חדד,,הערכה המושלמת לילד,,0.00,0.00,false,1.00,89.00,0.00,true,0,
9772532611719,false,מיני מפלצת נמתחת(20),General,,,,0.00,0.00,false,1.00,14.00,14.00,true,0,
