code,internal_code,name,manufacturer_name,manufacture_country,manufacturer_item_description,unit_qty,quantity,unit_of_measure,weighted,qty_in_package,price,unit_of_measure_price,allow_discount,status,item_id
2,true,מחיר לחיוב חד פעמי,,,מחיר לחיוב חד פעמי,,0.00,,false,,0.00,0.0000,true,1,137347
11,true,טסט 2 ליטר,,,טסט 2 ליטר,,0.00,,false,,0.00,0.0000,true,1,138139
189,true,מפעל-לחמניות מיני בי,,,מפעל-לחמניות מיני בי,,0.00,,false,,2999.90,0.0000,true,1,140101
383,true,גזר לפי קילו היתר מכ,,,גזר לפי קילו היתר מכ,,0.00,,false,,0.00,0.0000,true,1,134827
384,true,תפוזים מחיר לפי קילו,,,תפוזים מחיר לפי קילו,,0.00,,false,,0.00,0.0000,true,1,134876
410,true,קולה,,,קולה,,0.00,,false,,5.00,0.0000,true,1,134752
412,true,קולה זירו,,,קולה זירו,,0.00,,false,,5.00,0.0000,true,1,134754
413,true,ספרייט,,,ספרייט,,0.00,,false,,5.00,0.0000,true,1,134755
414,true,דיאט ספרייט,,,דיאט ספרייט,,0.00,,false,,5.00,0.0000,true,1,134756
415,true,פאנטה,,,פאנטה,,0.00,,false,,5.00,0.0000,true,1,134757
416,true,סודה,,,סודה,,0.00,,false,,5.00,0.0000,true,1,134758
417,true,מים מינרלים,,,מים מינרלים,,0.00,,false,,5.00,0.0000,true,1,134759
418,true,פריגת ענבים,,,פריגת ענבים,,0.00,,false,,5.00,0.0000,true,1,134760
419,true,קרנרגי,,,קרנרגי,,0.00,,false,,5.00,0.0000,true,1,134761
421,true,פריגת אשכוליות,,,פריגת אשכוליות,,0.00,,false,,5.00,0.0000,true,1,134762
510,true,חלב 1%,,,חלב 1%,,0.00,,false,,0.00,0.0000,true,1,134878
598,true,חלב 17 3% ליטר,,,חלב 15 3% ליטר,,0.00,,false,,0.00,0.0000,true,1,134879
605,true,אקונומיקה4 ליטר,,,אקונומיקה4 ליטר,,0.00,,false,,0.00,0.0000,true,1,134790
606,true,ניקוי חלונות4 ליטר,,,ניקוי חלונות4 ליטר,,0.00,,false,,0.00,0.0000,true,1,134868
607,true,שמפו רצפות 4 ליטר,,,שמפו רצפות 4 ליטר,,0.00,,false,,0.00,0.0000,true,1,134882
616,true,סבון קצף ורוד 1 ליטר,,,סבון קצף ורוד 1 ליטר,,0.00,,false,,0.00,0.0000,true,1,134869
618,true,מסיר שומנים4 ליטר,,,מסיר שומנים4 ליטר,,0.00,,false,,0.00,0.0000,true,1,134883
633,true,שקיות ללא מיתוג45/5,,,שקיות ללא מיתוג45/5,,0.00,,false,,0.00,0.0000,true,1,135526
663,true,גלופה,,,גלופה,,0.00,,false,,0.00,0.0000,true,1,138052
664,true,סופרגול מ 16.01.17 -,,,סופרגול מ 16.01.17 -,,0.00,,false,,0.00,0.0000,true,1,138053
802,true,היטל מס קניה,,,היטל מס קניה,,0.00,,false,,0.00,0.0000,true,1,138472
852,true,מיץ רימון טבעי,,,מיץ רימון טבעי,,0.00,,false,,0.00,0.0000,true,1,140263
996,true,נוזל כלים תפוח 4 ליט,,,נוזל כלים תפוח 4 ליט,,0.00,,false,,0.00,0.0000,true,1,134884
1001,true,הודעה לבר,,,הודעה לבר,,0.00,,false,,0.00,0.0000,true,1,134659
1003,true,לחמניה עגולה כפרית),,,לחמניה עגולה כפרית),,0.00,,false,,2.90,0.0000,true,1,134793
1373,true,כפפות ניטריל מידה L,,,כפפות ניטריל מידה L,,0.00,,false,,0.00,0.0000,true,1,139228
1600,true,קופון קפה בשקל,,,קופון קפה בשקל,,0.00,,false,,0.01,0.0000,true,1,139933
1601,true,קופון HOT,,,קופון HOT,,0.00,,false,,0.01,0.0000,true,1,140382
1602,true,קופון סוב,,,קופון סוב,,0.00,,false,,0.01,0.0000,true,1,140539
1603,true,קופון הוט,,,קופון הוט,,0.00,,false,,0.01,0.0000,true,1,140636
1604,true,קופון גרופון,,,קופון גרופון,,0.00,,false,,0.01,0.0000,true,1,140649
1656,true,מפעל-רוטב ישראלי לסל,,,מפעל-רוטב ישראלי לסל,,0.00,,false,,0.00,0.0000,true,1,139175
1984,true,קופון נסיון,,,קופון נסיון,,0.00,,false,,0.01,0.0000,true,1,139752
2018,true,וודקה אבסולוט בקבוק,,,וודקה אבסולוט בקבוק,,0.00,,false,,0.00,0.0000,true,1,134802
2027,true,ערק אשקלון בקבוק700,,,ערק אשקלון בקבוק700,קילוגרמים,1.00,"ק""ג",true,,0.00,0.0000,true,1,134805
2047,true,בירה חבית קופיקס,,,בירה חבית קופיקס,,0.00,,false,,0.00,0.0000,true,1,134812
2057,true,גולדסטאר בקבוק 0.5 ל,,,גולדסטאר בקבוק 0.5 ל,,0.00,,false,,0.00,0.0000,true,1,134814
2081,true,כוס יין,,,כוס יין,,0.00,,false,,2.89,0.0000,true,1,134875
2100,true,"מלח למדיח 25 ק""ג",,,"מלח למדיח 25 ק""ג",,0.00,,false,,0.00,0.0000,true,1,134823
2148,true,מיכל CO2 מלא,,,מיכל CO2 מלא,,0.00,,false,,0.00,0.0000,true,1,138226
2149,true,שש כוסות,,,שש כוסות,,0.00,,false,,0.00,0.0000,true,1,135496
2367,true,מפעל-פיתה טוסט,,,מפעל-פיתה טוסט,,0.00,,false,,2999.90,0.0000,true,1,140141
3015,true,גלופה לכוסות,,,גלופה לכוסות,,0.00,,false,,0.00,0.0000,true,1,135777
3050,true,חטיף גרנולה אננס דיא,,,חטיף גרנולה אננס דיא,קילוגרמים,1.00,"ק""ג",true,,0.00,0.0000,true,1,136424
3051,true,חטיף מוזלי פירות 33,,,חטיף מוזלי פירות 33,קילוגרמים,1.00,"ק""ג",true,,0.00,0.0000,true,1,136425
3052,true,חטיף בריאות שוקולד ק,,,חטיף בריאות שוקולד ק,קילוגרמים,1.00,"ק""ג",true,,0.00,0.0000,true,1,136426
3053,true,חטיף בריאות פיסטוק מ,,,חטיף בריאות פיסטוק מ,קילוגרמים,1.00,"ק""ג",true,,0.00,0.0000,true,1,136427
3076,true,חלב 1% זיכוי,,,חלב 1% זיכוי,,0.00,,false,,0.00,0.0000,true,1,138460
3077,true,חלב 3% זיכוי,,,חלב 3% זיכוי,,0.00,,false,,0.00,0.0000,true,1,138461
3127,true,שוקולטה -קרטון 10 יח,,,שוקולטה -קרטון 10 יח,,0.00,,false,,0.00,0.0000,true,1,136665
3128,true,קרמל וחמאת בוטנים -,,,קרמל וחמאת בוטנים -,,0.00,,false,,0.00,0.0000,true,1,136666
3147,true,טוסט פיקנטי,,,טוסט פיקנטי,,0.00,,false,,5.00,0.0000,true,1,135666
3156,true,מדבקה למיחם דים סאם,,,מדבקה למיחם דים סאם,,0.00,,false,,0.00,0.0000,true,1,136675
3161,true,פקדון אילת,,,פקדון אילת,,0.00,,false,,0.00,0.0000,true,1,135775
3222,true,סחבה לבנה לרצפה50*7,,,סחבה לבנה לרצפה50*7,,0.00,,false,,0.00,0.0000,true,1,136311
3223,true,מתקן נייר טואלט שליש,,,מתקן נייר טואלט שליש,,0.00,,false,,0.00,0.0000,true,1,136312
3226,true,מסיר אבנית קצף,,,מסיר אבנית קצף,,0.00,,false,,0.00,0.0000,true,1,136360
3232,true,מתקן נייר טואלט צץ ר,,,מתקן נייר טואלט צץ ר,,0.00,,false,,0.00,0.0000,true,1,136790
3233,true,36יחידות 250 דף ניי,,,36יחידות 250 דף ניי,,0.00,,false,,0.00,0.0000,true,1,136791
3248,true,מרינה סופר מכר עם מע,,,מרינה סופר מכר עם מע,,0.00,,false,,0.00,0.0000,true,1,137111
3256,true,יעה עם מקל,,,יעה עם מקל,,0.00,,false,,0.00,0.0000,true,1,137307
3272,true,מפעל-העמסת סושי,,,מפעל-העמסת סושי,,0.00,,false,,0.00,0.0000,true,1,137794
3274,true,הפרש מחיר סופרגול מ,,,הפרש מחיר סופרגול מ,,0.00,,false,,0.00,0.0000,true,1,137795
3275,true,מכונת קפה,,,מכונת קפה,,0.00,,false,,0.00,0.0000,true,1,137803
3276,true,זיכוי סופר גול 1.27,,,זיכוי סופר גול 1.27,,0.00,,false,,0.00,0.0000,true,1,137824
3277,true,מפעל-רכז עגבניות,,,מפעל-רכז עגבניות,,0.00,,false,,2999.90,0.0000,true,1,137825
3288,true,מפעל-לחמנית שומשום א,,,מפעל-לחמנית שומשום א,,0.00,,false,,2999.90,0.0000,true,1,138022
3301,true,הפרש מחיר סושי סלמון,,,הפרש מחיר סושי סלמון,,0.00,,false,,0.00,0.0000,true,1,138695
3314,true,מפעל-מדבקה לסושי איש,,,מפעל-מדבקה לסושי איש,,0.00,,false,,0.00,0.0000,true,1,138910
3315,true,מפעל-מדבקה לסושי איש,,,מפעל-מדבקה לסושי איש,,0.00,,false,,0.00,0.0000,true,1,138911
3316,true,מפעל-מדבקה לסושי איש,,,מפעל-מדבקה לסושי איש,,0.00,,false,,0.00,0.0000,true,1,138912
3317,true,מפעל-מדבקה לסושי איש,,,מפעל-מדבקה לסושי איש,,0.00,,false,,0.00,0.0000,true,1,138913
3318,true,מפעל-מדבקה לסושי איש,,,מפעל-מדבקה לסושי איש,,0.00,,false,,0.00,0.0000,true,1,138914
3319,true,מפעל-מדבקה לסושי איש,,,מפעל-מדבקה לסושי איש,,0.00,,false,,0.00,0.0000,true,1,138915
3320,true,מפעל-מדבקה לסושי איש,,,מפעל-מדבקה לסושי איש,,0.00,,false,,0.00,0.0000,true,1,138916
3321,true,מפעל-מדבקה לסושי איש,,,מפעל-מדבקה לסושי איש,,0.00,,false,,0.00,0.0000,true,1,138917
3322,true,מפעל-מדבקה לסושי איש,,,מפעל-מדבקה לסושי איש,,0.00,,false,,0.00,0.0000,true,1,138918
3323,true,מפעל-מדבקה לסושי איש,,,מפעל-מדבקה לסושי איש,,0.00,,false,,0.00,0.0000,true,1,138919
3328,true,חיוב פקדון עד סוף יו,,,חיוב פקדון עד סוף יו,,0.00,,false,,0.00,0.0000,true,1,138964
3330,true,חיוב הפרש מחיר סנדוי,,,חיוב הפרש מחיר סנדוי,,0.00,,false,,0.00,0.0000,true,1,140875
3334,true,מפעל-אגוז מוסקט טחון,,,מפעל-אגוז מוסקט טחון,,0.00,,false,,2999.00,0.0000,true,1,139371
3363,true,זיכוי החברה המרכזית,,,זיכוי החברה המרכזית,,0.00,,false,,0.00,0.0000,true,1,140452
3364,true,זיכוי שקיות אשפה,,,זיכוי שקיות אשפה,,0.00,,false,,0.00,0.0000,true,1,140487
3365,true,שילוט לפלוט,,,שילוט לפלוט,,0.00,,false,,0.00,0.0000,true,1,140535
3401,true,מפעל-ניילון בגליל עו,,,מפעל-ניילון בגליל עו,,0.00,,false,,0.00,0.0000,true,1,139231
3402,true,מפעל-ניילון בגליל עו,,,מפעל-ניילון בגליל עו,,0.00,,false,,0.00,0.0000,true,1,139232
3605,true,מפעל -md10מטליות ניק,,,מפעל -md10מטליות ניק,,0.00,,false,,0.00,0.0000,true,1,137575
3606,true,מפעל -md10נוזל לחיטו,,,מפעל -md10נוזל לחיטו,,0.00,,false,,0.00,0.0000,true,1,137576
3607,true,"מפעל 26 F NL20 -ק""ג",,,"מפעל 26 F NL20 -ק""ג",,0.00,,false,,0.00,0.0000,true,1,137577
3623,true,omd-10,,,omd-10,,0.00,,false,,0.00,0.0000,true,1,137786
3624,true,מפעל-מדבקה לסושי צמח,,,מפעל-מדבקה לסושי צמח,,0.00,,false,,0.00,0.0000,true,1,138988
3625,true,מפעל-מדבקה לסושי סלמ,,,מפעל-מדבקה לסושי סלמ,,0.00,,false,,0.00,0.0000,true,1,138989
3630,true,מפעל-מדבקה לכדור בטע,,,מפעל-מדבקה לכדור בטע,,0.00,,false,,0.00,0.0000,true,1,139223
3631,true,מפעל-מדבקה לכדור בטע,,,מפעל-מדבקה לכדור בטע,,0.00,,false,,0.00,0.0000,true,1,139224
3637,true,מפעל-ויניגרט תפוז לי,,,מפעל-ויניגרט תפוז לי,,0.00,,false,,0.00,0.0000,true,1,139176
3901,true,תפוזים גלון SP 5 לי,,,תפוזים גלון SP 5 לי,,0.00,,false,,0.00,0.0000,true,1,134890
3904,true,גזר לפי קילו מהדרין,,,גזר לפי קילו מהדרין,,0.00,,false,,0.00,0.0000,true,1,134828
3933,true,נוזל לניקוי אסלות 1,,,נוזל לניקוי אסלות 1,,0.00,,false,,0.00,0.0000,true,1,134830
3934,true,נוזל לניקוי וחיטוי ל,,,נוזל לניקוי וחיטוי ל,,0.00,,false,,0.00,0.0000,true,1,134831
3935,true,תרסיס ניקוי והברקה נ,,,תרסיס ניקוי והברקה נ,,0.00,,false,,0.00,0.0000,true,1,134832
3938,true,400מטליות לניקוי מש,,,400מטליות לניקוי מש,,0.00,,false,,0.00,0.0000,true,1,134833
3943,true,400מטליות מילוי לני,,,400מטליות מילוי לני,,0.00,,false,,0.00,0.0000,true,1,134834
3944,true,"בקבוק 750 סמ""ק + התז",,,"בקבוק 750 סמ""ק + התז",,0.00,,false,,0.00,0.0000,true,1,134835
3945,true,12מטליות מיקרופיבר,,,12מטליות מיקרופיבר,,0.00,,false,,0.00,0.0000,true,1,134836
3946,true,מטלית מיקרופיבר לרצפ,,,מטלית מיקרופיבר לרצפ,,0.00,,false,,0.00,0.0000,true,1,134837
3947,true,מטלית מיקרופיבר לניק,,,מטלית מיקרופיבר לניק,,0.00,,false,,0.00,0.0000,true,1,134838
4004,true,מוס שוקולד וקצפת12 י,,,מוס שוקולד וקצפת12 י,קילוגרמים,1.00,"ק""ג",true,,0.00,0.0000,true,1,136433
4010,true,וודקה תאו XXO דאבל א,,,וודקה תאו XXO דאבל א,קילוגרמים,1.00,"ק""ג",true,,0.00,0.0000,true,1,134849
4011,true,כריות יפניות מארז12,,,כריות יפניות מארז12,קילוגרמים,1.00,"ק""ג",true,,0.00,0.0000,true,1,134850
4036,true,יגרמייסטר בקבוק ליטר,,,יגרמייסטר בקבוק ליטר,,0.00,,false,,0.00,0.0000,true,1,134857
4038,true,נוזל מרוכז לחיטוי פי,,,נוזל מרוכז לחיטוי פי,,0.00,,false,,0.00,0.0000,true,1,134859
4041,true,מקרונים 36 יח קרטון,,,מקרונים 36 יח קרטון,,0.00,,false,,0.00,0.0000,true,1,136435
4044,true,פח שובך 8 ליטר לשרות,,,פח שובך 8 ליטר לשרות,,0.00,,false,,0.00,0.0000,true,1,134860
4045,true,"מטהר אויר300 סמ""ק",,,"מטהר אויר300 סמ""ק",,0.00,,false,,0.00,0.0000,true,1,134861
4046,true,מברשת פלסטיק לשירותי,,,מברשת פלסטיק לשירותי,,0.00,,false,,0.00,0.0000,true,1,134862
4047,true,סט לשירותים מיכל+מבר,,,סט לשירותים מיכל+מבר,,0.00,,false,,0.00,0.0000,true,1,134863
4107,true,"מאפיינס וניל שוקוצ""י",,,"מאפיינס וניל שוקוצ""י",,0.00,,false,,0.00,0.0000,true,1,136470
4108,true,"מאפיינס שוקו שוקוצ""י",,,"מאפיינס שוקו שוקוצ""י",,0.00,,false,,0.00,0.0000,true,1,136471
4113,true,סלט פסטה קר,,,סלט פסטה קר,,0.00,,false,,5.00,0.0000,true,1,134988
4132,true,ספוג הפלא) מארז6 יחי,,,ספוג הפלא) מארז6 יחי,,0.00,,false,,0.00,0.0000,true,1,135099
4133,true,מתקן ריצפה לגליל תעש,,,מתקן ריצפה לגליל תעש,,0.00,,false,,0.00,0.0000,true,1,135100
4134,true,מתקן תליה לגליל תעשי,,,מתקן תליה לגליל תעשי,,0.00,,false,,0.00,0.0000,true,1,135101
4135,true,גליל נייר תעשייתי12,,,גליל נייר תעשייתי12,,0.00,,false,,0.00,0.0000,true,1,135102
4154,true,כפפת סיליקון,,,כפפת סיליקון,,0.00,,false,,5.00,0.0000,true,1,135159
4214,true,"פפסי קולה500 מ""ל",,,"פפסי קולה500 מ""ל",,0.00,,false,,5.00,0.0000,true,1,135309
4215,true,"פפסי מקס500 מ""ל",,,"פפסי מקס500 מ""ל",,0.00,,false,,5.00,0.0000,true,1,135310
4216,true,"מירנדה500 מ""ל",,,"מירנדה500 מ""ל",,0.00,,false,,5.00,0.0000,true,1,135311
4217,true,"סבן אפ500 מ""ל",,,"סבן אפ500 מ""ל",,0.00,,false,,5.00,0.0000,true,1,135312
4218,true,"דיאט סבן אפ500 מ""ל",,,"דיאט סבן אפ500 מ""ל",,0.00,,false,,5.00,0.0000,true,1,135313
4223,true,בקבוק ספורט,,,בקבוק ספורט,,0.00,,false,,0.00,0.0000,true,1,135346
4225,true,סט כלי ששת,,,סט כלי ששת,,0.00,,false,,0.00,0.0000,true,1,135347
4240,true,ארגז - E לחמניית סבי,,,ארגז - E לחמניית סבי,,0.00,,false,,0.00,0.0000,true,1,136550
4281,true,מתקן סבוניה קצף,,,מתקן סבוניה קצף,,0.00,,false,,0.00,0.0000,true,1,135472
4532,true,ניילון נצמד בודד 30,,,ניילון נצמד בודד 30,,0.00,,false,,5.00,0.0000,true,1,139597
4700,true,מארז - 12 מיץ תפוזים,,,מארז - 12 מיץ תפוזים,,0.00,,false,,0.00,0.0000,true,1,136555
4701,true,מארז - 12 מיץ לימונ,,,מארז - 12 מיץ לימונ,,0.00,,false,,0.00,0.0000,true,1,136556
4703,true,מארז - 12 מיץ גזר תפ,,,מארז - 12 מיץ גזר תפ,,0.00,,false,,0.00,0.0000,true,1,136557
4705,true,מארז - 28 שיפוד שישל,,,מארז - 28 שיפוד שישל,,0.00,,false,,0.00,0.0000,true,1,136559
4706,true,מארז - 28 שיפוד שישל,,,מארז - 28 שיפוד שישל,,0.00,,false,,0.00,0.0000,true,1,136560
4707,true,מארז- 28 לקט ירקות ק,,,מארז- 28 לקט ירקות ק,,0.00,,false,,0.00,0.0000,true,1,136561
4708,true,מארז - 28 גרעיני תי,,,מארז - 28 גרעיני תי,,0.00,,false,,0.00,0.0000,true,1,136562
4709,true,מארז - 12שוקו בקרטון,,,מארז - 12שוקו בקרטון,,0.00,,false,,0.00,0.0000,true,1,136564
4727,true,מארז - 96 לקקנים,,,מארז - 96 לקקנים,,0.00,,false,,0.00,0.0000,true,1,136565
4729,true,מארז - 12 מים מינרלי,,,מארז - 12 מים מינרלי,קילוגרמים,1.00,"ק""ג",true,,0.00,0.0000,true,1,136568
4730,true,מרינה סופר מכר,,,מרינה סופר מכר,,0.00,,false,,0.00,0.0000,true,1,137112
4731,true,מתקן מגבת צץ רץ,,,מתקן מגבת צץ רץ,,0.00,,false,,0.00,0.0000,true,1,135468
4732,true,"שני ק""ג עוגיות אלפחו",,,"שני ק""ג עוגיות אלפחו",קילוגרמים,1.00,"ק""ג",true,,0.00,0.0000,true,1,136572
4736,true,"ספגטי עגבניות20 יח """,,,"ספגטי עגבניות20 יח """,קילוגרמים,1.00,"ק""ג",true,,0.00,0.0000,true,1,136577
4737,true,"אורז קטניות20 יח ""בק",,,"אורז קטניות20 יח ""בק",קילוגרמים,1.00,"ק""ג",true,,0.00,0.0000,true,1,136578
4738,true,"תפו""א וירקות סגנון ה",,,"תפו""א וירקות סגנון ה",קילוגרמים,1.00,"ק""ג",true,,0.00,0.0000,true,1,136579
4766,true,"מארז180 יח - ""תיק שו",,,"מארז180 יח - ""תיק שו",,0.00,,false,,0.00,0.0000,true,1,136597
4767,true,"מארז120 יח - ""צידנית",,,"מארז120 יח - ""צידנית",,0.00,,false,,0.00,0.0000,true,1,136598
4779,true,מארז 1 קילו - נקניקי,,,מארז 1 קילו - נקניקי,,0.00,,false,,0.00,0.0000,true,1,135539
4780,true,מארז 36 יחידות - כפכ,,,מארז 36 יחידות - כפכ,,0.00,,false,,0.00,0.0000,true,1,135540
4783,true,מארז 12 יחידות - גרע,,,מארז 12 יחידות - גרע,,0.00,,false,,0.00,0.0000,true,1,136609
4784,true,מארז 24 יחידות - טוב,,,מארז 24 יחידות - טוב,,0.00,,false,,0.00,0.0000,true,1,136610
4785,true,מארז 12 יחידות - עוג,,,מארז 12 יחידות - עוג,,0.00,,false,,0.00,0.0000,true,1,136611
4786,true,מארז 24 יחידות - גרנ,,,מארז 24 יחידות - גרנ,,0.00,,false,,0.00,0.0000,true,1,136612
4787,true,מארז 36 יחידות - מגב,,,מארז 36 יחידות - מגב,,0.00,,false,,0.00,0.0000,true,1,136613
4788,true,מארז 12 יחידות - סוכ,,,מארז 12 יחידות - סוכ,,0.00,,false,,0.00,0.0000,true,1,136614
4789,true,מארז 20 יחידות - פסט,,,מארז 20 יחידות - פסט,,0.00,,false,,0.00,0.0000,true,1,136615
4790,true,מארז 36 יחידות - בול,,,מארז 36 יחידות - בול,,0.00,,false,,0.00,0.0000,true,1,136616
4791,true,מארז 30 יחידות - דגנ,,,מארז 30 יחידות - דגנ,,0.00,,false,,0.00,0.0000,true,1,136617
4792,true,מארז 12 יחידות -פרינ,,,מארז 12 יחידות -פרינ,,0.00,,false,,0.00,0.0000,true,1,136618
4796,true,מארז 10 יחידות בקרטו,,,מארז 10 יחידות בקרטו,,0.00,,false,,0.00,0.0000,true,1,136620
4805,true,מארז 12 יחידות בקרטו,,,מארז 12 יחידות בקרטו,קילוגרמים,1.00,"ק""ג",true,,0.00,0.0000,true,1,136794
4828,true,עוגת דבש,,,עוגת דבש,,0.00,,false,,5.00,0.0000,true,1,135599
4832,true,מארז 100 יחידות - קי,,,מארז 100 יחידות - קי,,0.00,,false,,0.00,0.0000,true,1,136654
4840,true,ערכת פתיחה לזכיין מת,,,ערכת פתיחה לזכיין מת,,0.00,,false,,0.00,0.0000,true,1,138089
4845,true,קרטוניות לסחלב שוקול,,,קרטוניות לסחלב שוקול,,0.00,,false,,0.00,0.0000,true,1,140786
5564,true,50סכינים קשיח,,,50סכינים קשיח,,0.00,,false,,0.00,0.0000,true,1,138164
5656,true,"חיוב תפוצ""יפס מחודש",,,"חיוב תפוצ""יפס מחודש",,0.00,,false,,0.00,0.0000,true,1,141820
6247,true,מפעל-אריזה למגשי איר,,,מפעל-אריזה למגשי איר,,0.00,,false,,0.00,0.0000,true,1,139182
9999,true,כרטיס נטען,,,כרטיס נטען,,0.00,,false,,0.00,0.0000,true,1,135605
10009,true,עוגת דבש 250 גרם - ה,,,עוגת דבש 250 גרם - ה,,0.00,,false,,6.00,0.0000,true,1,139139
10010,true,מפעל -מעורב ביצים10,,,מפעל -מעורב ביצים10,,0.00,,false,,2999.90,0.0000,true,1,138639
10541,true,מוצארט בינוני,,,מוצארט בינוני,קילוגרמים,1.00,"ק""ג",true,,12.00,12.0000,true,1,141824
11059,true,מפעל-אבקת וואסבי,,,מפעל-אבקת וואסבי,,0.00,,false,,0.00,0.0000,true,1,137957
12345,true,fdgsdvgdf,,,fdgsdvgdf,,0.00,,false,,0.00,0.0000,true,1,134887
13690,true,כפפות ניטריל מידה M,,,כפפות ניטריל מידה M,,0.00,,false,,0.00,0.0000,true,1,139227
15008,true,מפעל-רוטב יאמאסה פרי,,,מפעל-רוטב יאמאסה פרי,,0.00,,false,,0.00,0.0000,true,1,138050
15042,true,"מפעל-רוטב סויה 15 ג""",,,"מפעל-רוטב סויה 15 ג""",,0.00,,false,,0.00,0.0000,true,1,137958
16062,true,מפעל-חומץ אורז מיצוק,,,מפעל-חומץ אורז מיצוק,,0.00,,false,,0.00,0.0000,true,1,137694
18019,true,"מפעל-ג""ינג""ר כבוש לב",,,"מפעל-ג""ינג""ר כבוש לב",,0.00,,false,,0.00,0.0000,true,1,137959
18023,true,מפעל-קנפיו רצועות דל,,,מפעל-קנפיו רצועות דל,,0.00,,false,,0.00,0.0000,true,1,137960
20005,true,פאי אישי קטן אמריקן,,,פאי אישי קטן אמריקן,קילוגרמים,1.00,"ק""ג",true,,12.00,12.0000,true,1,141825
20205,true,פאי אישי קטן שוקולד,,,פאי אישי קטן שוקולד,קילוגרמים,1.00,"ק""ג",true,,12.00,12.0000,true,1,141826
35893,true,ממתק חמוץ ומסוכר בטע,,,ממתק חמוץ ומסוכר בטע,,0.00,,false,,5.00,0.0000,true,1,136867
36122,true,פשטידת בטטה אישית,,,פשטידת בטטה אישית,קילוגרמים,1.00,"ק""ג",true,,12.00,12.0000,true,1,141832
36322,true,פשטידת בצל אישית,,,פשטידת בצל אישית,קילוגרמים,1.00,"ק""ג",true,,12.00,12.0000,true,1,141833
50010,true,מפעל-ביצה קשה יד אור,,,מפעל-ביצה קשה יד אור,,0.00,,false,,2999.90,0.0000,true,1,137332
50011,true,מפעל-חלבון ביצים מבו,,,מפעל-חלבון ביצים מבו,,0.00,,false,,2999.90,0.0000,true,1,138125
50012,true,מפעל-חלמון ביצים מבו,,,מפעל-חלמון ביצים מבו,,0.00,,false,,2999.90,0.0000,true,1,138126
50301,true,קוראסון שוקולד לא אפ,,,קוראסון שוקולד לא אפ,,0.00,,false,,0.00,0.0000,true,1,139132
50302,true,גביניות לא אפוי - ר,,,גביניות לא אפוי - ר,,0.00,,false,,0.00,0.0000,true,1,139133
50303,true,קוראסון ריק לא אפוי,,,קוראסון ריק לא אפוי,,0.00,,false,,0.00,0.0000,true,1,139134
50304,true,בורקס גבינה לא אפוי,,,בורקס גבינה לא אפוי,,0.00,,false,,0.00,0.0000,true,1,139135
50305,true,"בורקס תפו""א לא אפוי",,,"בורקס תפו""א לא אפוי",,0.00,,false,,0.00,0.0000,true,1,139136
56464,true,מפעל-בייגל טוסט,,,מפעל-בייגל טוסט,,0.00,,false,,2999.90,0.0000,true,1,140220
57453,true,"מפעל -עמק חריץ בד""ץ",,,"מפעל -עמק חריץ בד""ץ",קילוגרמים,1.00,"ק""ג",true,,2999.90,2999.9000,true,1,137756
75075,true,קדירת מרק 10 ליטר,,,קדירת מרק 10 ליטר,,0.00,,false,,0.00,0.0000,true,1,135937
76777,true,רדיד אלומיניום7.5*3,,,רדיד אלומיניום7.5*3,,0.00,,false,,0.00,0.0000,true,1,136901
81014,true,חלב שקית + 3% ארגז פ,,,חלב שקית + 3% ארגז פ,קילוגרמים,1.00,"ק""ג",true,,2999.00,2999.0000,true,1,141822
100100,true,מפעל-תבור למהדרין מג,,,מפעל-תבור למהדרין מג,,0.00,,false,,2999.90,0.0000,true,1,137970
100610,true,מפעל-גבינה בולגרית ל,,,מפעל-גבינה בולגרית ל,,0.00,,false,,2999.90,0.0000,true,1,137272
100633,true,מפעל-לה פטה שש-בש 4,,,מפעל-לה פטה שש-בש 4,,0.00,,false,,2999.90,0.0000,true,1,137320
123456,true,קופון טסט,,,קופון טסט,,0.00,,false,,0.01,0.0000,true,1,134872
128901,true,מפעל טרמיסו,,,מפעל טרמיסו,,0.00,,false,,12.00,0.0000,true,1,140146
128902,true,מפעל- בוואריה פרווה,,,מפעל- בוואריה פרווה,,0.00,,false,,5.00,0.0000,true,1,140147
128979,true,מפעל-קוסקוס בינוני,,,מפעל-קוסקוס בינוני,,0.00,,false,,2999.90,0.0000,true,1,139504
131700,true,מפעל - נייר טואלט לי,,,מפעל - נייר טואלט לי,,0.00,,false,,0.00,0.0000,true,1,140198
150004,true,"מפעל-סוכר סוגת בד""ץ",,,"מפעל-סוכר סוגת בד""ץ",,0.00,,false,,2999.00,0.0000,true,1,137415
150207,true,"מפעל-מלח עבה 1 ק""ג ב",,,"מפעל-מלח עבה 1 ק""ג ב",,0.00,,false,,0.00,0.0000,true,1,137582
150209,true,מפעל-מלח דק עתלית בד,,,מפעל-מלח דק עתלית בד,,0.00,,false,,0.00,0.0000,true,1,137416
180107,true,מפעל -חמוציות בתפזור,,,מפעל -חמוציות בתפזור,קילוגרמים,1.00,"ק""ג",true,,2999.90,2999.9000,true,1,137445
206010,true,גבינה פירורים בינוני,,,גבינה פירורים בינוני,קילוגרמים,1.00,"ק""ג",true,,12.00,12.0000,true,1,141827
230113,true,מפעל-בורגול 5 קילו ב,,,מפעל-בורגול 5 קילו ב,,0.00,,false,,0.00,0.0000,true,1,137446
230136,true,מפעל-עדשים שחורות 5,,,מפעל-עדשים שחורות 5,,0.00,,false,,2999.00,0.0000,true,1,137978
302027,true,פאקט-טיים רד,,,פאקט-טיים רד,,0.00,,false,,0.00,0.0000,true,1,137503
302041,true,פאקט-טיים 100 רד,,,פאקט-טיים 100 רד,,0.00,,false,,0.00,0.0000,true,1,140281
303795,true,פרגית אמיתית 16 יח,,,פרגית אמיתית 16 יח,קילוגרמים,1.00,"ק""ג",true,,0.00,0.0000,true,1,139956
303825,true,זוג פרגית במגש 8 יח,,,זוג פרגית במגש 8 יח,קילוגרמים,1.00,"ק""ג",true,,0.00,0.0000,true,1,139957
303832,true,פרגית אמיתית 16 יח ת,,,פרגית אמיתית 16 יח ת,קילוגרמים,1.00,"ק""ג",true,,0.00,0.0000,true,1,139958
303863,true,עוף של פעם,,,עוף של פעם,קילוגרמים,1.00,"ק""ג",true,,0.00,0.0000,true,1,140091
303870,true,כרעיים של פעם,,,כרעיים של פעם,קילוגרמים,1.00,"ק""ג",true,,0.00,0.0000,true,1,140092
303887,true,חזה של פעם,,,חזה של פעם,קילוגרמים,1.00,"ק""ג",true,,0.00,0.0000,true,1,140093
303894,true,פילה של פעם,,,פילה של פעם,קילוגרמים,1.00,"ק""ג",true,,0.00,0.0000,true,1,140094
303900,true,כנפיים של פעם,,,כנפיים של פעם,קילוגרמים,1.00,"ק""ג",true,,0.00,0.0000,true,1,140095
303917,true,כבד של פעם,,,כבד של פעם,קילוגרמים,1.00,"ק""ג",true,,0.00,0.0000,true,1,140096
305988,true,"גביע ליוגורט 200 מ""ל",,,"גביע ליוגורט 200 מ""ל",,0.00,,false,,0.00,0.0000,true,1,140977
305989,true,"גביע ליוגורט 240 מ""ל",,,"גביע ליוגורט 240 מ""ל",,0.00,,false,,0.00,0.0000,true,1,140793
330113,true,"מפעל-מרק ט .עוף 1 ק""",,,"מפעל-מרק ט .עוף 1 ק""",,0.00,,false,,0.00,0.0000,true,1,137637
350108,true,"מפעל-פלפל שטה -צ""ילי",,,"מפעל-פלפל שטה -צ""ילי",,0.00,,false,,0.00,0.0000,true,1,137790
350111,true,מפעל-פפריקה מתוקה 1,,,מפעל-פפריקה מתוקה 1,,0.00,,false,,0.00,0.0000,true,1,137586
350127,true,"מפעל-רוזמרין 1 ק""ג ג",,,"מפעל-רוזמרין 1 ק""ג ג",,0.00,,false,,0.00,0.0000,true,1,137638
350175,true,"מפעל-מלח לימון ק""ג ג",,,"מפעל-מלח לימון ק""ג ג",,0.00,,false,,0.00,0.0000,true,1,137587
350199,true,מפעל-אורגנו,,,מפעל-אורגנו,,0.00,,false,,0.00,0.0000,true,1,137588
360120,true,מפעל-פלפל שחור טחון,,,מפעל-פלפל שחור טחון,,0.00,,false,,0.00,0.0000,true,1,138185
360122,true,מפעל-פפריקה חריפה 1,,,מפעל-פפריקה חריפה 1,,0.00,,false,,0.00,0.0000,true,1,137589
370001,true,מפעל-פפריקה מתוקה מע,,,מפעל-פפריקה מתוקה מע,,0.00,,false,,0.00,0.0000,true,1,139084
370003,true,מפעל-פלפל שטה גרוסה,,,מפעל-פלפל שטה גרוסה,,0.00,,false,,0.00,0.0000,true,1,139085
370006,true,מפעל-פלפל שחור גרוס,,,מפעל-פלפל שחור גרוס,,0.00,,false,,0.00,0.0000,true,1,139368
370008,true,מפעל-פלפל שחור טחון,,,מפעל-פלפל שחור טחון,,0.00,,false,,0.00,0.0000,true,1,139086
379593,true,מפעל-מונדלך גדול שמי,,,מפעל-מונדלך גדול שמי,,0.00,,false,,2999.90,0.0000,true,1,138657
400001,true,עוף שלם,,,עוף שלם,קילוגרמים,1.00,"ק""ג",true,,0.00,0.0000,true,1,139624
400002,true,עוף מפורק,,,עוף מפורק,קילוגרמים,1.00,"ק""ג",true,,0.00,0.0000,true,1,139625
400003,true,כרעיים עוף,,,כרעיים עוף,קילוגרמים,1.00,"ק""ג",true,,0.00,0.0000,true,1,139626
400004,true,שוקיים עוף,,,שוקיים עוף,קילוגרמים,1.00,"ק""ג",true,,0.00,0.0000,true,1,139627
400005,true,ירכיים עוף,,,ירכיים עוף,קילוגרמים,1.00,"ק""ג",true,,0.00,0.0000,true,1,139628
400006,true,כנפיים עוף,,,כנפיים עוף,קילוגרמים,1.00,"ק""ג",true,,0.00,0.0000,true,1,139629
400009,true,שניצל עוף פרוס מובחר,,,שניצל עוף פרוס מובחר,קילוגרמים,1.00,"ק""ג",true,,0.00,0.0000,true,1,139630
400010,true,פרגיות עוף,,,פרגיות עוף,קילוגרמים,1.00,"ק""ג",true,,0.00,0.0000,true,1,139631
400011,true,שיפודי פרגיות,,,שיפודי פרגיות,קילוגרמים,1.00,"ק""ג",true,,0.00,0.0000,true,1,139632
400013,true,עופיון,,,עופיון,קילוגרמים,1.00,"ק""ג",true,,0.00,0.0000,true,1,139633
400014,true,כבד עוף,,,כבד עוף,קילוגרמים,1.00,"ק""ג",true,,0.00,0.0000,true,1,139634
400015,true,לבבות עוף,,,לבבות עוף,קילוגרמים,1.00,"ק""ג",true,,0.00,0.0000,true,1,139635
400017,true,טחון עוף,,,טחון עוף,קילוגרמים,1.00,"ק""ג",true,,0.00,0.0000,true,1,139636
400018,true,פילה עוף,,,פילה עוף,קילוגרמים,1.00,"ק""ג",true,,0.00,0.0000,true,1,139637
400021,true,שיפודי לבבות,,,שיפודי לבבות,קילוגרמים,1.00,"ק""ג",true,,0.00,0.0000,true,1,139638
400024,true,כרעיים בלי עור,,,כרעיים בלי עור,קילוגרמים,1.00,"ק""ג",true,,0.00,0.0000,true,1,139639
400028,true,עוף ללא עצמות,,,עוף ללא עצמות,קילוגרמים,1.00,"ק""ג",true,,0.00,0.0000,true,1,139640
400102,true,רצועות עוף,,,רצועות עוף,קילוגרמים,1.00,"ק""ג",true,,0.00,0.0000,true,1,139641
400103,true,כנפיים הודו,,,כנפיים הודו,קילוגרמים,1.00,"ק""ג",true,,0.00,0.0000,true,1,139642
400104,true,גרון הודו,,,גרון הודו,קילוגרמים,1.00,"ק""ג",true,,0.00,0.0000,true,1,139643
400106,true,רצועות שווארמה נקבה,,,רצועות שווארמה נקבה,קילוגרמים,1.00,"ק""ג",true,,0.00,0.0000,true,1,139644
400107,true,שיפודי שווארמה נקבה,,,שיפודי שווארמה נקבה,קילוגרמים,1.00,"ק""ג",true,,0.00,0.0000,true,1,139645
400108,true,שווארמה הודו נקבה,,,שווארמה הודו נקבה,קילוגרמים,1.00,"ק""ג",true,,0.00,0.0000,true,1,139646
400109,true,וויסבראטן,,,וויסבראטן,קילוגרמים,1.00,"ק""ג",true,,0.00,0.0000,true,1,139647
400111,true,אווזית,,,אווזית,קילוגרמים,1.00,"ק""ג",true,,0.00,0.0000,true,1,139648
400112,true,"צ""אך",,,"צ""אך",קילוגרמים,1.00,"ק""ג",true,,0.00,0.0000,true,1,139649
400115,true,כרעיים ללא עצם,,,כרעיים ללא עצם,קילוגרמים,1.00,"ק""ג",true,,0.00,0.0000,true,1,139650
400117,true,נקניקיות מרגז,,,נקניקיות מרגז,קילוגרמים,1.00,"ק""ג",true,,0.00,0.0000,true,1,139651
400118,true,קבב טרי,,,קבב טרי,קילוגרמים,1.00,"ק""ג",true,,0.00,0.0000,true,1,139652
400121,true,חזה הודו,,,חזה הודו,קילוגרמים,1.00,"ק""ג",true,,0.00,0.0000,true,1,139653
400209,true,אסאדו \שפונדרה עגל,,,אסאדו \שפונדרה עגל,קילוגרמים,1.00,"ק""ג",true,,0.00,0.0000,true,1,139654
400213,true,מעורב ירושלמי,,,מעורב ירושלמי,קילוגרמים,1.00,"ק""ג",true,,0.00,0.0000,true,1,139655
400222,true,אנטריקוט עם עצם טרי,,,אנטריקוט עם עצם טרי,קילוגרמים,1.00,"ק""ג",true,,0.00,0.0000,true,1,139656
400226,true,המבורגר טרי,,,המבורגר טרי,קילוגרמים,1.00,"ק""ג",true,,0.00,0.0000,true,1,139657
400227,true,בשר ראש עגל,,,בשר ראש עגל,קילוגרמים,1.00,"ק""ג",true,,0.00,0.0000,true,1,139658
400228,true,שפונדרה,,,שפונדרה,קילוגרמים,1.00,"ק""ג",true,,0.00,0.0000,true,1,139659
400236,true,שייטל,,,שייטל,קילוגרמים,1.00,"ק""ג",true,,0.00,0.0000,true,1,139660
400237,true,כתף מניון,,,כתף מניון,קילוגרמים,1.00,"ק""ג",true,,0.00,0.0000,true,1,139661
400301,true,אנטריקוט טרי,,,אנטריקוט טרי,קילוגרמים,1.00,"ק""ג",true,,0.00,0.0000,true,1,139662
400302,true,צלעות בקר טרי,,,צלעות בקר טרי,קילוגרמים,1.00,"ק""ג",true,,0.00,0.0000,true,1,139663
400305,true,צלי כתף טרי,,,צלי כתף טרי,קילוגרמים,1.00,"ק""ג",true,,0.00,0.0000,true,1,139664
400306,true,פילה מדומה טרי,,,פילה מדומה טרי,קילוגרמים,1.00,"ק""ג",true,,0.00,0.0000,true,1,139665
400309,true,סינטה טרי,,,סינטה טרי,קילוגרמים,1.00,"ק""ג",true,,0.00,0.0000,true,1,139666
400310,true,פילה בקר טרי,,,פילה בקר טרי,קילוגרמים,1.00,"ק""ג",true,,0.00,0.0000,true,1,139667
400313,true,אסאדו,,,אסאדו,קילוגרמים,1.00,"ק""ג",true,,0.00,0.0000,true,1,139668
400326,true,טחון טרי,,,טחון טרי,קילוגרמים,1.00,"ק""ג",true,,0.00,0.0000,true,1,139669
400401,true,כתף טלה,,,כתף טלה,קילוגרמים,1.00,"ק""ג",true,,0.00,0.0000,true,1,139670
400406,true,לשון בקר טרי,,,לשון בקר טרי,קילוגרמים,1.00,"ק""ג",true,,0.00,0.0000,true,1,139671
400411,true,בשר ראש בקר טרי,,,בשר ראש בקר טרי,קילוגרמים,1.00,"ק""ג",true,,0.00,0.0000,true,1,139672
400412,true,עצמות מוח,,,עצמות מוח,קילוגרמים,1.00,"ק""ג",true,,0.00,0.0000,true,1,140603
400413,true,שריר בשר,,,שריר בשר,קילוגרמים,1.00,"ק""ג",true,,0.00,0.0000,true,1,140604
400414,true,אוסובוקו,,,אוסובוקו,קילוגרמים,1.00,"ק""ג",true,,0.00,0.0000,true,1,140605
400415,true,צלי כתף,,,צלי כתף,קילוגרמים,1.00,"ק""ג",true,,0.00,0.0000,true,1,140606
400416,true,צוואר טלה טרי,,,צוואר טלה טרי,קילוגרמים,1.00,"ק""ג",true,,0.00,0.0000,true,1,140852
400417,true,צלעות טלה טרי,,,צלעות טלה טרי,קילוגרמים,1.00,"ק""ג",true,,0.00,0.0000,true,1,140853
400418,true,חזה טלה טרי,,,חזה טלה טרי,קילוגרמים,1.00,"ק""ג",true,,0.00,0.0000,true,1,140854
410008,true,חזה עוף,,,חזה עוף,קילוגרמים,1.00,"ק""ג",true,,0.00,0.0000,true,1,139673
500122,true,מפעל-רצועות עוף 10 ק,,,מפעל-רצועות עוף 10 ק,קילוגרמים,1.00,"ק""ג",true,,0.00,0.0000,true,1,139369
515042,true,"קמח לבן 1 ק""ג",,,"קמח לבן 1 ק""ג",,0.00,,false,,0.00,0.0000,true,1,135144
542041,true,מפעל-לחמנייה כפרי אר,,,מפעל-לחמנייה כפרי אר,,0.00,,false,,2999.90,0.0000,true,1,138658
542379,true,מפעל-מיני כפרית,,,מפעל-מיני כפרית,,0.00,,false,,0.70,0.0000,true,1,139149
605018,true,מפעל-מזרה סוכריות,,,מפעל-מזרה סוכריות,,0.00,,false,,0.00,0.0000,true,1,138588
605031,true,מפעל-מזרה בטעם שוקול,,,מפעל-מזרה בטעם שוקול,,0.00,,false,,2999.00,0.0000,true,1,139067
608466,true,מפעל-תערובת כדורים ב,,,מפעל-תערובת כדורים ב,,0.00,,false,,0.00,0.0000,true,1,138662
609003,true,מפעל-אבקת סוכר שק ני,,,מפעל-אבקת סוכר שק ני,,0.00,,false,,0.00,0.0000,true,1,139235
609058,true,מפעל-אבקת קקאו20/22,,,מפעל-אבקת קקאו20/22,,0.00,,false,,0.00,0.0000,true,1,139236
611068,true,שניצל פטם דק דק,,,שניצל פטם דק דק,קילוגרמים,1.00,"ק""ג",true,,0.00,0.0000,true,1,139959
611082,true,עוף שלם ללא עצם טרי,,,עוף שלם ללא עצם טרי,קילוגרמים,1.00,"ק""ג",true,,0.00,0.0000,true,1,139960
611099,true,כבד טרי,,,כבד טרי,קילוגרמים,1.00,"ק""ג",true,,0.00,0.0000,true,1,139961
611118,true,מפעל-בוטנים גרוסים ד,,,מפעל-בוטנים גרוסים ד,,0.00,,false,,0.00,0.0000,true,1,138589
611129,true,ירכיים טרי,,,ירכיים טרי,קילוגרמים,1.00,"ק""ג",true,,0.00,0.0000,true,1,139962
611143,true,טחול טרי,,,טחול טרי,קילוגרמים,1.00,"ק""ג",true,,0.00,0.0000,true,1,139963
611150,true,לב טרי,,,לב טרי,קילוגרמים,1.00,"ק""ג",true,,0.00,0.0000,true,1,139964
611167,true,נתחי חזה פטם תפז,,,נתחי חזה פטם תפז,קילוגרמים,1.00,"ק""ג",true,,0.00,0.0000,true,1,139965
611181,true,כנפיים טרי,,,כנפיים טרי,קילוגרמים,1.00,"ק""ג",true,,0.00,0.0000,true,1,139966
611204,true,שניצל דק דק,,,שניצל דק דק,קילוגרמים,1.00,"ק""ג",true,,0.00,0.0000,true,1,139967
611228,true,פילה טרי,,,פילה טרי,קילוגרמים,1.00,"ק""ג",true,,0.00,0.0000,true,1,139968
611242,true,פילה עוף טרי,,,פילה עוף טרי,קילוגרמים,1.00,"ק""ג",true,,0.00,0.0000,true,1,139969
611259,true,חזה חצוי,,,חזה חצוי,קילוגרמים,1.00,"ק""ג",true,,0.00,0.0000,true,1,139970
611273,true,פ -4תפזורת טרי,,,פ -4תפזורת טרי,קילוגרמים,1.00,"ק""ג",true,,0.00,0.0000,true,1,140097
611280,true,פטם טרי,,,פטם טרי,קילוגרמים,1.00,"ק""ג",true,,0.00,0.0000,true,1,139971
611327,true,נתח פרגית טרי,,,נתח פרגית טרי,קילוגרמים,1.00,"ק""ג",true,,0.00,0.0000,true,1,139972
611334,true,סטייק פרגית ב.ע .,,,סטייק פרגית ב.ע .,קילוגרמים,1.00,"ק""ג",true,,0.00,0.0000,true,1,139973
611389,true,כנפית פטם,,,כנפית פטם,קילוגרמים,1.00,"ק""ג",true,,0.00,0.0000,true,1,139974
611396,true,סטייק פרגית ע.ע .,,,סטייק פרגית ע.ע .,קילוגרמים,1.00,"ק""ג",true,,0.00,0.0000,true,1,139975
611402,true,עוף צעיר טרי,,,עוף צעיר טרי,קילוגרמים,1.00,"ק""ג",true,,0.00,0.0000,true,1,139976
611419,true,קורקבן טרי,,,קורקבן טרי,קילוגרמים,1.00,"ק""ג",true,,0.00,0.0000,true,1,139977
611440,true,"שניצל 150 גר """,,,"שניצל 150 גר """,קילוגרמים,1.00,"ק""ג",true,,0.00,0.0000,true,1,139978
611471,true,"שוקיים טרי תפז """,,,"שוקיים טרי תפז """,קילוגרמים,1.00,"ק""ג",true,,0.00,0.0000,true,1,139979
611518,true,כרעיים טרי,,,כרעיים טרי,קילוגרמים,1.00,"ק""ג",true,,0.00,0.0000,true,1,139980
611563,true,קוקטייל טרי,,,קוקטייל טרי,קילוגרמים,1.00,"ק""ג",true,,0.00,0.0000,true,1,139981
611600,true,פ -4גדול,,,פ -4גדול,קילוגרמים,1.00,"ק""ג",true,,0.00,0.0000,true,1,139982
611624,true,"פ -4מס 2 """,,,"פ -4מס 2 """,קילוגרמים,1.00,"ק""ג",true,,0.00,0.0000,true,1,139983
611716,true,שווארמה) פרגית (,,,שווארמה) פרגית (,קילוגרמים,1.00,"ק""ג",true,,0.00,0.0000,true,1,139984
611808,true,כרעיים טרי טנא,,,כרעיים טרי טנא,קילוגרמים,1.00,"ק""ג",true,,0.00,0.0000,true,1,139985
611839,true,שוקיים טרי,,,שוקיים טרי,קילוגרמים,1.00,"ק""ג",true,,0.00,0.0000,true,1,139986
611846,true,כרעיים טרי,,,כרעיים טרי,קילוגרמים,1.00,"ק""ג",true,,0.00,0.0000,true,1,139987
611853,true,כנפיים טרי,,,כנפיים טרי,קילוגרמים,1.00,"ק""ג",true,,0.00,0.0000,true,1,139988
611860,true,חזה טרי,,,חזה טרי,קילוגרמים,1.00,"ק""ג",true,,0.00,0.0000,true,1,139989
611877,true,ירכיים טרי,,,ירכיים טרי,קילוגרמים,1.00,"ק""ג",true,,0.00,0.0000,true,1,139990
611884,true,כבד טרי,,,כבד טרי,קילוגרמים,1.00,"ק""ג",true,,0.00,0.0000,true,1,139991
611891,true,לבבות טרי,,,לבבות טרי,קילוגרמים,1.00,"ק""ג",true,,0.00,0.0000,true,1,139992
611938,true,טחול טרי,,,טחול טרי,קילוגרמים,1.00,"ק""ג",true,,0.00,0.0000,true,1,139993
611945,true,קורקבן טרי,,,קורקבן טרי,קילוגרמים,1.00,"ק""ג",true,,0.00,0.0000,true,1,139994
611952,true,כרעיים טרי 250,,,כרעיים טרי 250,קילוגרמים,1.00,"ק""ג",true,,0.00,0.0000,true,1,139995
611969,true,כרעיים טרי 300,,,כרעיים טרי 300,קילוגרמים,1.00,"ק""ג",true,,0.00,0.0000,true,1,139996
611983,true,שניצל פרוס,,,שניצל פרוס,קילוגרמים,1.00,"ק""ג",true,,0.00,0.0000,true,1,139997
611990,true,שוארמה טרי,,,שוארמה טרי,קילוגרמים,1.00,"ק""ג",true,,0.00,0.0000,true,1,139998
612069,true,כרעיים ללא עצם גב,,,כרעיים ללא עצם גב,קילוגרמים,1.00,"ק""ג",true,,0.00,0.0000,true,1,139999
612102,true,ירך פטם ב.ע.ג .,,,ירך פטם ב.ע.ג .,קילוגרמים,1.00,"ק""ג",true,,0.00,0.0000,true,1,140000
612126,true,כנף חצויה,,,כנף חצויה,קילוגרמים,1.00,"ק""ג",true,,0.00,0.0000,true,1,140001
612149,true,כנף הודו מפורק,,,כנף הודו מפורק,קילוגרמים,1.00,"ק""ג",true,,0.00,0.0000,true,1,140002
612157,true,סטייק פרגיות ארוז,,,סטייק פרגיות ארוז,קילוגרמים,1.00,"ק""ג",true,,0.00,0.0000,true,1,140003
612164,true,חזה הודו נקבה טרי תפ,,,חזה הודו נקבה טרי תפ,קילוגרמים,1.00,"ק""ג",true,,0.00,0.0000,true,1,140078
612171,true,שווארמה הודו נקבה,,,שווארמה הודו נקבה,קילוגרמים,1.00,"ק""ג",true,,0.00,0.0000,true,1,140004
612195,true,הודו שלם נקבה,,,הודו שלם נקבה,קילוגרמים,1.00,"ק""ג",true,,0.00,0.0000,true,1,140005
612201,true,כבד טרי,,,כבד טרי,קילוגרמים,1.00,"ק""ג",true,,0.00,0.0000,true,1,140006
612218,true,קורקבן טרי,,,קורקבן טרי,קילוגרמים,1.00,"ק""ג",true,,0.00,0.0000,true,1,140007
612225,true,לב טרי,,,לב טרי,קילוגרמים,1.00,"ק""ג",true,,0.00,0.0000,true,1,140008
612232,true,אשכים,,,אשכים,קילוגרמים,1.00,"ק""ג",true,,0.00,0.0000,true,1,140009
612249,true,פרפר זכר טרי,,,פרפר זכר טרי,קילוגרמים,1.00,"ק""ג",true,,0.00,0.0000,true,1,140010
612263,true,פרפר נקבה טרי,,,פרפר נקבה טרי,קילוגרמים,1.00,"ק""ג",true,,0.00,0.0000,true,1,140011
612270,true,"חזה פרפר ע""ע זכר",,,"חזה פרפר ע""ע זכר",קילוגרמים,1.00,"ק""ג",true,,0.00,0.0000,true,1,140012
612287,true,"חזה פרפר ע""ע נקבה",,,"חזה פרפר ע""ע נקבה",קילוגרמים,1.00,"ק""ג",true,,0.00,0.0000,true,1,140013
612300,true,שוק הודו פלסטון קטן,,,שוק הודו פלסטון קטן,קילוגרמים,1.00,"ק""ג",true,,0.00,0.0000,true,1,140122
612324,true,חזה זכר חצוי ע.ע,,,חזה זכר חצוי ע.ע,קילוגרמים,1.00,"ק""ג",true,,0.00,0.0000,true,1,140014
612331,true,נתחים,,,נתחים,קילוגרמים,1.00,"ק""ג",true,,0.00,0.0000,true,1,140015
612348,true,שוק זכר טרי,,,שוק זכר טרי,קילוגרמים,1.00,"ק""ג",true,,0.00,0.0000,true,1,140016
612355,true,שוק נקבה טרי,,,שוק נקבה טרי,קילוגרמים,1.00,"ק""ג",true,,0.00,0.0000,true,1,140017
612362,true,חזה זכר חצוי ללא פיל,,,חזה זכר חצוי ללא פיל,קילוגרמים,1.00,"ק""ג",true,,0.00,0.0000,true,1,140018
612379,true,פילה הודו,,,פילה הודו,קילוגרמים,1.00,"ק""ג",true,,0.00,0.0000,true,1,140019
612386,true,שווארמה נקבה טרי,,,שווארמה נקבה טרי,קילוגרמים,1.00,"ק""ג",true,,0.00,0.0000,true,1,140020
612393,true,שווארמה זכר טרי,,,שווארמה זכר טרי,קילוגרמים,1.00,"ק""ג",true,,0.00,0.0000,true,1,140021
612409,true,שישליק טרי,,,שישליק טרי,קילוגרמים,1.00,"ק""ג",true,,0.00,0.0000,true,1,140022
612416,true,שוק מפורק,,,שוק מפורק,קילוגרמים,1.00,"ק""ג",true,,0.00,0.0000,true,1,140023
612430,true,חתיכות,,,חתיכות,קילוגרמים,1.00,"ק""ג",true,,0.00,0.0000,true,1,140024
612447,true,כנף זכר טרי,,,כנף זכר טרי,קילוגרמים,1.00,"ק""ג",true,,0.00,0.0000,true,1,140025
612454,true,שוק מפורק פרוס,,,שוק מפורק פרוס,קילוגרמים,1.00,"ק""ג",true,,0.00,0.0000,true,1,140026
612461,true,כנף נקבה טרי,,,כנף נקבה טרי,קילוגרמים,1.00,"ק""ג",true,,0.00,0.0000,true,1,140027
612508,true,חזה נקבה חצוי טרי,,,חזה נקבה חצוי טרי,קילוגרמים,1.00,"ק""ג",true,,0.00,0.0000,true,1,140028
612539,true,חזה זכר חצוי טרי,,,חזה זכר חצוי טרי,קילוגרמים,1.00,"ק""ג",true,,0.00,0.0000,true,1,140029
612577,true,גרון זכר,,,גרון זכר,קילוגרמים,1.00,"ק""ג",true,,0.00,0.0000,true,1,140030
612584,true,גרון נקבה,,,גרון נקבה,קילוגרמים,1.00,"ק""ג",true,,0.00,0.0000,true,1,140031
612591,true,גרון עוף,,,גרון עוף,קילוגרמים,1.00,"ק""ג",true,,0.00,0.0000,true,1,140032
612607,true,זנבות עם עצם,,,זנבות עם עצם,קילוגרמים,1.00,"ק""ג",true,,0.00,0.0000,true,1,140033
612614,true,טחול,,,טחול,קילוגרמים,1.00,"ק""ג",true,,0.00,0.0000,true,1,140034
612652,true,"ירך זכר ע""ע",,,"ירך זכר ע""ע",קילוגרמים,1.00,"ק""ג",true,,0.00,0.0000,true,1,140035
612867,true,שווארמה ה.נ.טרי,,,שווארמה ה.נ.טרי,קילוגרמים,1.00,"ק""ג",true,,0.00,0.0000,true,1,140036
612874,true,שישליק טרי,,,שישליק טרי,קילוגרמים,1.00,"ק""ג",true,,0.00,0.0000,true,1,140037
612881,true,שוק ה.נ טרי,,,שוק ה.נ טרי,קילוגרמים,1.00,"ק""ג",true,,0.00,0.0000,true,1,140038
612898,true,נתחי הודו טרי,,,נתחי הודו טרי,קילוגרמים,1.00,"ק""ג",true,,0.00,0.0000,true,1,140039
612904,true,חזה ה.נ.טרי,,,חזה ה.נ.טרי,קילוגרמים,1.00,"ק""ג",true,,0.00,0.0000,true,1,140040
612911,true,בשר אדום טרי,,,בשר אדום טרי,קילוגרמים,1.00,"ק""ג",true,,0.00,0.0000,true,1,140041
612928,true,כנפיים ה.נ.טרי,,,כנפיים ה.נ.טרי,קילוגרמים,1.00,"ק""ג",true,,0.00,0.0000,true,1,140042
612935,true,כבד הודו טרי,,,כבד הודו טרי,קילוגרמים,1.00,"ק""ג",true,,0.00,0.0000,true,1,140043
612942,true,לב הודו טרי,,,לב הודו טרי,קילוגרמים,1.00,"ק""ג",true,,0.00,0.0000,true,1,140044
612959,true,קורקבן הודו טרי,,,קורקבן הודו טרי,קילוגרמים,1.00,"ק""ג",true,,0.00,0.0000,true,1,140045
612966,true,גרון הודו טרי,,,גרון הודו טרי,קילוגרמים,1.00,"ק""ג",true,,0.00,0.0000,true,1,140046
612997,true,אשכים ארוז,,,אשכים ארוז,קילוגרמים,1.00,"ק""ג",true,,0.00,0.0000,true,1,140047
631195,true,אנטריקוט עגל חלק,,,אנטריקוט עגל חלק,קילוגרמים,1.00,"ק""ג",true,,0.00,0.0000,true,1,140851
671501,true,מפעל-קוקוס טחון לבן,,,מפעל-קוקוס טחון לבן,,0.00,,false,,0.00,0.0000,true,1,138590
683706,true,גביע לרוטב oz 1.5,,,גביע לרוטב oz 1.5,,0.00,,false,,0.00,0.0000,true,1,140301
685806,true,כרעיים חתוכות בלי עו,,,כרעיים חתוכות בלי עו,קילוגרמים,1.00,"ק""ג",true,,0.00,0.0000,true,1,140048
685844,true,גרון עוף ארוז,,,גרון עוף ארוז,קילוגרמים,1.00,"ק""ג",true,,0.00,0.0000,true,1,140049
756504,true,כפיות גלידה צבעוניות,,,כפיות גלידה צבעוניות,,0.00,,false,,0.00,0.0000,true,1,139061
875001,true,חזה חצוי הקצביה,,,חזה חצוי הקצביה,קילוגרמים,1.00,"ק""ג",true,,0.00,0.0000,true,1,140050
875018,true,שניצל דק הקצביה,,,שניצל דק הקצביה,קילוגרמים,1.00,"ק""ג",true,,0.00,0.0000,true,1,140051
875025,true,פילה פטם הקצביה,,,פילה פטם הקצביה,קילוגרמים,1.00,"ק""ג",true,,0.00,0.0000,true,1,140052
875032,true,כנפיים הקצביה,,,כנפיים הקצביה,קילוגרמים,1.00,"ק""ג",true,,0.00,0.0000,true,1,140053
875049,true,כרעיים הקצביה,,,כרעיים הקצביה,קילוגרמים,1.00,"ק""ג",true,,0.00,0.0000,true,1,140054
875056,true,שוקיים הקצביה,,,שוקיים הקצביה,קילוגרמים,1.00,"ק""ג",true,,0.00,0.0000,true,1,140055
875063,true,פרגית הקצביה,,,פרגית הקצביה,קילוגרמים,1.00,"ק""ג",true,,0.00,0.0000,true,1,140056
875070,true,פרגית פרוסה הקצביה,,,פרגית פרוסה הקצביה,קילוגרמים,1.00,"ק""ג",true,,0.00,0.0000,true,1,140057
875087,true,כבד פטם הקצביה,,,כבד פטם הקצביה,קילוגרמים,1.00,"ק""ג",true,,0.00,0.0000,true,1,140058
875094,true,קוקטייל קצביה,,,קוקטייל קצביה,קילוגרמים,1.00,"ק""ג",true,,0.00,0.0000,true,1,140059
875100,true,לבבות פטם חצוי,,,לבבות פטם חצוי,קילוגרמים,1.00,"ק""ג",true,,0.00,0.0000,true,1,140060
875117,true,לבבות פטם,,,לבבות פטם,קילוגרמים,1.00,"ק""ג",true,,0.00,0.0000,true,1,140061
875308,true,חזה חצוי הקצביה,,,חזה חצוי הקצביה,קילוגרמים,1.00,"ק""ג",true,,0.00,0.0000,true,1,140062
875315,true,שניצל דק הקצביה,,,שניצל דק הקצביה,קילוגרמים,1.00,"ק""ג",true,,0.00,0.0000,true,1,140063
875322,true,פילה פטם הקצביה,,,פילה פטם הקצביה,קילוגרמים,1.00,"ק""ג",true,,0.00,0.0000,true,1,140064
875339,true,כנפיים הקצביה,,,כנפיים הקצביה,קילוגרמים,1.00,"ק""ג",true,,0.00,0.0000,true,1,140065
875346,true,כרעיים הקצביה,,,כרעיים הקצביה,קילוגרמים,1.00,"ק""ג",true,,0.00,0.0000,true,1,140066
875353,true,שוקיים הקצביה,,,שוקיים הקצביה,קילוגרמים,1.00,"ק""ג",true,,0.00,0.0000,true,1,140067
875360,true,פרגית הקצביה,,,פרגית הקצביה,קילוגרמים,1.00,"ק""ג",true,,0.00,0.0000,true,1,140068
875377,true,פרגית פרוסה הקצביה,,,פרגית פרוסה הקצביה,קילוגרמים,1.00,"ק""ג",true,,0.00,0.0000,true,1,140069
875384,true,כבד פטם הקצביה,,,כבד פטם הקצביה,קילוגרמים,1.00,"ק""ג",true,,0.00,0.0000,true,1,140070
934330,true,קדמי טלה חלק מחולק ב,,,קדמי טלה חלק מחולק ב,קילוגרמים,1.00,"ק""ג",true,,0.00,0.0000,true,1,141086
934596,true,צוואר צלעות עגל חלק,,,צוואר צלעות עגל חלק,קילוגרמים,1.00,"ק""ג",true,,0.00,0.0000,true,1,140794
934678,true,אנטריקוט עגל כשר,,,אנטריקוט עגל כשר,קילוגרמים,1.00,"ק""ג",true,,0.00,0.0000,true,1,139942
934689,true,קיט כתף חלק,,,קיט כתף חלק,קילוגרמים,1.00,"ק""ג",true,,0.00,0.0000,true,1,140818
934700,true,נתחים לקצב חלק,,,נתחים לקצב חלק,קילוגרמים,1.00,"ק""ג",true,,0.00,0.0000,true,1,141087
934707,true,עצמות מוח חלק קפוא,,,עצמות מוח חלק קפוא,קילוגרמים,1.00,"ק""ג",true,,0.00,0.0000,true,1,141088
963320,true,סינטה עגל חלק,,,סינטה עגל חלק,קילוגרמים,1.00,"ק""ג",true,,0.00,0.0000,true,1,141089
1000183,true,מפעל-לחמניות מיני שמ,,,מפעל-לחמניות מיני שמ,,0.00,,false,,2999.90,0.0000,true,1,140099
1141004,true,מפעל-פרוסות חציל נקי,,,מפעל-פרוסות חציל נקי,,0.00,,false,,0.00,0.0000,true,1,137054
1157151,true,"מפעל-תפו""א זעיר לבן",,,"מפעל-תפו""א זעיר לבן",,0.00,,false,,2999.90,0.0000,true,1,139271
1230001,true,פרוסות חציל נקי,,,פרוסות חציל נקי,,0.00,,false,,0.00,0.0000,true,1,136996
1230003,true,מפעל-סלט טונה טוניסא,,,מפעל-סלט טונה טוניסא,,0.00,,false,,0.00,0.0000,true,1,136997
1230004,true,מפעל-סלט טונה עם ירק,,,מפעל-סלט טונה עם ירק,,0.00,,false,,0.00,0.0000,true,1,136998
1230005,true,מפעל-טחינה,,,מפעל-טחינה,,0.00,,false,,0.00,0.0000,true,1,136999
1230007,true,מפעל-סלט ביצים,,,מפעל-סלט ביצים,,0.00,,false,,0.00,0.0000,true,1,137055
1280047,true,מפעל-פלפל שחור,,,מפעל-פלפל שחור,,0.00,,false,,0.00,0.0000,true,1,139426
1289005,true,מפעל-שום כתוש,,,מפעל-שום כתוש,,0.00,,false,,2999.90,0.0000,true,1,139438
1293017,true,"מפעל-צ""ופסטיק",,,"מפעל-צ""ופסטיק",,0.00,,false,,2999.90,0.0000,true,1,140136
1296004,true,מפעל-ניילון בגליל עו,,,מפעל-ניילון בגליל עו,,0.00,,false,,0.00,0.0000,true,1,139467
1296005,true,מפעל-ניילון בגליל עו,,,מפעל-ניילון בגליל עו,,0.00,,false,,0.00,0.0000,true,1,139468
1296006,true,ניילון נצמד בודד 30,,,ניילון נצמד בודד 30,,0.00,,false,,5.00,0.0000,true,1,139469
1500307,true,סטנד טמפקס 68 EVAX +,,,סטנד טמפקס 68 EVAX +,,0.00,,false,,0.00,0.0000,true,1,138028
1532010,true,מפעל-סלמון מעושן חם,,,מפעל-סלמון מעושן חם,קילוגרמים,1.00,"ק""ג",true,,2999.90,2999.9000,true,1,137775
1532011,true,מפעל-סלמון מעושן חם,,,מפעל-סלמון מעושן חם,קילוגרמים,1.00,"ק""ג",true,,2999.90,2999.9000,true,1,138702
1700210,true,שקיות גופיה לבן גדול,,,שקיות גופיה לבן גדול,,0.00,,false,,0.00,0.0000,true,1,140823
1855911,true,"שמן קנולה 650 מ""ל",,,"שמן קנולה 650 מ""ל",,0.00,,false,,5.00,0.0000,true,1,135189
2001845,true,מפעל-סלמון,,,מפעל-סלמון,,0.00,,false,,0.00,0.0000,true,1,137056
2002149,true,מפעל -ממרח אריסה א2.,,,מפעל -ממרח אריסה א2.,,0.00,,false,,2999.90,0.0000,true,1,137675
2002150,true,מפעל-ממרח עגבניות מי,,,מפעל-ממרח עגבניות מי,,0.00,,false,,2999.90,0.0000,true,1,138711
2020102,true,מפעל-ממרח לימון כבוש,,,מפעל-ממרח לימון כבוש,,0.00,,false,,2999.90,0.0000,true,1,137676
2020123,true,מפעל-ממרח עגבניות א1,,,מפעל-ממרח עגבניות א1,,0.00,,false,,2999.90,0.0000,true,1,137677
2020125,true,מפעל-ממרח זית ירוק א,,,מפעל-ממרח זית ירוק א,,0.00,,false,,2999.90,0.0000,true,1,138498
2020126,true,מפעל-ממרח פלפל א3 10,,,מפעל-ממרח פלפל א3 10,,0.00,,false,,2999.90,0.0000,true,1,137678
2079422,true,קרוטונים למרק 250 גר,,,קרוטונים למרק 250 גר,,0.00,,false,,5.00,0.0000,true,1,135609
2214153,true,שוקית פטם,,,שוקית פטם,קילוגרמים,1.00,"ק""ג",true,,0.00,0.0000,true,1,139833
2276050,true,מפעל-לחמנית ארבע עונ,,,מפעל-לחמנית ארבע עונ,,0.00,,false,,2999.90,0.0000,true,1,138973
2276111,true,מפעל-לחמנית בורג מתו,,,מפעל-לחמנית בורג מתו,,0.00,,false,,2999.90,0.0000,true,1,138977
2707500,true,מפעל-חסה רומיין 500,,,מפעל-חסה רומיין 500,,0.00,,false,,0.00,0.0000,true,1,138628
2711533,true,מפעל-פטרוזיליה,,,מפעל-פטרוזיליה,,0.00,,false,,0.00,0.0000,true,1,137034
2715200,true,"מפעל-בצל קוביות 1 ק""",,,"מפעל-בצל קוביות 1 ק""",,0.00,,false,,2999.90,0.0000,true,1,137222
2716100,true,"מפעל-סלרי קצוץ ק""ג",,,"מפעל-סלרי קצוץ ק""ג",,0.00,,false,,2999.00,0.0000,true,1,137936
2730020,true,אייס לימונענע 12 יחי,,,אייס לימונענע 12 יחי,,0.00,,false,,2999.90,0.0000,true,1,138489
2794015,true,מפעל-לקט ירקות,,,מפעל-לקט ירקות,,0.00,,false,,2999.90,0.0000,true,1,137038
2881735,true,לבבות דקל 400 גרם,,,לבבות דקל 400 גרם,,0.00,,false,,0.00,0.0000,true,1,139940
2901300,true,מפעל-עגבניית שרי שטו,,,מפעל-עגבניית שרי שטו,,0.00,,false,,0.00,0.0000,true,1,137258
2944100,true,מפעל-גזר מקולף 5 קיל,,,מפעל-גזר מקולף 5 קיל,,0.00,,false,,2999.90,0.0000,true,1,137447
2951100,true,מפעל-בטטה מקולפת,,,מפעל-בטטה מקולפת,,0.00,,false,,2999.90,0.0000,true,1,137537
2985200,true,מפעל-מלפפון שטוף,,,מפעל-מלפפון שטוף,,0.00,,false,,2999.00,0.0000,true,1,137231
3143401,true,"שווארמה ה.ז .ע""ע",,,"שווארמה ה.ז .ע""ע",קילוגרמים,1.00,"ק""ג",true,,0.00,0.0000,true,1,139878
4119522,true,שוקו שוק בשקית 225 מ,,,שוקו שוק בשקית 225 מ,,0.00,,false,,5.00,0.0000,true,1,135190
4536660,true,רדיד אלומיניום7.5*3,,,רדיד אלומיניום7.5*3,,0.00,,false,,0.00,0.0000,true,1,136743
4798055,true,מסבין סנטטי 230 גרם,,,מסבין סנטטי 230 גרם,,0.00,,false,,5.00,0.0000,true,1,135534
4869298,true,מיני קרואסון שמרים ק,,,מיני קרואסון שמרים ק,קילוגרמים,1.00,"ק""ג",true,,0.00,0.0000,true,1,139251
4869380,true,מיני קרואסון שוקו אפ,,,מיני קרואסון שוקו אפ,קילוגרמים,1.00,"ק""ג",true,,0.00,0.0000,true,1,139252
5053177,true,גבינת שמנת,,,גבינת שמנת,,0.00,,false,,0.00,0.0000,true,1,139159
5431593,true,קדאיף עדן קינוחים,,,קדאיף עדן קינוחים,,0.00,,false,,0.00,0.0000,true,1,139166
5431753,true,עוגת ביסקוויטים,,,עוגת ביסקוויטים,,0.00,,false,,0.00,0.0000,true,1,138705
6901287,true,קופיקס- אפרופו 50 גר,,,קופיקס- אפרופו 50 גר,,0.00,,false,,5.00,0.0000,true,1,137257
6930640,true,מפעל-ביצה קשה,,,מפעל-ביצה קשה,,0.00,,false,,2999.90,0.0000,true,1,137001
7002124,true,"ווסקי ג""יימסון 1 לי",,,"ווסקי ג""יימסון 1 לי",,0.00,,false,,0.00,0.0000,true,1,135995
7644594,true,מפעל -חטיף גרנולה שו,,,מפעל -חטיף גרנולה שו,,0.00,,false,,0.00,0.0000,true,1,140148
7644600,true,מפעל - חטיף גרנולה ש,,,מפעל - חטיף גרנולה ש,,0.00,,false,,0.00,0.0000,true,1,140149
8730017,true,אייס לימונענע 12 יחי,,,אייס לימונענע 12 יחי,,0.00,,false,,2999.90,0.0000,true,1,138491
10000188,true,מפעל-לחמניות ביס דגנ,,,מפעל-לחמניות ביס דגנ,,0.00,,false,,2999.90,0.0000,true,1,140098
10293800,true,מפעל-זיתים טבעות ירו,,,מפעל-זיתים טבעות ירו,,0.00,,false,,2999.90,0.0000,true,1,138186
10321680,false,יוגורט 2.9% תות גו 2,,,יוגורט 2.9% תות גו 2,גרמים,200.00,100 גרם,false,,5.50,0.0275,true,1,151334
10321697,false,יוגורט 2.9% אפרסק גו,,,יוגורט 2.9% אפרסק גו,גרמים,200.00,100 גרם,false,,5.70,0.0285,true,1,151329
10322014,false,טופו טבעי 300 גרם,,,טופו טבעי 300 גרם,גרמים,300.00,100 גרם,false,,12.50,0.0417,true,1,151406
10322946,false,יוגורט תות ובננה סמו,,,יוגורט תות ובננה סמו,מיליליטרים,348.00,"100 מ""ל",false,,11.90,0.0342,true,1,151686
10323073,false,משקה יוגורט 1% 20 גר,,,משקה יוגורט 1% 20 גר,מיליליטרים,250.00,"100 מ""ל",false,,6.30,0.0252,true,1,151688
10323592,false,יוגורט לייט 0.5% מוע,,,יוגורט לייט 0.5% מוע,גרמים,200.00,100 גרם,false,,5.70,0.0285,true,1,151332
10323714,false,משקה קוקוס שקדים תנו,,,משקה קוקוס שקדים תנו,מיליליטרים,1000.00,"100 מ""ל",false,,12.90,0.0129,true,1,151336
10324551,false,יוגורט טיוב תות סמוט,,,יוגורט טיוב תות סמוט,מיליליטרים,348.00,"100 מ""ל",false,,11.90,0.0342,true,1,151226
10326227,false,יופלה און טופ קורנפל,,,יופלה און טופ קורנפל,גרמים,157.00,100 גרם,false,,5.00,0.0318,true,1,151683
10326241,false,יופלה און טופ גרנולה,,,יופלה און טופ גרנולה,גרמים,157.00,100 גרם,false,,5.00,0.0318,true,1,151471
11179345,false,כוסות שתיה קרה 100 י,כוסות שתיה קרה 4 ב 1,,כוסות שתיה קרה 100 י,Unknown,100.00,יחידה,false,,7.90,0.0790,true,1,145554
11499297,true,ברי פקאן 25% שומן12,,,ברי פקאן 25% שומן12,,0.00,,false,,20.00,0.0000,true,1,140969
11499334,true,גבינת קממבר צאן 125,,,גבינת קממבר צאן 125,,0.00,,false,,18.00,0.0000,true,1,140970
12870003,true,מפעל-כפפות ניטרל S,,,מפעל-כפפות ניטרל S,,0.00,,false,,20.00,0.0000,true,1,139566
12890003,true,מפעל-אבקת ווסאבי,,,מפעל-אבקת ווסאבי,,0.00,,false,,0.00,0.0000,true,1,139388
12890004,true,מפעל-אורגנו,,,מפעל-אורגנו,,0.00,,false,,0.00,0.0000,true,1,139389
12890007,true,מפעל-אצות לסושי,,,מפעל-אצות לסושי,,0.00,,false,,0.00,0.0000,true,1,139392
12890014,true,"מפעל-ג""ינג""ר לסושי",,,"מפעל-ג""ינג""ר לסושי",,0.00,,false,,0.00,0.0000,true,1,139399
12890016,true,מפעל-גבינת שמנת,,,מפעל-גבינת שמנת,קילוגרמים,1.00,"ק""ג",true,,0.00,0.0000,true,1,139404
12890019,true,מפעל-חומץ אורז לסושי,,,מפעל-חומץ אורז לסושי,,0.00,,false,,0.00,0.0000,true,1,139407
12890026,true,מפעל-מירין,,,מפעל-מירין,,0.00,,false,,0.00,0.0000,true,1,139414
12890027,true,מפעל-מלח דק,,,מפעל-מלח דק,,0.00,,false,,0.00,0.0000,true,1,139415
12890031,true,מפעל-מלח לימון,,,מפעל-מלח לימון,,0.00,,false,,0.00,0.0000,true,1,139419
12890037,true,מפעל-מרק טעם עוף,,,מפעל-מרק טעם עוף,,0.00,,false,,0.00,0.0000,true,1,139424
12890038,true,מפעל-סאקה,,,מפעל-סאקה,,0.00,,false,,0.00,0.0000,true,1,139427
12890042,true,מפעל-עגבניית שרי,,,מפעל-עגבניית שרי,,0.00,,false,,0.00,0.0000,true,1,139431
12890044,true,מפעל-פטרוזיליה,,,מפעל-פטרוזיליה,קילוגרמים,1.00,"ק""ג",true,,0.00,0.0000,true,1,139433
12890049,true,מפעל-פנקו,,,מפעל-פנקו,,0.00,,false,,0.00,0.0000,true,1,139437
12890050,true,מפעל-פסטה מסולסלת,,,מפעל-פסטה מסולסלת,,0.00,,false,,0.00,0.0000,true,1,139439
12890051,true,מפעל-פפריקה חריפה,,,מפעל-פפריקה חריפה,,0.00,,false,,0.00,0.0000,true,1,139440
12890052,true,מפעל-פפריקה מתוקה מו,,,מפעל-פפריקה מתוקה מו,,0.00,,false,,0.00,0.0000,true,1,139441
12890054,true,מפעל-קנפיו לסושי,,,מפעל-קנפיו לסושי,,0.00,,false,,0.00,0.0000,true,1,139443
12890056,true,מפעל-רוטב סויה אישי,,,מפעל-רוטב סויה אישי,,0.00,,false,,0.00,0.0000,true,1,139445
12890058,true,מפעל-שומשום לבן,,,מפעל-שומשום לבן,,0.00,,false,,0.00,0.0000,true,1,139446
12890059,true,מפעל-שומשום שחור קלו,,,מפעל-שומשום שחור קלו,,0.00,,false,,0.00,0.0000,true,1,139447
12890063,true,מפעל-כורכום מוקרן,,,מפעל-כורכום מוקרן,,0.00,,false,,0.00,0.0000,true,1,139487
12890064,true,מפעל-כמון מוקרן,,,מפעל-כמון מוקרן,,0.00,,false,,0.00,0.0000,true,1,139488
12890071,true,מפעל-שמן קנולה,,,מפעל-שמן קנולה,,0.00,,false,,0.00,0.0000,true,1,139494
12890074,true,מפעל-רוטב סויה יאמאס,,,מפעל-רוטב סויה יאמאס,,0.00,,false,,0.00,0.0000,true,1,139497
12890075,true,מפעל-מלח עבה,,,מפעל-מלח עבה,,0.00,,false,,0.00,0.0000,true,1,139498
12890076,true,מפעל-בורגול,,,מפעל-בורגול,,0.00,,false,,0.00,0.0000,true,1,139499
12890083,true,מפעל-פלפל שחור טחון,,,מפעל-פלפל שחור טחון,,0.00,,false,,0.00,0.0000,true,1,139508
12890084,true,מפעל-רצועות עוף סויה,,,מפעל-רצועות עוף סויה,קילוגרמים,1.00,"ק""ג",true,,0.00,0.0000,true,1,139509
12890087,true,מפעל-תערובת כדורים ב,,,מפעל-תערובת כדורים ב,,0.00,,false,,0.00,0.0000,true,1,139512
12890088,true,מפעל-אבקת סוכר,,,מפעל-אבקת סוכר,,0.00,,false,,0.00,0.0000,true,1,139513
12890089,true,מפעל-אבקת קקאו,,,מפעל-אבקת קקאו,קילוגרמים,1.00,"ק""ג",true,,0.00,0.0000,true,1,139514
12890091,true,מפעל-קוקוס טחון,,,מפעל-קוקוס טחון,,0.00,,false,,0.00,0.0000,true,1,139516
12890092,true,מפעל-רוטב סויה אישי,,,מפעל-רוטב סויה אישי,,0.00,,false,,0.00,0.0000,true,1,139517
12890106,true,מפעל-לחמניית מזונות,,,מפעל-לחמניית מזונות,,0.00,,false,,2999.90,0.0000,true,1,139525
12890107,true,מפעל-פרנה 120 גרם,,,מפעל-פרנה 120 גרם,,0.00,,false,,2999.90,0.0000,true,1,139526
12890118,true,מפעל-נתחי טונה בשמן,,,מפעל-נתחי טונה בשמן,קילוגרמים,1.00,"ק""ג",true,,0.00,0.0000,true,1,139675
12890132,true,מפעל-לחמניה מזרחית ע,,,מפעל-לחמניה מזרחית ע,,0.00,,false,,2999.90,0.0000,true,1,140422
12890133,true,מפעל-לחמניה כפרית75,,,מפעל-לחמניה כפרית75,,0.00,,false,,0.70,0.0000,true,1,140423
12890134,true,"מפעל-תפו""א מקולף לטו",,,"מפעל-תפו""א מקולף",קילוגרמים,1.00,"ק""ג",true,,0.00,0.0000,true,1,140424
12890135,true,מפעל-ניילון רדיד שקו,,,מפעל-ניילון רדיד שקו,קילוגרמים,1.00,"ק""ג",true,,0.00,0.0000,true,1,140444
12890137,true,"מפעל-רוטב צ""ילי מתוק",,,"מפעל-רוטב צ""ילי מתוק",,0.00,,false,,0.00,0.0000,true,1,140545
12890138,true,מפעל-בוטנים קלויים,,,מפעל-בוטנים קלויים,,0.00,,false,,0.00,0.0000,true,1,140546
12890142,true,מפעל-קרוטונים למרק,,,מפעל-קרוטונים למרק,קילוגרמים,1.00,"ק""ג",true,,0.00,0.0000,true,1,140878
12890144,true,מפעל-תחליף גבינה פיצ,,,מפעל-תחליף גבינה פיצ,,0.00,,false,,0.00,0.0000,true,1,140880
12890226,true,מפעל-ממרח טפנד זיתים,,,מפעל-ממרח טפנד זיתים,,0.00,,false,,0.00,0.0000,true,1,141335
12890227,true,מפעל-תפוח,,,מפעל-תפוח,,0.00,,false,,0.00,0.0000,true,1,141353
12890228,true,מפעל-עגבניות קוביות,,,מפעל-עגבניות קוביות,,0.00,,false,,0.00,0.0000,true,1,141358
12890231,true,מפעל-חומצה אסקורבית,,,מפעל-חומצה אסקורבית,,0.00,,false,,0.00,0.0000,true,1,141398
12890232,true,מפעל-פלפל קלוי,,,מפעל-פלפל קלוי,,0.00,,false,,0.00,0.0000,true,1,141401
12890236,true,מפעל-טפנד זיתים,,,מפעל-טפנד זיתים,,0.00,,false,,0.00,0.0000,true,1,141738
12890242,true,מפעל-עגבניות קוביות,,,מפעל-עגבניות קוביות,,0.00,,false,,0.00,0.0000,true,1,141810
12890243,true,מפעל-גבינת קרם שמנת,,,מפעל-גבינת קרם שמנת,,0.00,,false,,0.00,0.0000,true,1,141817
12890244,true,מפעל-גבינת קרם שמנת,,,מפעל-גבינת קרם שמנת,,0.00,,false,,0.00,0.0000,true,1,141818
12890245,true,מפעל-ממרח בטעם שוקול,,,מפעל-ממרח בטעם שוקול,,0.00,,false,,0.00,0.0000,true,1,141819
12891020,true,מפעל-קרוטונים למרק,,,מפעל-קרוטונים למרק,קילוגרמים,1.00,"ק""ג",true,,0.00,0.0000,true,1,140870
12891024,true,מפעל-לחמניה בריוש,,,מפעל-לחמניה בריוש,,0.00,,false,,0.00,0.0000,true,1,140881
12891025,true,מפעל-שבלול מתוק,,,מפעל-שבלול מתוק,,0.00,,false,,0.00,0.0000,true,1,140882
12891026,true,"מפעל-ג""בטינה מיני",,,"מפעל-ג""בטינה מיני",,0.00,,false,,0.00,0.0000,true,1,140883
12891027,true,מפעל-ביס פרג,,,מפעל-ביס פרג,,0.00,,false,,0.00,0.0000,true,1,140884
12891028,true,מפעל-מיני כפרית,,,מפעל-מיני כפרית,,0.00,,false,,0.00,0.0000,true,1,140885
12891029,true,מפעל-פסטה פנה,,,מפעל-פסטה פנה,,0.00,,false,,0.00,0.0000,true,1,141003
12891030,true,מפעל-פסטה ספגטי,,,מפעל-פסטה ספגטי,,0.00,,false,,0.00,0.0000,true,1,141004
12891031,true,מפעל-רוטב סויה סיני,,,מפעל-רוטב סויה סיני,,0.00,,false,,0.00,0.0000,true,1,141005
12891032,true,מפעל-רוטב בסגנון נפא,,,מפעל-רוטב בסגנון נפא,,0.00,,false,,0.00,0.0000,true,1,141006
12891033,true,"מפעל-רוטב סצ""ואן",,,"מפעל-רוטב סצ""ואן",,0.00,,false,,0.00,0.0000,true,1,141007
12891034,true,מפעל-רוטב טריאקי,,,מפעל-רוטב טריאקי,,0.00,,false,,0.00,0.0000,true,1,141008
12891038,true,מפעל-קסטן דגנים,,,מפעל-קסטן דגנים,,0.00,,false,,0.00,0.0000,true,1,141339
12891040,true,מפעל-באן חלבה,,,מפעל-באן חלבה,,0.00,,false,,0.00,0.0000,true,1,141359
12891041,true,מפעל-פריקסה בהיר קטן,,,מפעל-פריקסה בהיר קטן,,0.00,,false,,0.00,0.0000,true,1,141812
12891042,true,מפעל-פריקסה חצי אפוי,,,מפעל-פריקסה חצי אפוי,,0.00,,false,,0.00,0.0000,true,1,141813
12892001,true,מפעל-מיני כפרית,,,מפעל-מיני כפרית,,0.00,,false,,0.00,0.0000,true,1,140398
12910001,true,מפעל-מיני שמינייה מז,,,מפעל-מיני שמינייה מז,,0.00,,false,,0.00,0.0000,true,1,139254
12970001,true,מפעל-כפפות ניטריל L,,,מפעל-כפפות ניטריל L,,0.00,,false,,0.00,0.0000,true,1,139563
12970002,true,מפעל -ניטריל כפפותM,,,מפעל -ניטריל כפפותM,,0.00,,false,,0.00,0.0000,true,1,139567
13070001,true,קיט-שקשוקה,,,קיט-שקשוקה,קילוגרמים,1.00,"ק""ג",true,,0.00,0.0000,true,1,140486
13170002,true,מפעל-ספטוקל בלון 20,,,מפעל-ספטוקל בלון 20,,0.00,,false,,0.00,0.0000,true,1,139569
13170004,true,מפעל -QUICKDESבלון1,,,מפעל -QUICKDESבלון1,,0.00,,false,,0.00,0.0000,true,1,139571
13170005,true,מפעל MS -TOPבלון 20,,,מפעל MS -TOPבלון 20,,0.00,,false,,0.00,0.0000,true,1,139572
13170006,true,"מפעל -ZA28מיכל 25 ק""",,,"מפעל -ZA28מיכל 25 ק""",,0.00,,false,,0.00,0.0000,true,1,139573
13170007,true,מפעל-מטליותQUICKDES,,,מפעל-מטליותQUICKDES,,0.00,,false,,0.00,0.0000,true,1,139574
13170008,true,מפעל-גליל נייר תעשיי,,,מפעל-גליל נייר תעשיי,,0.00,,false,,2999.90,0.0000,true,1,139575
13170009,true,מפעל-סולו אקונומיקה,,,מפעל-סולו אקונומיקה,,0.00,,false,,2999.90,0.0000,true,1,139576
13170010,true,מפעל -md10נוזל לחיטו,,,מפעל -md10נוזל לחיטו,,0.00,,false,,0.00,0.0000,true,1,139577
13170012,true,מפעל-שפירצר ריק לניק,,,מפעל-שפירצר ריק לניק,,0.00,,false,,0.00,0.0000,true,1,139623
13170013,true,מפעל -OMD-10חומר חיט,,,מפעל -OMD-10חומר חיט,,0.00,,false,,0.00,0.0000,true,1,139678
13170016,true,מפעל-אל פיח,,,מפעל-אל פיח,,0.00,,false,,0.00,0.0000,true,1,140328
13170019,true,מפעל-אלום 10,,,מפעל-אלום 10,,0.00,,false,,0.00,0.0000,true,1,140354
13170020,true,מפעל -NL20Fח.ניקוי מ,,,מפעל -NL20Fח.ניקוי מ,,0.00,,false,,0.00,0.0000,true,1,140355
13170021,true,מפעל-אבנין - 10 ח.ני,,,מפעל-אבנין - 10 ח.ני,,0.00,,false,,0.00,0.0000,true,1,140356
13170022,true,מפעל DES -TOP,,,מפעל DES -TOP,,0.00,,false,,0.00,0.0000,true,1,140732
13170023,true,מפעל-בשמת אקסטרא,,,מפעל-בשמת אקסטרא,,0.00,,false,,0.00,0.0000,true,1,140733
13170024,true,"מפעל-פי.אל )28 .4ק""ג",,,"מפעל-פי.אל )28 .4ק""ג",,0.00,,false,,0.00,0.0000,true,1,140734
13180017,true,מפעל-אריזה למגשי איר,,,מפעל-אריזה למגשי איר,,0.00,,false,,0.00,0.0000,true,1,140318
13180018,true,מפעל-ניילון שקוף320,,,מפעל-ניילון שקוף320,קילוגרמים,1.00,"ק""ג",true,,0.00,0.0000,true,1,140319
13180019,true,מפעל-ניילון שקוף240,,,מפעל-ניילון שקוף240,,0.00,,false,,0.00,0.0000,true,1,140320
13180020,true,מפעל-שקית ארגזים90*,,,מפעל-שקית ארגזים90*,,0.00,,false,,0.00,0.0000,true,1,140321
13180021,true,מפעל-ניילון שקוף250,,,מפעל-ניילון שקוף250,,0.00,,false,,0.00,0.0000,true,1,140322
13180022,true,מפעל-ניילון רדיד מוד,,,מפעל-ניילון רדיד מוד,,0.00,,false,,0.00,0.0000,true,1,140323
13180023,true,מפעל-ניילון רדיד מוד,,,מפעל-ניילון רדיד מוד,,0.00,,false,,0.00,0.0000,true,1,140324
13180025,true,"מפעל-ניילון מס - 1 """,,,"מפעל-ניילון מס - 1 """,קילוגרמים,1.00,"ק""ג",true,,0.00,0.0000,true,1,140329
13180026,true,"מפעל-ניילון מס - 2 """,,,"מפעל-ניילון מס - 2 """,קילוגרמים,1.00,"ק""ג",true,,0.00,0.0000,true,1,140330
13180027,true,"מפעל-ניילון מס - 3 """,,,"מפעל-ניילון מס - 3 """,קילוגרמים,1.00,"ק""ג",true,,0.00,0.0000,true,1,140331
13180028,true,"מפעל-ניילון מס - 4 """,,,"מפעל-ניילון מס - 4 """,קילוגרמים,1.00,"ק""ג",true,,0.00,0.0000,true,1,140332
13180029,true,"מפעל-ניילון מס - 5 """,,,"מפעל-ניילון מס - 5 """,קילוגרמים,1.00,"ק""ג",true,,0.00,0.0000,true,1,140333
13180030,true,"מפעל-ניילון מס - 6 """,,,"מפעל-ניילון מס - 6 """,קילוגרמים,1.00,"ק""ג",true,,0.00,0.0000,true,1,140334
13180031,true,"מפעל-ניילון מס - 7 """,,,"מפעל-ניילון מס - 7 """,קילוגרמים,1.00,"ק""ג",true,,0.00,0.0000,true,1,140335
13180032,true,"מפעל-ניילון מס - 8 """,,,"מפעל-ניילון מס - 8 """,קילוגרמים,1.00,"ק""ג",true,,0.00,0.0000,true,1,140336
13180033,true,"מפעל-ניילון מס- 10 """,,,"מפעל-ניילון מס- 10 """,קילוגרמים,1.00,"ק""ג",true,,0.00,0.0000,true,1,140337
13180034,true,מפעל-ניילון רדיד מוד,,,מפעל-ניילון רדיד מוד,קילוגרמים,1.00,"ק""ג",true,,0.00,0.0000,true,1,140338
13180038,true,מפעל-ניילון רדיד שקו,,,מפעל-ניילון רדיד שקו,,0.00,,false,,0.00,0.0000,true,1,140585
13180039,true,מפעל-מדבקה לנגיסי תי,,,מפעל-מדבקה לנגיסי תי,,0.00,,false,,0.00,0.0000,true,1,140586
13180040,true,מפעל-מגש חמגשית לארו,,,מפעל-מגש חמגשית לארו,,0.00,,false,,0.00,0.0000,true,1,140611
13180041,true,מפעל-ניילון שקוף לחי,,,מפעל-ניילון שקוף לחי,,0.00,,false,,0.00,0.0000,true,1,141243
13180045,true,מפעל-שקיות קוקי,,,מפעל-שקיות קוקי,,0.00,,false,,0.00,0.0000,true,1,141739
13240002,true,מפעל-מדבקה לסושי הוס,,,מפעל-מדבקה לסושי הוס,,0.00,,false,,0.00,0.0000,true,1,139579
13240003,true,מפעל-מדבקה לסושי-הוס,,,מפעל-מדבקה לסושי-הוס,,0.00,,false,,0.00,0.0000,true,1,139580
13240004,true,מפעל-מדבקה לסושי -אי,,,מפעל-מדבקה לסושי -אי,,0.00,,false,,0.00,0.0000,true,1,139581
13240005,true,מפעל-מדבקה לסושי- אי,,,מפעל-מדבקה לסושי- אי,,0.00,,false,,0.00,0.0000,true,1,139582
13240006,true,מפעל-מדבקה לסושי- הו,,,מפעל-מדבקה לסושי- הו,,0.00,,false,,0.00,0.0000,true,1,139583
13240007,true,מפעל-מדבקה לסושי- אי,,,מפעל-מדבקה לסושי- אי,,0.00,,false,,0.00,0.0000,true,1,139584
13240008,true,מפעל-מדבקה לסושי- אי,,,מפעל-מדבקה לסושי- אי,,0.00,,false,,0.00,0.0000,true,1,139585
13240009,true,מפעל-מדבקה לסושי- הו,,,מפעל-מדבקה לסושי- הו,,0.00,,false,,0.00,0.0000,true,1,139586
13240010,true,מפעל-מדבקה לסושי- אי,,,מפעל-מדבקה לסושי- אי,,0.00,,false,,0.00,0.0000,true,1,139587
13240011,true,מפעל-מדבקה לסושי צמח,,,מפעל-מדבקה לסושי צמח,,0.00,,false,,0.00,0.0000,true,1,139588
13240013,true,מפעל-מדבקה לכדור בטע,,,מפעל-מדבקה לכדור בטע,,0.00,,false,,0.00,0.0000,true,1,139590
13240014,true,מפעל-מדבקה לכדור בטע,,,מפעל-מדבקה לכדור בטע,,0.00,,false,,0.00,0.0000,true,1,139591
13240019,true,מפעל-מדבקה לסושי- הו,,,מפעל-מדבקה לסושי- הו,,0.00,,false,,0.00,0.0000,true,1,139596
13240020,true,מפעל-מדבקה לסלט בורג,,,מפעל-מדבקה לסלט בורג,,0.00,,false,,0.00,0.0000,true,1,139693
13240021,true,מפעל-מדבקת שעון לסלט,,,מפעל-מדבקת שעון לסלט,,0.00,,false,,0.00,0.0000,true,1,139694
13240024,true,מפעל-מדבקה לסושי מיק,,,מפעל-מדבקה לסושי מיק,,0.00,,false,,0.00,0.0000,true,1,140199
13240025,true,מפעל-מדבקה לסלט יוונ,,,מפעל-מדבקה לסלט יוונ,,0.00,,false,,0.00,0.0000,true,1,140302
13240026,true,מפעל-מדבקה לסלט ירקו,,,מפעל-מדבקה לסלט ירקו,,0.00,,false,,0.00,0.0000,true,1,140303
13240027,true,מפעל-מדבקה לפוטטוס ת,,,מפעל-מדבקה לפוטטוס ת,,0.00,,false,,0.00,0.0000,true,1,140358
13240028,true,מפעל-מדבקה לסושי מסי,,,מפעל-מדבקה לסושי מסי,,0.00,,false,,0.00,0.0000,true,1,140550
13240029,true,מפעל-מדבקה לאצבעות ת,,,מפעל-מדבקה לאצבעות ת,,0.00,,false,,0.00,0.0000,true,1,140665
13240030,true,מפעל-מדבקה לכדור בטע,,,מפעל-מדבקה לכדור בטע,,0.00,,false,,0.00,0.0000,true,1,140686
13240031,true,מפעל-מדבקה עגולה למג,,,מפעל-מדבקה עגולה למג,,0.00,,false,,0.00,0.0000,true,1,140706
13241001,true,מפעל-מדבקה לקרטון -,,,מפעל-מדבקה לקרטון -,,0.00,,false,,0.00,0.0000,true,1,140222
13241002,true,מפעל-מדבקה לקרטון -,,,מפעל-מדבקה לקרטון -,,0.00,,false,,0.00,0.0000,true,1,140223
13241003,true,מפעל-מדבקה לקרטון -,,,מפעל-מדבקה לקרטון -,,0.00,,false,,0.00,0.0000,true,1,140224
13241004,true,מפעל-מדבקה לקרטון -,,,מפעל-מדבקה לקרטון -,,0.00,,false,,0.00,0.0000,true,1,140225
13241005,true,מפעל-מדבקה לקרטון -,,,מפעל-מדבקה לקרטון -,,0.00,,false,,0.00,0.0000,true,1,140226
13241006,true,מפעל-מדבקה לקרטון -,,,מפעל-מדבקה לקרטון -,,0.00,,false,,0.00,0.0000,true,1,140227
13241007,true,מפעל-מדבקה לקרטון -,,,מפעל-מדבקה לקרטון -,,0.00,,false,,0.00,0.0000,true,1,140228
13241008,true,מפעל-מדבקה לקרטון- ס,,,מפעל-מדבקה לקרטון- ס,,0.00,,false,,0.00,0.0000,true,1,140229
13241009,true,מפעל-מדבקה לקרטון- ס,,,מפעל-מדבקה לקרטון- ס,,0.00,,false,,0.00,0.0000,true,1,140230
13241010,true,מפעל-מדבקה לקרטון- פ,,,מפעל-מדבקה לקרטון- פ,,0.00,,false,,0.00,0.0000,true,1,140231
13241011,true,מפעל-מדבקה לקרטון- ס,,,מפעל-מדבקה לקרטון- ס,,0.00,,false,,0.00,0.0000,true,1,140232
13241012,true,מפעל-מדבקה לקרטון- פ,,,מפעל-מדבקה לקרטון- פ,,0.00,,false,,0.00,0.0000,true,1,140233
13241013,true,מפעל-מדבקה לקרטון-נג,,,מפעל-מדבקה לקרטון-נג,,0.00,,false,,0.00,0.0000,true,1,140587
13241014,true,מפעל-מדבקה לקרטון -,,,מפעל-מדבקה לקרטון -,,0.00,,false,,0.00,0.0000,true,1,140637
13241015,true,מפעל-מדבקה לקרטון -,,,מפעל-מדבקה לקרטון -,,0.00,,false,,0.00,0.0000,true,1,140707
13241016,true,מפעל-מדבקה לקרטון -,,,מפעל-מדבקה לקרטון -,,0.00,,false,,0.00,0.0000,true,1,140719
13241017,true,מפעל-מדבקה לקרטון -,,,מפעל-מדבקה לקרטון -,,0.00,,false,,0.00,0.0000,true,1,140720
13241018,true,מפעל-מדבקה לקרטון -,,,מפעל-מדבקה לקרטון -,,0.00,,false,,0.00,0.0000,true,1,140721
13241019,true,מפעל-מדבקה לקרטון -,,,מפעל-מדבקה לקרטון -,,0.00,,false,,0.00,0.0000,true,1,140722
13241020,true,מפעל-מדבקה לקרטון -,,,מפעל-מדבקה לקרטון -,,0.00,,false,,0.00,0.0000,true,1,140723
13241021,true,מפעל-מדבקה לקרטון -,,,מפעל-מדבקה לקרטון -,,0.00,,false,,0.00,0.0000,true,1,140724
13290001,true,מפעל-כפפות ניטרל S,,,מפעל-כפפות ניטרל S,,0.00,,false,,0.00,0.0000,true,1,139599
13290002,true,מפעל-כפפות ניטריל L,,,מפעל-כפפות ניטריל L,,0.00,,false,,0.00,0.0000,true,1,139600
13290003,true,מפעל -ניטריל כפפותM,,,מפעל -ניטריל כפפותM,,0.00,,false,,0.00,0.0000,true,1,139601
13290007,true,מפעל-כפפות לטקס ללא,,,מפעל-כפפות לטקס ללא,,0.00,,false,,0.00,0.0000,true,1,141182
13290008,true,מפעל-כיסוי לנעל,,,מפעל-כיסוי לנעל,,0.00,,false,,0.00,0.0000,true,1,141183
13290009,true,מפעל-חלוק חד פעמי לב,,,מפעל-חלוק חד פעמי לב,,0.00,,false,,0.00,0.0000,true,1,141184
13290010,true,מפעל-כפכף טבחים שחור,,,מפעל-כפכף טבחים שחור,,0.00,,false,,0.00,0.0000,true,1,141185
13290011,true,מפעל-חלוק חד פעמי כח,,,מפעל-חלוק חד פעמי כח,,0.00,,false,,0.00,0.0000,true,1,141186
13290012,true,מפעל-סינר לבן לייצור,,,מפעל-סינר לבן לייצור,,0.00,,false,,0.00,0.0000,true,1,141095
13290013,true,מפעל-סינר כחול לייצו,,,מפעל-סינר כחול לייצו,,0.00,,false,,0.00,0.0000,true,1,141096
13290014,true,מפעל-נעל עבודה שחור,,,מפעל-נעל עבודה שחור,,0.00,,false,,0.00,0.0000,true,1,141097
13290015,true,מפעל-מגף עם כיפת מגן,,,מפעל-מגף עם כיפת מגן,,0.00,,false,,0.00,0.0000,true,1,141098
13290016,true,מפעל-כפפות תחזוקה שח,,,מפעל-כפפות תחזוקה שח,,0.00,,false,,0.00,0.0000,true,1,141740
13290017,true,מפעל-מכנס כיס,,,מפעל-מכנס כיס,,0.00,,false,,0.00,0.0000,true,1,141741
13290018,true,מפעל-מגף גומי שחור,,,מפעל-מגף גומי שחור,,0.00,,false,,0.00,0.0000,true,1,141742
13310100,true,וודקה סטולי 1 ליטר,,,וודקה סטולי 1 ליטר,,0.00,,false,,0.00,0.0000,true,1,135990
13400005,true,מפעל-ניילון שקוף320,,,מפעל-ניילון שקוף320,קילוגרמים,1.00,"ק""ג",true,,0.00,0.0000,true,1,139697
13400006,true,מפעל-ארגז 001 כריכים,,,מפעל-ארגז 001 כריכים,,0.00,,false,,0.00,0.0000,true,1,139754
13400007,true,מפעל-ארגז 003 לחמניו,,,מפעל-ארגז 003 לחמניו,,0.00,,false,,0.00,0.0000,true,1,139755
13400008,true,מפעל-קרטון חצי באגט,,,מפעל-קרטון חצי באגט,,0.00,,false,,0.00,0.0000,true,1,139756
13400009,true,מפעל-ארגז 005 סושי0,,,מפעל-ארגז 005 סושי0,,0.00,,false,,0.00,0.0000,true,1,140351
13400010,true,מפעל-ארגז 007 סושי0,,,מפעל-ארגז 007 סושי0,,0.00,,false,,0.00,0.0000,true,1,140352
13400012,true,מפעל-ארגז 008 סלטים,,,מפעל-ארגז 008 סלטים,,0.00,,false,,0.00,0.0000,true,1,139757
13400014,true,מפעל-ניילון שקוף240,,,מפעל-ניילון שקוף240,,0.00,,false,,0.00,0.0000,true,1,139707
13400016,true,מפעל-שקית ארגזים90*,,,מפעל-שקית ארגזים90*,,0.00,,false,,0.00,0.0000,true,1,139709
13400028,true,מפעל-ארגז 006 סלטים,,,מפעל-ארגז 006 סלטים,,0.00,,false,,0.00,0.0000,true,1,140129
13400029,true,מפעל-ארגז 002 סושי-מ,,,מפעל-ארגז 002 סושי-מ,,0.00,,false,,0.00,0.0000,true,1,140353
13400030,true,מפעל-סרט דבק שקוף למ,,,מפעל-סרט דבק שקוף למ,,0.00,,false,,0.00,0.0000,true,1,140399
13400031,true,מפעל-ארגז 010 לסושי,,,מפעל-ארגז 010 לסושי,,0.00,,false,,0.00,0.0000,true,1,140551
13870000,true,"אוזו מטאסקה 700 מ""ל",,,"אוזו מטאסקה 700 מ""ל",,0.00,,false,,0.00,0.0000,true,1,135991
14759978,false,קצקבל גלעד 27% פלח 2,Unknown,,קצקבל גלעד 27% פלח 2,גרמים,200.00,100 גרם,false,,25.90,0.1295,true,1,147258
14763272,true,יוגורט סויה לשתיה תו,,,יוגורט סויה לשתיה תו,,0.00,,false,,6.00,0.0000,true,1,140470
14763289,true,יוגורט סויה לשתיה פט,,,יוגורט סויה לשתיה פט,,0.00,,false,,6.00,0.0000,true,1,140471
15023000,true,"רום נגריטה 700 מ""ל",,,"רום נגריטה 700 מ""ל",,0.00,,false,,0.00,0.0000,true,1,137841
15033299,true,פירורי לחם 400 גרם,,,פירורי לחם 400 גרם,,0.00,,false,,5.00,0.0000,true,1,134892
15644181,true,מפעל-לחמניית שמיניה,,,מפעל-לחמניית שמיניה,,0.00,,false,,2999.90,0.0000,true,1,137911
15644198,true,מפעל-בגטינה מת .חתוך,,,מפעל-בגטינה מת .חתוך,,0.00,,false,,2999.90,0.0000,true,1,137955
15644792,true,מפעל-לחמניית שמיניה,,,מפעל-לחמניית שמיניה,,0.00,,false,,2999.90,0.0000,true,1,139622
16070000,true,פסואה - בטעם פסיפלור,,,פסואה - בטעם פסיפלור,,0.00,,false,,0.00,0.0000,true,1,137842
16211000,true,"לימונצ""אלו 700 מ""ל",,,"לימונצ""אלו 700 מ""ל",,0.00,,false,,0.00,0.0000,true,1,135992
16497915,true,מפעל-לחמנית מזונות מ,,,מפעל-לחמנית מזונות מ,,0.00,,false,,2999.90,0.0000,true,1,137344
16497922,true,מפעל- לחם קסטן מלא,,,מפעל- לחם קסטן מלא,,0.00,,false,,2999.90,0.0000,true,1,137345
16967807,true,מפעל-פרנה קופיקס,,,מפעל-פרנה קופיקס,,0.00,,false,,2999.90,0.0000,true,1,139169
17060100,true,"ווסקי גראנט""ס 1 ליטר",,,"ווסקי גראנט""ס 1 ליטר",,0.00,,false,,0.00,0.0000,true,1,135993
17090100,true,טולמור דיו 1 ליטר,,,טולמור דיו 1 ליטר,,0.00,,false,,0.00,0.0000,true,1,137843
20080017,true,מפעל-סווב ATP,,,מפעל-סווב ATP,,0.00,,false,,0.00,0.0000,true,1,140869
21133001,true,פ -4תפזורת טרי,,,פ -4תפזורת טרי,קילוגרמים,1.00,"ק""ג",true,,0.00,0.0000,true,1,139761
21133003,true,"פ -4מס 1 """,,,"פ -4מס 1 """,קילוגרמים,1.00,"ק""ג",true,,0.00,0.0000,true,1,139762
21133010,true,עוף שלם ללא עצם טרי,,,עוף שלם ללא עצם טרי,קילוגרמים,1.00,"ק""ג",true,,0.00,0.0000,true,1,139763
21133011,true,עוף צעיר טרי,,,עוף צעיר טרי,קילוגרמים,1.00,"ק""ג",true,,0.00,0.0000,true,1,139764
21133019,true,סטייק פרגית ב.ע .,,,סטייק פרגית ב.ע .,קילוגרמים,1.00,"ק""ג",true,,0.00,0.0000,true,1,139765
21133901,true,פרגית אמיתית 16 יח,,,פרגית אמיתית 16 יח,קילוגרמים,1.00,"ק""ג",true,,0.00,0.0000,true,1,139766
21134002,true,פטם טרי,,,פטם טרי,קילוגרמים,1.00,"ק""ג",true,,0.00,0.0000,true,1,139767
21134004,true,פ -4גדול,,,פ -4גדול,קילוגרמים,1.00,"ק""ג",true,,0.00,0.0000,true,1,139768
21134013,true,"פ -4מס 2 """,,,"פ -4מס 2 """,קילוגרמים,1.00,"ק""ג",true,,0.00,0.0000,true,1,139769
21143016,true,חזה חצוי,,,חזה חצוי,קילוגרמים,1.00,"ק""ג",true,,0.00,0.0000,true,1,139770
21143017,true,חזה חצוי הקצביה,,,חזה חצוי הקצביה,קילוגרמים,1.00,"ק""ג",true,,0.00,0.0000,true,1,139771
21143025,true,פילה עוף טרי,,,פילה עוף טרי,קילוגרמים,1.00,"ק""ג",true,,0.00,0.0000,true,1,139772
21143026,true,פילה פטם הקצביה,,,פילה פטם הקצביה,קילוגרמים,1.00,"ק""ג",true,,0.00,0.0000,true,1,139773
21143055,true,כרעיים טרי טנא,,,כרעיים טרי טנא,קילוגרמים,1.00,"ק""ג",true,,0.00,0.0000,true,1,139774
21143056,true,כרעיים ללא עצם גב,,,כרעיים ללא עצם גב,קילוגרמים,1.00,"ק""ג",true,,0.00,0.0000,true,1,139775
21143101,true,שניצל פטם דק דק,,,שניצל פטם דק דק,קילוגרמים,1.00,"ק""ג",true,,0.00,0.0000,true,1,139776
21143103,true,שניצל דק הקצביה,,,שניצל דק הקצביה,קילוגרמים,1.00,"ק""ג",true,,0.00,0.0000,true,1,139777
21143106,true,"שניצל 150 גר """,,,"שניצל 150 גר """,קילוגרמים,1.00,"ק""ג",true,,0.00,0.0000,true,1,139778
21143151,true,נתחי חזה פטם תפז,,,נתחי חזה פטם תפז,קילוגרמים,1.00,"ק""ג",true,,0.00,0.0000,true,1,139779
21143201,true,כרעיים טרי,,,כרעיים טרי,קילוגרמים,1.00,"ק""ג",true,,0.00,0.0000,true,1,139780
21143202,true,כרעיים הקצביה,,,כרעיים הקצביה,קילוגרמים,1.00,"ק""ג",true,,0.00,0.0000,true,1,139781
21143204,true,כרעיים טרי 250,,,כרעיים טרי 250,קילוגרמים,1.00,"ק""ג",true,,0.00,0.0000,true,1,139782
21143205,true,כרעיים טרי 300,,,כרעיים טרי 300,קילוגרמים,1.00,"ק""ג",true,,0.00,0.0000,true,1,139783
21143251,true,ירכיים טרי,,,ירכיים טרי,קילוגרמים,1.00,"ק""ג",true,,0.00,0.0000,true,1,139784
21143258,true,ירך פטם ב.ע.ג .,,,ירך פטם ב.ע.ג .,קילוגרמים,1.00,"ק""ג",true,,0.00,0.0000,true,1,139785
21143300,true,קוקטייל קצביה,,,קוקטייל קצביה,קילוגרמים,1.00,"ק""ג",true,,0.00,0.0000,true,1,139786
21143301,true,"שוקיים טרי תפז """,,,"שוקיים טרי תפז """,קילוגרמים,1.00,"ק""ג",true,,0.00,0.0000,true,1,139787
21143306,true,שוקיים הקצביה,,,שוקיים הקצביה,קילוגרמים,1.00,"ק""ג",true,,0.00,0.0000,true,1,139788
21143351,true,כנפיים טרי,,,כנפיים טרי,קילוגרמים,1.00,"ק""ג",true,,0.00,0.0000,true,1,139789
21143352,true,כנף חצויה,,,כנף חצויה,קילוגרמים,1.00,"ק""ג",true,,0.00,0.0000,true,1,139790
21143354,true,כנפיים הקצביה,,,כנפיים הקצביה,קילוגרמים,1.00,"ק""ג",true,,0.00,0.0000,true,1,139791
21143401,true,שווארמה) פרגית (,,,שווארמה) פרגית (,קילוגרמים,1.00,"ק""ג",true,,0.00,0.0000,true,1,139792
21143403,true,פרגית הקצביה,,,פרגית הקצביה,קילוגרמים,1.00,"ק""ג",true,,0.00,0.0000,true,1,139793
21143404,true,פרגית פרוסה הקצביה,,,פרגית פרוסה הקצביה,קילוגרמים,1.00,"ק""ג",true,,0.00,0.0000,true,1,139794
21143405,true,נתח פרגית טרי,,,נתח פרגית טרי,קילוגרמים,1.00,"ק""ג",true,,0.00,0.0000,true,1,139795
21143444,true,סטייק פרגית ע.ע .,,,סטייק פרגית ע.ע .,קילוגרמים,1.00,"ק""ג",true,,0.00,0.0000,true,1,139796
21143505,true,גרון עוף,,,גרון עוף,קילוגרמים,1.00,"ק""ג",true,,0.00,0.0000,true,1,139797
21143601,true,כבד טרי,,,כבד טרי,קילוגרמים,1.00,"ק""ג",true,,0.00,0.0000,true,1,139798
21143605,true,כבד פטם הקצביה,,,כבד פטם הקצביה,קילוגרמים,1.00,"ק""ג",true,,0.00,0.0000,true,1,139799
21143651,true,קורקבן טרי,,,קורקבן טרי,קילוגרמים,1.00,"ק""ג",true,,0.00,0.0000,true,1,139800
21143701,true,לב טרי,,,לב טרי,קילוגרמים,1.00,"ק""ג",true,,0.00,0.0000,true,1,139801
21143704,true,לבבות פטם,,,לבבות פטם,קילוגרמים,1.00,"ק""ג",true,,0.00,0.0000,true,1,139802
21143705,true,לבבות פטם חצוי,,,לבבות פטם חצוי,קילוגרמים,1.00,"ק""ג",true,,0.00,0.0000,true,1,139803
21143751,true,טחול טרי,,,טחול טרי,קילוגרמים,1.00,"ק""ג",true,,0.00,0.0000,true,1,139804
21144055,true,חזה טרי,,,חזה טרי,קילוגרמים,1.00,"ק""ג",true,,0.00,0.0000,true,1,139805
21144057,true,חזה חצוי הקצביה,,,חזה חצוי הקצביה,קילוגרמים,1.00,"ק""ג",true,,0.00,0.0000,true,1,139806
21144103,true,שניצל פרוס,,,שניצל פרוס,קילוגרמים,1.00,"ק""ג",true,,0.00,0.0000,true,1,139807
21144106,true,שניצל דק דק,,,שניצל דק דק,קילוגרמים,1.00,"ק""ג",true,,0.00,0.0000,true,1,139808
21144107,true,שניצל דק הקצביה,,,שניצל דק הקצביה,קילוגרמים,1.00,"ק""ג",true,,0.00,0.0000,true,1,139809
21144202,true,כרעיים טרי,,,כרעיים טרי,קילוגרמים,1.00,"ק""ג",true,,0.00,0.0000,true,1,139810
21144204,true,כרעיים חתוכות בלי עו,,,כרעיים חתוכות בלי עו,קילוגרמים,1.00,"ק""ג",true,,0.00,0.0000,true,1,139811
21144206,true,כרעיים הקצביה,,,כרעיים הקצביה,קילוגרמים,1.00,"ק""ג",true,,0.00,0.0000,true,1,139812
21144252,true,ירכיים טרי,,,ירכיים טרי,קילוגרמים,1.00,"ק""ג",true,,0.00,0.0000,true,1,139813
21144300,true,קוקטייל טרי,,,קוקטייל טרי,קילוגרמים,1.00,"ק""ג",true,,0.00,0.0000,true,1,139814
21144302,true,שוקיים טרי,,,שוקיים טרי,קילוגרמים,1.00,"ק""ג",true,,0.00,0.0000,true,1,139815
21144304,true,שוקיים הקצביה,,,שוקיים הקצביה,קילוגרמים,1.00,"ק""ג",true,,0.00,0.0000,true,1,139816
21144352,true,כנפיים טרי,,,כנפיים טרי,קילוגרמים,1.00,"ק""ג",true,,0.00,0.0000,true,1,139817
21144354,true,כנפיים הקצביה,,,כנפיים הקצביה,קילוגרמים,1.00,"ק""ג",true,,0.00,0.0000,true,1,139818
21144402,true,שוארמה טרי,,,שוארמה טרי,קילוגרמים,1.00,"ק""ג",true,,0.00,0.0000,true,1,139819
21144404,true,פרגית הקצביה,,,פרגית הקצביה,קילוגרמים,1.00,"ק""ג",true,,0.00,0.0000,true,1,139820
21144405,true,פרגית פרוסה הקצביה,,,פרגית פרוסה הקצביה,קילוגרמים,1.00,"ק""ג",true,,0.00,0.0000,true,1,139821
21144445,true,סטייק פרגיות ארוז,,,סטייק פרגיות ארוז,קילוגרמים,1.00,"ק""ג",true,,0.00,0.0000,true,1,139822
21144502,true,פילה טרי,,,פילה טרי,קילוגרמים,1.00,"ק""ג",true,,0.00,0.0000,true,1,139823
21144504,true,פילה פטם הקצביה,,,פילה פטם הקצביה,קילוגרמים,1.00,"ק""ג",true,,0.00,0.0000,true,1,139824
21144505,true,גרון עוף ארוז,,,גרון עוף ארוז,קילוגרמים,1.00,"ק""ג",true,,0.00,0.0000,true,1,139825
21144602,true,כבד טרי,,,כבד טרי,קילוגרמים,1.00,"ק""ג",true,,0.00,0.0000,true,1,139826
21144604,true,כבד פטם הקצביה,,,כבד פטם הקצביה,קילוגרמים,1.00,"ק""ג",true,,0.00,0.0000,true,1,139827
21144652,true,קורקבן טרי,,,קורקבן טרי,קילוגרמים,1.00,"ק""ג",true,,0.00,0.0000,true,1,139828
21144702,true,לבבות טרי,,,לבבות טרי,קילוגרמים,1.00,"ק""ג",true,,0.00,0.0000,true,1,139829
21144752,true,טחול טרי,,,טחול טרי,קילוגרמים,1.00,"ק""ג",true,,0.00,0.0000,true,1,139830
21145003,true,זוג פרגית במגש 8 יח,,,זוג פרגית במגש 8 יח,קילוגרמים,1.00,"ק""ג",true,,0.00,0.0000,true,1,139831
21145004,true,פרגית אמיתית 16 יח ת,,,פרגית אמיתית 16 יח ת,קילוגרמים,1.00,"ק""ג",true,,0.00,0.0000,true,1,139832
22143506,true,כנפית פטם,,,כנפית פטם,קילוגרמים,1.00,"ק""ג",true,,0.00,0.0000,true,1,139834
31133001,true,שלם נקבה,,,שלם נקבה,קילוגרמים,1.00,"ק""ג",true,,0.00,0.0000,true,1,139835
31143030,true,חזה זכר חצוי ללא פיל,,,חזה זכר חצוי ללא פיל,קילוגרמים,1.00,"ק""ג",true,,0.00,0.0000,true,1,139836
31143054,true,חזה זכר חצוי טרי,,,חזה זכר חצוי טרי,קילוגרמים,1.00,"ק""ג",true,,0.00,0.0000,true,1,139837
31143055,true,חזה נקבה חצוי טרי,,,חזה נקבה חצוי טרי,קילוגרמים,1.00,"ק""ג",true,,0.00,0.0000,true,1,139838
31143056,true,פרפר זכר טרי,,,פרפר זכר טרי,קילוגרמים,1.00,"ק""ג",true,,0.00,0.0000,true,1,139839
31143057,true,פרפר נקבה טרי,,,פרפר נקבה טרי,קילוגרמים,1.00,"ק""ג",true,,0.00,0.0000,true,1,139840
31143058,true,חזה זכר חצוי ע.ע,,,חזה זכר חצוי ע.ע,קילוגרמים,1.00,"ק""ג",true,,0.00,0.0000,true,1,139841
31143060,true,"חזה פרפר ע""ע זכר",,,"חזה פרפר ע""ע זכר",קילוגרמים,1.00,"ק""ג",true,,0.00,0.0000,true,1,139842
31143061,true,"חזה פרפר ע""ע נקבה",,,"חזה פרפר ע""ע נקבה",קילוגרמים,1.00,"ק""ג",true,,0.00,0.0000,true,1,139843
31143070,true,פילה הודו,,,פילה הודו,קילוגרמים,1.00,"ק""ג",true,,0.00,0.0000,true,1,139844
31143150,true,נתחים,,,נתחים,קילוגרמים,1.00,"ק""ג",true,,0.00,0.0000,true,1,139845
31143175,true,חתיכות,,,חתיכות,קילוגרמים,1.00,"ק""ג",true,,0.00,0.0000,true,1,139846
31143251,true,"ירך זכר ע""ע",,,"ירך זכר ע""ע",קילוגרמים,1.00,"ק""ג",true,,0.00,0.0000,true,1,139847
31143300,true,שוק זכר טרי,,,שוק זכר טרי,קילוגרמים,1.00,"ק""ג",true,,0.00,0.0000,true,1,139848
31143301,true,שוק נקבה טרי,,,שוק נקבה טרי,קילוגרמים,1.00,"ק""ג",true,,0.00,0.0000,true,1,139849
31143325,true,שוק מפורק,,,שוק מפורק,קילוגרמים,1.00,"ק""ג",true,,0.00,0.0000,true,1,139850
31143332,true,שוק הודו נקבה תפזורת,,,שוק הודו נקבה תפזורת,קילוגרמים,1.00,"ק""ג",true,,0.00,0.0000,true,1,141010
31143350,true,כנף זכר טרי,,,כנף זכר טרי,קילוגרמים,1.00,"ק""ג",true,,0.00,0.0000,true,1,139851
31143352,true,כנף נקבה טרי,,,כנף נקבה טרי,קילוגרמים,1.00,"ק""ג",true,,0.00,0.0000,true,1,139852
31143375,true,כנף הודו מפורק,,,כנף הודו מפורק,קילוגרמים,1.00,"ק""ג",true,,0.00,0.0000,true,1,139853
31143400,true,שווארמה זכר טרי,,,שווארמה זכר טרי,קילוגרמים,1.00,"ק""ג",true,,0.00,0.0000,true,1,139854
31143425,true,שווארמה נקבה טרי,,,שווארמה נקבה טרי,קילוגרמים,1.00,"ק""ג",true,,0.00,0.0000,true,1,139855
31143443,true,שווארמה הודו נקבה,,,שווארמה הודו נקבה,קילוגרמים,1.00,"ק""ג",true,,0.00,0.0000,true,1,139941
31143450,true,שישליק טרי,,,שישליק טרי,קילוגרמים,1.00,"ק""ג",true,,0.00,0.0000,true,1,139856
31143500,true,גרון נקבה,,,גרון נקבה,קילוגרמים,1.00,"ק""ג",true,,0.00,0.0000,true,1,139857
31143501,true,גרון זכר,,,גרון זכר,קילוגרמים,1.00,"ק""ג",true,,0.00,0.0000,true,1,139858
31143571,true,זנבות עם עצם,,,זנבות עם עצם,קילוגרמים,1.00,"ק""ג",true,,0.00,0.0000,true,1,139859
31143600,true,כבד טרי,,,כבד טרי,קילוגרמים,1.00,"ק""ג",true,,0.00,0.0000,true,1,139860
31143650,true,קורקבן טרי,,,קורקבן טרי,קילוגרמים,1.00,"ק""ג",true,,0.00,0.0000,true,1,139861
31143700,true,לב טרי,,,לב טרי,קילוגרמים,1.00,"ק""ג",true,,0.00,0.0000,true,1,139862
31143750,true,טחול,,,טחול,קילוגרמים,1.00,"ק""ג",true,,0.00,0.0000,true,1,139863
31143801,true,אשכים,,,אשכים,קילוגרמים,1.00,"ק""ג",true,,0.00,0.0000,true,1,139864
31144053,true,חזה ה.נ.טרי,,,חזה ה.נ.טרי,קילוגרמים,1.00,"ק""ג",true,,0.00,0.0000,true,1,139865
31144154,true,נתחי הודו טרי,,,נתחי הודו טרי,קילוגרמים,1.00,"ק""ג",true,,0.00,0.0000,true,1,139866
31144302,true,שוק ה.נ טרי,,,שוק ה.נ טרי,קילוגרמים,1.00,"ק""ג",true,,0.00,0.0000,true,1,139867
31144326,true,בשר אדום טרי,,,בשר אדום טרי,קילוגרמים,1.00,"ק""ג",true,,0.00,0.0000,true,1,139868
31144357,true,כנפיים ה.נ.טרי,,,כנפיים ה.נ.טרי,קילוגרמים,1.00,"ק""ג",true,,0.00,0.0000,true,1,139869
31144426,true,שווארמה ה.נ.טרי,,,שווארמה ה.נ.טרי,קילוגרמים,1.00,"ק""ג",true,,0.00,0.0000,true,1,139870
31144451,true,שישליק טרי,,,שישליק טרי,קילוגרמים,1.00,"ק""ג",true,,0.00,0.0000,true,1,139871
31144502,true,גרון הודו טרי,,,גרון הודו טרי,קילוגרמים,1.00,"ק""ג",true,,0.00,0.0000,true,1,139872
31144601,true,כבד הודו טרי,,,כבד הודו טרי,קילוגרמים,1.00,"ק""ג",true,,0.00,0.0000,true,1,139873
31144651,true,קורקבן הודו טרי,,,קורקבן הודו טרי,קילוגרמים,1.00,"ק""ג",true,,0.00,0.0000,true,1,139874
31144701,true,לב הודו טרי,,,לב הודו טרי,קילוגרמים,1.00,"ק""ג",true,,0.00,0.0000,true,1,139875
31144801,true,אשכים ארוז,,,אשכים ארוז,קילוגרמים,1.00,"ק""ג",true,,0.00,0.0000,true,1,139876
31333011,true,שוק מפורק פרוס,,,שוק מפורק פרוס,קילוגרמים,1.00,"ק""ג",true,,0.00,0.0000,true,1,139877
40052403,false,קיט קט 4 אצבעות שוקולד חלב,נסטלה Nestle,,קיט קט 4 אצבעות 41.5,גרמים,41.00,100 גרם,false,,4.50,0.1098,true,1,136379
40057798,true,סוכריות סמרטיז 38 גר,,,סוכריות סמרטיז 38 גר,,0.00,,false,,0.00,0.0000,true,1,139954
40084077,false,קינדר מקסי שוקולד בודד 21 גר,קדבורי,,שוקולד קינדר,גרמים,21.00,100 גרם,false,,2.00,0.0952,true,1,155975
40084107,false,ביצת שוקולד הפתעה קינדר,פרדי קונדטוריה אס פי,,קינדר ביצת הפתעה 20,גרמים,20.00,100 גרם,false,,5.90,0.2950,true,1,135360
54088191,true,קינדר ביצת הפתעה 20,,,קינדר ביצת הפתעה 20,,0.00,,false,,5.00,0.0000,true,1,136689
66611304,true,מפעל-מהדרין -אפונה3,,,מפעל-מהדרין -אפונה3,,0.00,,false,,2999.90,0.0000,true,1,138086
70001595,true,מפעל-שקית 50/70 גליל,,,מפעל-שקית 50/70 גליל,,0.00,,false,,2999.90,0.0000,true,1,139372
72940754,false,"מילקי מעדן וניל עם קצפת שטראוס 133 מ""ל","שטראוס גרופ בע""\מ",,מילקי מעדן וניל עם ק,גרמים,133.00,100 גרם,false,,2.90,0.0218,true,1,142543
72940761,false,"מילקי מעדן שוקולד עם קצפת שטראוס 133 מ""ל",מיוצר עי קונדיטוריית,,"מילקי שוקולד 170 מ""ל",מיליליטרים,170.00,"100 מ""ל",false,,2.90,0.0171,true,1,135271
72940952,false,מעדן מילקי בטעם שוקולד עם אקסטרה קצפת,"שטראוס גרופ בע""\מ",,מילקי אקסטרה קצפת 17,מיליליטרים,170.00,"100 מ""ל",false,,3.90,0.0229,true,1,154587
72940983,false,סלט חומוס 250 גר אחל,מיוצר עי קונדיטוריית,,חומוס אחלה 250 גרם,גרמים,250.00,100 גרם,false,,6.90,0.0276,true,1,143781
72961506,false,יוגורט עם תות 1.5% שומן 125 ג' פרילי,מיוצר עי קונדיטוריית,,פרילי תות 1.5% 125 מ,מיליליטרים,125.00,"100 מ""ל",false,,3.50,0.0280,true,1,161224
72961520,false,"פרילי יוגורט עם אננס 1.5% תנובה 125 מ""ל",מיוצר עי קונדיטוריית,,פרילי אננס 1.5% 125,מיליליטרים,125.00,"100 מ""ל",false,,3.50,0.0280,true,1,161226
72961544,false,"באדי יוגורט בטעם תות שדה 3% תנובה 125 מ""ל",מחלבת אלון תבור,,באדי יוגרט תות גביע,מיליליטרים,125.00,"100 מ""ל",false,,3.00,0.0240,true,1,142035
72964132,false,פרילי טבע יוגורט עם גרנולה 200 גרם,מיוצר עי קונדיטוריית,,פרילי טבע 200 גרם תנ,מיליליטרים,200.00,"100 מ""ל",false,,5.00,0.0250,true,1,148365
72993637,false,מעדן חלב בטעם שוקולד 125 ג' דני,"שטראוס גרופ בע""\מ",,דני מעדן חלב בטעם שו,גרמים,125.00,100 גרם,false,,2.70,0.0216,true,1,135273
72994061,false,חטיף פסק זמן GOOD גלילית לבן 40 גרם,שולן צ'\יקולטה גידה סאן.,,פסק זמן 2 גוד עלית 3,גרמים,36.00,100 גרם,false,,4.90,0.1361,true,1,151788
80042556,false,POLPA עגבניות חתוכות דק 400 גרם MUTTI,"איי, בי, אינבוו",,עגבניות מרוסקות מוטי,גרמים,400.00,100 גרם,false,,8.70,0.0217,true,1,143724
80050049,true,קינדר ביצת הפתעה 20,,,קינדר ביצת הפתעה 20,,0.00,,false,,5.00,0.0000,true,1,136690
80050124,false,סוכריות טיק טק מנטה 16 גרם,פררו - אלבה,,סוכריות טיק טק מנטה,גרמים,16.00,100 גרם,false,,3.00,0.1875,true,1,139338
80050278,false,פררו רושר חטיף כדורים שלישיה 40ג',פררו - אלבה,,פררו רושר שלשה 37.5,גרמים,37.50,100 גרם,false,,5.40,0.1440,true,1,141581
80052487,false,חטיף+ציפוי קוקוס רפאלו30,פררו - אלבה,,רפאלו שלשה 30 גרם,גרמים,30.00,100 גרם,false,,4.90,0.1633,true,1,141573
80052760,false,קינדר בואנו Kinder Bueno עם חלב ואגוזי לוז,פררו - אלבה,,קינדר בואנו חלב 43 ג,גרמים,43.00,100 גרם,false,,3.90,0.0907,true,1,135368
80136194,false,חטיפי הפי היפו Happy Hippo במילוי קרם חלבי ואגוזי לוז,קינדר Kinder,,קינדר הפי היפו אגוז,גרמים,103.50,100 גרם,false,,12.50,0.1208,true,1,141574
80141301,true,מפעל -A6פריניר עגב מ,,,מפעל -A6פריניר עגב מ,קילוגרמים,1.00,"ק""ג",true,,2999.90,2999.9000,true,1,138082
80176732,false,קינדר הפי היפו 28 יחידות,פררו - אלבה,,קינדר הפי היפו קקאו,גרמים,20.50,100 גרם,false,,2.90,0.1415,true,1,154964
80177173,false,ממרח שוקולד נוטלה 350 גרם,פררו - אלבה,,ממרח אגוזי לוז עם קק,גרמים,350.00,100 גרם,false,,14.90,0.0426,true,1,141583
80177609,false,אצבעות שוקולד קינדר Kinder ארבע יחידות,פררו - אלבה,,אצבעות שוקולד במילוי,גרמים,50.00,100 גרם,false,,3.90,0.0780,true,1,140865
80310167,false,קינדר שוקולד מקסי 126 גר,קינדר,,קינדר מקסי שישייה 12,גרמים,126.00,100 גרם,false,,9.90,0.0786,true,1,144840
80310549,false,הפי היפו חטיף קינדר שוקולד לבן 20.5ג',קריות זול,,קינדר הפי היפו אגוזי,גרמים,20.50,100 גרם,false,,2.90,0.1415,true,1,154965
80761761,false,קינדר בואנו לבן בודד 39 גרם,ליימן שליסל,,קינדר בואנו לבן 39 ג,גרמים,39.00,100 גרם,false,,3.90,0.1000,true,1,136101
80768258,false,ביצת הפתעה קינדר גוי לבנות 20 גרם,פררו - אלבה,,ביצת קינדר ג'וי ורוד,גרמים,20.00,100 גרם,false,,5.90,0.2950,true,1,135369
80773443,false,מנטוס בקבוק מעוגל - מסטיק ללא סוכר בטעם מנטה 60 גרם,"פרפטי ואן מלה ג'\ידה,סאן",,גומי לעיסה בטעם מנטה,גרמים,60.00,100 גרם,false,,9.90,0.1650,true,1,145734
80790990,false,מסטיק מנטוס בבקבוק מעוגל בטעם פירות -מנטה 60 ג',"פרפטי ואן מלה ג'\ידה,סאן",,מסטיק מנטוס מעוגל 60,גרמים,60.00,100 גרם,false,,9.90,0.1650,true,1,145735
80843184,false,מנטוס מסטיק פיור פרש בטעם ענבים 60גר,פרפטי ואן מלה הולנד,,מסטיק מנטוס בקבוק מע,גרמים,60.00,100 גרם,false,,9.90,0.1650,true,1,158124
80864295,false,סוכריות פיור וויט טעם מנטה עדינה 60 ג' מנטוס,"פרפטי ואן מלה ג'ידה,סאן",,מסטיק מנטוס בקבוק מע,גרמים,60.00,100 גרם,false,,9.90,0.1650,true,1,158132
80896081,false,מנטוס בקבוק מעוגל - מסטיק ללא סוכר בטעם אבטיח 60 גרם,"פרפטי ואן מלה ג'\ידה,סאן",,מסטיק מנטוס בקבוק מע,גרמים,60.00,100 גרם,false,,9.90,0.1650,true,1,141987
80913467,false,מנטוס בקבוק מעוגל - מסטיק ללא סוכר בטעם מנטה,פרפטי ואן מלה הולנד,,מסטיק מנטוס מנטה מעו,גרמים,60.00,100 גרם,false,,9.90,0.1650,true,1,145736
80945468,false,סוכריות פיור וויט טעם מנטה מתוקה 60 ג' מנטוס,"פרפטי ואן מלה ג'ידה,סאן",,מסטיק מנטוס בקבוק מע,גרמים,60.00,100 גרם,false,,9.90,0.1650,true,1,158133
80979128,false,מנטוס מסטיק בקבוק מעוגל בטעם דובדבן,פרפטי ואן מלה הולנד,,מסטיק מנטוס בקבוק מע,גרמים,60.00,100 גרם,false,,9.90,0.1650,true,1,158125
80982470,false,מסטיק מנטוס פיור פרוסט בטעם מנטה חזק 60 גר',פרפטי ואן מלה ברדה,,מנטוס מסטיק פיור פרו,גרמים,60.00,100 גרם,false,,9.90,0.1650,true,1,155502
80986348,false,סוכריות פיור וויט טעם מנטה 60 ג' מנטוס,"פרפטי ואן מלה ג'ידה,סאן",,מסטיק מנטוס בקבוק מע,גרמים,60.00,100 גרם,false,,9.90,0.1650,true,1,158134
87108019,false,סוכריות מנטוס מנטה37.5גר,פרפטי ואן מלה,,סוכריות בגליל בטעם מ,גרמים,37.50,100 גרם,false,,3.50,0.0933,true,1,150665
87108538,false,סוכריות בטעם תות מנטוס 37.5 גרם,הדקלאים אגודת שיתופי,,סוכריות בגליל בטעם ת,גרמים,37.00,100 גרם,false,,3.50,0.0946,true,1,141729
88888000,true,Temp SuperDept,,,Temp SuperDept,,0.00,,false,,0.00,0.0000,true,1,147209
88888001,true,אוכל,,,אוכל,,0.00,,false,,0.00,0.0000,true,1,147210
88888002,true,שתיה,,,שתיה,,0.00,,false,,0.00,0.0000,true,1,147211
88888003,true,אימפולס,,,אימפולס,,0.00,,false,,0.00,0.0000,true,1,163836
88888004,true,תוספות לקפה,,,תוספות לקפה,,0.00,,false,,0.00,0.0000,true,1,147212
88888005,true,חומרי גלם,,,חומרי גלם,,0.00,,false,,0.00,0.0000,true,1,147213
88888006,true,פירות וירקות,,,פירות וירקות,,0.00,,false,,0.00,0.0000,true,1,163837
88888008,true,ללא מעמ,,,ללא מעמ,,0.00,,false,,0.00,0.0000,true,1,147214
88888009,true,ניר פוד,,,ניר פוד,,0.00,,false,,0.00,0.0000,true,1,163838
88888010,true,אלכוהול,,,אלכוהול,,0.00,,false,,0.00,0.0000,true,1,163839
88888014,true,נון פוד,,,נון פוד,,0.00,,false,,0.00,0.0000,true,1,163840
88888016,true,תפעול,,,תפעול,,0.00,,false,,0.00,0.0000,true,1,163841
88888018,true,שוויצריה הקטנה,,,שוויצריה הקטנה,,0.00,,false,,0.00,0.0000,true,1,147746
88888100,true,"מפעל-ללא מע""מ",,,"מפעל-ללא מע""מ",,0.00,,false,,0.00,0.0000,true,1,147215
88888102,true,גלידות ושלגונים,,,גלידות ושלגונים,,0.00,,false,,0.00,0.0000,true,1,147216
88888119,true,מאפים,,,מאפים,,0.00,,false,,0.00,0.0000,true,1,163842
88888124,true,משקאות לא אלכוהוליים,,,משקאות לא אלכוהוליים,,0.00,,false,,0.00,0.0000,true,1,163843
88888144,true,קינוחים,,,קינוחים,,0.00,,false,,0.00,0.0000,true,1,163844
88888156,true,פירות וירקות לסחיטה,,,פירות וירקות לסחיטה,,0.00,,false,,0.00,0.0000,true,1,147217
88888158,true,מוצרי מכולת,,,מוצרי מכולת,,0.00,,false,,0.00,0.0000,true,1,147218
88888159,true,משקאות,,,משקאות,,0.00,,false,,0.00,0.0000,true,1,147219
88888160,true,מצוננים,,,מצוננים,,0.00,,false,,0.00,0.0000,true,1,147220
88888161,true,קפואים,,,קפואים,,0.00,,false,,0.00,0.0000,true,1,147221
88888162,true,ירקות ופירות טריים,,,ירקות ופירות טריים,,0.00,,false,,0.00,0.0000,true,1,147222
88888164,true,מוצרים לבית,,,מוצרים לבית,,0.00,,false,,0.00,0.0000,true,1,147223
88888165,true,י שירות/ עזר לסניפים,,,י שירות/ עזר לסניפים,,0.00,,false,,0.00,0.0000,true,1,147224
88888166,true,ארוחות מבושלות,,,ארוחות מבושלות,,0.00,,false,,0.00,0.0000,true,1,147225
88888167,true,אריזות לזכיינים,,,אריזות לזכיינים,,0.00,,false,,0.00,0.0000,true,1,163845
88888168,true,זיכויים,,,זיכויים,,0.00,,false,,0.00,0.0000,true,1,147226
88888169,true,אבזרי עזר וייצור,,,אבזרי עזר וייצור,,0.00,,false,,0.00,0.0000,true,1,147227
88888170,true,מזון טרי,,,מזון טרי,,0.00,,false,,0.00,0.0000,true,1,147228
88888171,true,משקאות קרון,,,משקאות קרון,,0.00,,false,,0.00,0.0000,true,1,147229
88888172,true,ירקות ופירות מעמ,,,ירקות ופירות מעמ,,0.00,,false,,0.00,0.0000,true,1,147230
88888173,true,ל-חומרי גלם ואביזרים,,,ל-חומרי גלם ואביזרים,,0.00,,false,,0.00,0.0000,true,1,147231
88888174,true,מפעל-תוצרת גמורה,,,מפעל-תוצרת גמורה,,0.00,,false,,0.00,0.0000,true,1,147232
88888175,true,סיגריות,,,סיגריות,,0.00,,false,,0.00,0.0000,true,1,147233
88888176,true,מאפה טרי פרדס,,,מאפה טרי פרדס,,0.00,,false,,0.00,0.0000,true,1,147234
88888177,true,קצבייה פרדס,,,קצבייה פרדס,,0.00,,false,,0.00,0.0000,true,1,147235
88888178,true,ואביזרים (ללא מלאי),,,ואביזרים (ללא מלאי),,0.00,,false,,0.00,0.0000,true,1,147236
88888179,true,פירות יבשים ללא מעמ,,,פירות יבשים ללא מעמ,,0.00,,false,,0.00,0.0000,true,1,154105
88888999,true,,,,,,0.00,,false,,0.00,0.0000,true,1,147237
90162602,false,רד בול משקה אנרגיה פקדון 30 אג,רד בול ג'י.אם.בי. אץ,,משקה אנרגיה רד בול 2,מיליליטרים,250.00,"100 מ""ל",false,,6.90,0.0276,true,1,147177
90162800,false,רד בול משקה אנרגיה ללא סוכר פקדון 30 אג,רד בול ג'י.אם.בי. אץ,,משקה אנרגיה רד בול ל,מיליליטרים,250.00,"100 מ""ל",false,,6.90,0.0276,true,1,147178
128902555,true,מפעל-סלמון פילה אפוי,,,מפעל-סלמון פילה אפוי,קילוגרמים,1.00,"ק""ג",true,,2999.90,2999.9000,true,1,140195
128910367,true,מפעל-קסטן דגנים,,,מפעל-קסטן דגנים,,0.00,,false,,0.00,0.0000,true,1,141336
212105302,true,מפעל-שום כתוש בדלי5,,,מפעל-שום כתוש בדלי5,,0.00,,false,,2999.90,0.0000,true,1,137679
701504420,true,מפעל-ספטוקל בלון 20,,,מפעל-ספטוקל בלון 20,,0.00,,false,,0.00,0.0000,true,1,138726
702303420,true,מפעל -QUICKDESבלון1,,,מפעל -QUICKDESבלון1,,0.00,,false,,0.00,0.0000,true,1,138727
702349420,true,מפעל MS -TOPבלון 20,,,מפעל MS -TOPבלון 20,,0.00,,false,,0.00,0.0000,true,1,138721
710758425,true,"מפעל -ZA28מיכל 25 ק""",,,"מפעל -ZA28מיכל 25 ק""",,0.00,,false,,0.00,0.0000,true,1,139183
803165193,true,מפעל-ניילון רדיד מוד,,,מפעל-ניילון רדיד מוד,,0.00,,false,,0.00,0.0000,true,1,138714
803165293,true,מפעל-ניילון מודפס לס,,,מפעל-ניילון מודפס לס,,0.00,,false,,0.00,0.0000,true,1,138741
803165395,true,מפעל-ניילון מודפס לס,,,מפעל-ניילון מודפס לס,,0.00,,false,,0.00,0.0000,true,1,138742
827002109,true,מפעל -מטליותQUICKDE,,,מפעל -מטליותQUICKDE,,0.00,,false,,0.00,0.0000,true,1,138728
4023288518,false,אוכמניות יחידה,,,אוכמניות יחידה,גרמים,125.00,100 גרם,false,,19.90,0.1592,true,1,163301
5011051000,true,"קאווה 750 מ""ל",,,"קאווה 750 מ""ל",,0.00,,false,,0.00,0.0000,true,1,135994
5107510002,true,מפעל -חביתה מקופלת7,,,מפעל -חביתה מקופלת7,,0.00,,false,,2999.90,0.0000,true,1,137095
6414409005,true,תרסיס שמן פאם קנולה,,,תרסיס שמן פאם קנולה,,0.00,,false,,12.00,0.0000,true,1,139168
9800800056,false,חטיף שוקולד עם מקלות לחם אנד גו,פררו - אלבה,,נוטלה טו גו 52 גרם,גרמים,52.00,100 גרם,false,,5.00,0.0962,true,1,142379
16000185517,false,דגני בוקר פייבר וואן עתירי סובין FIBRE1,בטר אנד דיפרנט,,פייבר וואן 555 גרם,גרמים,555.00,100 גרם,false,,28.90,0.0521,true,1,159069
18000703494,false,"פילסברי, עוגה בטעם וניל, תערובת להכנת עוגה בטעם וניל. 500 גרם.",הדקלאים אגודת שיתופי,,תערובת להכנת עוגת ונ,גרמים,500.00,100 גרם,false,,16.90,0.0338,true,1,157360
25675120006,false,חמצוצים 4 צבעים טעמים טבעי 100 גרם,פאסין ב.ו,,מקלות חמצוצים 100 גר,גרמים,100.00,100 גרם,false,,8.90,0.0890,true,1,162243
25675120020,false,סאוור סטיקס Sour Sticks בטעם אוכמניות,פשקס קנדי,,מקלות חמצוצים 100 גר,גרמים,100.00,100 גרם,false,,8.90,0.0890,true,1,162244
25675120037,false,מקלות חמצוצים תות פשקז 100 גרם,פשקס קנדי,,מקלות חמצוצים` 100 ג,גרמים,100.00,100 גרם,false,,8.90,0.0890,true,1,162245
25675120068,false,מקלות חמצוצים בטעם קולה פשקז 100 גרם,פשקז Paskesz,,מקלות חמצוצים` 100 ג,גרמים,100.00,100 גרם,false,,8.90,0.0890,true,1,162247
25675301108,false,מקלות חמוצים חמצוצים תות 50 גרם,פאסין,,סוכריות חמצוצים בטעם,גרמים,50.00,100 גרם,false,,4.90,0.0980,true,1,152157
25675301153,false,סאוור סטיקס Sour Sticks בטעם אוכמניות,פשקז Paskesz,,סוכריות חמצוצים בטעם,גרמים,50.00,100 גרם,false,,4.90,0.0980,true,1,152158
25675301184,false,חמצוצים מקלות חמוצים קולה 50 גרם,פשקז Paskesz,,סוכריות חמצוצים בטעם,גרמים,50.00,100 גרם,false,,4.90,0.0980,true,1,146200
33383220291,false,אוכמניות טריות יחידה,S.A NICEBLUE,,אוכמניות יחידה,גרמים,125.00,100 גרם,false,,19.90,0.1592,true,1,158429
37600207188,false,חמאת בוטנים קלאסי סקיפי 462 גרם,חברת המזון אלגוד,,חמאת בוטנים קלאסית ס,גרמים,462.00,100 גרם,false,,18.90,0.0409,true,1,143463
37600207256,false,חמאת בוטנים עם שברי בוטנים סקיפי 462 גרם,חברת המזון אלגוד,,חמאת בוטנים סקיפי עם,גרמים,462.00,100 גרם,false,,18.90,0.0409,true,1,143464
38000138638,false,חטיף צ'יפס פרינגלס פיצה 158 גרם,פרינגלס מנופקצ'ורינג קונ,,פרינגלס בטעם פיצה 15,גרמים,158.00,100 גרם,false,,8.90,0.0563,true,1,153319
38000183928,false,פרינגלס חרדל ודבש 158 גרם,פרינגלס מניופקצ'ורינ,,פרינגלס חרדל ודבש 15,גרמים,158.00,100 גרם,false,,8.90,0.0563,true,1,158553
38000202278,false,חטיף צ'יפס גלי בטעם אורגינל מלוח,פרינגלס מניופקצ'ורינ,,פרינגלס wavy אורגינל,גרמים,137.00,100 גרם,false,,8.90,0.0650,true,1,158555
38000232183,false,פרינגלס ביג אורגינל 149 גרם,פרינגלס מנופקצ'ורינג קונ,,פרינגלס אורגינל 149,גרמים,149.00,100 גרם,false,,8.90,0.0597,true,1,150259
38527591053,false,קואקר דגנים מרובעים שיבולת שועל וקינמון,קוואקר אוטס קומפני,,קוואקר ריבועים קנמון,גרמים,411.00,100 גרם,false,,19.90,0.0484,true,1,142357
40232885518,false,אוכמניות יחידה,אראל תוצרת חקלאית בע,,אוכמניות יחידה,גרמים,125.00,100 גרם,false,,19.90,0.1592,true,1,163010
41390001079,false,"רוטב סויה קיקומן מופחת נתרן 444 מ""ל",קיקומן פודז אינק,,רוטב סויה דל נתרן קי,מיליליטרים,444.00,"100 מ""ל",false,,20.90,0.0471,true,1,143466
64144090051,false,"ספריי שמן PAM קנולה אורגינל 148 מ""ל",קונאגרה פודס,,פאם קנולה 148 מ'ל,גרמים,170.00,100 גרם,false,,17.90,0.1053,true,1,139261
70221011116,false,טובלרון - שוקולד חלב 100 גרם,טובלרון Toblerone,,טובלרון 100 גרם,גרמים,100.00,100 גרם,false,,11.90,0.1190,true,1,159833
70970461805,true,מייק אנד אייק כחול5,,,מייק אנד אייק כחול5,,0.00,,false,,5.00,0.0000,true,1,138638
70970461828,true,מייק אנד אייק ורוד5,,,מייק אנד אייק ורוד5,,0.00,,false,,5.00,0.0000,true,1,138640
72600007123,false,הרס חטיף ציפס תפוחי אדמה טבעי 170 גרם,הר פודס,,"הר חטיף תפו""""א קטל ט",גרמים,170.00,100 גרם,false,,19.90,0.1171,true,1,157904
77245110610,false,סוכריות מאסט ללא סוכר בטעם מנטה 80 ג'עלית,MIESZKO S.A - MS. JO,,"סוכריות לל""ס מאסט מנ",גרמים,80.00,100 גרם,false,,7.90,0.0988,true,1,151807
77975094631,false,סניידרס סנדוויץ' בייגלה במילוי קרם בטעם צ'דר 226 גרם,סניידרס לאנס,,סניידרס סנדביץ קרם צ,גרמים,266.00,100 גרם,false,,16.90,0.0635,true,1,153657
77975094778,false,שברי בייגלה סניידרס בטעם דבש חרדל 340 גר,סניידרס אוף האנובר,,סניידרס דבש וחרדל 34,גרמים,340.00,100 גרם,false,,14.90,0.0438,true,1,156151
82184090442,true,"ג""ק דניאלס 1 ליטר",,,"ג""ק דניאלס 1 ליטר",,0.00,,false,,100.00,0.0000,true,1,140432
401500011273,true,סומט נוזל לניקוי ומב,,,סומט נוזל לניקוי ומב,,0.00,,false,,5.00,0.0000,true,1,137487
608614310456,false,אוכמניות ארוז 125 גר,S.A SOL DEL BERRIES,,אוכמניות יחידה,גרמים,125.00,100 גרם,false,,19.90,0.1592,true,1,157940
608614310463,false,אוכמניות יחידה,אראל תוצרת חקלאית בע,,אוכמניות יחידה,גרמים,125.00,100 גרם,false,,19.90,0.1592,true,1,163336
608614331475,false,כרובית ארוזה ביכורי,חקלאי,,כרובית,Unknown,1.00,יחידה,false,,9.90,9.9000,true,1,147708
628154383659,false,דגני בוקר פרוטי פבלס פוסט 311 גרם,פוסט ארצות הברית,,פרוטי פבלס פוסט 340,גרמים,311.00,100 גרם,false,,21.90,0.0704,true,1,160819
633824703392,true,וודקה ואן גוך קלאסית,,,וודקה ואן גוך קלאסית,,0.00,,false,,0.00,0.0000,true,1,140404
681131129855,false,"שלוס בירה בלגית 5% פחית 500 מ""ל",מבשלת מרטנס,,בירה בלגית שלוס 5% פ,מיליליטרים,500.00,"100 מ""ל",false,,7.20,0.0144,true,1,156142
693493182614,false,קפסולות טרדיציונה פרמיום רמי לוי,,,קפסולות תואם נספרסו,גרמים,55.00,100 גרם,false,,10.90,0.1982,true,1,162129
693493182645,false,קפסולות ברזיל פרמיום רמי לוי,,,קפסולות תואם נספרסו,גרמים,55.00,100 גרם,false,,10.90,0.1982,true,1,162126
729000254137,true,חלב סויה אלפרו,,,חלב סויה אלפרו,,0.00,,false,,0.00,0.0000,true,1,135764
729000487231,true,טילון וניל,,,טילון וניל,,0.00,,false,,5.00,0.0000,true,1,135484
729000494616,true,שוקו 250 גרם,,,שוקו 250 גרם,,0.00,,false,,0.00,0.0000,true,1,135073
729000513130,true,מפעל-מלפפון חמוץ במל,,,מפעל-מלפפון חמוץ במל,,0.00,,false,,0.00,0.0000,true,1,137066
729001364230,true,פסטרמה כפרית 100 גרם,,,פסטרמה כפרית 100 גרם,,0.00,,false,,5.00,0.0000,true,1,137909
729001364506,true,סלמי פריזר 100 גרם,,,סלמי פריזר 100 גרם,,0.00,,false,,5.00,0.0000,true,1,137910
729001505785,true,מיץ תפוזים עדה חרדית,,,מיץ תפוזים עדה חרדית,,0.00,,false,,0.00,0.0000,true,1,138559
729001587826,true,חרדל 370 גרם,,,חרדל 370 גרם,,0.00,,false,,5.00,0.0000,true,1,135465
729001759700,true,פמלה קלופה,,,פמלה קלופה,,0.00,,false,,12.00,0.0000,true,1,140933
729002007890,true,"כוסות ח""פ לשתייה קרה",,,"כוסות ח""פ לשתייה קרה",,0.00,,false,,5.00,0.0000,true,1,135181
753182231761,false,"משקה אנרגיה BLU ללא תוספת סוכר 250 מ""ל",אקווה ויט,,משקה אנרגיה בלו ללא,מיליליטרים,250.00,"100 מ""ל",false,,4.20,0.0168,true,1,135168
769904000997,false,שקדי מרק ללא גלוטן200גרם,משובח תעשיות מזון,,דגש - שקדי מרק ללא ג,גרמים,200.00,100 גרם,false,,14.90,0.0745,true,1,154127
800520048652,true,נסטי אפרסק בקבוק500,,,נסטי אפרסק בקבוק500,,0.00,,false,,5.00,0.0000,true,1,138116
807680208570,true,פסטה פנה ברילה50 73,,,פסטה פנה ברילה50 73,,0.00,,false,,5.00,0.0000,true,1,135247
835811007234,true,אפונה 500 גרם,,,אפונה 500 גרם,,0.00,,false,,5.00,0.0000,true,1,140558
853773004269,true,מפעל-אורז קלרוז22.7,,,מפעל-אורז קלרוז22.7,קילוגרמים,1.00,"ק""ג",true,,0.00,0.0000,true,1,137146
856591000918,false,מארז שמיניית חטיף טבעי עבאדי,עבאדי,,מארז חטיף טבעי עבאדי,גרמים,320.00,100 גרם,false,,19.90,0.0622,true,1,155724
884912365200,false,דגני בוקר אוראו שחור ולבן 311 גרם,פוסט ארצות הברית,,דגני בוקר אוראו פוסט,גרמים,311.00,100 גרם,false,,22.90,0.0736,true,1,163219
893594002051,false,"חטיף פופקורן צ`יפס בטעם גבינת צ`דר, 28ג Medora snacks",PepsiCo inc. Frito lay Division,,פופקורנס גבינת צ'דר,גרמים,28.00,100 גרם,false,,5.90,0.2107,true,1,162211
893594002068,false,"חטיף פופקורן צ`יפס עם מלח ים,28 ג HANTRONIX",PepsiCo inc. Frito lay Division,,פופקורנס מלח ים 28 ג,גרמים,28.00,100 גרם,false,,5.90,0.2107,true,1,135507
2586802903609,true,פסיפלורה נוזלי עדה ח,,,פסיפלורה נוזלי עדה ח,,0.00,,false,,0.00,0.0000,true,1,136861
2731258680290,true,פסיפלורה נוזלי עדה ח,,,פסיפלורה נוזלי עדה ח,,0.00,,false,,0.00,0.0000,true,1,136802
2731708652720,true,אייס לימונענע נוזלי,,,אייס לימונענע נוזלי,,0.00,,false,,0.00,0.0000,true,1,136823
3059943016507,false,"אירוויק ספריי בניחוח לבנדר וקמומיל 240 מ""ל",רקיט בנקיזר (ניר איסט) בעמ,,מבשם אויר איירוויק ס,מיליליטרים,240.00,"100 מ""ל",false,,9.90,0.0413,true,1,156209
3387390525960,false,קראנץ' דגני בוקר עם שוקולד חלב נסטלה 500 גרם,קבוצת אוסם סחר שותפות מוגבלת,,דגני בוקר פריכים עם,גרמים,500.00,100 גרם,false,,22.90,0.0458,true,1,141499
3574661212524,false,משחת החתלה דזיטין 10,,,דזיטין קרם החתלה 100,מיליליטרים,100.00,"100 מ""ל",false,,26.90,0.2690,true,1,142824
3800020423578,false,קיט קט שוקולד אצבעות צ'אנקי אדום 40ג',קבוצת אוסם סחר שותפות מוגבלת,,קיט קט צ'אנקי חלב 40,גרמים,40.00,100 גרם,false,,4.50,0.1125,true,1,136342
4000417022004,false,ריטר ספורט שוקולד חלב מעולה עם צימוקים ואגוזי לוז 100 גרם,ריטר ספורט Ritter sport,,שוקולד חלב עם צימוקי,גרמים,100.00,100 גרם,false,,8.90,0.0890,true,1,146080
4000417025005,false,שוקולד מריר במילוי מרציפן ריטר ספורט 100 גרם,ריטר ספורט Ritter sport,,שוקולד מריר במילוי מ,גרמים,100.00,100 גרם,false,,8.90,0.0890,true,1,141993
4000417026002,false,שוקולד ריטר ספורט פרלין 100 גרם חלב נוכרי,ריטר ספורט Ritter sport,,שוקולד פרלין ריטר ספ,גרמים,100.00,100 גרם,false,,8.90,0.0890,true,1,146081
4000417211002,false,שוקולד חלב מעולה ממולא קרם קרמל מוקצף ושברי שקדים מומלחים,ריטר ספורט Ritter sport,,שוקולד ריטר מוס קרמל,גרמים,100.00,100 גרם,false,,10.90,0.1090,true,1,146082
4001518003800,false,טורינוס מקלות פריכים עם פלפל ומלח 125 גרם,ר.ב. מוצרי דגנים בעמ,,גריסיני מקלות פריכים,גרמים,125.00,100 גרם,false,,17.90,0.1432,true,1,155164
4005500534600,false,טבלת שוקולד קראנץ' ל,,,שוקולד קראנץ לבן 10,,1.00,יח,false,,11.90,11.9000,true,1,163052
4005563194018,true,"פידג 1 ""ליטר",,,"פידג 1 ""ליטר",,0.00,,false,,0.00,0.0000,true,1,136016
4005563194025,true,"פידג 700 ""מ""ל",,,"פידג 700 ""מ""ל",,0.00,,false,,0.00,0.0000,true,1,136817
<<<<<<< HEAD
4008287058161,false,בירה קרומבאכר פילס 4.8% שישיה 6 * 330 מל,מנדלז סי.אר. פרודקשן,,בירה קרומבאכר פילס 3,Unknown,6.00,יחידה,false,,37.90,6.3167,true,1,155422
4008287905786,false,בירה קרומבאכר חיטה 5.3% פחית 500 מל,מנדלז סי.אר. פרודקשן,,בירה קרומבכר חיטה 50,מיליליטרים,500.00,"100 מ""ל",false,,10.90,0.0218,true,1,155429
4008400290126,false,ק'נדר פינגווי עוגת ספוג במילוי חלבי מצופה שוקולד מריר 30 ג' OUD,פררו טורקיה צ'\יקולטה וו,,קינדר פינגווי עוגת ס,גרמים,30.00,100 גרם,false,,4.50,0.1500,true,1,155993
4014400907902,false,"וורטרס אורגינל סוכריות חמאה ללא סוכר בקופסה
42 גרם",תות ממתקי איכות,,סוכריות חמאה ללא תוס,גרמים,42.00,100 גרם,false,,6.90,0.1643,true,1,146088
=======
4008287058161,false,בירה קרומבאכר פילס 4.8% שישיה 6 * 330 מל,אגודת הכורמים -כרמל מזרחי,,בירה קרומבאכר פילס 3,Unknown,6.00,יחידה,false,,37.90,6.3167,true,1,155422
4008287905786,false,בירה קרומבאכר חיטה 5.3% פחית 500 מל,אגודת הכורמים -כרמל מזרחי,,בירה קרומבכר חיטה 50,מיליליטרים,500.00,"100 מ""ל",false,,10.90,0.0218,true,1,155429
4008400290126,false,ק'נדר פינגווי עוגת ספוג במילוי חלבי מצופה שוקולד מריר 30 ג' OUD,פררו טורקיה צ'\יקולטה וו,,קינדר פינגווי עוגת ס,גרמים,30.00,100 גרם,false,,4.50,0.1500,true,1,155993
4014400907902,false,"וורטרס אורגינל סוכריות חמאה ללא סוכר בקופסה
42 גרם",ליימן שליסל בע`מ,,סוכריות חמאה ללא תוס,גרמים,42.00,100 גרם,false,,6.90,0.1643,true,1,146088
>>>>>>> d048ac2f4f281c9d788043ab4e81b61b0dbe3743
4014400914924,false,"סוכריות בטעם קפה וורטר אורגינל לל""ס 80 גרם",קריניציה ויטמינה אס,,סוכריות ללא סוכר קפה,גרמים,80.00,100 גרם,false,,9.50,0.1188,true,1,146093
4015000615921,false,"פה - דאודורנט ספריי לגבר ספורט 200 מ""ל",שוורצקופף והנקל,,פה דאודורנט ספריי ספ,מיליליטרים,200.00,"100 מ""ל",false,,9.90,0.0495,true,1,142063
4015400564034,false,מגן תחתון אולוויז מגה פק לונג פלוס 58 יחידות,דיפלומט מפיצים (1986) בע`מ,,מגן תחתון אולוויז מג,גרמים,250.00,100 גרם,false,,19.90,0.0796,true,1,154671
4015400564454,false,מגני תחתון אולוויז לארג' עם ניחוח מגה פק,דיפלומט מפיצים (1986) בע`מ,,מגן תחתון אולוויז מג,גרמים,234.00,100 גרם,false,,19.90,0.0850,true,1,141617
4015400731719,false,תחבושות היגייניות אולוויז יום ולילה Day & Night,דיפלומט מפיצים (1986) בע`מ,,תחבושות אולוויז וליו,גרמים,126.00,100 גרם,false,,19.90,0.1579,true,1,141618
4015400755241,false,תחבושות היגייניות אולוויז אולטרה נורמל - 28 יח',דיפלומט מפיצים (1986) בע`מ,,תחבושות אולוויז וליו,גרמים,136.00,100 גרם,false,,19.90,0.1463,true,1,141620
4015400755487,false,תחבושות היגייניות אולוויז אולטרה לונג - 24 יח',דיפלומט מפיצים (1986) בע`מ,,תחבושות אולוויז וליו,גרמים,132.00,100 גרם,false,,19.90,0.1508,true,1,141638
4015400990482,false,אבקת כביסה אריאל קולור 3 ק`ג,דיפלומט מפיצים (1986) בע`מ,,אבקת כביסה אריאל קול,גרמים,3000.00,100 גרם,false,,34.90,0.0116,true,1,153852
4022025261002,false,"בלו ווין גוורצטרמינר כשר 750 מ""ל",היכל היין שקד גולן בעמ,,יין בלו ווין גוורצטר,מיליליטרים,750.00,"100 מ""ל",false,,49.90,0.0665,true,1,151343
4025700001962,false,מילקה טבלה 100 גר' לבן 1/22 (4248023),דיפלומט מפיצים (1968) בעמ**,,שוקולד לבן מילקה 100,גרמים,100.00,100 גרם,false,,6.90,0.0690,true,1,136637
4033100024153,true,פאקט-וינסטון קוד,,,פאקט-וינסטון קוד,,0.00,,false,,0.00,0.0000,true,1,140113
4046237003182,true,קופיקס-יעה עם מקל 1,,,קופיקס-יעה עם מקל 1,,0.00,,false,,0.00,0.0000,true,1,135786
4067700013002,true,יגרמייסטר בקבוק1 ליט,,,יגרמייסטר בקבוק1 ליט,,0.00,,false,,0.00,0.0000,true,1,136127
4084500149526,false,טייד גל כביסה 2.48 ליטר אלפים רענן,דיפלומט מפיצים (1986) בע`מ,,נוזל כביסה לבנה טייד,מיליליטרים,2480.00,"100 מ""ל",false,,26.90,0.0108,true,1,154680
4606203001279,true,פאקט-נקסט אורגינלFF,,,פאקט-נקסט אורגינלFF,,0.00,,false,,0.00,0.0000,true,1,139945
4640018993350,false,פיניש קוואנטום קפסולות ג'ל למדיח כלים לימון 30 יח',רקיט בנקיזר (ניר איסט) בעמ,,פיניש קוואנטום 30 קפ,Unknown,30.00,יחידה,false,,39.90,1.3300,true,1,156215
4770237057554,false,חטיף גבינה וניל סוול,,,חטיף גבינה וניל סוול,גרמים,40.00,100 גרם,false,,4.90,0.1225,true,1,159174
4770237057561,false,"חטיף גבינה וניל עם שקדים בד""צ 40ג'",,,חטיף גבינה וניל עם ש,גרמים,40.00,100 גרם,false,,4.90,0.1225,true,1,159175
4770577201204,false,"סלק מבושל בוואקום 1 ק""ג",,,סלק אדום מקולף 1 קיל,Unknown,1.00,יחידה,false,,9.90,9.9000,true,1,147710
<<<<<<< HEAD
4810168000066,false,פילה דג הרינג מלוח מצונן עם תבלינים 250 גרם,סנטה ברמור,,פילה דג הרינג מלוח מ,גרמים,250.00,100 גרם,false,,13.90,0.0556,true,1,158771
4810168019051,false,חתיכות פילה דג הרינג מלוח מצונן עם תבלין 200גרם,סנטה ברמור,,חתיכות פילה דג הרינג,גרמים,200.00,100 גרם,false,,13.90,0.0695,true,1,158775
4810168049928,false,"בלינצס במילוי תפו""א ופטריות מוקפא 420 גר",,,"בלינצ'ס במילוי תפו""א",גרמים,420.00,100 גרם,false,,13.90,0.0331,true,1,158781
4810168057435,false,חתיכות פילה דג XXLהרינג מלוח בשמן מצונן 400 גרם,,,חתיכות פילה דג הרינג,גרמים,400.00,100 גרם,false,,27.90,0.0697,true,1,160942
4810168057510,false,חתיכות פילה דג הרינג מתובל מלוח בשמן 400 גרם,,,חתיכות פילה דג הרינג,גרמים,400.00,100 גרם,false,,27.90,0.0697,true,1,160943
4810168058975,false,חתיכות פילה דג הרינג סקנדינבי מלוח מצונן 260 גר,סנטה ברמור,,פילה דג הרינג סקנדינ,גרמים,260.00,100 גרם,false,,18.90,0.0727,true,1,162196
4823077613630,false,חטיף שוקולד רושן ממולה קרם בורלה 43 גרם,רושן Roshen,,חטיף שוקולד רושן ממו,גרמים,43.00,100 גרם,false,,3.50,0.0814,true,1,158691
4823077617041,false,חטיף שוקולד רושן ממולה קרם קרמל 43 גרם,רושן Roshen,,חטיף שוקולד רושן ממו,גרמים,43.00,100 גרם,false,,3.50,0.0814,true,1,158695
4823077618161,false,גליליות ופל רושן קונפטו חלב 140 גרם,רושן,,גליליות רושן קונאפטו,גרמים,140.00,100 גרם,false,,6.90,0.0493,true,1,159832
4823077621642,false,חטיף שוקולד רושן בטעם שוקולד 72 גר,Unknown,,וופל רושן בטעם שוקול,גרמים,72.00,100 גרם,false,,3.50,0.0486,true,1,158698
4823077625626,false,וופל וואפרס אגוז רושן 216 גר,,,וופל רושן בטעם אגוז,גרמים,216.00,100 גרם,false,,6.90,0.0319,true,1,158713
4823077626227,false,שוקולד רושן אורירי חלב 80 גרם,רושן Roshen,,שוקולד רושן אורירי ח,גרמים,80.00,100 גרם,false,,6.90,0.0863,true,1,158716
4823077630057,false,חמאה רושן 200 גרם 82,הפריט בפיקוח,,חמאה 200 גרם רושן 82,גרמים,200.00,100 גרם,false,,9.90,0.0495,true,1,163002
4823077630439,false,"סנדוויץ' קרקר שוקולד רושן 235 גרם "" 2 CRACK """,רושן,,סנדוויץ' קרקר שוקולד,גרמים,235.00,100 גרם,false,,9.90,0.0421,true,1,158722
4823077631467,false,קרקר עם מלח ים רושן 168 גר HI DAY,רושן,,קרקר עם מלח ים רושן,גרמים,168.00,100 גרם,false,,5.50,0.0327,true,1,158729
4823077632259,false,חטיף שוקולד רושן עם בוטנים 43 גרם,רושן Roshen,,חטיף שוקולד רושן עם,גרמים,38.00,100 גרם,false,,3.50,0.0921,true,1,158735
4823077632570,false,שוקולד רושן BRUT מריר 85 גרם,רושן,,שוקולד רושן מריר 85,גרמים,85.00,100 גרם,false,,6.90,0.0812,true,1,158740
4823077633317,false,עוגיות שוקוצ'יפס LOVITA שוקולד עם חתיכות שוקולד 150 גרם,,,עוגיות לביטה שוקולד,גרמים,150.00,100 גרם,false,,6.90,0.0460,true,1,158747
4823077633324,false,עוגיות שוקוצ'יפס LOVITA עם חתיכות שוקולד 150 גרם,,,עוגיות שוקוצ'יפס לבי,גרמים,150.00,100 גרם,false,,6.90,0.0460,true,1,158748
4823077633331,false,עוגיות שוקוצ'יפס LOVITA בטעם תפוז 150 גרם,,,עוגיות רושן לוביטה ב,גרמים,150.00,100 גרם,false,,6.90,0.0460,true,1,161002
4823077633508,false,חטיף שוקולד רושן במילוי קרם קקאו מצופה 34 גרם,,,חטיף וופל במילוי קרם,גרמים,34.00,100 גרם,false,,3.50,0.1029,true,1,161794
=======
4810168000066,false,פילה דג הרינג מלוח מצונן עם תבלינים 250 גרם,דילר בי.אם.די. פורמולה בעמ,,פילה דג הרינג מלוח מ,גרמים,250.00,100 גרם,false,,13.90,0.0556,true,1,158771
4810168019051,false,חתיכות פילה דג הרינג מלוח מצונן עם תבלין 200גרם,דילר בי.אם.די. פורמולה בעמ,,חתיכות פילה דג הרינג,גרמים,200.00,100 גרם,false,,13.90,0.0695,true,1,158775
4810168049928,false,"בלינצס במילוי תפו""א ופטריות מוקפא 420 גר",דילר בי.אמ.די פורמולה בעמ,,"בלינצ'ס במילוי תפו""א",גרמים,420.00,100 גרם,false,,13.90,0.0331,true,1,158781
4810168057435,false,חתיכות פילה דג XXLהרינג מלוח בשמן מצונן 400 גרם,דילר בי.אם.די. פורמולה בעמ,,חתיכות פילה דג הרינג,גרמים,400.00,100 גרם,false,,27.90,0.0697,true,1,160942
4810168057510,false,חתיכות פילה דג הרינג מתובל מלוח בשמן 400 גרם,דילר בי.אם.די. פורמולה בעמ,,חתיכות פילה דג הרינג,גרמים,400.00,100 גרם,false,,27.90,0.0697,true,1,160943
4810168058975,false,חתיכות פילה דג הרינג סקנדינבי מלוח מצונן 260 גר,דילר בי.אם.די. פורמולה בעמ,,פילה דג הרינג סקנדינ,גרמים,260.00,100 גרם,false,,18.90,0.0727,true,1,162196
4823077613630,false,חטיף שוקולד רושן ממולה קרם בורלה 43 גרם,דילר בי.אמ.די.אינטרנשויונל בעמ,,חטיף שוקולד רושן ממו,גרמים,43.00,100 גרם,false,,3.50,0.0814,true,1,158691
4823077617041,false,חטיף שוקולד רושן ממולה קרם קרמל 43 גרם,דילר בי.אמ.די.אינטרנשויונל בעמ,,חטיף שוקולד רושן ממו,גרמים,43.00,100 גרם,false,,3.50,0.0814,true,1,158695
4823077618161,false,גליליות ופל רושן קונפטו חלב 140 גרם,דילר בי.אמ.די.אינטרנשויונל בעמ,,גליליות רושן קונאפטו,גרמים,140.00,100 גרם,false,,6.90,0.0493,true,1,159832
4823077621642,false,חטיף שוקולד רושן בטעם שוקולד 72 גר,דילר בי.אמ.די.אינטרנשויונל בעמ,,וופל רושן בטעם שוקול,גרמים,72.00,100 גרם,false,,3.50,0.0486,true,1,158698
4823077625626,false,וופל וואפרס אגוז רושן 216 גר,דילר בי.אמ.די.אינטרנשויונל בעמ,,וופל רושן בטעם אגוז,גרמים,216.00,100 גרם,false,,6.90,0.0319,true,1,158713
4823077626227,false,שוקולד רושן אורירי חלב 80 גרם,דילר בי.אמ.די.אינטרנשויונל בעמ,,שוקולד רושן אורירי ח,גרמים,80.00,100 גרם,false,,6.90,0.0863,true,1,158716
4823077630057,false,חמאה רושן 200 גר`FERMA,דילר בי.אם.די. פורמולה בעמ,,חמאה 200 גרם רושן 82,גרמים,200.00,100 גרם,false,,9.90,0.0495,true,1,163002
4823077630439,false,"סנדוויץ' קרקר שוקולד רושן 235 גרם "" 2 CRACK """,דילר בי.אמ.די.אינטרנשויונל בעמ,,סנדוויץ' קרקר שוקולד,גרמים,235.00,100 גרם,false,,9.90,0.0421,true,1,158722
4823077631467,false,קרקר עם מלח ים רושן 168 גר HI DAY,דילר בי.אמ.די.אינטרנשויונל בעמ,,קרקר עם מלח ים רושן,גרמים,168.00,100 גרם,false,,5.50,0.0327,true,1,158729
4823077632259,false,חטיף שוקולד רושן עם בוטנים 43 גרם,דילר בי.אמ.די.אינטרנשויונל בעמ,,חטיף שוקולד רושן עם,גרמים,38.00,100 גרם,false,,3.50,0.0921,true,1,158735
4823077632570,false,שוקולד רושן BRUT מריר 85 גרם,דילר בי.אמ.די.אינטרנשויונל בעמ,,שוקולד רושן מריר 85,גרמים,85.00,100 גרם,false,,6.90,0.0812,true,1,158740
4823077633317,false,עוגיות שוקוצ'יפס LOVITA שוקולד עם חתיכות שוקולד 150 גרם,דילר בי.אמ.די.אינטרנשויונל בעמ,,עוגיות לביטה שוקולד,גרמים,150.00,100 גרם,false,,6.90,0.0460,true,1,158747
4823077633324,false,עוגיות שוקוצ'יפס LOVITA עם חתיכות שוקולד 150 גרם,דילר בי.אמ.די.אינטרנשויונל בעמ,,עוגיות שוקוצ'יפס לבי,גרמים,150.00,100 גרם,false,,6.90,0.0460,true,1,158748
4823077633331,false,עוגיות שוקוצ'יפס LOVITA בטעם תפוז 150 גרם,דילר בי.אמ.די.אינטרנשויונל בעמ,,עוגיות רושן לוביטה ב,גרמים,150.00,100 גרם,false,,6.90,0.0460,true,1,161002
4823077633508,false,חטיף שוקולד רושן במילוי קרם קקאו מצופה 34 גרם,דילר בי.אמ.די.אינטרנשויונל בעמ,,חטיף וופל במילוי קרם,גרמים,34.00,100 גרם,false,,3.50,0.1029,true,1,161794
>>>>>>> d048ac2f4f281c9d788043ab4e81b61b0dbe3743
4976879102489,true,מפעל-סאקה יפני -הוקא,,,מפעל-סאקה יפני -הוקא,,0.00,,false,,0.00,0.0000,true,1,137261
5000159461139,true,סניקרס 50 גרם,,,סניקרס 50 גרם,,0.00,,false,,5.00,0.0000,true,1,137252
5010327000039,true,"ווסקי גראנט""ס 1 ליטר",,,"ווסקי גראנט""ס 1 ליטר",,0.00,,false,,0.00,0.0000,true,1,136129
5010677554398,false,בריזר אבטיח בבקבוק בקרדי (275 מל),בקרדי בריזר Bacardi Breezer,,משקה אלכוהולי 4% אבט,מיליליטרים,275.00,"100 מ""ל",false,,14.70,0.0535,true,1,142579
5014271400426,false,"מעדן בטעם תות שדה לל""ס סאן דלפור 284 גרם",סאן דלפור - שמבור,,מעדן סאנט דלפור תות,גרמים,284.00,100 גרם,false,,19.90,0.0701,true,1,143301
5060517886486,false,"משקה אנרגיה מונסטר אנרג'י בפחית 500 מ""ל",החברה המרכזית להפצת משקאות בעמ,,משקה אנרגיה מונסטר א,מיליליטרים,500.00,"100 מ""ל",false,,7.50,0.0150,true,1,149515
5060517886516,false,"משקה אנרגיה מונסטר אנרג'י זירו בפחית 500 מ""ל",החברה המרכזית להפצת משקאות בעמ,,משקה אנרגיה זירו מונ,מיליליטרים,500.00,"100 מ""ל",false,,8.20,0.0164,true,1,149516
5410126006087,false,ביסקויט ביסקפה לוטוס בטעם קרמל 700גר`ב,דיפלומט מפיצים (1968) בעמ**,,עוגיות לוטוס 700 גרם,גרמים,700.00,100 גרם,false,,26.90,0.0384,true,1,151183
5410126116953,false,ממרח ביסקוויט קרמל לוטוס (400 גרם),דיפלומט מפיצים (1968) בעמ**,,לוטוס ממרח ביסקוויט,גרמים,400.00,100 גרם,false,,23.90,0.0597,true,1,141627
5410126666038,false,"ביסקוויט קרמל לוטוס 279 גרם בד""צ",דיפלומט מפיצים (1968) בעמ**,,ביסקוויט בטעם קרמל ל,גרמים,279.00,100 גרם,false,,12.90,0.0462,true,1,154370
5411188134985,false,אלפרו 3.5% NOT M*LK שיבולת שועל 1 ליטר בית יוסף,שטראוס גרופ בעמ/מצונן,,אלפרו שיבולת שועל 3.,מיליליטרים,1000.00,"100 מ""ל",false,,13.90,0.0139,true,1,157724
5411188135005,false,אלפרו 1.8% NOT M*LK שיבולת שועל 1 ליטר בית יוסף,שטראוס גרופ בעמ/מצונן,,אלפרו שיבולת שועל 1.,מיליליטרים,1000.00,"100 מ""ל",false,,13.90,0.0139,true,1,157725
5601008200468,false,עוגיות גודיס טבעות מצופות שוקולד לבו מרבה 150 גרם,קריניציה ויטמינה אס,,עוגיות גודיס טבעות מ,גרמים,150.00,100 גרם,false,,6.90,0.0460,true,1,146305
5701932026964,false,"הוטפופ גרעיני תירס להכנת פופקורן במיקרוגל בטעם טבעי, בתוספת מלח, 600 גרם",ליימן שליסל בע`מ,,פופקורן למיקרוגל בתו,גרמים,600.00,100 גרם,false,,16.90,0.0282,true,1,146095
5701932026971,false,הוטפופ גרעיני תירס להכנת פופקורן במיקרוגל בטעם חמאה 600 גרם,ליימן שליסל בע`מ,,פופקורן למיקרוגל בטע,גרמים,600.00,100 גרם,false,,16.90,0.0282,true,1,146096
5701932026995,false,"הוטפופ גרעיני תירס להכנת פופקורן במיקרוגל בטעם טבעי מופחת שומן, 510 גרם",קריניציה ויטמינה אס,,פופקורן בטעם טבעי הו,גרמים,510.00,100 גרם,false,,15.90,0.0312,true,1,151595
5740900403215,false,ממרח חמאה דנית לורפק עם מלח 250 גרם,שטראוס גרופ בעמ/מצונן,,ממרח לורפק עם מלח 25,גרמים,250.00,100 גרם,false,,16.90,0.0676,true,1,143784
5740900403239,false,ממרח חמאה דנית לורפק ללא מלח 250 גרם,שטראוס גרופ בעמ/מצונן,,ממרח לורפק בלי מלח 2,גרמים,250.00,100 גרם,false,,16.90,0.0676,true,1,143786
5900020012814,false,דגנים תפוחים בטעם שוקולד נסקוויק נסטלה 500 גרם,קבוצת אוסם סחר שותפות מוגבלת,,דגני בוקר תפוחים בטע,גרמים,500.00,100 גרם,false,,23.90,0.0478,true,1,142960
5900020015174,false,פיטנס חטיפי אנרגיה דגנים בטעם שוקולד נסטלה 6*23.5 גרם,קבוצת אוסם סחר-שות.מוגבלת,,פיטנס חטיף דגנים שוק,גרמים,141.00,100 גרם,false,,14.90,0.1057,true,1,134963
5900020018212,true,שישית פיטנס חטיף דגנ,,,שישית פיטנס חטיף דגנ,,0.00,,false,,0.00,0.0000,true,1,134964
5900020018908,false,פיטנס חטיפי אנרגיה דגנים בטעם קרם עוגיות נסטלה 6*23.5 גרם,קבוצת אוסם סחר-שות.מוגבלת,,פיטנס חטיף דגנים עוג,גרמים,141.00,100 גרם,false,,14.90,0.1057,true,1,134965
5900020020710,false,מארז חטיף דגנים קראנץ' בטעם שוקו וניל נסטלה,קבוצת אוסם סחר שותפות מוגבלת,,חטיף קראנץ' שוקו וני,גרמים,150.00,100 גרם,false,,14.90,0.0993,true,1,138227
5900020024770,false,פיטנס - דליס חטיף דגנים שוקולד אגוז 22.50 גרם * 6,קבוצת אוסם סחר שותפות מוגבלת,,חטיף דגנים בטעם אגוז,גרמים,135.00,100 גרם,false,,14.90,0.1104,true,1,138123
5900020024817,false,פיטנס דליס Fitness Delice חטיף דגנים עם שוקולד לבן,קבוצת אוסם סחר שותפות מוגבלת,,פיטנס בר דליס שוקולד,גרמים,135.00,100 גרם,false,,15.90,0.1178,true,1,137459
5900020025647,false,חטיף דגנים פיטנס שוקולד חלב 135 גרם מארז 6 יחידות,קבוצת אוסם סחר שותפות מוגבלת,,פיטנס בר דליס שוקולד,גרמים,135.00,100 גרם,false,,15.90,0.1178,true,1,147897
5900020026552,false,דגני בוקר האני נאט צ'יריוס בטעם דבש ושקדים,קבוצת אוסם סחר שותפות מוגבלת,,צ'ריוס האני נאט פרוו,גרמים,625.00,100 גרם,false,,23.90,0.0382,true,1,141500
5900020039613,false,חטיף דגנים שקדים ודבש 6*23.5 ג' פיטנס,נסטלה,,פיטנס חטיף דגנים שקד,גרמים,23.50,100 גרם,false,,3.90,0.1660,true,1,162118
5900020041142,false,קורנפלקס פיטנס 500 ג' אסם,קבוצת אוסם סחר-שות.מוגבלת,,קורנפלקס פיטנס 500,גרמים,500.00,100 גרם,false,,15.90,0.0318,true,1,163389
5900627026429,false,"סיליט באנג גיל לניקוי אסלות בתוספת אקונומיקה 750מ""ל",תה ויסוצקי בע`מ,,סיליט באנג לשירותים,מיליליטרים,750.00,"100 מ""ל",false,,11.90,0.0159,true,1,156220
5900951243530,true,סניקרס 50 גרם,,,סניקרס 50 גרם,,0.00,,false,,5.00,0.0000,true,1,139332
5901669485649,false,ברון שוקולד מריר 80% 100 גרם,,,שוקולד דק מריר 80% ב,גרמים,100.00,100 גרם,false,,8.90,0.0890,true,1,162950
5902198160403,false,XL משקה אנרגיה מוגז ללא סוכר עד 10 קלוריות לפחית 250 מל,"טמפו משקאות בע""\מ",,"אקסל 250 TEN מ""ל",מיליליטרים,250.00,"100 מ""ל",false,,4.80,0.0192,true,1,138637
5904941750312,false,"משקה אנרגיה BLU מוחיטו בודד 250 מ""ל",בני פאוזי שמשום (2009) בעמ,,משקה אנרגיה בלו מוחי,מיליליטרים,250.00,"100 מ""ל",false,,4.20,0.0168,true,1,135165
5904941751302,false,משקה אנרגיה בפחית בלו (250 מל),בני פאוזי שמשום (2009) בעמ,,משקה אנרגיה בלו 250,מיליליטרים,250.00,"100 מ""ל",false,,4.20,0.0168,true,1,135166
5904941751524,false,"משקה אנרגיה BLU DAY אבטיח בודד 250 מ""ל",בני פאוזי שמשום (2009) בעמ,,משקה אנרגיה בלו אבטי,מיליליטרים,250.00,"100 מ""ל",false,,4.20,0.0168,true,1,143374
5904941751715,false,משקה אנרגיה Blu פחיתבטעם חמוציות 250מל,בני פאוזי שמשום (2009) בעמ,,משקה אנרגיה בלו קרנב,מיליליטרים,250.00,"100 מ""ל",false,,4.20,0.0168,true,1,143375
5904941751913,false,משקה אנרגיה Blu פחית בטעם פסיפלורה250מ,בני פאוזי שמשום (2009) בעמ,,משקה אנרגיה בלו פסיפ,מיליליטרים,250.00,"100 מ""ל",false,,4.20,0.0168,true,1,162239
5904941751920,false,בלו משקה אנרגיה דיי חצי מכמות הקלו250 מל,בני פאוזי שמשום (2009) בעמ,,משקה אנרגיה בלו דיי,מיליליטרים,250.00,"100 מ""ל",false,,4.20,0.0168,true,1,143376
5904941751975,false,"בלו משקה אנרגיה דיי ענבים 250 מ""ל",בני פאוזי שמשום (2009) בעמ,,משקה אנרגיה בלו ענבי,מיליליטרים,250.00,"100 מ""ל",false,,4.20,0.0168,true,1,155952
5906485301012,false,משקה אנרגיה XL מוגז פחית 250 מל,טמפו משקאות בע`מ,,משקה אנרגיה אקסל 250,מיליליטרים,250.00,"100 מ""ל",false,,4.80,0.0192,true,1,135371
5949152110821,false,"איירוויק מבשם אוויר ומנטרל ריחות – לילות לבנים 237 מ""ל",רקיט בנקיזר (ניר איסט) בעמ,,איירוויק מבשם אוויר,מיליליטרים,345.00,"100 מ""ל",false,,14.90,0.0432,true,1,162961
6001067003427,true,מארז קולגייט 12 מברש,,,מארז קולגייט 12 מברש,,0.00,,false,,0.00,0.0000,true,1,138929
6253507370600,false,כוסות נייר שתיה חמה,כוסות שתייה חמה 3 ב,,כוסות נייר שתיה חמה,Unknown,50.00,יחידה,false,,11.90,0.2380,true,1,155253
6582048300846,true,מרשמלו 500 גרם,,,מרשמלו 500 גרם,,0.00,,false,,0.00,0.0000,true,1,139092
6902176502491,false,סלק אדום מקולף מבושל 500 גרם לירון,ביג פוד כחול לבן בעמ*שיק 30 יו,,סלק מבושל בוואקום,גרמים,500.00,100 גרם,false,,5.90,0.0118,true,1,163331
6902176502507,false,סלק אדום בוואקום 500 גרם,ביג פוד כחול לבן בעמ*שיק 30 יו,,סלק מבושל בוואקום,גרמים,500.00,100 גרם,false,,5.90,0.0118,true,1,163332
6910191800041,true,מפעל-אצות נורי גולד,,,מפעל-אצות נורי גולד,,0.00,,false,,0.00,0.0000,true,1,138224
6928325111086,false,שקית נייר פרחים עתיק,,,שקית נייר פרחים עתיק,Unknown,1.00,יחידה,false,,2.90,2.9000,true,1,156925
6930548976243,false,מארז שום הלפרין,אראל תוצרת חקלאית בע,,שום ארוז יבוא,Unknown,1.00,יחידה,false,,7.90,7.9000,true,1,151328
6934932049728,false,אוכמניות יחידה,ביכורי השדה צפון 1994 ג.ד. בעמ,,אוכמניות יחידה,גרמים,125.00,100 גרם,false,,19.90,0.1592,true,1,163009
6936613888667,false,שום ארוז יבוא,ביכורי השדה צפון 1994 ג.ד. בעמ,,שום ארוז יבוא,Unknown,1.00,יחידה,false,,7.90,7.9000,true,1,161046
6936745600455,true,מפעל-מירין 18 ליטר),,,מפעל-מירין 18 ליטר),,0.00,,false,,0.00,0.0000,true,1,137140
6937457900314,true,שמרים 100 גרם,,,שמרים 100 גרם,,0.00,,false,,0.00,0.0000,true,1,134989
6955728120230,true,כוס זכוכית,,,כוס זכוכית,,0.00,,false,,5.00,0.0000,true,1,136181
7260000572116,true,מפעל-טחינה בדלי פלסט,,,מפעל-טחינה בדלי פלסט,,0.00,,false,,2999.90,0.0000,true,1,137610
7290000000035,false,תוספת שתיה בקירור,,,תוספת שתיה בקירור,Unknown,0.00,יחידה,false,,1.00,0.0000,true,1,157830
7290000000103,false,חלה רגילה,ביכורי השקמה,,תירס חם,Unknown,1.00,יחידה,false,,10.00,10.0000,true,1,159519
7290000000411,false,שום יבש יבוא רמי לוי,אראל תוצרת חקלאית בע,,שום ארוז יבוא,Unknown,1.00,יחידה,false,,7.90,7.9000,true,1,136602
7290000000960,false,"פקדון רביעיה 1.2 ש""ח",,,"פקדון רביעיה 1.2 ש""ח",Unknown,0.00,יחידה,false,,1.20,0.0000,true,1,153976
7290000000961,false,"פקדון שישיה 1.8 ש""ח",,,"פקדון שישיה 1.8 ש""ח",Unknown,0.00,יחידה,false,,1.80,0.0000,true,1,153977
7290000000978,false,חסה גוש קטיף ירק הארץ היתר מכירה,ביכורי השדה צפון 1994 ג.ד. בעמ,,חסה מהדרין קטיף טרי,Unknown,1.00,יחידה,false,,6.90,6.9000,true,1,149338
7290000000978,false,חסה גוש קטיף ירק הארץ היתר מכירה,ביכורי השדה צפון 1994 ג.ד. בעמ,,חסה מהדרין קטיף טרי,Unknown,1.00,יחידה,false,,6.90,6.9000,true,1,163509
7290000000985,false,פטרוזיליה ברכת קטיף ייבול נוכרי בוסתן,ביכורי השדה צפון 1994 ג.ד. בעמ,,פטרוזיליה מהדרין קטי,Unknown,1.00,יחידה,false,,6.90,6.9000,true,1,149339
7290000000985,false,פטרוזיליה ברכת קטיף ייבול נוכרי בוסתן,ביכורי השדה צפון 1994 ג.ד. בעמ,,פטרוזיליה מהדרין קטי,Unknown,1.00,יחידה,false,,6.90,6.9000,true,1,163787
7290000000998,false,פקדון,,,פקדון,Unknown,0.00,יחידה,false,,0.30,0.0000,true,1,135441
7290000001043,false,כרוב לבן מהדרין-ברכת קטיף,ביכורי השדה צפון 1994 ג.ד. בעמ,,כרוב לבן מהדרין קטיף,Unknown,1.00,יחידה,false,,12.90,12.9000,true,1,149340
7290000001548,false,קורקבן עוף בגל,מעדני מניה תעשיות בש,,תות שדה 250 גרם,Unknown,1.00,יחידה,false,,19.90,19.9000,true,1,154390
7290000001593,false,נענע מהדרין קטיף טרי,ביכורי השדה צפון 1994 ג.ד. בעמ,,נענע מהדרין קטיף טרי,Unknown,1.00,יחידה,false,,5.90,5.9000,true,1,149345
7290000001616,false,כוסברה ירק הארץ גוש היתר מכירה,ביכורי השדה צפון 1994 ג.ד. בעמ,,כוסברה מהדרין קטיף ט,Unknown,1.00,יחידה,false,,4.90,4.9000,true,1,149347
7290000003345,false,נביעות מים מינרלים ש,,,נביעות מים מינרלים ש,מיליליטרים,1500.00,"100 מ""ל",false,,5.00,0.0033,true,1,141560
7290000009001,false,בננה,5 יחידות,,בננה,קילוגרמים,1.00,"ק""ג",true,,8.70,8.7000,true,1,147591
7290000009002,false,לחם בטעמים אגדת לחם,5 יחידות,,עגבניה,קילוגרמים,1.00,"ק""ג",true,,7.70,7.7000,true,1,147592
7290000009003,false,מלפפון ירוק,6 יחידות,,מלפפון ירוק,קילוגרמים,1.00,"ק""ג",true,,7.70,7.7000,true,1,147593
7290000009004,false,לימון,,,לימון,קילוגרמים,1.00,"ק""ג",true,,7.70,7.7000,true,1,147594
7290000009005,false,אבוקדו,,,אבוקדו,קילוגרמים,1.00,"ק""ג",true,,10.70,10.7000,true,1,147595
7290000009007,false,תפוח עץ ירוק סמיט,4 יחידות,,תפוח עץ ירוק סמיט,קילוגרמים,1.00,"ק""ג",true,,10.90,10.9000,true,1,147597
7290000009008,false,תפוח עץ אדום חרמון,4 יחידות,,תפוח עץ אדום חרמון,קילוגרמים,1.00,"ק""ג",true,,9.90,9.9000,true,1,147598
7290000009010,false,פלפל אדום,5 יחידות,,פלפל אדום,קילוגרמים,1.00,"ק""ג",true,,10.70,10.7000,true,1,147599
7290000009011,false,קלמנטינה,,,קלמנטינה,קילוגרמים,1.00,"ק""ג",true,,6.90,6.9000,true,1,147600
7290000009012,false,אפרסמון,,,אפרסמון,קילוגרמים,1.00,"ק""ג",true,,12.90,12.9000,true,1,147601
7290000009013,false,תפוזים,3 יחידות,,תפוזים,קילוגרמים,1.00,"ק""ג",true,,5.90,5.9000,true,1,147602
7290000009014,false,תפוח פינק ליידי,,,תפוח פינק ליידי,קילוגרמים,1.00,"ק""ג",true,,17.90,17.9000,true,1,147603
7290000009015,false,בצל יבש לבן,4 יחידות,,בצל יבש לבן,קילוגרמים,1.00,"ק""ג",true,,4.70,4.7000,true,1,147604
7290000009016,false,בטטה,,,בטטה,קילוגרמים,1.00,"ק""ג",true,,7.70,7.7000,true,1,147605
7290000009017,false,אגס ירוק,5 יחידות,,אגס ירוק,קילוגרמים,1.00,"ק""ג",true,,12.90,12.9000,true,1,147606
7290000009018,false,תפוח עץ מוזהב,4 יחידות,,תפוח עץ מוזהב,קילוגרמים,1.00,"ק""ג",true,,9.90,9.9000,true,1,147607
7290000009019,false,פלפל צהוב,5 יחידות,,פלפל צהוב,קילוגרמים,1.00,"ק""ג",true,,10.70,10.7000,true,1,147608
7290000009021,false,בצל אדום,4 יחידות,,בצל אדום,קילוגרמים,1.00,"ק""ג",true,,6.70,6.7000,true,1,147610
7290000009022,false,רימון,,,רימון,קילוגרמים,1.00,"ק""ג",true,,8.70,8.7000,true,1,147611
7290000009023,false,אננס,,,אננס,Unknown,1.00,יחידה,false,,29.90,29.9000,true,1,147612
7290000009024,false,חציל,3 יחידות,,חציל,קילוגרמים,1.00,"ק""ג",true,,7.90,7.9000,true,1,147613
7290000009025,false,פיתה ל.גלוטן 70יח,1 יחידה,,כרוב לבן שלם,קילוגרמים,1.00,"ק""ג",true,,5.70,5.7000,true,1,147614
7290000009026,false,אשכולית אדומה,,,אשכולית אדומה,קילוגרמים,1.00,"ק""ג",true,,6.70,6.7000,true,1,147615
7290000009027,false,קיווי,,,קיווי,קילוגרמים,1.00,"ק""ג",true,,12.90,12.9000,true,1,147616
7290000009029,false,מלון,,,מלון,קילוגרמים,1.00,"ק""ג",true,,6.90,6.9000,true,1,147618
7290000009030,false,פומלה,,,פומלה,קילוגרמים,1.00,"ק""ג",true,,8.90,8.9000,true,1,147619
7290000009031,false,פלפל ירוק,5 יחידות,,פלפל ירוק,קילוגרמים,1.00,"ק""ג",true,,9.70,9.7000,true,1,147620
7290000009033,false,כרוב אדום שלם,,,כרוב אדום שלם,קילוגרמים,1.00,"ק""ג",true,,5.70,5.7000,true,1,147622
7290000009034,false,קולורבי,,,קולורבי,קילוגרמים,1.00,"ק""ג",true,,8.90,8.9000,true,1,147623
7290000009035,false,דלעת ערמונים,,,דלעת ערמונים,קילוגרמים,1.00,"ק""ג",true,,9.90,9.9000,true,1,147624
7290000009039,false,פומלית,,,פומלית,קילוגרמים,1.00,"ק""ג",true,,6.70,6.7000,true,1,147628
7290000009040,false,שומר,,,שומר,קילוגרמים,1.00,"ק""ג",true,,8.90,8.9000,true,1,147629
7290000009046,false,מברשת חשמלית נטענת ב,5 יחידות,,קישוא,קילוגרמים,1.00,"ק""ג",true,,8.90,8.9000,true,1,147634
7290000009051,false,"תפו""א לבן תפזורת",3 יחידות,,"תפו""א לבן תפזורת",קילוגרמים,1.00,"ק""ג",true,,4.90,4.9000,true,1,147637
7290000009052,false,"תפו""א אדום תפזורת",3 יחידות,,"תפו""א אדום תפזורת",קילוגרמים,1.00,"ק""ג",true,,5.90,5.9000,true,1,147638
7290000009054,false,פלפל חריף,,,פלפל חריף,קילוגרמים,1.00,"ק""ג",true,,10.90,10.9000,true,1,147640
7290000009056,false,גבינה מגורדת במש,תנובה חלב,,סלק אדום תפזורת,קילוגרמים,1.00,"ק""ג",true,,4.90,4.9000,true,1,147642
7290000009058,false,"חציל בלאדי ק""ג",,,"חציל בלאדי ק""ג",קילוגרמים,1.00,"ק""ג",true,,9.90,9.9000,true,1,147644
7290000009061,false,גזר ארוז,,,גזר ארוז,קילוגרמים,1.00,"ק""ג",true,,4.90,4.9000,true,1,147646
7290000009063,false,כרובית,,,כרובית,Unknown,1.00,יחידה,false,,9.90,9.9000,true,1,147647
7290000009066,false,צנון,,,צנון,קילוגרמים,1.00,"ק""ג",true,,6.90,6.9000,true,1,147650
7290000009075,false,תירס מתוק,,,תירס מתוק,קילוגרמים,1.00,"ק""ג",true,,8.70,8.7000,true,1,147658
7290000009079,false,פלפל בהיר,,,פלפל בהיר,קילוגרמים,1.00,"ק""ג",true,,10.90,10.9000,true,1,147661
7290000009096,false,ענבים שחורים,,,ענבים שחורים,קילוגרמים,1.00,"ק""ג",true,,19.90,19.9000,true,1,147674
7290000009109,false,קוקוס,,,קוקוס,Unknown,1.00,יחידה,false,,6.90,6.9000,true,1,147687
7290000009110,false,אנונה,,,אנונה,קילוגרמים,1.00,"ק""ג",true,,19.90,19.9000,true,1,147688
7290000009112,false,סוכריית פז,Unknown,,תפוז ברשת,קילוגרמים,1.00,"ק""ג",true,,4.90,4.9000,true,1,147690
7290000009115,false,"תפו""א לבן ארוז",,,"תפו""א לבן ארוז",קילוגרמים,1.00,"ק""ג",true,,5.90,5.9000,true,1,147693
7290000009116,false,פלפל כתום,5 יחידות,,פלפל כתום,קילוגרמים,1.00,"ק""ג",true,,10.70,10.7000,true,1,147694
7290000009124,false,שום ארוז יבוא,,,שום ארוז יבוא,Unknown,1.00,יחידה,false,,7.90,7.9000,true,1,150178
7290000009133,false,מלון ספרדי,,,מלון ספרדי,קילוגרמים,1.00,"ק""ג",true,,7.90,7.9000,true,1,153337
7290000009144,false,תות שדה 250 גרם,,,תות שדה 250 גרם,Unknown,1.00,יחידה,false,,19.90,19.9000,true,1,154362
7290000009146,false,פומלית אדומה,,,פומלית אדומה,קילוגרמים,1.00,"ק""ג",true,,6.90,6.9000,true,1,154535
7290000009163,false,אוכמניות יחידה,,,אוכמניות יחידה,גרמים,125.00,100 גרם,false,,19.90,0.1592,true,1,162651
7290000009502,false,עוף טרי ארוז - מבצע,,,עוף טרי ארוז - מבצע,קילוגרמים,1.00,"ק""ג",true,,19.90,19.9000,true,1,151884
7290000009503,false,שוקיים טרי ארוז - מב,,,שוקיים טרי ארוז - מב,קילוגרמים,1.00,"ק""ג",true,,32.90,32.9000,true,1,151885
7290000009504,false,ירכיים טרי ארוז - מב,,,ירכיים טרי ארוז - מב,קילוגרמים,1.00,"ק""ג",true,,27.90,27.9000,true,1,151886
7290000009505,false,כנפיים טרי ארוז - מב,,,כנפיים טרי ארוז - מב,קילוגרמים,1.00,"ק""ג",true,,14.90,14.9000,true,1,151887
7290000009506,false,כרעיים טרי ארוז - מב,,,כרעיים טרי ארוז - מב,קילוגרמים,1.00,"ק""ג",true,,27.90,27.9000,true,1,151888
7290000023007,false,"ברנדי שטוק 84 37 % 750 מ""ל",טמפו משקאות בעמ,,"ברנדי שטוק 84 750 מ""",מיליליטרים,750.00,"100 מ""ל",false,,67.90,0.0905,true,1,138974
7290000023816,false,קלאסיק אמרלד ריזלינג יקבי ברקן (750 מל),יקבי ברקן שיווק והפצה בע,,יין לבן חצי יבש קלאס,מיליליטרים,750.00,"100 מ""ל",false,,32.90,0.0439,true,1,143408
7290000024523,false,"תירוש של סגל ,מיץ ענבים , 1 ליטר",כרמי צבי - האחים סגל,,מיץ ענבים טבעי תירוש,מיליליטרים,1000.00,"100 מ""ל",false,,15.90,0.0159,true,1,138140
<<<<<<< HEAD
7290000024530,false,"יין אדום מתוק לקידוש סגל 750 מ""ל","כרמי צבי - אחים סגל בע""\",,יין גליה מתוק ברקן 7,מיליליטרים,750.00,"100 מ""ל",false,,15.20,0.0203,true,1,138225
7290000040042,false,יופלה יוגורט תות %3 גביע 150 גרם,תנובה חלב,,יופלה יוגורט תות %3,גרמים,150.00,100 גרם,false,,5.00,0.0333,true,1,142638
7290000040066,false,יופלה יוגורט דובדבן %3 גביע 150 גרם,תנובה מרכז שיתופי לש,,יופלה יוגורט דובדבן,מיליליטרים,150.00,"100 מ""ל",false,,5.00,0.0333,true,1,148321
7290000040080,false,יופלה יוגורט אפרסק %3 גביע 150 גרם,תנובה חלב,,יופלה יוגורט אפרסק %,מיליליטרים,150.00,"100 מ""ל",false,,5.00,0.0333,true,1,147261
=======
7290000024530,false,יין אדום מתוק קידוש של סגל 750 מל,"כרמי צבי - אחים סגל בע""\",,יין גליה מתוק ברקן 7,מיליליטרים,750.00,"100 מ""ל",false,,15.20,0.0203,true,1,138225
7290000040042,false,יופלה יוגורט תות %3 גביע 150 גרם,"תנובה בע""מ ***",,יופלה יוגורט תות %3,גרמים,150.00,100 גרם,false,,5.00,0.0333,true,1,142638
7290000040066,false,יופלה יוגורט דובדבן %3 גביע 150 גרם,תנובה מרכז שיתופי לש,,יופלה יוגורט דובדבן,מיליליטרים,150.00,"100 מ""ל",false,,5.00,0.0333,true,1,148321
7290000040080,false,יופלה יוגורט אפרסק %3 גביע 150 גרם,"תנובה בע""מ ***",,יופלה יוגורט אפרסק %,מיליליטרים,150.00,"100 מ""ל",false,,5.00,0.0333,true,1,147261
>>>>>>> d048ac2f4f281c9d788043ab4e81b61b0dbe3743
7290000040462,false,טוסטי גבינה בסגנון אמריקאי אדם 23% תנובה 200 גרם,תנובה מרכז שיתופי לש,,טוסטי טעם אדם 22% 20,גרמים,200.00,100 גרם,false,,17.90,0.0895,true,1,159169
7290000040974,false,חלב 2% דל לקטוז בקרטון תנובה (1 ליטר),תנובה מרכז שיתופי לש,,חלב בקרטון דל לקטוז,מיליליטרים,1000.00,"100 מ""ל",false,,6.90,0.0069,true,1,145633
7290000040974,false,חלב 2% דל לקטוז בקרטון תנובה (1 ליטר),תנובה מרכז שיתופי לש,,חלב בקרטון דל לקטוז,מיליליטרים,1000.00,"100 מ""ל",false,,6.90,0.0069,true,1,147249
7290000041445,false,קוטג תנובה גביע 250 גרם 5% בדצ,מיוצר עי קונדיטוריית,,גבינת קוטג' 5% תנובה,גרמים,250.00,100 גרם,false,,5.70,0.0228,true,1,135450
7290000041445,false,קוטג תנובה גביע 250 גרם 5% בדצ,מיוצר עי קונדיטוריית,,גבינת קוטג' 5% תנובה,גרמים,250.00,100 גרם,false,,5.70,0.0228,true,1,141925
<<<<<<< HEAD
7290000041858,false,"שמנת חמוצה 15% מועשרת יטבתה 200 מ""ל",שטראוס גרופ,,שמנת חמוצה מועשרת 15,מיליליטרים,200.00,"100 מ""ל",false,,2.40,0.0120,true,1,137068
7290000042015,false,"חלב שתייה תנובה בד""צ בשקית 1 ליטר",תנובה מרכז שיתופי לש,,שקית חלב 3% העדה החר,מיליליטרים,1000.00,"100 מ""ל",false,,5.17,0.0052,true,1,137309
7290000042855,false,"שוקו בשקית 250 מ""ל ""יטבתה""",שטראוס גרופ,,שוקו בשקית יטבתה 225,מיליליטרים,225.00,"100 מ""ל",false,,2.50,0.0111,true,1,137819
=======
7290000041858,false,"שמנת חמוצה 15% מועשרת יטבתה 200 מ""ל",שטראוס גרופ בעמ/מצונן,,שמנת חמוצה מועשרת 15,מיליליטרים,200.00,"100 מ""ל",false,,2.40,0.0120,true,1,137068
7290000042015,false,חלב 3% בשקית בדצ תנובה (1 ליטר)פיקוח,תנובה מרכז שיתופי לש,,שקית חלב 3% העדה החר,מיליליטרים,1000.00,"100 מ""ל",false,,5.17,0.0052,true,1,137309
7290000042855,false,"שוקו בשקית 250 מ""ל ""יטבתה""",שטראוס גרופ בעמ/מצונן,,שוקו בשקית יטבתה 225,מיליליטרים,225.00,"100 מ""ל",false,,2.50,0.0111,true,1,137819
>>>>>>> d048ac2f4f281c9d788043ab4e81b61b0dbe3743
7290000043814,false,השף הלבן שמנת להקצפה 38% שומן 250 מל - מוצר בפיקוח,תנובה מרכז שיתופי לש,,השף הלבן שמנת עמידה,מיליליטרים,250.00,"100 מ""ל",false,,6.47,0.0259,true,1,141590
7290000043890,false,תנובה רויון לבן מחלב מפסוטר 1.5%,תנובה מרכז שיתופי לש,,רויון 1.5% תנובה 1 ל,מיליליטרים,1000.00,"100 מ""ל",false,,11.30,0.0113,true,1,142641
7290000043944,false,כד יוגורט תנובה 4% שומן 1.5 ליטר,מיוצר עי קונדיטוריית,,יוגורט תנובה כד 1.5,מיליליטרים,1500.00,"100 מ""ל",false,,16.30,0.0109,true,1,142642
7290000044712,false,יוגורט עם תות 1.5% שומן 500 ג' פרילי,מיוצר עי קונדיטוריית,,"פרילי תות 500 מ""ל 1.",מיליליטרים,500.00,"100 מ""ל",false,,10.30,0.0206,true,1,148325
<<<<<<< HEAD
7290000044880,false,באדי יוגורט תות 3% שומן 500 ג' תנובה,מיוצר עי קונדיטוריית,,"באדי תות 500 מ""ל 3%",מיליליטרים,500.00,"100 מ""ל",false,,8.90,0.0178,true,1,148326
7290000045573,false,גבינת מותכת משולשים 25% שומן 200 ג' נעמה,תנובה חלב,,גבינה מותכת נעמה 25%,גרמים,200.00,100 גרם,false,,14.90,0.0745,true,1,142643
7290000045917,false,תנובה פרומעז גבינה מותכת מחלב עיזים 23% שומן,תנובה חלב,,פרומעז גבינת עזים גל,גרמים,200.00,100 גרם,false,,25.50,0.1275,true,1,139348
=======
7290000044880,false,יוגורט בטעם תות שדה 3% באדי (500 גרם),מיוצר עי קונדיטוריית,,"באדי תות 500 מ""ל 3%",מיליליטרים,500.00,"100 מ""ל",false,,8.90,0.0178,true,1,148326
7290000045573,false,גבינת מותכת משולשים 25% שומן 200 ג' נעמה,תנובה בעמ ***,,גבינה מותכת נעמה 25%,גרמים,200.00,100 גרם,false,,14.90,0.0745,true,1,142643
7290000045917,false,תנובה פרומעז גבינה מותכת מחלב עיזים 23% שומן,תנובה בעמ ***,,פרומעז גבינת עזים גל,גרמים,200.00,100 גרם,false,,25.50,0.1275,true,1,139348
>>>>>>> d048ac2f4f281c9d788043ab4e81b61b0dbe3743
7290000046327,false,גלבוע גבינה צהובה פרוסה 22% תנובה 200 גרם,תנובה מרכז שיתופי לש,,גבינה צהובה פרוסה 22,גרמים,200.00,100 גרם,false,,12.90,0.0645,true,1,142644
7290000046327,false,גלבוע גבינה צהובה פרוסה 22% תנובה 200 גרם,תנובה מרכז שיתופי לש,,גבינה צהובה פרוסה 22,גרמים,200.00,100 גרם,false,,12.90,0.0645,true,1,142710
7290000047546,false,השף הלבן כנען גבינה לבנה דלת נתרן 5% תנובה 500 גרם,תנובה מרכז שיתופי לש,,גבינת כנען 5% תנובה,גרמים,500.00,100 גרם,false,,23.90,0.0478,true,1,142645
7290000047621,false,גבינה לבנה רכה 5% תנובה 250ג' מהדרין,תנובה מרכז שיתופי לש,,גבינה לבנה 5% מהדרין,גרמים,250.00,100 גרם,false,,4.98,0.0199,true,1,145753
7290000047942,false,**תנובה גבינה לבנה מהדרין 9% 250ג,תנובה מרכז שיתופי לש,,גבינה לבנה 9% 250 גר,גרמים,250.00,100 גרם,false,,4.98,0.0199,true,1,145752
7290000048185,false,גבינה לבנה 5% תנובה 250 גרם מהדרין,מיוצר עי קונדיטוריית,,גבינה לבנה 5% תנובה,גרמים,250.00,100 גרם,false,,4.98,0.0199,true,1,142036
7290000048192,false,גבינה לבנה 9% תנובה 250 גרם מהדרין,מחלבת אלון תבור,,גבינה לבנה 9% תנובה,גרמים,250.00,100 גרם,false,,4.98,0.0199,true,1,142031
7290000048413,false,גבינה חמד (25016% גרם)פיראוס תנובה,תנובה מרכז שיתופי לש,,גבינת מלוחה חמד 16%,גרמים,250.00,100 גרם,false,,18.30,0.0732,true,1,142646
7290000048437,false,גבינת צפתית (2005% גרם)פיראוס תנובה,פארייפאבה אגרואינדוס,,גבינה צפתית 5% פיראו,גרמים,200.00,100 גרם,false,,14.90,0.0745,true,1,141957
7290000049458,false,גבינה בולגרית עיזים (25016% גרם)פיראוס,תנובה מרכז שיתופי לש,,פטה עיזים פיראוס 16%,גרמים,250.00,100 גרם,false,,28.50,0.1140,true,1,148371
7290000050447,false,"יוגורט ביו בטעם תות YYY יופלה 500 מ""ל",מיוצר עי קונדיטוריית,,יוגורט ביו 3% בטעם ת,מיליליטרים,500.00,"100 מ""ל",false,,12.70,0.0254,true,1,147250
7290000050447,false,"יוגורט ביו בטעם תות YYY יופלה 500 מ""ל",מיוצר עי קונדיטוריית,,יוגורט ביו 3% בטעם ת,מיליליטרים,500.00,"100 מ""ל",false,,12.70,0.0254,true,1,147262
7290000051307,false,"מארז הפסקת אוכל עם דגני עוגי ומשקה חלב עמיד בטעם וניל 150 מ""ל",תנובה מרכז שיתופי לש,,מארז הפסקת בטעם וניל,Unknown,1.00,יחידה,false,,9.90,9.9000,true,1,148374
7290000051376,false,יוגורט יופלה דיאט אננס 0% שומן 150 גרם,תנובה מרכז שיתופי לש,,יופלה דיאט אננס גביע,מיליליטרים,150.00,"100 מ""ל",false,,5.00,0.0333,true,1,147263
7290000052311,false,גבינה צהובה עמק לייט 15% שומן 200 גרם,תנובה מרכז שיתופי לש,,גבינה צהובה פרוסה 15,גרמים,200.00,100 גרם,false,,15.90,0.0795,true,1,142648
7290000052311,false,גבינה צהובה עמק לייט 15% שומן 200 גרם,תנובה מרכז שיתופי לש,,גבינה צהובה פרוסה 15,גרמים,200.00,100 גרם,false,,15.90,0.0795,true,1,142700
7290000052649,false,לאבנה אסלית (5005% גרם)פיראוס תנובה,תנובה מרכז שיתופי לש,,פיראוס לאבנה 5% גביע,מיליליטרים,500.00,"100 מ""ל",false,,18.90,0.0378,true,1,148338
7290000055329,false,"משקה בוקר יוגורט 1.5% בטעם תות מלון יופלה 250 מ""ל",תנובה מרכז שיתופי לש,,יופלה משקה יוגורט תו,גרמים,250.00,100 גרם,false,,5.40,0.0216,true,1,135200
7290000055343,false,משקה יוגורט יופלה פירות טרופיים 250 גרם,תנובה מרכז שיתופי לש,,יופלה משקה יוגורט טר,גרמים,250.00,100 גרם,false,,5.40,0.0216,true,1,139172
7290000055411,true,משקה אורז עמיד 1ליטר,,,משקה אורז עמיד 1ליטר,,0.00,,false,,5.00,0.0000,true,1,136028
7290000055893,false,חמאה משמנת מפוסטרת 200גרם 82% כ.מהדרין - מוצר בפיקוח,תנובה מרכז שיתופי לש,,חמאה מהדרין תנובה 20,גרמים,200.00,100 גרם,false,,7.80,0.0390,true,1,139471
7290000056906,false,מאגדת לבן טבעי 1.5% שומן 8 יח' * 150 ג' יופלה,מחלבת אלון תבור,,יוגורט לבן 1.5% יופל,מיליליטרים,1200.00,"100 מ""ל",false,,17.30,0.0144,true,1,151134
7290000056951,false,"תנובה, השף הלבן, שמנת לבישול 15% שומן 500 מל",תנובה מרכז שיתופי לש,,שמנת לבישול 15% 500,מיליליטרים,500.00,"100 מ""ל",false,,15.90,0.0318,true,1,148381
7290000057088,false,עמק גבינה צהובה פרוסה דק דק 28% תנובה 200 גרם,תנובה מרכז שיתופי לש,,עמק פרוס דק דק 28% 2,גרמים,200.00,100 גרם,false,,15.90,0.0795,true,1,138034
7290000057118,false,גבינה צהובה עמק 28% שומן ואקום 400 גרם,תנובה מרכז שיתופי לש,,גבינת עמק קלאסית פרו,גרמים,400.00,100 גרם,false,,20.90,0.0522,true,1,141958
7290000057132,false,יוגורט תנובה טבעי 1.5% גביע 200 גרם,מחלבת אלון תבור,,יוגורט ביו תנובה טבע,גרמים,200.00,100 גרם,false,,3.20,0.0160,true,1,142650
<<<<<<< HEAD
7290000057552,false,יופלה דיאט עוגת גבינה ותות 0% גביע 150ג',תנובה חלב,,יופלה דיאט עוגת גבינ,מיליליטרים,150.00,"100 מ""ל",false,,5.00,0.0333,true,1,148382
7290000058047,false,שמנת להקצפה 38% 500מל מהדרין עמיד השף הלבן,תנובה מרכז שיתופי לש,,שמנת להקצפה 38% שומן,מיליליטרים,500.00,"100 מ""ל",false,,12.94,0.0259,true,1,151855
7290000060088,false,בייגלה מקלות מלוחים אסם 400 גרם,מיוצר עי קונדיטוריית,,בייגלה אסם מקלות מלו,גרמים,375.00,100 גרם,false,,9.90,0.0264,true,1,141501
7290000060163,false,פסטה אסם אטריות דקות 400גר,"אסם תעשיות בע""מ",,אטריות דקות אסם 400,גרמים,401.00,100 גרם,false,,6.90,0.0172,true,1,141502
7290000060200,false,פסטה אסם פתיתים אפויים קוסקוס 500גר,"אסם תעשיות בע""מ",,פתיתים אפויים קוסקוס,גרמים,500.00,100 גרם,false,,6.90,0.0138,true,1,140273
7290000060217,false,פסטה מקרוני מספר 7 אסם 500 גרם,קריות זול,,פסטה מקרוני מספר 7 א,גרמים,500.00,100 גרם,false,,5.90,0.0118,true,1,146451
7290000060248,false,פסטה אסם פתיתים תלתלים 500 גר',קריות זול,,פסטה תלתלים פרומנטי,גרמים,500.00,100 גרם,false,,5.90,0.0118,true,1,145849
7290000060408,false,פסטה אסם פתיתים אפויים טבעות 500 גר,"אסם השקעות בע""\מ",,פתיתים אפויים טבעות,גרמים,500.00,100 גרם,false,,6.90,0.0138,true,1,145850
7290000060576,false,פתיתים אפויים כוכבים אסם 500 גרם,"אסם השקעות בע""\מ",,פתיתים אפויים כוכבים,גרמים,500.00,100 גרם,false,,6.90,0.0138,true,1,145851
7290000060781,false,פסטה אסם פתיתים מסולסלים 500גר,קריות זול,,פסטה פוסילי אסם 500,גרמים,500.00,100 גרם,false,,5.90,0.0118,true,1,145852
7290000060828,false,פסטה קרניים בינוניות אסם 500 גרם,קריות זול,,פסטה פרומנטי קרניים,גרמים,500.00,100 גרם,false,,5.90,0.0118,true,1,141503
7290000060842,false,פסטה אסם פתיתים צדפים גדולים 500גר,קריות זול,,פסטה צדפים אסם 500 ג,גרמים,500.00,100 גרם,false,,5.90,0.0118,true,1,145853
7290000060880,false,פסטה ספגטי מספר 8 אסם 500 גרם,קריות זול,,פסטה ספגטי מספר 8 אס,גרמים,500.00,100 גרם,false,,5.90,0.0118,true,1,140274
7290000060903,false,פסטה אסם פתיתים אפויים אורז 500גר,"אסם השקעות בע""\מ",,פתיתים אפויים אורז א,גרמים,500.00,100 גרם,false,,6.90,0.0138,true,1,141504
7290000060958,false,פסטה אסם אטריות בינוניות 400 גרם,"אסם השקעות בע""\מ",,אטריות בינוניות אסם,גרמים,402.00,100 גרם,false,,6.90,0.0172,true,1,145856
7290000060965,false,פסטה אסם אטריות רחבות 400גר,"אסם השקעות בע""\מ",,אטריות רחבות אסם 400,גרמים,403.00,100 גרם,false,,6.90,0.0171,true,1,145857
7290000061214,false,פתיתים אפויים קוסקוס עם בצל אסם 500 גרם,"אסם השקעות בע""\מ",,פתיתים אפויים קוסקוס,גרמים,500.00,100 גרם,false,,6.90,0.0138,true,1,145859
7290000061450,false,פתיתים אפויים קוסקוס 3 צבעים אסם 500 גרם,"אסם השקעות בע""\מ",,פתיתים אפויים קוסקוס,גרמים,500.00,100 גרם,false,,6.90,0.0138,true,1,145860
7290000062952,false,אוסם - מיני קרוטונים למרק ולסלט 250 גרם,עינת תעשיות מזון אגו,,מיני קרוטונים מתובלי,גרמים,250.00,100 גרם,false,,14.90,0.0596,true,1,144187
7290000063102,false,קמח עוגה תופח מאליו אסם 350 גרם,"אסם השקעות בע""\מ",,אסם קמח עוגה תופח מא,גרמים,350.00,100 גרם,false,,4.90,0.0140,true,1,134967
7290000063133,false,אסם שקדי מרק רכיבים טבעיים 24*100גרם,"אסם השקעות בע""מ",,אסם שקדי מרק רכיבים,גרמים,100.00,100 גרם,false,,5.90,0.0590,true,1,142807
7290000063140,false,שקדי מרק רכיבים טבעיים בשקית 400 ג' אסם,"אסם תעשיות בע""מ",,אסם שקדי מרק רכיבים,גרמים,400.00,100 גרם,false,,11.90,0.0298,true,1,140478
7290000063157,false,"קמח עוגה תופח מאליו אסם 1 ק""ג","אסם השקעות בע""\מ",,קמח תופח מאליו אסם 1,גרמים,1000.00,100 גרם,false,,8.90,0.0089,true,1,145621
7290000063904,true,מפעל-קוסקוס בינוני ב,,,מפעל-קוסקוס בינוני ב,,0.00,,false,,2999.90,0.0000,true,1,139297
7290000064758,false,קוסקוס בינוני אמיתי אסם 350 ג',"מיוצר ע""י קוד יצרן K",,אסם קוסקוס אמיתי 350,גרמים,350.00,100 גרם,false,,7.90,0.0226,true,1,137538
7290000064871,false,"אוסם - מנה חמה פירה תפו""א עם בצל 56 גרם","אסם תעשיות בע""מ",,"מנה חמה פירה תפו""א ו",גרמים,56.00,100 גרם,false,,5.90,0.1054,true,1,134968
7290000065090,false,מיני קרוטונים מתובלים למרק ולסלט אסם 400 גרם,עינת תעשיות מזון אגו,,אסם מיני קרוטונים למ,גרמים,400.00,100 גרם,false,,21.90,0.0547,true,1,145863
7290000065335,false,אוסם - מנה חמה פירה עם ירקות 55 גרם,"אסם תעשיות בע""מ",,מנה חמה פירה וירקות,גרמים,55.00,100 גרם,false,,5.90,0.1073,true,1,141886
7290000065540,false,אוסם - מנה חמה פסטה מוקרמת בטעם עוף 55 גרם,"אסם תעשיות בע""מ",,מנה חמה פסטה מוקרמת,גרמים,55.00,100 גרם,false,,5.90,0.1073,true,1,134969
7290000065557,false,אוסם - מנה חמה קוסקוס עם ירקות 84 גרם,"אסם תעשיות מזון בע""מ",,מנה חמה קוסקוס וירקו,גרמים,84.00,100 גרם,false,,5.90,0.0702,true,1,138850
7290000066196,false,ביסלי חטיף בטעם גריל אסם 200 גרם,מיוצר עי קונדיטוריית,,ביסלי גריל 200 גרם,גרמים,200.00,100 גרם,false,,7.90,0.0395,true,1,151995
7290000066295,false,במבה מתוקה מחומרים טבעיים 30 גרם,מיוצר עי קונדיטוריית,,במבה מתוקה בטעם תות,גרמים,30.00,100 גרם,false,,2.90,0.0967,true,1,141552
7290000066332,false,אפרופו חטיף תירס אסם 50 גרם,מיוצר עי קונדיטוריית,,אפרופו 50 גרם,גרמים,50.00,100 גרם,false,,4.90,0.0980,true,1,137030
7290000066349,false,אפרופו חטיף תירס אסם 100 גרם,מיוצר עי קונדיטוריית,,אפרופו 100 גרם,גרמים,100.00,100 גרם,false,,8.90,0.0890,true,1,151999
7290000066431,false,פופקו חטיף פופקורן בטעם חמאה ודבש אסם 80 גרם,מיוצר עי קונדיטוריית,,פופקו חמאה ודבש 80 ג,גרמים,80.00,100 גרם,false,,5.40,0.0675,true,1,141506
7290000067544,false,פירורית זהב פירורי לחם אסם 200 גרם,עינת תעשיות מזון אגו,,אסם פירורית פירורי ל,גרמים,200.00,100 גרם,false,,6.40,0.0320,true,1,145872
7290000067599,false,מנה חמה ספגטי ברוטב בולונז אסם 65 גרם,"אסם השקעות בע""\מ",,מנה חמה ספגטי בולונז,גרמים,65.00,100 גרם,false,,5.90,0.0908,true,1,134970
7290000068138,false,אינסטנט פודינג בטעם וניל אסם 80 גרם,מיוצר עי קונדיטוריית,,פודינג אינסטנט בטעם,גרמים,80.00,100 גרם,false,,5.50,0.0688,true,1,136462
7290000068343,false,אסם פריכונים פרוסות קלויות מלא,"פרח תעשיות מזון בע""מ.",,אסם פריכונים מאורז מ,גרמים,140.00,100 גרם,false,,7.90,0.0564,true,1,141508
7290000069364,false,פריכונים מאורז מלא ללא תוספת סוכר אסם 140 גרם,"פרח תעשיות מזון בע""מ.",,אסם פריכונים עגול או,גרמים,140.00,100 גרם,false,,7.90,0.0564,true,1,145873
7290000069715,false,אוסם - חטיפי קרקר מלוח 300 גרם,"אסם תעשיות בע""מ",,חטיפי קרקר מלוח אסם,גרמים,300.00,100 גרם,false,,11.90,0.0397,true,1,145875
7290000070308,false,אבקת מרק עוף אמיתי בשרי אסם 400 גרם,"אסם השקעות בע""\מ",,אסם מרק עוף אמיתי 40,גרמים,400.00,100 גרם,false,,18.70,0.0467,true,1,138172
7290000070353,false,אבקת מרק בצל רכיבים טבעיים אסם 400 גרם,"אסם השקעות בע""\מ",,מרק בצל מרכיבים טבעי,גרמים,400.00,100 גרם,false,,24.90,0.0622,true,1,145877
7290000072623,false,קטשופ אסם בקבוק לחיץ 750 גרם,"אסם תעשיות בע""מ",,קטשופ אסם בקבוק לחיץ,גרמים,750.00,100 גרם,false,,10.90,0.0145,true,1,138280
7290000072630,false,קטשופ אסם חריף 750 גרם-בקבוק,"אסם תעשיות בע""מ",,קטשופ חריף אסם 750 ג,גרמים,750.00,100 גרם,false,,12.90,0.0172,true,1,150439
7290000072753,false,קפה נמס מגורען טסטרס צ'ויס 200 גרם-,נסטלה קוריאה - קפה,,קפה נמס מיובש בהקפאה,גרמים,200.00,100 גרם,false,,29.90,0.1495,true,1,141509
7290000072968,false,דגני בוקר סיני מיניס חיטה מלאה וקינמון נסטלה 500 גרם,נסטלה פולין דגני בוק,,סיני מיניס 500 גרם,גרמים,500.00,100 גרם,false,,23.90,0.0478,true,1,141510
7290000073125,false,מנה חמה פסטה ברוטב עגבניות אסם 62 גרם,"אסם השקעות בע""\מ",,מנה חמה פסטה עם עגב.,גרמים,62.00,100 גרם,false,,5.90,0.0952,true,1,142835
7290000073415,false,אוסם - מנה חמה פסטה ברוטב פיצה 61 גרם,"אסם השקעות בע""\מ",,מנה חמה פסטה ברוטב פ,גרמים,61.00,100 גרם,false,,5.90,0.0967,true,1,134971
7290000073699,false,סלט חומוס צבר 150 גרם,סלטי צבר,,סלט חומוס סלטי צבר 1,גרמים,150.00,100 גרם,false,,5.50,0.0367,true,1,145878
7290000073767,false,מנה חמה נודלס אטר.+ירקות טעם בקר 70 גרם,PUB FOODS PRESIDENT THAI,,מנה חמה נודלס אטר.+י,גרמים,70.00,100 גרם,false,,5.90,0.0843,true,1,141512
7290000073774,false,מנה חמה נודלס אטר+ירקות טעם צילי 70 גרם,טאי רזידנט,,מנה חמה ירקות בטעם פ,גרמים,70.00,100 גרם,false,,5.90,0.0843,true,1,141513
7290000074184,false,ביסקוויט פתי בר אסם 500 גרם,"אסם השקעות בע""\מ",,פתי בר קלאסי אסם 500,גרמים,500.00,100 גרם,false,,10.90,0.0218,true,1,140685
7290000074245,false,אוסם - קרם קרקר אסם 250 גרם,"אסם השקעות בע""\מ",,אסם קרם קרקר 250 גרם,גרמים,250.00,100 גרם,false,,9.90,0.0396,true,1,141515
7290000074375,false,אוסם - קרקר זהב 150 גרם,"אסם השקעות בע""\מ",,אסם קרקר זהב 150 גרם,גרמים,150.00,100 גרם,false,,7.90,0.0527,true,1,137027
7290000075693,false,עוגת הבית שמרים בריוש שוקולד אסם 360 גרם,מיוצר עי קונדיטוריית,,הבית עוגת שמרים בריו,גרמים,360.00,100 גרם,false,,16.90,0.0469,true,1,145887
7290000076133,false,בייגלה שמיניות קטנות עם מלח אסם 400 גרם,"אסם השקעות בע""\מ",,בייגלה אסם שמיניה קט,גרמים,400.00,100 גרם,false,,9.90,0.0248,true,1,141519
7290000076645,false,טוסטעים פת קלויה חיטה מלאה אסם 100 גרם,ון דר מולן האלום,,אסם טוסטעים חיטה מלא,גרמים,100.00,100 גרם,false,,10.90,0.1090,true,1,145888
7290000077017,false,עוגיות קרמוגית במילוי קרם שוקולד אסם 200 גרם,מיוצר עי קונדיטוריית,,אסם קרמוגית במילוי ש,גרמים,200.00,100 גרם,false,,10.90,0.0545,true,1,141520
7290000078762,false,אוסם - חטיפי פריכונים מאורז מלא בטעם דבש 80גר,סנורייס בלגיום אן. ו,,חטיפי פריכונים אורז,גרמים,80.00,100 גרם,false,,8.20,0.1025,true,1,141522
7290000081663,false,"בייגלה טבעות שומשום אסם 300 גרם בד""ץ",מיוצר עי קונדיטוריית,,אסם בייגלה טבעות שומ,גרמים,300.00,100 גרם,false,,9.90,0.0330,true,1,144192
=======
7290000057552,false,יופלה דיאט עוגת גבינה ותות 0% גביע 150ג',תנובה - חלב,,יופלה דיאט עוגת גבינ,מיליליטרים,150.00,"100 מ""ל",false,,5.00,0.0333,true,1,148382
7290000058047,false,שמנת להקצפה 38% 500מל מהדרין עמיד השף הלבן,תנובה מרכז שיתופי לש,,שמנת להקצפה 38% שומן,מיליליטרים,500.00,"100 מ""ל",false,,12.94,0.0259,true,1,151855
7290000060088,false,בייגלה מקלות עם מלח אסם (400 גרם),קבוצת אוסם סחר שותפות מוגבלת,,בייגלה אסם מקלות מלו,גרמים,375.00,100 גרם,false,,9.90,0.0264,true,1,141501
7290000060163,false,פסטה אסם אטריות דקות 400גר,קבוצת אוסם סחר שותפות מוגבלת,,אטריות דקות אסם 400,גרמים,401.00,100 גרם,false,,6.90,0.0172,true,1,141502
7290000060200,false,פסטה אסם פתיתים אפויים קוסקוס 500גר,קבוצת אוסם סחר שותפות מוגבלת,,פתיתים אפויים קוסקוס,גרמים,500.00,100 גרם,false,,6.90,0.0138,true,1,140273
7290000060217,false,פסטה מקרוני מספר 7 אסם (500 גרם),קבוצת אוסם סחר שותפות מוגבלת,,פסטה מקרוני מספר 7 א,גרמים,500.00,100 גרם,false,,5.90,0.0118,true,1,146451
7290000060248,false,פסטה אסם פתיתים תלתלים 500 גר',קבוצת אוסם סחר שותפות מוגבלת,,פסטה תלתלים פרומנטי,גרמים,500.00,100 גרם,false,,5.90,0.0118,true,1,145849
7290000060408,false,פסטה אסם פתיתים אפויים טבעות 500 גר,קבוצת אוסם סחר שותפות מוגבלת,,פתיתים אפויים טבעות,גרמים,500.00,100 גרם,false,,6.90,0.0138,true,1,145850
7290000060576,false,פתיתים אפויים כוכבים אסם (500 גרם),קבוצת אוסם סחר שותפות מוגבלת,,פתיתים אפויים כוכבים,גרמים,500.00,100 גרם,false,,6.90,0.0138,true,1,145851
7290000060781,false,פרומנטי פתיתים מסולסלים אוסם,קבוצת אוסם סחר שותפות מוגבלת,,פסטה פוסילי אסם 500,גרמים,500.00,100 גרם,false,,5.90,0.0118,true,1,145852
7290000060828,false,פסטה קרניים בינוניות אסם (500 גרם),קבוצת אוסם סחר שותפות מוגבלת,,פסטה פרומנטי קרניים,גרמים,500.00,100 גרם,false,,5.90,0.0118,true,1,141503
7290000060842,false,פסטה אסם פתיתים צדפים גדולים 500גר,קבוצת אוסם סחר שותפות מוגבלת,,פסטה צדפים אסם 500 ג,גרמים,500.00,100 גרם,false,,5.90,0.0118,true,1,145853
7290000060880,false,פסטה ספגטי מספר 8 אסם 500 גרם,קבוצת אוסם סחר שותפות מוגבלת,,פסטה ספגטי מספר 8 אס,גרמים,500.00,100 גרם,false,,5.90,0.0118,true,1,140274
7290000060903,false,פסטה אסם פתיתים אפויים אורז 500גר,קבוצת אוסם סחר שותפות מוגבלת,,פתיתים אפויים אורז א,גרמים,500.00,100 גרם,false,,6.90,0.0138,true,1,141504
7290000060958,false,אטריות מובחרות בינוניות אסם (400 גרם),קבוצת אוסם סחר שותפות מוגבלת,,אטריות בינוניות אסם,גרמים,402.00,100 גרם,false,,6.90,0.0172,true,1,145856
7290000060965,false,פסטה אסם אטריות רחבות 400גר,קבוצת אוסם סחר שותפות מוגבלת,,אטריות רחבות אסם 400,גרמים,403.00,100 גרם,false,,6.90,0.0171,true,1,145857
7290000061214,false,פתיתים אפויים קוסקוס עם בצל אסם 500 גרם,קבוצת אסם סחר שות. מוגבלת,,פתיתים אפויים קוסקוס,גרמים,500.00,100 גרם,false,,6.90,0.0138,true,1,145859
7290000061450,false,פתיתים אפויים קוסקוס 3 צבעים אסם 500 גרם,קבוצת אסם סחר שות. מוגבלת,,פתיתים אפויים קוסקוס,גרמים,500.00,100 גרם,false,,6.90,0.0138,true,1,145860
7290000062952,false,אוסם - מיני קרוטונים למרק ולסלט 250 גרם,קבוצת אוסם סחר שותפות מוגבלת,,מיני קרוטונים מתובלי,גרמים,250.00,100 גרם,false,,14.90,0.0596,true,1,144187
7290000063102,false,קמח עוגה תופח מאליו אסם 350 גרם,קבוצת אוסם סחר שותפות מוגבלת,,אסם קמח עוגה תופח מא,גרמים,350.00,100 גרם,false,,4.90,0.0140,true,1,134967
7290000063133,false,אסם שקדי מרק רכיבים טבעיים 24*100גרם,קבוצת אוסם סחר שותפות מוגבלת,,אסם שקדי מרק רכיבים,גרמים,100.00,100 גרם,false,,5.90,0.0590,true,1,142807
7290000063140,false,שקדי מרק רכיבים טבעיים בשקית 400 ג' אסם,קבוצת אוסם סחר שותפות מוגבלת,,אסם שקדי מרק רכיבים,גרמים,400.00,100 גרם,false,,11.90,0.0298,true,1,140478
7290000063157,false,"קמח עוגה תופח מאליו אסם 1 ק""ג",קבוצת אוסם סחר שותפות מוגבלת,,קמח תופח מאליו אסם 1,גרמים,1000.00,100 גרם,false,,8.90,0.0089,true,1,145621
7290000063904,true,מפעל-קוסקוס בינוני ב,,,מפעל-קוסקוס בינוני ב,,0.00,,false,,2999.90,0.0000,true,1,139297
7290000064758,false,קוסקוס בינוני אמיתי אסם 350 ג',קבוצת אוסם סחר שותפות מוגבלת,,אסם קוסקוס אמיתי 350,גרמים,350.00,100 גרם,false,,7.90,0.0226,true,1,137538
7290000064871,false,"אוסם - מנה חמה פירה תפו""א עם בצל 56 גרם",קבוצת אוסם סחר שותפות מוגבלת,,"מנה חמה פירה תפו""א ו",גרמים,56.00,100 גרם,false,,5.90,0.1054,true,1,134968
7290000065090,false,מיני קרוטונים מתובלים למרק ולסלט אסם 400 גרם,קבוצת אוסם סחר שותפות מוגבלת,,אסם מיני קרוטונים למ,גרמים,400.00,100 גרם,false,,21.90,0.0547,true,1,145863
7290000065335,false,אוסם - מנה חמה פירה עם ירקות 55 גרם,קבוצת אוסם סחר שותפות מוגבלת,,מנה חמה פירה וירקות,גרמים,55.00,100 גרם,false,,5.90,0.1073,true,1,141886
7290000065540,false,אוסם - מנה חמה פסטה מוקרמת בטעם עוף 55 גרם,קבוצת אוסם סחר שותפות מוגבלת,,מנה חמה פסטה מוקרמת,גרמים,55.00,100 גרם,false,,5.90,0.1073,true,1,134969
7290000065557,false,אוסם - מנה חמה קוסקוס עם ירקות 84 גרם,קבוצת אוסם סחר שותפות מוגבלת,,מנה חמה קוסקוס וירקו,גרמים,84.00,100 גרם,false,,5.90,0.0702,true,1,138850
7290000066196,false,ביסלי חטיף בטעם גריל אסם (200 גרם),קבוצת אוסם סחר שותפות מוגבלת,,ביסלי גריל 200 גרם,גרמים,200.00,100 גרם,false,,7.90,0.0395,true,1,151995
7290000066295,false,במבה מתוקה מחומרים טבעיים 30 גרם,קבוצת אוסם סחר שותפות מוגבלת,,במבה מתוקה בטעם תות,גרמים,30.00,100 גרם,false,,2.90,0.0967,true,1,141552
7290000066332,false,אפרופו חטיף תירס אסם (50 גרם),קבוצת אוסם סחר שותפות מוגבלת,,אפרופו 50 גרם,גרמים,50.00,100 גרם,false,,4.90,0.0980,true,1,137030
7290000066349,false,אפרופו חטיף תירס אסם (100 גרם),קבוצת אוסם סחר-שות.מוגבלת,,אפרופו 100 גרם,גרמים,100.00,100 גרם,false,,8.90,0.0890,true,1,151999
7290000066431,false,פופקו חטיף פופקורן בטעם חמאה ודבש אסם 80 גרם,קבוצת אוסם סחר שותפות מוגבלת,,פופקו חמאה ודבש 80 ג,גרמים,80.00,100 גרם,false,,5.40,0.0675,true,1,141506
7290000067544,false,פירורית זהב פירורי לחם אסם 200 גרם,קבוצת אוסם סחר שותפות מוגבלת,,אסם פירורית פירורי ל,גרמים,200.00,100 גרם,false,,6.40,0.0320,true,1,145872
7290000067599,false,מנה חמה ספגטי ברוטב בולונז אסם 65 גרם,קבוצת אוסם סחר שותפות מוגבלת,,מנה חמה ספגטי בולונז,גרמים,65.00,100 גרם,false,,5.90,0.0908,true,1,134970
7290000068138,false,אינסטנט פודינג בטעם וניל אסם 80 גרם,קבוצת אוסם סחר שותפות מוגבלת,,פודינג אינסטנט בטעם,גרמים,80.00,100 גרם,false,,5.50,0.0688,true,1,136462
7290000068343,false,אסם פריכונים פרוסות קלויות מלא,קבוצת אוסם סחר שותפות מוגבלת,,אסם פריכונים מאורז מ,גרמים,140.00,100 גרם,false,,7.90,0.0564,true,1,141508
7290000069364,false,פריכונים מאורז מלא ללא תוספת סוכר אסם 140 גרם,קבוצת אוסם סחר שותפות מוגבלת,,אסם פריכונים עגול או,גרמים,140.00,100 גרם,false,,7.90,0.0564,true,1,145873
7290000069715,false,אוסם - חטיפי קרקר מלוח 300 גרם,קבוצת אסם סחר שות. מוגבלת,,חטיפי קרקר מלוח אסם,גרמים,300.00,100 גרם,false,,11.90,0.0397,true,1,145875
7290000070308,false,אבקת מרק עוף אמיתי בשרי אסם 400 גרם,קבוצת אוסם סחר שותפות מוגבלת,,אסם מרק עוף אמיתי 40,גרמים,400.00,100 גרם,false,,18.70,0.0467,true,1,138172
7290000070353,false,אבקת מרק בצל רכיבים טבעיים אסם 400 גרם,קבוצת אוסם סחר שותפות מוגבלת,,מרק בצל מרכיבים טבעי,גרמים,400.00,100 גרם,false,,24.90,0.0622,true,1,145877
7290000072623,false,קטשופ אסם בקבוק לחיץ 750 גרם,קבוצת אוסם סחר שותפות מוגבלת,,קטשופ אסם בקבוק לחיץ,גרמים,750.00,100 גרם,false,,10.90,0.0145,true,1,138280
7290000072630,false,קטשופ אסם חריף 750 גרם-בקבוק,קבוצת אוסם סחר שותפות מוגבלת,,קטשופ חריף אסם 750 ג,גרמים,750.00,100 גרם,false,,12.90,0.0172,true,1,150439
7290000072753,false,קפה נמס מגורען טסטרס צ'ויס 200 גרם-,קבוצת אוסם סחר שותפות מוגבלת,,קפה נמס מיובש בהקפאה,גרמים,200.00,100 גרם,false,,29.90,0.1495,true,1,141509
7290000072968,false,דגני בוקר סיני מיניס חיטה מלאה וקינמון נסטלה 500 גרם,קבוצת אוסם סחר-שות.מוגבלת,,סיני מיניס 500 גרם,גרמים,500.00,100 גרם,false,,23.90,0.0478,true,1,141510
7290000073125,false,מנה חמה פסטה ברוטב עגבניות אסם (62 גרם),קבוצת אוסם סחר שותפות מוגבלת,,מנה חמה פסטה עם עגב.,גרמים,62.00,100 גרם,false,,5.90,0.0952,true,1,142835
7290000073415,false,אוסם - מנה חמה פסטה ברוטב פיצה 61 גרם,קבוצת אוסם סחר שותפות מוגבלת,,מנה חמה פסטה ברוטב פ,גרמים,61.00,100 גרם,false,,5.90,0.0967,true,1,134971
7290000073699,false,סלט חומוס צבר 150 גרם,קבוצת אוסם סחר שותפות מוגבלת,,סלט חומוס סלטי צבר 1,גרמים,150.00,100 גרם,false,,5.50,0.0367,true,1,145878
7290000073767,false,מנה חמה נודלס אטר.+ירקות טעם בקר 70 גרם,קבוצת אוסם סחר שותפות מוגבלת,,מנה חמה נודלס אטר.+י,גרמים,70.00,100 גרם,false,,5.90,0.0843,true,1,141512
7290000073774,false,מנה חמה נודלס אטר+ירקות טעם צילי 70 גרם,קבוצת אוסם סחר שותפות מוגבלת,,מנה חמה ירקות בטעם פ,גרמים,70.00,100 גרם,false,,5.90,0.0843,true,1,141513
7290000074184,false,ביסקוויט פתי בר אסם (500 גרם),קבוצת אוסם סחר שותפות מוגבלת,,פתי בר קלאסי אסם 500,גרמים,500.00,100 גרם,false,,10.90,0.0218,true,1,140685
7290000074245,false,אוסם - קרם קרקר אסם 250 גרם,קבוצת אוסם סחר שותפות מוגבלת,,אסם קרם קרקר 250 גרם,גרמים,250.00,100 גרם,false,,9.90,0.0396,true,1,141515
7290000074375,false,אוסם - קרקר זהב 150 גרם,קבוצת אוסם סחר שותפות מוגבלת,,אסם קרקר זהב 150 גרם,גרמים,150.00,100 גרם,false,,7.90,0.0527,true,1,137027
7290000075693,false,עוגת הבית שמרים בריוש שוקולד אסם 360 גרם,קבוצת אסם סחר שות. מוגבלת,,הבית עוגת שמרים בריו,גרמים,360.00,100 גרם,false,,16.90,0.0469,true,1,145887
7290000076133,false,בייגלה שמיניות קטנות עם מלח אסם 400 גרם,קבוצת אוסם סחר שותפות מוגבלת,,בייגלה אסם שמיניה קט,גרמים,400.00,100 גרם,false,,9.90,0.0248,true,1,141519
7290000076645,false,טוסטעים פת קלויה חיטה מלאה אסם 100 גרם,קבוצת אסם סחר שות. מוגבלת,,אסם טוסטעים חיטה מלא,גרמים,100.00,100 גרם,false,,10.90,0.1090,true,1,145888
7290000077017,false,עוגיות קרמוגית במילוי קרם שוקולד אסם 200 גרם,קבוצת אוסם סחר שותפות מוגבלת,,אסם קרמוגית במילוי ש,גרמים,200.00,100 גרם,false,,10.90,0.0545,true,1,141520
7290000078762,false,אוסם - חטיפי פריכונים מאורז מלא בטעם דבש 80גר,קבוצת אוסם סחר-שות.מוגבלת,,חטיפי פריכונים אורז,גרמים,80.00,100 גרם,false,,8.20,0.1025,true,1,141522
7290000081663,false,"בייגלה טבעות שומשום אסם 300 גרם בד""ץ",קבוצת אוסם סחר שותפות מוגבלת,,אסם בייגלה טבעות שומ,גרמים,300.00,100 גרם,false,,9.90,0.0330,true,1,144192
>>>>>>> d048ac2f4f281c9d788043ab4e81b61b0dbe3743
7290000085180,false,גטניו פתי בר וניל 470 גרם,"אחים גטניו בע""מ",,גטניו פתי בר 470 גרם,גרמים,470.00,100 גרם,false,,10.90,0.0232,true,1,145572
7290000090016,false,בננה,5 יחידות,,בננה,קילוגרמים,1.00,"ק""ג",true,,8.70,8.7000,true,1,156251
7290000090023,false,עגבניה,5 יחידות,,עגבניה,קילוגרמים,1.00,"ק""ג",true,,7.70,7.7000,true,1,156246
7290000090030,false,מלפפון ירוק,6 יחידות,,מלפפון ירוק,קילוגרמים,1.00,"ק""ג",true,,7.70,7.7000,true,1,156263
7290000090047,false,לימון,,,לימון,קילוגרמים,1.00,"ק""ג",true,,7.70,7.7000,true,1,156252
7290000090054,false,ממרח חמאה דנית,,,אבוקדו,קילוגרמים,1.00,"ק""ג",true,,10.70,10.7000,true,1,156264
7290000090078,false,תפוח עץ ירוק סמיט,4 יחידות,,תפוח עץ ירוק סמיט,קילוגרמים,1.00,"ק""ג",true,,10.90,10.9000,true,1,156265
7290000090085,false,תפוח עץ אדום חרמון,4 יחידות,,תפוח עץ אדום חרמון,קילוגרמים,1.00,"ק""ג",true,,9.90,9.9000,true,1,156266
7290000090108,false,פלפל אדום,5 יחידות,,פלפל אדום,קילוגרמים,1.00,"ק""ג",true,,10.70,10.7000,true,1,156253
7290000090115,false,קלמנטינה,,,קלמנטינה,קילוגרמים,1.00,"ק""ג",true,,6.90,6.9000,true,1,156267
7290000090122,false,אפרסמון,,,אפרסמון,קילוגרמים,1.00,"ק""ג",true,,12.90,12.9000,true,1,158235
7290000090139,false,תפוזים,3 יחידות,,תפוזים,קילוגרמים,1.00,"ק""ג",true,,5.90,5.9000,true,1,156268
7290000090146,false,תפוח פינק ליידי,,,תפוח פינק ליידי,קילוגרמים,1.00,"ק""ג",true,,17.90,17.9000,true,1,156269
7290000090153,false,בצל יבש לבן,4 יחידות,,בצל יבש לבן,קילוגרמים,1.00,"ק""ג",true,,4.70,4.7000,true,1,156254
7290000090160,false,בטטה,,,בטטה,קילוגרמים,1.00,"ק""ג",true,,7.70,7.7000,true,1,156270
7290000090177,false,אגס ירוק,5 יחידות,,אגס ירוק,קילוגרמים,1.00,"ק""ג",true,,12.90,12.9000,true,1,156271
7290000090184,false,תפוח עץ מוזהב,4 יחידות,,תפוח עץ מוזהב,קילוגרמים,1.00,"ק""ג",true,,9.90,9.9000,true,1,156272
7290000090191,false,פלפל צהוב,5 יחידות,,פלפל צהוב,קילוגרמים,1.00,"ק""ג",true,,10.70,10.7000,true,1,156273
7290000090214,false,בצל אדום,4 יחידות,,בצל אדום,קילוגרמים,1.00,"ק""ג",true,,6.70,6.7000,true,1,156275
7290000090221,false,רימון,,,רימון,קילוגרמים,1.00,"ק""ג",true,,8.70,8.7000,true,1,156276
7290000090238,false,אננס,,,אננס,Unknown,1.00,יחידה,false,,29.90,29.9000,true,1,156277
7290000090245,false,חציל,3 יחידות,,חציל,קילוגרמים,1.00,"ק""ג",true,,7.90,7.9000,true,1,156255
7290000090252,false,כרוב לבן שלם,1 יחידה,,כרוב לבן שלם,קילוגרמים,1.00,"ק""ג",true,,5.70,5.7000,true,1,156256
7290000090269,false,אשכולית אדומה,,,אשכולית אדומה,קילוגרמים,1.00,"ק""ג",true,,6.70,6.7000,true,1,156278
7290000090276,false,קיווי,,,קיווי,קילוגרמים,1.00,"ק""ג",true,,12.90,12.9000,true,1,156279
7290000090290,false,מלון,,,מלון,קילוגרמים,1.00,"ק""ג",true,,6.90,6.9000,true,1,156257
7290000090306,false,פומלה,,,פומלה,קילוגרמים,1.00,"ק""ג",true,,8.90,8.9000,true,1,156280
7290000090313,false,פלפל ירוק,5 יחידות,,פלפל ירוק,קילוגרמים,1.00,"ק""ג",true,,9.70,9.7000,true,1,156281
7290000090337,false,כרוב אדום שלם,,,כרוב אדום שלם,קילוגרמים,1.00,"ק""ג",true,,5.70,5.7000,true,1,156282
7290000090344,false,קולורבי,,,קולורבי,קילוגרמים,1.00,"ק""ג",true,,8.90,8.9000,true,1,156283
7290000090351,false,דלעת ערמונים,,,דלעת ערמונים,קילוגרמים,1.00,"ק""ג",true,,9.90,9.9000,true,1,156284
7290000090399,false,פומלית,,,פומלית,קילוגרמים,1.00,"ק""ג",true,,6.70,6.7000,true,1,156287
7290000090405,false,שומר,,,שומר,קילוגרמים,1.00,"ק""ג",true,,8.90,8.9000,true,1,156288
7290000090467,false,קישוא,5 יחידות,,קישוא,קילוגרמים,1.00,"ק""ג",true,,8.90,8.9000,true,1,156258
7290000090511,false,"תפו""א לבן תפזורת",3 יחידות,,"תפו""א לבן תפזורת",קילוגרמים,1.00,"ק""ג",true,,4.90,4.9000,true,1,156292
7290000090528,false,"תפו""א אדום תפזורת",3 יחידות,,"תפו""א אדום תפזורת",קילוגרמים,1.00,"ק""ג",true,,5.90,5.9000,true,1,156293
7290000090542,false,פלפל חריף,,,פלפל חריף,קילוגרמים,1.00,"ק""ג",true,,10.90,10.9000,true,1,156295
7290000090566,false,סלק אדום תפזורת,5 יחידות,,סלק אדום תפזורת,קילוגרמים,1.00,"ק""ג",true,,4.90,4.9000,true,1,156259
7290000090580,false,תירס ברביקיו במשקל,,,"חציל בלאדי ק""ג",קילוגרמים,1.00,"ק""ג",true,,9.90,9.9000,true,1,156297
7290000090610,false,גזר ארוז,,,גזר ארוז,קילוגרמים,1.00,"ק""ג",true,,4.90,4.9000,true,1,156260
7290000090634,false,כרובית,,,כרובית,Unknown,1.00,יחידה,false,,9.90,9.9000,true,1,156299
7290000090665,false,צנון,,,צנון,קילוגרמים,1.00,"ק""ג",true,,6.90,6.9000,true,1,156301
7290000090757,false,תירס מתוק,,,תירס מתוק,קילוגרמים,1.00,"ק""ג",true,,8.70,8.7000,true,1,156261
7290000090795,false,פאי אגוזים,,,פלפל בהיר,קילוגרמים,1.00,"ק""ג",true,,10.90,10.9000,true,1,156312
7290000090962,false,לימון פרסי טחון במשק,,,ענבים שחורים,קילוגרמים,1.00,"ק""ג",true,,19.90,19.9000,true,1,157380
7290000091099,false,קוקוס,,,קוקוס,Unknown,1.00,יחידה,false,,6.90,6.9000,true,1,159055
7290000091105,false,אנונה,,,אנונה,קילוגרמים,1.00,"ק""ג",true,,19.90,19.9000,true,1,156324
7290000091129,false,תפוז ברשת,,,תפוז ברשת,קילוגרמים,1.00,"ק""ג",true,,4.90,4.9000,true,1,156325
7290000091150,false,"תפו""א לבן ארוז",,,"תפו""א לבן ארוז",קילוגרמים,1.00,"ק""ג",true,,5.90,5.9000,true,1,156327
7290000091167,false,פלפל כתום,5 יחידות,,פלפל כתום,קילוגרמים,1.00,"ק""ג",true,,10.70,10.7000,true,1,156328
7290000091242,false,שום ארוז יבוא,,,שום ארוז יבוא,Unknown,1.00,יחידה,false,,7.90,7.9000,true,1,156330
7290000091334,false,מלון ספרדי,,,מלון ספרדי,קילוגרמים,1.00,"ק""ג",true,,7.90,7.9000,true,1,156262
7290000091440,false,תות שדה 250 גרם,,,תות שדה 250 גרם,Unknown,1.00,יחידה,false,,19.90,19.9000,true,1,156339
7290000091464,false,פומלית אדומה,,,פומלית אדומה,קילוגרמים,1.00,"ק""ג",true,,6.90,6.9000,true,1,156341
7290000104201,false,אפונה עדינה מוקפאת סנפרוסט (600 גרם),תנובה ענף ב.ע.ד,,אפונה עדינה סנפרוסט,גרמים,600.00,100 גרם,false,,17.90,0.0298,true,1,142761
7290000104690,false,גרעיני תירס מוקפאים סנפרוסט (800 גרם),תנובה מרכז שיתופי לשיווק תוצרת,,גרעיני תירס 800 גרם,גרמים,800.00,100 גרם,false,,17.70,0.0221,true,1,142773
7290000104720,false,שעועית ירוקה חתוכה סנפרוסט (800 גרם),תנובה מרכז שיתופי לשיווק תוצרת,,שעועית ירוקה חתוכה ס,גרמים,800.00,100 גרם,false,,18.70,0.0234,true,1,142770
7290000104744,false,כרובית מוקפאת סנפרוסט (800 גרם),תנובה מרכז שיתופי לשיווק תוצרת,,כרובית 800 גרם סנפרו,גרמים,800.00,100 גרם,false,,24.90,0.0311,true,1,142774
7290000104751,false,כרוב ניצנים סנפרוסט (800 גרם),תנובה מרכז שיתופי לשיווק תוצרת,,כרוב ניצנים סנפרוסט,גרמים,800.00,100 גרם,false,,24.90,0.0311,true,1,150125
7290000104799,false,שעועית לבנה מבושלת סנפרוסט (800 גרם),תנובה מרכז שיתופי לשיווק תוצרת,,שעועית לבנה מבושלת ס,גרמים,800.00,100 גרם,false,,19.90,0.0249,true,1,148446
7290000104911,false,לקט נורמנדי מוקפא סנפרוסט (800 גרם),תנובה מרכז שיתופי לשיווק תוצרת,,לקט נורמנדי סנפרוסט,גרמים,800.00,100 גרם,false,,22.90,0.0286,true,1,142772
7290000106526,false,לקט חגיגה ירוקה להקפצה 800 גרם סנפרוסט,תנובה ענף ב.ע.ד,,חגיגה ירוקה להקפצה ס,גרמים,800.00,100 גרם,false,,19.90,0.0249,true,1,162515
7290000107165,false,חטיף סויה אדממה סנפרוסט (400 גרם),תנובה מרכז שיתופי לשיווק תוצרת,,פולי סויה אדממה סנפר,גרמים,400.00,100 גרם,false,,14.90,0.0373,true,1,148450
7290000107295,false,תפרחות ברוקולי סנפרוסט 800 גרם,תנובה מרכז שיתופי לשיווק תוצרת,,תפרחות ברוקולי סנפרו,גרמים,800.00,100 גרם,false,,24.90,0.0311,true,1,138980
7290000110318,true,מפעל-קצפת צמחית פרוו,,,מפעל-קצפת צמחית פרוו,,0.00,,false,,2999.90,0.0000,true,1,139292
<<<<<<< HEAD
7290000111063,false,מיונז תלמה אמיתי250 גרם,יוניליוור ישראל מזון בע\,,מיונז אמיתי תלמה 250,גרמים,250.00,100 גרם,false,,6.90,0.0276,true,1,135418
7290000111117,false,מרכך כביסה לבן בדין 4 ליטר,יוניליור ישראל טיפוח איש,,בדין מרכך כביסה לבן,קילוגרמים,4.00,ליטר,false,,19.90,4.9750,true,1,147513
7290000112220,false,טחינה גולמית שומשום טהור בארכה 500 גרם,"רושדי תעשיות מזון בע""\מ",,טחינה גולמית 100% בא,גרמים,500.00,100 גרם,false,,13.90,0.0278,true,1,142969
7290000112619,false,אבקת מרק עוף אמיתי קנור 400 ג' כשלפ,יוניליוור ישראל מזון בע\,,קנור מרק עוף אמיתי 4,גרמים,400.00,100 גרם,false,,19.90,0.0497,true,1,141307
7290000118277,false,כופתאות מצה להכנת מהירה 65 ג' קנור,יוניליוור ישראל מזון בע\,,קניידלך כופתאות מצה,גרמים,130.00,100 גרם,false,,10.90,0.0838,true,1,138277
7290000120836,false,"מיונז אמיתי 394 גרם ""הלמנס""",קונפקו אינק' די.בי.א,,מיונז הלמנס אמיתי צנ,גרמים,394.00,100 גרם,false,,10.90,0.0277,true,1,142090
7290000120874,false,מיונז הלמנס לייט מופחת קלוריות 424ג,"יונילוור ארה""ב - HPC",,מיונז הלמנס מופחת קל,גרמים,424.00,100 גרם,false,,10.90,0.0257,true,1,142091
7290000121031,false,החתול המחייך גבינה מותכת 14% מון בלאן 120 גרם,שלושת האופים,,גבינה מותכת למריחה ה,גרמים,120.00,100 גרם,false,,10.60,0.0883,true,1,143177
7290000121093,false,גבינה מותכת לייט בטעם שוויצרי 7% מון בלאן 120 גר',האי נאם סי או אל.טי.,,מון בלאן שויצרית 120,גרמים,120.00,100 גרם,false,,11.40,0.0950,true,1,143180
7290000135052,false,"XL TEN משקה אנרגיה מנגו ללא סוכר 250 מ""ל","טמפו משקאות בע""\מ",,משקה אנרגיה מוגז בטע,מיליליטרים,250.00,"100 מ""ל",false,,4.80,0.0192,true,1,145558
7290000135113,false,"משקה אנרגיה XL פחית ten נענע ליים 250 מ""ל","טמפו משקאות בע""\מ",,פחית XL TEN נענע-ליי,מיליליטרים,250.00,"100 מ""ל",false,,4.80,0.0192,true,1,147303
7290000136165,false,טמפו מירינדה 1.5 ליטר,"טמפו משקאות בע""\מ",,מירנדה 1.5 ליטר,מיליליטרים,1500.00,"100 מ""ל",false,,7.80,0.0052,true,1,158923
7290000136172,false,סבן אפ בקבוק 1.5 ליט,"טמפו משקאות בע""\מ",,סבן אפ 1.5 ליטר,מיליליטרים,1500.00,"100 מ""ל",false,,7.80,0.0052,true,1,158924
7290000136189,false,סבן אף דיאט 1.5 ליטר בודד,"טמפו משקאות בע""\ם.",,דיאט סבן אפ 1.5 ליטר,מיליליטרים,1500.00,"100 מ""ל",false,,7.20,0.0048,true,1,158925
=======
7290000111063,false,מיונז אמיתי תלמה (250 גרם),יוניליוור ישראל שיווק בע`מ,,מיונז אמיתי תלמה 250,גרמים,250.00,100 גרם,false,,6.90,0.0276,true,1,135418
7290000111117,false,מרכך כביסה לבן בדין (4 ליטר),יוניליוור ישראל שיווק בע`מ,,בדין מרכך כביסה לבן,קילוגרמים,4.00,ליטר,false,,19.90,4.9750,true,1,147513
7290000112220,false,טחינה גולמית שומשום טהור בארכה 500 גרם,קבוצת אוסם סחר שותפות מוגבלת,,טחינה גולמית 100% בא,גרמים,500.00,100 גרם,false,,13.90,0.0278,true,1,142969
7290000112619,false,אבקת מרק עוף אמיתי קנור 400 ג' כשלפ,יוניליוור ישראל שיווק בע`מ,,קנור מרק עוף אמיתי 4,גרמים,400.00,100 גרם,false,,19.90,0.0497,true,1,141307
7290000118277,false,כופתאות מצה להכנת מהירה 65 ג' קנור,"יוניליוור ישראל שיווק בע""מ",,קניידלך כופתאות מצה,גרמים,130.00,100 גרם,false,,10.90,0.0838,true,1,138277
7290000120836,false,מיונז אמיתי הלמנס (394 גרם),"יוניליוור ישראל שיווק בע""מ",,מיונז הלמנס אמיתי צנ,גרמים,394.00,100 גרם,false,,10.90,0.0277,true,1,142090
7290000120874,false,מיונז הלמנס לייט מופחת קלוריות 424ג,"יוניליוור ישראלשיווק בע""מ",,מיונז הלמנס מופחת קל,גרמים,424.00,100 גרם,false,,10.90,0.0257,true,1,142091
7290000121031,false,החתול המחייך גבינה מותכת 14% מון בלאן 120 גרם,נטו מילנדה סחר בעמ*,,גבינה מותכת למריחה ה,גרמים,120.00,100 גרם,false,,10.60,0.0883,true,1,143177
7290000121093,false,גבינה מותכת לייט בטעם שוויצרי 7% מון בלאן 120 גר',נטו מלינדה סחר בע`מ,,מון בלאן שויצרית 120,גרמים,120.00,100 גרם,false,,11.40,0.0950,true,1,143180
7290000135052,false,"XL TEN משקה אנרגיה מנגו ללא סוכר 250 מ""ל","טמפו משקאות בע""\מ",,משקה אנרגיה מוגז בטע,מיליליטרים,250.00,"100 מ""ל",false,,4.80,0.0192,true,1,145558
7290000135113,false,משקה אנרגיה אקסל נענע ליים ללס (250 מל,"טמפו משקאות בע""\מ",,פחית XL TEN נענע-ליי,מיליליטרים,250.00,"100 מ""ל",false,,4.80,0.0192,true,1,147303
7290000136165,false,מירינדה אורנג` 1.5 ליטר פיקדון,"טמפו משקאות בע""\מ",,מירנדה 1.5 ליטר,מיליליטרים,1500.00,"100 מ""ל",false,,7.80,0.0052,true,1,158923
7290000136172,false,משקה 7UP בקבוק 1.5 ליטר פיקדון,"טמפו משקאות בע""\מ",,סבן אפ 1.5 ליטר,מיליליטרים,1500.00,"100 מ""ל",false,,7.80,0.0052,true,1,158924
7290000136189,false,משקה דיאט 7UP בקבוק 1.5 ליטר פיקדון,"טמפו משקאות בע""\ם.",,דיאט סבן אפ 1.5 ליטר,מיליליטרים,1500.00,"100 מ""ל",false,,7.20,0.0048,true,1,158925
>>>>>>> d048ac2f4f281c9d788043ab4e81b61b0dbe3743
7290000136240,false,סודה 1.5 ליטר שישייה בודד,"טמפו משקאות בע""\מ",,מי סודה טמפו 1.5 ליט,מיליליטרים,1500.00,"100 מ""ל",false,,3.80,0.0025,true,1,158926
7290000136455,false,משקה בטעם אשכוליות תריסר 1.5 ל' ג'אמפ,"טמפו משקאות בע""\ם.",,ג'אמפ אשכוליות 1.5 ל,מיליליטרים,1500.00,"100 מ""ל",false,,7.50,0.0050,true,1,158929
7290000136523,false,ג`אמפ משקה קל ענבים 1.5 ליטר פיקדון,"טמפו משקאות בע""\ם.",,ג'אמפ ענבים 1.5 ליטר,מיליליטרים,1500.00,"100 מ""ל",false,,7.50,0.0050,true,1,158932
7290000136561,false,משקה בטעם תות בננה תריסר 1.5 ל' ג'אמפ,"טמפו משקאות בע""\מ",,ג'אמפ תות בננה 1.5 ל,מיליליטרים,1500.00,"100 מ""ל",false,,7.50,0.0050,true,1,158933
7290000136585,false,משקה בטעם תפוזים תריסר 1.5 ל' ג'אמפ,"טמפו משקאות בע""\ם.",,ג'אמפ תפוזים 1.5 ליט,מיליליטרים,1500.00,"100 מ""ל",false,,7.50,0.0050,true,1,158934
7290000136608,false,משקה בטעם תפוח צלול תריסר 1.5 ל' ג'אמפ,"טמפו משקאות בע""\ם.",,ג'אמפ תפוחים 1.5 ליט,מיליליטרים,1500.00,"100 מ""ל",false,,7.50,0.0050,true,1,158935
7290000136646,false,בירה שחורה נשר מאלט בקבוק 1.5 ליטר,"טמפו משקאות בע""\מ",,בירה שחורה נשר מאלט,מיליליטרים,1500.00,"100 מ""ל",false,,9.20,0.0061,true,1,159197
7290000136660,false,סודה טמפו ליטר וחצי,טמפו,,מי סודה טמפו 1.5 ליט,מיליליטרים,1500.00,"100 מ""ל",false,,3.80,0.0025,true,1,159666
7290000136707,false,טמפו מירינדה 1.5 ליטר,טמפו,,מירנדה 1.5 ליטר,מיליליטרים,1500.00,"100 מ""ל",false,,7.80,0.0052,true,1,159669
7290000136790,false,טמפו מי סודה 6*1.5 ליטר פיקדון,"טמפו משקאות בע""\מ",,מי סודה במארז טמפו 6,מיליליטרים,9000.00,"100 מ""ל",false,,17.70,0.0020,true,1,158942
7290000136851,false,סבן אפ פיקדון 1.5 ליטר,טמפו משקאות בע`מ,,סבן אפ 1.5 ליטר,מיליליטרים,1500.00,"100 מ""ל",false,,7.80,0.0052,true,1,159670
7290000136868,false,סאן בנדטו - מים מינרלים - מארז שישיית 1.5 ליטר,אקווה מינרלה סאן בנדטו ב,,מים מינרלים סאן בנדט,קילוגרמים,9.00,ליטר,false,,20.40,2.2667,true,1,159497
7290000136936,false,סבן אפ דיאט בקבוק 1.,טמפו,,דיאט סבן אפ 1.5 ליטר,מיליליטרים,1500.00,"100 מ""ל",false,,7.20,0.0048,true,1,159671
7290000137513,false,גלידונית גלידה וניל בציפוי שוקולד 60 יח' קרמיסימו,"גלידת שטראוס בע""\מ, רחוב",,קרמיסימו גלידונית ונ,Unknown,60.00,יחידה,false,,43.90,0.7317,true,1,147402
7290000144474,false,שמן עץ הזית קנולה 1 ליטר בריאות מהטבע,סוגת תעשיות בעמ,,שמן קנולה בריאות עץ,מיליליטרים,1000.00,"100 מ""ל",false,,15.90,0.0159,true,1,147099
7290000151434,true,עוף טוב סלמי קוניאק,,,עוף טוב סלמי קוניאק,,0.00,,false,,0.00,0.0000,true,1,139884
7290000166391,true,חטיף דגנים עם שוקולד,,,חטיף דגנים עם שוקולד,,0.00,,false,,5.00,0.0000,true,1,135915
7290000168524,true,מפעל-מיונז,,,מפעל-מיונז,קילוגרמים,1.00,"ק""ג",true,,0.00,0.0000,true,1,138162
7290000169538,false,"נמס בכוס עגבניות וקרוטונים מרק כשרות בד""ץ 62 ג' קנור",יוניליוור ישראל שיווק בע`מ,,נמס בכוס מרק עגבניות,גרמים,62.00,100 גרם,false,,6.90,0.1113,true,1,135913
7290000174723,false,שוקולית אבקה להכנת משקה שוקו 500 גרם,הנסיך- מפעל לייצור ט,,שוקולית קופסא עלית 5,גרמים,500.00,100 גרם,false,,11.90,0.0238,true,1,141781
7290000176079,false,קפה טורקי עם הל עלית (100 גרם),הנסיך- מפעל לייצור ט,,קפה טורקי עם הל 100,גרמים,100.00,100 גרם,false,,8.90,0.0890,true,1,141782
7290000176192,true,האג טורקי ואקום 200,,,האג טורקי ואקום 200,,0.00,,false,,0.00,0.0000,true,1,139683
7290000176420,false,קפה נמס פחית עלית 200 גרם,פיקסל אם.גי.אם בעמ,,קפה נמס עלית 200 גרם,גרמים,200.00,100 גרם,false,,19.90,0.0995,true,1,141783
7290000176468,false,קפה נמס נטול קפאין 50 ג' קפה האג,שטראוס גרופ בע`מ,,קפה נמס נטול האג עלי,גרמים,50.00,100 גרם,false,,10.90,0.2180,true,1,143657
7290000178707,false,חטיף צ`יפס בטעם טבעי תפוצ`יפס (50 גרם),"שטראוס פריטו ליי בע""\מ )",,תפוציפס טבעי 50 גרם,גרמים,50.00,100 גרם,false,,4.00,0.0800,true,1,140835
7290000178721,false,חטיף צ`יפס בטעם טבעי תפוצ`יפס (200 גרם),"שטראוס פריטו ליי בע""\מ )",,תפוציפס 200 גרם,גרמים,200.00,100 גרם,false,,10.90,0.0545,true,1,142315
7290000189659,false,מטליות לחות לרצפה ניקול 10 יח'-מרכז,קימברלי קלארק ישראל שיווק בעמ,,מטליות לחות לרצפה ני,Unknown,10.00,יחידה,false,,11.90,1.1900,true,1,143556
7290000189659,false,מטליות לחות לרצפה ניקול 10 יח'-מרכז,קימברלי קלארק ישראל שיווק בעמ,,מטליות לחות לרצפה ני,Unknown,10.00,יחידה,false,,11.90,1.1900,true,1,147330
7290000191225,false,חיתולים ליטל בייביז מידה 2 האגיס 46 יחידות,קימברלי קלארק ישראל שיווק בעמ,,האגיס ליטל בייביס מי,Unknown,44.00,יחידה,false,,32.90,0.7477,true,1,143558
7290000200934,true,משטח הפצה,,,משטח הפצה,,0.00,,false,,0.00,0.0000,true,1,139733
7290000207162,false,רוטב עגבניות מרכיב טבעי 100 ג' יכין,זנלכול יכין,,רוטב עגבניות יכין 22,גרמים,100.00,100 גרם,false,,2.50,0.0250,true,1,150005
7290000208114,false,"אפונה וגזר יכין A2 פ""ק בית יוסף",זנלכול יכין,,אפונה וגזר יכין 550,גרמים,335.00,100 גרם,false,,8.50,0.0254,true,1,150006
7290000208213,false,שעועית לבנה אפויה A2 ברוטב עגבניות יכין 560ג',היינץ צפון אמריקה מק,,שעועית לבנה רוטב עגב,גרמים,355.00,100 גרם,false,,8.90,0.0251,true,1,150008
7290000208312,false,גרעיני תירס מתוק בואקום יכין 400 גר',"זנלכל בע""\מ",,גרעיני תירס מתוק יכי,גרמים,245.00,100 גרם,false,,6.90,0.0282,true,1,150009
7290000208329,false,גרעיני תירס מתוק יכין (550 גרם),זנלכול יכין,,גרעיני תירס מתוק יכי,גרמים,335.00,100 גרם,false,,8.50,0.0254,true,1,150010
7290000208336,false,רסק יכין 240גר 22% יכין בית יוסף,"זנלכל בע""\מ",,יכין רוטב עגבניות 26,גרמים,260.00,100 גרם,false,,4.50,0.0173,true,1,150011
<<<<<<< HEAD
7290000208428,false,גרגרי חומוס שלם 550 גרם יכין,"זנלכל בע""\מ",,חומוס שלם יכין 550 ג,גרמים,550.00,100 גרם,false,,8.90,0.0162,true,1,150012
7290000209722,false,רסק עגבניות 28% פריכוז 580 גרם יכין,"זנלכל בע""\מ",,רוטב עגבניות פריכוז,גרמים,580.00,100 גרם,false,,10.90,0.0188,true,1,150020
=======
7290000208428,false,גרגרי חומוס שלם 550 גרם יכין,היינץ צפון אמריקה מק,,חומוס שלם יכין 550 ג,גרמים,550.00,100 גרם,false,,8.90,0.0162,true,1,150012
7290000209722,false,רוטב עגבניות 28% יכין (580 גרם)פריכוז,"זנלכל בע""\מ",,רוטב עגבניות פריכוז,גרמים,580.00,100 גרם,false,,10.90,0.0188,true,1,150020
>>>>>>> d048ac2f4f281c9d788043ab4e81b61b0dbe3743
7290000209951,false,רוטב עגבניות לפיצה 260 גרם יכין,"זנלכל בע""\מ",,רוטב עגבניות לפיצה י,גרמים,260.00,100 גרם,false,,6.50,0.0250,true,1,150022
7290000211169,false,"אורז תאילנדי אחד אחד סוגת 1 ק""ג",האי נאם סי או אל.טי.,,אורז תאילנדי סוגת 1,גרמים,1000.00,100 גרם,false,,6.90,0.0069,true,1,135955
7290000211442,false,אורז בסגנון פרסי קלאסי סוגת (1 קג),האי נאם סי או אל.טי.,,אורז פרסי קלאסי סוגת,גרמים,1000.00,100 גרם,false,,10.90,0.0109,true,1,142258
7290000211503,false,סוכר לבן ארוז בשקית,"סוגת תעשיות בע""\מ",,"סוכר לבן נייר 1 ק""ג",גרמים,1000.00,100 גרם,false,,4.50,0.0045,true,1,135759
<<<<<<< HEAD
7290000211985,false,"סוגת אורז עגול ריזוטו 1 ק""ג","סוגת תעשיות בע""\מ",,אורז לבן עגול סוגת 1,גרמים,1000.00,100 גרם,false,,9.90,0.0099,true,1,146461
7290000238029,false,"בצק עלים צרפתי מרודד מעדנות 1 ק""ג",מיוצר עי קונדיטוריית,,בצק עלים צרפתי מרודד,גרמים,1000.00,100 גרם,false,,21.90,0.0219,true,1,142764
7290000238036,false,מלאווח בקופסא מעדנות 700 גרם,מיוצר עי קונדיטוריית,,מלאווח מעדנות 700 גר,גרמים,700.00,100 גרם,false,,16.90,0.0241,true,1,140752
7290000238173,false,בורקס גבינה מעדנות 800 גרם,מיוצר עי קונדיטוריית,,בורקס גבינה מעדנות 8,גרמים,800.00,100 גרם,false,,19.90,0.0249,true,1,140757
7290000238180,false,בורקס תפוחי אדמה מעדנות 800 גרם,מיוצר עי קונדיטוריית,,בורקס תפוחי אדמה מעד,גרמים,800.00,100 גרם,false,,18.90,0.0236,true,1,140753
7290000272696,false,עסיס מיץ לימון טבעי משומר 1 ל' אסם,בית-השיטה עסיס תעשיות מז,,מיץ לימון משומר מרכז,מיליליטרים,1000.00,"100 מ""ל",false,,9.90,0.0099,true,1,137273
7290000272726,false,חומץ רכיבים רכיבים טבעיים 5% עסיס 1 ליטר,בית-השיטה עסיס תעשיות מז,,חומץ טבעי 5% עסיס 1,מיליליטרים,1000.00,"100 מ""ל",false,,6.90,0.0069,true,1,141523
=======
7290000211985,false,אורז עגול ריזוטו אחד אחד 1 קג,"סוגת תעשיות בע""\מ",,אורז לבן עגול סוגת 1,גרמים,1000.00,100 גרם,false,,9.90,0.0099,true,1,146461
7290000238029,false,"בצק עלים צרפתי מרודד מעדנות 1 ק""ג",תנובה מרכז שיתופי לשיווק תוצרת,,בצק עלים צרפתי מרודד,גרמים,1000.00,100 גרם,false,,21.90,0.0219,true,1,142764
7290000238036,false,מלאווח מעדנות 6 יח`700 גרם קפוא,תנובה מרכז שיתופי לשיווק תוצרת,,מלאווח מעדנות 700 גר,גרמים,700.00,100 גרם,false,,16.90,0.0241,true,1,140752
7290000238173,false,.בורקס במילוי גבינה 800 גרם מעדנות,מיוצר עי קונדיטוריית,,בורקס גבינה מעדנות 8,גרמים,800.00,100 גרם,false,,19.90,0.0249,true,1,140757
7290000238180,false,בורקס במילוי תפוא 800 גרם מעדנות,מיוצר עי קונדיטוריית,,בורקס תפוחי אדמה מעד,גרמים,800.00,100 גרם,false,,18.90,0.0236,true,1,140753
7290000272696,false,מיץ לימון טבעי משומר 1 ליטר עסיס כלפ,קבוצת אוסם סחר שותפות מוגבלת,,מיץ לימון משומר מרכז,מיליליטרים,1000.00,"100 מ""ל",false,,9.90,0.0099,true,1,137273
7290000272726,false,חומץ רכיבים רכיבים טבעיים 5% עסיס 1 ליטר,קבוצת אוסם סחר שותפות מוגבלת,,חומץ טבעי 5% עסיס 1,מיליליטרים,1000.00,"100 מ""ל",false,,6.90,0.0069,true,1,141523
>>>>>>> d048ac2f4f281c9d788043ab4e81b61b0dbe3743
7290000281382,false,נתחי פילה דג סלמון ק,,,מעדניה - נתחי פילה ס,קילוגרמים,1.00,"ק""ג",true,,89.90,89.9000,true,1,158202
7290000284316,false,קוקה -קולה בקבוק 1.5 ליטר,החברה המרכזית לייצור משקאות,,קוקה קולה 1.5 ליטר,מיליליטרים,1500.00,"100 מ""ל",false,,9.10,0.0061,true,1,141273
7290000284347,false,קינלי סודה בקבוק 1.5,החברה המרכזית להפצת משקאות בעמ,,קינלי סודה 1.5 ליטר,מיליליטרים,1500.00,"100 מ""ל",false,,4.00,0.0027,true,1,141274
7290000284361,false,קולה דיאט בקבוק 1.5 ל',החברה המרכזית לייצור משקאות,,דיאט קוקה קולה 1.5 ל,מיליליטרים,1500.00,"100 מ""ל",false,,8.80,0.0059,true,1,151225
<<<<<<< HEAD
7290000286761,false,ניילון נצמד סנו סושי פלסטיק מארז 30X2 מ',מיוצר עי קונדיטוריית,,ניילון נצמד פלוס צר,Unknown,2.00,יחידה,false,,11.90,5.9500,true,1,159545
7290000288017,false,אקונומיקה בריח לימון סנו ז'אוול 1 ליטר,"סנו מפעלי ברונוס בע""",,סנו זאוול אוקונומיקה,מיליליטרים,1000.00,"100 מ""ל",false,,8.90,0.0089,true,1,144480
7290000288017,false,אקונומיקה בריח לימון סנו ז'אוול 1 ליטר,"סנו מפעלי ברונוס בע""",,סנו זאוול אוקונומיקה,מיליליטרים,1000.00,"100 מ""ל",false,,8.90,0.0089,true,1,146415
7290000288024,false,סנו - ז'אוול אקונומיקה בריח לימון 4 ליטר,"סנו מפעלי ברונוס בע""מ",,אקונומיקה בריח לימון,מיליליטרים,4000.00,"100 מ""ל",false,,17.90,0.0045,true,1,142417
7290000288109,false,"אבקת כביסה מקסימה אפקט ג''אוול 1.25 ק""ג סנו",סנו מפעלי ברונוס בעמ,,אבקת כביסה סנו מקסימ,גרמים,1250.00,100 גרם,false,,14.90,0.0119,true,1,142411
7290000292687,false,סנובון מוצק לניקוי אסלה קלאסיק כחול סנו 3 יחידות,מיוצר עי קונדיטוריית,,סנובון כחול לניקוי ה,גרמים,165.00,100 גרם,false,,16.90,0.1024,true,1,141381
7290000292915,false,"תרסיס לניקוי כללי רסס ונגב סנו 750 מ""ל","סנו מפעלי ברונוס בע""\מ",,רסס ונגב לניקוי וחיט,מיליליטרים,750.00,"100 מ""ל",false,,14.90,0.0199,true,1,145194
7290000293073,false,מקסימה מרכך כביסה ביו לבן סנו 4 ליטר,"סנו מפעלי ברונוס בע""\מ",,מרכך כביסה ביו לבן ס,מיליליטרים,4000.00,"100 מ""ל",false,,21.90,0.0055,true,1,142841
7290000293943,false,"מרסס לבן מסיר אבנית 1 ליטר אנטי קאלק ""סנו""",מיוצר עי קונדיטוריית,,אנטי קאלק מרסס 1 ליט,מיליליטרים,1000.00,"100 מ""ל",false,,17.90,0.0179,true,1,142408
7290000294780,false,אקונומיקה סמיכה בריח לימון סנו ז'אוול 4 ליטר,"סנו מפעלי ברונוס בע""מ",,אקונומיקה סמיכה מבוש,מיליליטרים,4000.00,"100 מ""ל",false,,16.90,0.0042,true,1,144486
7290000295336,false,סנו מקסימה אבקת כביסה סנסטיב מילוי1.25,סנו מפעלי ברונוס בעמ,,מקסימה אבקת כביסה 1.,גרמים,1250.00,100 גרם,false,,14.90,0.0119,true,1,144487
7290000295343,false,"אבקת כביסה מקסימה ביו 1.25 ק""ג סנו",סנו מקסימה,,מקסימה אבקת כביסה 1.,גרמים,1250.00,100 גרם,false,,14.90,0.0119,true,1,144488
7290000295404,false,שקיות אשפה עם שרוך 54 * 65 סנו סושי 60 יחידות,מיוצר עי קונדיטוריית,,סנו סושי 60 שקיות אש,Unknown,60.00,יחידה,false,,23.90,0.3983,true,1,144392
7290000295558,false,"רדיד אלומיניום רוחב 30 ס""מ סנו סושי 2 יח' 7.5 מטר",מולינו ניקולי s.p.a,,צמד רדיד אלומיניום,Unknown,2.00,יחידה,false,,10.90,5.4500,true,1,144491
7290000311203,false,"וופלים בטעם שוקולד ""מן"" 200 גרם",תות ממתקי איכות,,וופלים בטעם שוקולד מ,גרמים,200.00,100 גרם,false,,5.50,0.0275,true,1,145834
7290000311227,false,"וופלים במילוי קרם קפה ""מן"" 200 גרם","רוקחמן בע""מ",,וופלים עם קפה מן 200,גרמים,200.00,100 גרם,false,,5.50,0.0275,true,1,150376
7290000311425,false,ופל מצופה עשיריות מן 220 גרם מארז 10 יחידות,תות ממתקי איכות,,ופל מצופה אישי מן 10,גרמים,220.00,100 גרם,false,,8.90,0.0405,true,1,145836
7290000311708,false,מן עוגיות מחיטה מלאה 300 גרם*נ.ל.פ,תות ממתקי איכות,,עוגיות חיטה מלאה מן,גרמים,300.00,100 גרם,false,,7.90,0.0263,true,1,150369
7290000311715,false,מן עוגיות כוכבים בטעם שוקולד 300 גרם*נ.ל.פ,תות ממתקי איכות,,עוגיות כוכבים בטעם ש,גרמים,300.00,100 גרם,false,,7.90,0.0263,true,1,150370
7290000313160,false,זהבה ושלושת הדובים עוגיות בטעם שוקולד אסם 350 גרם,"הגביע מוצרי וופלים בע""\מ",,עוגיות זהבה ושלושת ה,גרמים,250.00,100 גרם,false,,7.90,0.0316,true,1,141524
7290000313184,false,עוגיות חברים גן חיות וניל אסם 250 גר',"הגביע מוצרי וופלים בע""\מ",,עוגיות גן חיות בטעם,גרמים,250.00,100 גרם,false,,7.90,0.0316,true,1,147943
7290000327068,false,שוופס סודה נענע ליים 1.5 ל' בק' בודד,,,סודה אננס טמפו 500 מ,מיליליטרים,500.00,"100 מ""ל",false,,5.20,0.0104,true,1,161623
7290000327112,false,סודה בטעם אננס 500 מל בקבוק,Unknown,,סודה בטעם אננס 500 מ,מיליליטרים,500.00,"100 מ""ל",false,,2.90,0.0058,true,1,161732
7290000341071,false,בדין - מרכך כביסה בייבי לבן 2 ליטר,יוניליור ישראל טיפוח איש,,מרכך כביסה בייבי בדי,מיליליטרים,2000.00,"100 מ""ל",false,,16.90,0.0084,true,1,142104
7290000345284,false,תה ויסוצקי קלאסי אריזה ירוקה מרובעת (100 שקיקים),מולינו ניקולי s.p.a,,תה קלאסי טעם עשיר וי,Unknown,100.00,יחידה,false,,16.90,0.1690,true,1,142479
7290000345291,false,תה ארל גריי ויסוצקי 25 יחידות,תה ויסוצקי,,תה ארל גריי ויסוצקי,Unknown,25.00,יחידה,false,,15.90,0.6360,true,1,142480
7290000346205,false,חליטת קמומיל הגן הקסום ויסוצקי 25 יחידות,תה ויסוצקי,,חליטת גן קסום קמומיל,Unknown,25.00,יחידה,false,,17.90,0.7160,true,1,142481
7290000347738,false,תה ירוק נענע ויסוצקי 25 יחידות,תה ויסוצקי,,תה ירוק נענע ויסוצקי,Unknown,25.00,יחידה,false,,24.90,0.9960,true,1,142483
7290000347752,false,תה ירוק לימונית ולואיזה 25 שקיקים *1.5 ג'' ויסוצקי,תה ויסוצקי,,תה ירוק לימונית ולוא,Unknown,25.00,יחידה,false,,24.90,0.9960,true,1,142484
=======
7290000286761,false,ניילון נצמד סנו סושי פלסטיק מארז 30X2 מ',החברה הדרומית לשיווק בעמ,,ניילון נצמד פלוס צר,Unknown,2.00,יחידה,false,,11.90,5.9500,true,1,159545
7290000288017,false,אקונומיקה בריח לימון סנו ז'אוול 1 ליטר,החברה הדרומית לשיווק בעמ,,סנו זאוול אוקונומיקה,מיליליטרים,1000.00,"100 מ""ל",false,,8.90,0.0089,true,1,144480
7290000288017,false,אקונומיקה בריח לימון סנו ז'אוול 1 ליטר,החברה הדרומית לשיווק בעמ,,סנו זאוול אוקונומיקה,מיליליטרים,1000.00,"100 מ""ל",false,,8.90,0.0089,true,1,146415
7290000288024,false,סנו - ז'אוול אקונומיקה בריח לימון 4 ליטר,החברה הדרומית לשיווק בעמ,,אקונומיקה בריח לימון,מיליליטרים,4000.00,"100 מ""ל",false,,17.90,0.0045,true,1,142417
7290000288109,false,"אבקת כביסה מקסימה אפקט ג''אוול 1.25 ק""ג סנו",החברה הדרומית לשיווק בעמ,,אבקת כביסה סנו מקסימ,גרמים,1250.00,100 גרם,false,,14.90,0.0119,true,1,142411
7290000292687,false,סנובון מוצק לניקוי אסלה קלאסיק כחול סנו 3 יחידות,החברה הדרומית לשיווק בעמ,,סנובון כחול לניקוי ה,גרמים,165.00,100 גרם,false,,16.90,0.1024,true,1,141381
7290000292915,false,רסס ונגב לניקוי כללי תרסיס סנו (750 מל),החברה הדרומית לשיווק בעמ,,רסס ונגב לניקוי וחיט,מיליליטרים,750.00,"100 מ""ל",false,,14.90,0.0199,true,1,145194
7290000293073,false,מקסימה מרכך כביסה ביו לבן סנו 4 ליטר,החברה הדרומית לשיווק בעמ,,מרכך כביסה ביו לבן ס,מיליליטרים,4000.00,"100 מ""ל",false,,21.90,0.0055,true,1,142841
7290000293943,false,"מרסס לבן מסיר אבנית 1 ליטר אנטי קאלק ""סנו""",החברה הדרומית לשיווק בעמ,,אנטי קאלק מרסס 1 ליט,מיליליטרים,1000.00,"100 מ""ל",false,,17.90,0.0179,true,1,142408
7290000294780,false,אקונומיקה סמיכה בריח לימון סנו ז'אוול 4 ליטר,החברה הדרומית לשיווק בעמ,,אקונומיקה סמיכה מבוש,מיליליטרים,4000.00,"100 מ""ל",false,,16.90,0.0042,true,1,144486
7290000295336,false,סנו מקסימה אבקת כביסה סנסטיב מילוי1.25,החברה הדרומית לשיווק בעמ,,מקסימה אבקת כביסה 1.,גרמים,1250.00,100 גרם,false,,14.90,0.0119,true,1,144487
7290000295343,false,"אבקת כביסה מקסימה ביו 1.25 ק""ג סנו",החברה הדרומית לשיווק בעמ,,מקסימה אבקת כביסה 1.,גרמים,1250.00,100 גרם,false,,14.90,0.0119,true,1,144488
7290000295404,false,שקיות אשפה עם שרוך 54 * 65 סנו סושי 60 יחידות,החברה הדרומית לשיווק בעמ,,סנו סושי 60 שקיות אש,Unknown,60.00,יחידה,false,,23.90,0.3983,true,1,144392
7290000295558,false,"רדיד אלומיניום רוחב 30 ס""מ סנו סושי 2 יח' 7.5 מטר",החברה הדרומית לשיווק בעמ,,צמד רדיד אלומיניום,Unknown,2.00,יחידה,false,,10.90,5.4500,true,1,144491
7290000311203,false,"וופלים בטעם שוקולד ""מן"" 200 גרם",רוקחמן בעמ מפעל לייצור ופלים ו,,וופלים בטעם שוקולד מ,גרמים,200.00,100 גרם,false,,5.50,0.0275,true,1,145834
7290000311227,false,"וופלים במילוי קרם קפה ""מן"" 200 גרם",ח.כהן סוכנות מזון ומשקאות בע,,וופלים עם קפה מן 200,גרמים,200.00,100 גרם,false,,5.50,0.0275,true,1,150376
7290000311425,false,ופל מצופה עשיריות מן 220 גרם מארז 10 יחידות,רוקחמן בעמ מפעל לייצור ופלים ו,,ופל מצופה אישי מן 10,גרמים,220.00,100 גרם,false,,8.90,0.0405,true,1,145836
7290000311708,false,מן עוגיות מחיטה מלאה 300 גרם*נ.ל.פ,רוקחמן בעמ מפעל לייצור ופלים ו,,עוגיות חיטה מלאה מן,גרמים,300.00,100 גרם,false,,7.90,0.0263,true,1,150369
7290000311715,false,מן עוגיות כוכבים בטעם שוקולד 300 גרם*נ.ל.פ,רוקחמן בעמ מפעל לייצור ופלים ו,,עוגיות כוכבים בטעם ש,גרמים,300.00,100 גרם,false,,7.90,0.0263,true,1,150370
7290000313160,false,זהבה ושלושת הדובים עוגיות בטעם שוקולד אסם 350 גרם,קבוצת אוסם סחר שותפות מוגבלת,,עוגיות זהבה ושלושת ה,גרמים,250.00,100 גרם,false,,7.90,0.0316,true,1,141524
7290000313184,false,עוגיות חברים גן חיות וניל אסם 250 גר',קבוצת אוסם סחר שותפות מוגבלת,,עוגיות גן חיות בטעם,גרמים,250.00,100 גרם,false,,7.90,0.0316,true,1,147943
7290000327068,false,שוופס סודה נענע ליים 1.5 ל' בק' בודד,,,סודה אננס טמפו 500 מ,מיליליטרים,500.00,"100 מ""ל",false,,5.20,0.0104,true,1,161623
7290000327112,false,סודה בטעם אננס 500 מל בקבוק,Unknown,,סודה בטעם אננס 500 מ,מיליליטרים,500.00,"100 מ""ל",false,,2.90,0.0058,true,1,161732
7290000341071,false,בדין - מרכך כביסה בייבי לבן 2 ליטר,"יוניליוור ישראל שיווק בע""מ",,מרכך כביסה בייבי בדי,מיליליטרים,2000.00,"100 מ""ל",false,,16.90,0.0084,true,1,142104
7290000345284,false,תה ויסוצקי קלאסי אריזה ירוקה מרובעת (100 שקיקים),תה ויסוצקי (ישראל) בעמ,,תה קלאסי טעם עשיר וי,Unknown,100.00,יחידה,false,,16.90,0.1690,true,1,142479
7290000345291,false,תה ארל גרי 1.5/ 25 שקיקים ויסוצקי,תה ויסוצקי (ישראל) בעמ,,תה ארל גריי ויסוצקי,Unknown,25.00,יחידה,false,,15.90,0.6360,true,1,142480
7290000346205,false,חליטת קמומיל הגן הקסום ויסוצקי 25 יחידות,תה ויסוצקי (ישראל) בעמ,,חליטת גן קסום קמומיל,Unknown,25.00,יחידה,false,,17.90,0.7160,true,1,142481
7290000347738,false,תה ירוק בתוספת עלי נענע 25 שקיקים,תה ויסוצקי (ישראל) בעמ,,תה ירוק נענע ויסוצקי,Unknown,25.00,יחידה,false,,24.90,0.9960,true,1,142483
7290000347752,false,תה ירוק לימונית ולואיזה 25 שקיקים *1.5 ג'' ויסוצקי,תה ויסוצקי (ישראל) בעמ,,תה ירוק לימונית ולוא,Unknown,25.00,יחידה,false,,24.90,0.9960,true,1,142484
>>>>>>> d048ac2f4f281c9d788043ab4e81b61b0dbe3743
7290000359410,true,נקטר מנגו 1 ליטר,,,נקטר מנגו 1 ליטר,,0.00,,false,,5.00,0.0000,true,1,135057
7290000363707,true,גריסים 500 גרם,,,גריסים 500 גרם,,0.00,,false,,0.00,0.0000,true,1,136676
7290000369709,false,חמאה עירונית בתוספת ריחן ושום טרי גבינות ניצן 100 גרם,גבינות אמיר ניצן בעמ,,חמאה עירונית בתוספת,גרמים,100.00,100 גרם,false,,12.90,0.1290,true,1,155335
7290000408316,false,יוגורט דנונה דל לקטוז 200 גרם,שטראוס גרופ בעמ/מצונן,,יוגורט דנונה ביו 3%,גרמים,200.00,100 גרם,false,,3.70,0.0185,true,1,144552
7290000408354,false,יוגורט עם אורז מצופה שוקולד קקאו 175 ג' דנונה,שטראוס גרופ בעמ/מצונן,,דנונה בר פצפוצים 173,גרמים,173.00,100 גרם,false,,4.60,0.0266,true,1,135255
7290000411644,true,דבש פרחי בר 120 גרם,,,דבש פרחי בר 120 גרם,,0.00,,false,,5.00,0.0000,true,1,135156
<<<<<<< HEAD
7290000412481,false,נוזל לניקוי אסלות 00 סנו 1 ליטר,מיוצר עי קונדיטוריית,,"סנו מנקה אסלות ""00""",מיליליטרים,1000.00,"100 מ""ל",false,,8.90,0.0089,true,1,141387
7290000412481,false,נוזל לניקוי אסלות 00 סנו 1 ליטר,מיוצר עי קונדיטוריית,,"סנו מנקה אסלות ""00""",מיליליטרים,1000.00,"100 מ""ל",false,,8.90,0.0089,true,1,143601
7290000416021,false,ממרח בטעם שוקולד השחר חלבי 500,השחר העולה,,ממרח שוקולד השחר 500,גרמים,500.00,100 גרם,false,,13.90,0.0278,true,1,142921
7290000416618,false,"ממרח שוקולד פרווה השחר 400 גרם כשל""פ",השחר העולה תעשייות מ,,שוקולד השחר פרווה 40,גרמים,400.00,100 גרם,false,,12.90,0.0323,true,1,142922
=======
7290000412481,false,נוזל לניקוי אסלות 00 סנו (1 ליטר),החברה הדרומית לשיווק בעמ,,"סנו מנקה אסלות ""00""",מיליליטרים,1000.00,"100 מ""ל",false,,8.90,0.0089,true,1,141387
7290000412481,false,נוזל לניקוי אסלות 00 סנו (1 ליטר),החברה הדרומית לשיווק בעמ,,"סנו מנקה אסלות ""00""",מיליליטרים,1000.00,"100 מ""ל",false,,8.90,0.0089,true,1,143601
7290000416021,false,ממרח בטעם שוקולד השחר העולה (500 גרם),השחר העולה תעשית ממתקים בעמ,,ממרח שוקולד השחר 500,גרמים,500.00,100 גרם,false,,13.90,0.0278,true,1,142921
7290000416618,false,"ממרח שוקולד פרווה השחר 400 גרם כשל""פ",השחר העולה תעשית ממתקים בעמ,,שוקולד השחר פרווה 40,גרמים,400.00,100 גרם,false,,12.90,0.0323,true,1,142922
>>>>>>> d048ac2f4f281c9d788043ab4e81b61b0dbe3743
7290000419107,false,לנדוור קפה מקורי לבוקר טחון טורקי 100 גרם,קפה לנדוור בע''מ,,קפה שחור לנדוור המקו,גרמים,100.00,100 גרם,false,,8.90,0.0890,true,1,145898
7290000419452,false,עוף טרי ארוז מחפוד,,,עוף טרי ארוז מחפוד,קילוגרמים,1.00,"ק""ג",true,,25.90,25.9000,true,1,149849
7290000419453,false,חזה עוף טרי ארוז מחפ,,,חזה עוף טרי ארוז מחפ,קילוגרמים,1.00,"ק""ג",true,,33.90,33.9000,true,1,149850
7290000419454,false,כרעיים עוף טרי ארוז,,,כרעיים עוף טרי ארוז,קילוגרמים,1.00,"ק""ג",true,,33.90,33.9000,true,1,149851
7290000419456,false,ירכיים עוף טרי ארוז,,,ירכיים עוף טרי ארוז,קילוגרמים,1.00,"ק""ג",true,,32.90,32.9000,true,1,149853
7290000419457,false,שוקיים עוף טרי ארוז,,,שוקיים עוף טרי ארוז,קילוגרמים,1.00,"ק""ג",true,,34.90,34.9000,true,1,149854
7290000419458,false,פרגיות עוף טרי ארוז,,,פרגיות עוף טרי ארוז,קילוגרמים,1.00,"ק""ג",true,,69.90,69.9000,true,1,149855
7290000419463,false,שניצל עוף פרוס טרי א,,,שניצל עוף פרוס טרי א,קילוגרמים,1.00,"ק""ג",true,,34.90,34.9000,true,1,149859
7290000419909,false,לנדוור קפה שחור לבוקר טחון טורקי 100 גרם,מולינו ניקולי s.p.a,,קפה שחור בטעם אספרסו,גרמים,100.00,100 גרם,false,,7.90,0.0790,true,1,152006
7290000450209,false,נתחי טונה בהירה בשמן פוסידון (108 גרם),נטו מלינדה סחר בע`מ,,טונה פוסידון 108 גרם,גרמים,108.00,100 גרם,false,,5.90,0.0546,true,1,143149
7290000450308,false,פוסידון טונה בהירה במי מלח 77 גרם,ויליגר בעמ עבור נטו,,נתחי טונה בהירה במי,גרמים,108.00,100 גרם,false,,5.90,0.0546,true,1,143150
<<<<<<< HEAD
7290000453385,false,שמרים יבשים פארא אינסטנט 500 גרם עלית,פאקא תעשיות בעמ,,שמרים יבשים- פאקא 50,גרמים,500.00,100 גרם,false,,13.90,0.0278,true,1,143658
7290000453798,false,שמרית שמרים יבשים אקטיביים 500 גר',"גי' בי' רכיבים בע""מ",,שמרים יבשים אקטיבים,גרמים,500.00,100 גרם,false,,14.90,0.0298,true,1,143659
7290000453866,false,נטורינה תחליף מרגרינה לבישול ואפיה קוקוס שמרית 200 גרם,גרונבאנג- גרונדנסק א,,נטורינה קוקוס לאפייה,גרמים,200.00,100 גרם,false,,8.50,0.0425,true,1,143795
7290000453880,false,מרגרינה ללא מלח לאפיה ובישול שמרית 200גר,"פאקא תעשיות בע""מ",,מרגרינה ללא מלח לאפי,גרמים,200.00,100 גרם,false,,5.90,0.0295,true,1,143797
7290000461625,false,בייגלה שמיניות מלח בייגל בייגל 400 ג',בייגל את בייגל מזון 198),,בייגלה שמיניות חטיף,גרמים,400.00,100 גרם,false,,10.40,0.0260,true,1,141320
7290000467320,false,מלך החומוס אבו מרוואן 400 גרם,סלטי צבר,,סלט חומוס אבו מרוואן,גרמים,400.00,100 גרם,false,,13.90,0.0348,true,1,145901
=======
7290000453385,false,שמרים יבשים פארא אינסטנט 500 גרם עלית,שטראוס גרופ בע`מ,,שמרים יבשים- פאקא 50,גרמים,500.00,100 גרם,false,,13.90,0.0278,true,1,143658
7290000453798,false,שמרית שמרים יבשים אקטיביים 500 גר',"גי' בי' רכיבים בע""מ",,שמרים יבשים אקטיבים,גרמים,500.00,100 גרם,false,,14.90,0.0298,true,1,143659
7290000453866,false,נטורינה תחליף מרגרינה לבישול ואפיה קוקוס שמרית 200 גרם,שטראוס גרופ בעמ/מצונן,,נטורינה קוקוס לאפייה,גרמים,200.00,100 גרם,false,,8.50,0.0425,true,1,143795
7290000453880,false,מרגרינה ללא מלח לאפיה ובישול שמרית 200גר,שטראוס גרופ בעמ (ח),,מרגרינה ללא מלח לאפי,גרמים,200.00,100 גרם,false,,5.90,0.0295,true,1,143797
7290000461625,false,בייגלה שמיניות מלח בייגל בייגל 400 ג',יוניליוור ישראל שיווק בע`מ,,בייגלה שמיניות חטיף,גרמים,400.00,100 גרם,false,,10.40,0.0260,true,1,141320
7290000467320,false,מלך החומוס אבו מרוואן 400 גרם,קבוצת אוסם סחר שותפות מוגבלת,,סלט חומוס אבו מרוואן,גרמים,400.00,100 גרם,false,,13.90,0.0348,true,1,145901
>>>>>>> d048ac2f4f281c9d788043ab4e81b61b0dbe3743
7290000467511,false,ביסלי חטיף ברביקיו אסם 55 ג',"אסם השקעות בע""מ",,ביסלי ברביקיו 55 גרם,גרמים,55.00,100 גרם,false,,3.90,0.0709,true,1,135401
7290000467887,false,ביסלי בטעם פיצה 55 גרם אסם,"אסם השקעות בע""מ",,ביסלי פיצה 55 גרם,גרמים,55.00,100 גרם,false,,3.90,0.0709,true,1,147951
7290000468747,false,ביסלי חטיף גריל אסם 55 ג',"אסם השקעות בע""מ",,ביסלי גריל 55 גרם,גרמים,55.00,100 גרם,false,,3.90,0.0709,true,1,135402
7290000468877,false,ביסלי בטעם בצל 55 גרם אסם,"אסם השקעות בע""מ",,ביסלי בצל 55 גרם,גרמים,55.00,100 גרם,false,,3.90,0.0709,true,1,141526
<<<<<<< HEAD
7290000474502,false,גבינה לבנה טרה 5% מרכיבים טבעיים,הפריט בפיקוח,,גבינה לבנה 5% טרה 25,גרמים,250.00,100 גרם,false,,4.98,0.0199,true,1,146628
7290000474540,false,טוב טעם גבינה לבנה 3% טרה 250 גרם,קריות זול,,גבינה לבנה חצי קשה 3,גרמים,250.00,100 גרם,false,,11.70,0.0468,true,1,154131
7290000480107,false,קוואקר שיבולת שועל פחית 500 גרם,וולקרס סנקס לימיטד,,שיבולת שועל הולנדי ק,גרמים,500.00,100 גרם,false,,13.90,0.0278,true,1,141786
7290000481029,false,פיתות בטעם ביתי 10 יחידו,דגנית עין בר תעשיות מזון,,מארז פיתות מזרחיות ע,Unknown,10.00,יחידה,false,,10.90,1.0900,true,1,156899
7290000481531,false,דגנית עין בר לחמניות אצבע מחיטה מלאה בשקית 750 ג',דגנית עין בר תעשיות מזון,,עשיריית לחמניות מחיט,גרמים,750.00,100 גרם,false,,11.90,0.0159,true,1,156827
7290000481883,false,דגנית עין בר מארז לחמניות 10 יח'*75 ג',דגנית עין בר תעשיות מזון,,עשיריית לחמניות אצבע,גרמים,750.00,100 גרם,false,,11.90,0.0159,true,1,156894
=======
7290000474502,false,גבינה לבנה טרה 5% מרכיבים טבעיים,החברה המרכזית טלהפצת משקאות בע,,גבינה לבנה 5% טרה 25,גרמים,250.00,100 גרם,false,,4.98,0.0199,true,1,146628
7290000474540,false,טוב טעם גבינה לבנה 3% טרה 250 גרם,החברה המרכזית טלהפצת משקאות בע,,גבינה לבנה חצי קשה 3,גרמים,250.00,100 גרם,false,,11.70,0.0468,true,1,154131
7290000480107,false,קוואקר שיבולת שועל פחית 500 גרם,שטראוס פריטו ליי בעמ,,שיבולת שועל הולנדי ק,גרמים,500.00,100 גרם,false,,13.90,0.0278,true,1,141786
7290000481029,false,10 פיתות בטעם ביתי דגנית עין בר,דגנית עין בר תעשיות מזון ואפיה,,מארז פיתות מזרחיות ע,Unknown,10.00,יחידה,false,,10.90,1.0900,true,1,156899
7290000481531,false,דגנית עין בר לחמניות אצבע מחיטה מלאה בשקית 750 ג',דגנית עין בר תעשיות מזון ואפיה,,עשיריית לחמניות מחיט,גרמים,750.00,100 גרם,false,,11.90,0.0159,true,1,156827
7290000481883,false,דגנית עין בר מארז לחמניות 10 יח'*75 ג',דגנית עין בר תעשיות מזון ואפיה,,עשיריית לחמניות אצבע,גרמים,750.00,100 גרם,false,,11.90,0.0159,true,1,156894
>>>>>>> d048ac2f4f281c9d788043ab4e81b61b0dbe3743
7290000482019,false,שקיות לצליה קוקי 10 יחידות,"ש. שסטוביץ בע""מ",,שקיות לצלייה מהירה 2,Unknown,10.00,יחידה,false,,12.90,1.2900,true,1,142015
7290000490717,false,מאגדת גלית- שלגון חלבי בטעם וניל עם ציפו,הגלידות של פלדמן,,שמיניה גלית 8,גרמים,600.00,100 גרם,false,,24.90,0.0415,true,1,161405
7290000490762,false,גלידל שוקו פלדמן מארז שמינייה,הגלידות של פלדמן,,גלידל שוקו (8),גרמים,400.00,100 גרם,false,,29.90,0.0747,true,1,161406
7290000493183,false,אבקת רוטב פטריות לבשר-30 גרם,קבוצת אוסם סחר שותפות מוגבלת,,אסם אבקת רוטב פטריות,גרמים,30.00,100 גרם,false,,4.00,0.1333,true,1,135157
7290000494616,true,שוקו 250 גרם,,,שוקו 250 גרם,,0.00,,false,,0.00,0.0000,true,1,136501
7290000514567,true,תירס מתוק 550 גרם,,,תירס מתוק 550 גרם,,0.00,,false,,0.00,0.0000,true,1,136504
7290000521008,false,יין אדום יבש של סגל (750 מל),"כרמי צבי - אחים סגל בע""\",,יין אדום יבש יקבי סג,מיליליטרים,750.00,"100 מ""ל",false,,21.90,0.0292,true,1,144835
7290000521015,false,יין לבן יבש של סגל (750 מל),"מיוצר ע""י כרמי צבי-",,יין לבן יבש יקבי סגל,מיליליטרים,750.00,"100 מ""ל",false,,21.90,0.0292,true,1,144836
7290000522104,true,חלב עמיד 1 3%- ליטר,,,חלב עמיד 1 3%- ליטר,,0.00,,false,,0.00,0.0000,true,1,136073
7290000522111,true,חלב עמיד 1 1%- ליטר,,,חלב עמיד 1 1%- ליטר,,0.00,,false,,0.00,0.0000,true,1,136068
7290000522403,true,קצפת צמחית 250 גרם,,,קצפת צמחית 250 גרם,,0.00,,false,,0.00,0.0000,true,1,136534
7290000523125,false,מלח הארץ הים האדום 250 ג' עדין,"חברת מלח הארץ אילת בע""\מ",,מלח ים יבש מלח הארץ,גרמים,250.00,100 גרם,false,,5.90,0.0236,true,1,146817
7290000523125,false,מלח הארץ הים האדום 250 ג' עדין,"חברת מלח הארץ אילת בע""\מ",,מלח ים יבש מלח הארץ,גרמים,250.00,100 גרם,false,,5.90,0.0236,true,1,146818
7290000523224,false,מלח הארץ הים האדום 500 ג' עדין,"חברת מלח הארץ אילת בע""\מ",,מלח ים דק מלח הארץ 5,גרמים,500.00,100 גרם,false,,7.90,0.0158,true,1,140984
7290000525143,true,מיץ עגבניות 1 ליטר,,,מיץ עגבניות 1 ליטר,,0.00,,false,,0.00,0.0000,true,1,136486
7290000525938,true,נקטר תפוזים 1 ליטר,,,נקטר תפוזים 1 ליטר,,0.00,,false,,5.00,0.0000,true,1,135058
7290000525952,true,נקטר תפוחים 1 ליטר,,,נקטר תפוחים 1 ליטר,,0.00,,false,,5.00,0.0000,true,1,136487
7290000525969,false,מיץ תפוזים סחוט רכיבים טבעיים פרימור 1 ליטר,שטראוס גרופ בעמ/מצונן,,מיץ תפוזים סחוט פרי,מיליליטרים,1000.00,"100 מ""ל",false,,16.20,0.0162,true,1,143806
7290000529219,true,תה קמומיל,,,תה קמומיל,,0.00,,false,,0.00,0.0000,true,1,135768
7290000529424,true,תה ירוק לימונית לואי,,,תה ירוק לימונית לואי,,0.00,,false,,0.00,0.0000,true,1,135769
7290000529509,true,תה ארל גריי,,,תה ארל גריי,,0.00,,false,,0.00,0.0000,true,1,137482
7290000529707,true,תה אנגלי קלאסי,,,תה אנגלי קלאסי,,0.00,,false,,0.00,0.0000,true,1,137483
7290000529714,true,תה ארל גריי,,,תה ארל גריי,,0.00,,false,,0.00,0.0000,true,1,135770
7290000529851,true,תה ירוק נענע,,,תה ירוק נענע,,0.00,,false,,0.00,0.0000,true,1,135771
7290000530598,false,נקניקיות עוף וינר זוגלובק 500 גרם,נקניק נהריה כשר זוגל,,נקניקיות וינר 500 גר,גרמים,500.00,100 גרם,false,,15.80,0.0316,true,1,148574
7290000530703,false,פסטרמה חרמון כפרית ונקניק תה מעושן זוגלובק 2*400 גרם,נקניק נהריה כשר זוגל,,תה מעושן 400 גרם + פ,גרמים,800.00,100 גרם,false,,29.90,0.0374,true,1,142424
7290000537566,false,נקניקיות עוף טרי 400 ג' זוגלובק,נקניק נהריה כשר זוגל,,נקניקיות עוף זוגלובק,גרמים,400.00,100 גרם,false,,12.90,0.0323,true,1,142428
7290000537603,false,נקניקיות עוף זוגלובק (1 קג),זוגלובק שיווק בעמ,,"נקניקיות עוף 1 ק""ג",גרמים,1000.00,100 גרם,false,,25.90,0.0259,true,1,148579
7290000547299,true,אבקת סוכר 100 גרם,,,אבקת סוכר 100 גרם,,0.00,,false,,0.00,0.0000,true,1,138688
7290000574035,false,לחם אחיד פרוס דגנית עין בר (750 גרם),דגנית עין בר תעשיות מזון ואפיה,,לחם אחיד פרוס דגנית,גרמים,750.00,100 גרם,false,,6.90,0.0092,true,1,156830
7290000574141,false,לחם חיטה מלא 750ג' דגנית עין בר,דגנית עין בר תעשיות מזון ואפיה,,לחם חיטה מלא דגנית 7,גרמים,750.00,100 גרם,false,,13.90,0.0185,true,1,156895
7290000574172,false,לחם קל מחיטה מלאה 750 ג' דגנית עין בר,דגנית עין בר תעשיות מזון ואפיה,,לחם קל מחיטה מלאה דג,גרמים,750.00,100 גרם,false,,13.90,0.0185,true,1,156896
7290000574455,false,לחם חיטה מלא פלוס כוסמין 750 ג' דגנית עין בר,דגנית עין בר תעשיות מזון ואפיה,,לחם חיטה+כוסמין דגני,גרמים,750.00,100 גרם,false,,13.90,0.0185,true,1,156835
7290000604022,false,ביצים גדולות L תנובה 12 יחידות,ביצי תנובה,,12 ביצים L גדול,Unknown,12.00,יחידה,false,,12.05,1.0042,true,1,141324
7290000604022,false,ביצים גדולות L תנובה 12 יחידות,ביצי תנובה,,12 ביצים L גדול,Unknown,12.00,יחידה,false,,12.05,1.0042,true,1,150896
<<<<<<< HEAD
7290000644783,false,נתחי פילה סלמון קפוא קג,דגי תנובה,,מנות סלמון בואקום,קילוגרמים,1.00,"ק""ג",true,,84.90,84.9000,true,1,148421
=======
7290000644783,false,נתחי פילה סלמון קפוא קג,תנובה קפואים,,מנות סלמון בואקום,קילוגרמים,1.00,"ק""ג",true,,84.90,84.9000,true,1,148421
>>>>>>> d048ac2f4f281c9d788043ab4e81b61b0dbe3743
7290000654355,false,שקית גופיה רמי לוי ב,,,שקית גופיה רמי לוי ב,פריט,1.00,"ק""ג",false,,0.10,0.1000,true,1,151415
7290000654546,false,פילה אמנון 7-9 100% דג תנובה,תנובה,,פילה אמנון קפוא 7-9,קילוגרמים,1.00,"ק""ג",true,,36.90,36.9000,true,1,161368
7290000655376,false,פילה דניס קפוא בוואקום 100% דג תנובה,תנובה קפואים,,פילה דניס קפוא דגי ת,קילוגרמים,1.00,"ק""ג",true,,94.90,94.9000,true,1,161369
7290000663135,false,קוביות סלומון קפוא 100% דג 300 גרם תנובה,תנובה מרכז שיתופי לשיווק תוצרת,,קוביות סלמון קפוא דג,גרמים,300.00,100 גרם,false,,29.90,0.0997,true,1,161371
7290000679440,false,"קמיל בלו משחת החתלה לתינוק ד""ר פישר 100 גרם","פישר תעשיות פרמבצטיות בע""מ",,קמיל בלו משחה לתינוק,גרמים,100.00,100 גרם,false,,16.90,0.1690,true,1,143431
7290000688114,false,מים מינרלים מי עדן 1.5 ליטר,יפאורה שותפות מוגבלת לשיווק,,מי עדן 1.5 ליטר,מיליליטרים,1500.00,"100 מ""ל",false,,3.20,0.0021,true,1,138945
7290000692210,false,נוזל לניקוי כללי ורצפות בניחוח לבנדר אג'קס 2 ליטר,הנסיך- מפעל לייצור ט,,נוזל לניקוי רצפות וכ,מיליליטרים,2000.00,"100 מ""ל",false,,23.90,0.0119,true,1,143612
7290000692227,false,נוזל לניקוי כלים קלאסי פלמוליב (1 ליטר),יבואן ומשווק: ש. שסט,,נוזל לניקוי כלים 18%,מיליליטרים,1000.00,"100 מ""ל",false,,14.50,0.0145,true,1,146306
7290000741602,true,חטיף מיקספלקס טירמיס,,,חטיף מיקספלקס טירמיס,,0.00,,false,,5.00,0.0000,true,1,135916
7290000961804,false,תבלין עמבה,"בכורי השדה צפון1994 ג.ד. בע""מ",,דלעת חתוכה,קילוגרמים,1.00,"ק""ג",true,,9.80,9.8000,true,1,149350
7290001045169,false,מיץ תפוחי עץ צלול פרימור 1 ליטר,שטראוס גרופ בעמ/מצונן,,מיץ תפוחי עץ צלול 1,מיליליטרים,1000.00,"100 מ""ל",false,,16.20,0.0162,true,1,143807
7290001045688,false,"מיץ תפוזים סחוט פרימור 400 מ""ל",שטראוס גרופ בעמ/מצונן,,משקה תפוזים פרימור 4,מיליליטרים,400.00,"100 מ""ל",false,,10.20,0.0255,true,1,137237
7290001123775,false,שווארמה אמיתית פרגיות טיבון ויל 500 גרם,"טיבול ויל אחזקות בע""",,שווארמה פרגיות 500 ג,גרמים,500.00,100 גרם,false,,24.90,0.0498,true,1,143186
7290001216040,false,טחינה גולמית שומשום טהור אל ארז 500 גרם,אגס ירוק מסחר ושירותים,,טחינה אל ארז שומשום,גרמים,500.00,100 גרם,false,,16.90,0.0338,true,1,145573
<<<<<<< HEAD
7290001246092,false,"תרסיס מסיר שומנים 750 מ""ל טאצ.",סאסאטק,,תרסיס מסיר שומנים 75,מיליליטרים,750.00,"100 מ""ל",false,,11.90,0.0159,true,1,146984
7290001246122,false,"תרסיס ניקוי כללי+ אקונומיקה 750 מ""ל טאצ",סאסאטק,,תרסיס ניקוי כללי 750,מיליליטרים,750.00,"100 מ""ל",false,,11.90,0.0159,true,1,146986
7290001247112,false,קרטונית נקטר ספרינג לימונענע 1 ליטר,יפאורה שותפות מובגלת לשיווק,,ספרינג קרטוניות לימו,מיליליטרים,1000.00,"100 מ""ל",false,,6.80,0.0068,true,1,136215
7290001247723,false,"ספרינג נקטר תות בננה פחית 330 מ""ל",יפאורה תבורי בעמ,,ספרינג נקטר תות בננה,מיליליטרים,330.00,"100 מ""ל",false,,6.20,0.0188,true,1,163898
7290001247730,false,"נקטר ספרינג בטעם מנגו פחית 330 מ""ל",יפאורה תבורי בעמ,,ספרינג נקטר מנגו פחי,מיליליטרים,330.00,"100 מ""ל",false,,6.20,0.0188,true,1,163899
=======
7290001246092,false,תרסיס מסיר שומנים 750 מ``ל טאצ,סאסאטק אגשח בעמ,,תרסיס מסיר שומנים 75,מיליליטרים,750.00,"100 מ""ל",false,,11.90,0.0159,true,1,146984
7290001246122,false,"תרסיס ניקוי כללי+ אקונומיקה 750 מ""ל טאצ",סאסאטק אגשח בעמ,,תרסיס ניקוי כללי 750,מיליליטרים,750.00,"100 מ""ל",false,,11.90,0.0159,true,1,146986
7290001247112,false,קרטונית נקטר ספרינג לימונענע 1 ליטר,יפאורה שותפות מוגבלת לשיווק,,ספרינג קרטוניות לימו,מיליליטרים,1000.00,"100 מ""ל",false,,6.80,0.0068,true,1,136215
7290001247723,false,"ספרינג נקטר תות בננה פחית 330 מ""ל",יפאורה שותפות מוגבלת לשיווק,,ספרינג נקטר תות בננה,מיליליטרים,330.00,"100 מ""ל",false,,6.20,0.0188,true,1,163898
7290001247730,false,"נקטר ספרינג בטעם מנגו פחית 330 מ""ל",יפאורה שותפות מוגבלת לשיווק,,ספרינג נקטר מנגו פחי,מיליליטרים,330.00,"100 מ""ל",false,,6.20,0.0188,true,1,163899
>>>>>>> d048ac2f4f281c9d788043ab4e81b61b0dbe3743
7290001274941,false,"שמיניית גלידל פרי פטל ""פלדמן""",הגלידות של פלדמן,,גלידל פרי פטל (8),גרמים,640.00,100 גרם,false,,24.90,0.0389,true,1,161409
7290001302194,false,ביסלי בטעם פלאפל 55 גרם אסם,"אסם השקעות בע""מ",,ביסלי פלאפל אסם 55 ג,גרמים,55.00,100 גרם,false,,3.90,0.0709,true,1,147953
7290001302279,false,אוסם - במבה קלאסי 60 גרם,מיוצר עי קונדיטוריית,,במבה קלאסי 60 גרם,גרמים,60.00,100 גרם,false,,4.30,0.0717,true,1,135403
7290001327180,false,שטראוס קרמיסימו וניל ציפ 1.33 ליטר,"גלידת שטראוס בע""\מ, רחוב",,גלידת קרמיסימו 1.33,מיליליטרים,1330.00,"100 מ""ל",false,,18.90,0.0142,true,1,147404
7290001343982,true,גרנולה 240 גרם,,,גרנולה 240 גרם,,0.00,,false,,0.00,0.0000,true,1,136532
7290001419618,false,וופל בלגי עלמה שחור לבן וניל 200ג',מ.ד אטיאס סוכנויות מזון בע`מ,,ופלים בסגנון בלגי בט,גרמים,200.00,100 גרם,false,,3.50,0.0175,true,1,149990
7290001419779,false,"וופל קלאסי בטעם שוקולד ""עלמה"" 200 גרם",רזיט שיווק בעמ,,ופלים בטעם שוקולד על,גרמים,200.00,100 גרם,false,,3.50,0.0175,true,1,149991
7290001419892,false,"ופל קלאסי בטעם לימון ""עלמה"" 200 גרם",רזיט שיווק בעמ,,ופלים קלאסיים בטעם ל,גרמים,200.00,100 גרם,false,,3.50,0.0175,true,1,149992
7290001436196,true,מפעל-ממרח אבוקדו,,,מפעל-ממרח אבוקדו,,0.00,,false,,0.00,0.0000,true,1,138787
<<<<<<< HEAD
7290001594155,false,"קוקה-קולה בבקבוק אישי 500 מ""ל",החברה המרכזית לייצור משקאות,,"קוקה קולה 500 מ""ל",מיליליטרים,500.00,"100 מ""ל",false,,6.50,0.0130,true,1,140276
7290001594179,false,"פאנטה אורנג' בבקבוק אישי 500 מ""ל",החברה המרכזית לייצור משקאות,,"פאנטה אורנג' 500 מ""ל",מיליליטרים,500.00,"100 מ""ל",false,,6.50,0.0130,true,1,140279
7290001594230,false,קינלי סודה בבקבוק זכוכית,החברה המרכזית לייצור,,"קינלי סודה 250 מ""ל",מיליליטרים,250.00,"100 מ""ל",false,,3.90,0.0156,true,1,135618
7290001594384,false,פריגת אשכוליות 0.5 ליטר חייב בפקדון,מבשלות בירה בינלאומיות ב,,פריגת אשכוליות 500 מ,מיליליטרים,500.00,"100 מ""ל",false,,5.80,0.0116,true,1,140377
7290001594568,false,"קרלסברג פחית 500 מ""ל פקדון",מבשלות בירה בינלאומיות ב,,בירה קרלסברג פחית 50,מיליליטרים,500.00,"100 מ""ל",false,,8.90,0.0178,true,1,141271
7290001594865,false,"שישייה בירה קרלסברג בקבוק 330 מ""ל",מבשלות בירה בינלאומיות ב,,"קרלסברג שישיה 330 מ""",מיליליטרים,1980.00,"100 מ""ל",false,,41.70,0.0211,true,1,147059
=======
7290001594155,false,"קוקה-קולה בבקבוק אישי 500 מ""ל",החברה המרכזית להפצת משקאות בעמ,,"קוקה קולה 500 מ""ל",מיליליטרים,500.00,"100 מ""ל",false,,6.50,0.0130,true,1,140276
7290001594179,false,"פאנטה אורנג' בבקבוק אישי 500 מ""ל",החברה המרכזית להפצת משקאות בעמ,,"פאנטה אורנג' 500 מ""ל",מיליליטרים,500.00,"100 מ""ל",false,,6.50,0.0130,true,1,140279
7290001594230,false,קינלי סודה בבקבוק זכוכית,החברה המרכזית להפצת משקאות בעמ,,"קינלי סודה 250 מ""ל",מיליליטרים,250.00,"100 מ""ל",false,,3.90,0.0156,true,1,135618
7290001594384,false,פריגת אשכוליות 0.5 ליטר חייב בפקדון,החברה המרכזית להפצת משקאות בעמ,,פריגת אשכוליות 500 מ,מיליליטרים,500.00,"100 מ""ל",false,,5.80,0.0116,true,1,140377
7290001594568,false,בירה בפחית קרלסברג (500 מל),החברה המרכזית להפצת משקאות בעמ,,בירה קרלסברג פחית 50,מיליליטרים,500.00,"100 מ""ל",false,,8.90,0.0178,true,1,141271
7290001594865,false,"שישייה בירה קרלסברג בקבוק 330 מ""ל",החברה המרכזית להפצת משקאות בעמ,,"קרלסברג שישיה 330 מ""",מיליליטרים,1980.00,"100 מ""ל",false,,41.70,0.0211,true,1,147059
>>>>>>> d048ac2f4f281c9d788043ab4e81b61b0dbe3743
7290001598115,false,לחם בריאות מקמח מלא 700 גר,מאפיית יוסף ברון,,לחם חיטה מלאה 700 גר,גרמים,700.00,100 גרם,false,,12.90,0.0184,true,1,159927
7290001598122,false,לחם מיוחד - צהוב מקמח שיפון וקמח מלא,קונדיטוריית ברון,,לחם מיוחד שיפון עם ח,גרמים,700.00,100 גרם,false,,12.90,0.0184,true,1,159928
7290001598191,false,לחם קל שיפון מלא מהדרין 700גר,מאפיית יוסף ברון בעמ,,לחם שיפון קל ברון 55,גרמים,550.00,100 גרם,false,,12.90,0.0235,true,1,159929
7290001598429,false,פרנה מרוקאית חמשת 4,מאפיית יוסף ברון בעמ,,לחם פרנה ברון 520 גר,גרמים,520.00,100 גרם,false,,12.90,0.0248,true,1,159931
7290001598528,false,לחם כוסמין 100% 450ג' הברון,מאפיית יוסף ברון בעמ,,לחם כוסמין חמשת מיני,גרמים,450.00,100 גרם,false,,16.90,0.0376,true,1,159934
7290001598573,false,לחמניות כוסמין 5 יח 99 קלוריות,מאפיית יוסף ברון בעמ,,לחמניות כוסמין חמשת,גרמים,1000.00,100 גרם,false,,16.90,0.0169,true,1,159935
7290001598580,false,פיתות כוסמין 6יח 99 קלוריות,מאפיית יוסף ברון בעמ,,פיתות כוסמין חמשת מי,גרמים,372.00,100 גרם,false,,16.90,0.0454,true,1,159936
7290001778203,true,כוס וניל סירופ שוקול,,,כוס וניל סירופ שוקול,,0.00,,false,,5.00,0.0000,true,1,135433
7290001791349,false,אקונומיקה פיסגה ריחנית סנו (4 ליטר),החברה הדרומית לשיווק בעמ,,אקונומיקה ריחנית פיס,מיליליטרים,4000.00,"100 מ""ל",false,,11.90,0.0030,true,1,142842
7290001817728,false,צ'יטוס אפוי כאפה בטעם קטשופ 55 גרם,"שטראוס פריטו ליי בע""\מ )",,ציטוס כאפה 55 גרם,גרמים,55.00,100 גרם,false,,3.50,0.0636,true,1,138562
7290001989425,true,מפעל-פרוסות חציל נקי,,,מפעל-פרוסות חציל נקי,,0.00,,false,,2999.90,0.0000,true,1,137083
7290001989724,true,מפעל-קוביות בטטה מטו,,,מפעל-קוביות בטטה מטו,,0.00,,false,,0.00,0.0000,true,1,139129
7290002015673,true,מפעל-שיפקה לחץ 9 ליט,,,מפעל-שיפקה לחץ 9 ליט,קילוגרמים,1.00,"ק""ג",true,,2999.90,2999.9000,true,1,137943
7290002019787,false,רוטב עגבניות מרוכז מאוד 260 גרם פריניר,ח.כהן סוכנות מזון ומשקאות בע,,פריניר רוטב עגבניות,גרמים,260.00,100 גרם,false,,3.90,0.0150,true,1,142943
7290002019794,false,רוטב עגבניות מרוכז מאוד 100 גרם פריניר,ח.כהן סוכנות מזון ומשקאות בע,,רסק עגבניות פריניר 1,גרמים,100.00,100 גרם,false,,1.90,0.0190,true,1,142944
7290002027379,true,מיסטר אייס להקפאה 8,,,מיסטר אייס להקפאה 8,,0.00,,false,,5.00,0.0000,true,1,135095
<<<<<<< HEAD
7290002057017,false,זיתים נובו ענק A2 יבנה 330ג',שיוך למחסן 17,,זיתים נובו ענק יבנה,גרמים,540.00,100 גרם,false,,9.90,0.0183,true,1,143060
7290002057123,false,זיתים ירוקים מנזנילו קבוצת יבנה 560 גרם,קבוצת יבנה,,זית חרוזית ירוק 275,גרמים,275.00,100 גרם,false,,9.50,0.0345,true,1,143052
7290002057185,false,טבעות זיתים ירוקים קבוצת יבנה 560 גרם,קבוצת יבנה,,טבעות זיתים ירוקים ‏,גרמים,275.00,100 גרם,false,,9.90,0.0360,true,1,143054
7290002057369,false,מלפפונים במלח ‏12‏-‏10‏ קבוצת יבנה 320 גרם,קבוצת יבנה,,מלפפון קטן במלח 540,גרמים,540.00,100 גרם,false,,7.90,0.0146,true,1,140467
7290002057376,false,מלפפונים במלח ‏17‏-‏13‏ קבוצת יבנה 320 גרם,קבוצת יבנה,,מלפפון קטן במלח 540,גרמים,540.00,100 גרם,false,,9.90,0.0183,true,1,146750
7290002057451,false,מלפפונים בחומץ ‏9‏-‏7 קבוצת יבנה 290 גרם,קבוצת יבנה מוצרי מזון,,מלפפון גדול בחומץ 7-,גרמים,540.00,100 גרם,false,,6.90,0.0128,true,1,136946
7290002057468,false,מלפפונים בחומץ בינוני קבוצת יבנה 560 גרם,קבוצת יבנה,,מלפפון בחומץ 10-12 י,גרמים,290.00,100 גרם,false,,7.90,0.0272,true,1,142889
7290002057628,false,טבעות זיתים מושחר קבוצת יבנה 275 גרם,קבוצת יבנה,,זיתים מושחרים טבעות,גרמים,540.00,100 גרם,false,,9.90,0.0183,true,1,143056
=======
7290002057017,false,זיתים ירוקים נובו קבוצת יבנה (540 גרם),קבוצת יבנה מוצרי מזון אגודה שי,,זיתים נובו ענק יבנה,גרמים,540.00,100 גרם,false,,9.90,0.0183,true,1,143060
7290002057123,false,זיתים ירוקים מנזנילו קבוצת יבנה 560 גרם,קבוצת יבנה מוצרי מזון אגודה שי,,זית חרוזית ירוק 275,גרמים,275.00,100 גרם,false,,9.50,0.0345,true,1,143052
7290002057185,false,טבעות זיתים ירוקים קבוצת יבנה 560 גרם,קבוצת יבנה מוצרי מזון אגודה שי,,טבעות זיתים ירוקים ‏,גרמים,275.00,100 גרם,false,,9.90,0.0360,true,1,143054
7290002057369,false,מלפפונים במלח ‏12‏-‏10‏ קבוצת יבנה 320 גרם,"קבוצת יבנה מוצרי מזון בע""מ",,מלפפון קטן במלח 540,גרמים,540.00,100 גרם,false,,7.90,0.0146,true,1,140467
7290002057376,false,מלפפונים במלח ‏17‏-‏13‏ קבוצת יבנה 320 גרם,"קבוצת יבנה מוצרי מזון בע""מ",,מלפפון קטן במלח 540,גרמים,540.00,100 גרם,false,,9.90,0.0183,true,1,146750
7290002057451,false,מלפפונים בחומץ ‏9‏-‏7 קבוצת יבנה 290 גרם,קבוצת יבנה מוצרי מזון אגודה שי,,מלפפון גדול בחומץ 7-,גרמים,540.00,100 גרם,false,,6.90,0.0128,true,1,136946
7290002057468,false,מלפפונים בחומץ בינוני קבוצת יבנה 560 גרם,"קבוצת יבנה מוצרי מזון בע""מ",,מלפפון בחומץ 10-12 י,גרמים,290.00,100 גרם,false,,7.90,0.0272,true,1,142889
7290002057628,false,זיתים מושחרים טבעות קבוצת יבנה (540 גרם),קבוצת יבנה מוצרי מזון אגודה שי,,זיתים מושחרים טבעות,גרמים,540.00,100 גרם,false,,9.90,0.0183,true,1,143056
>>>>>>> d048ac2f4f281c9d788043ab4e81b61b0dbe3743
7290002065555,false,שישיית לחמנייה הכי רכה בהפסקה אנג'ל 450 גרם,מאפיית שלמה א. אנג'\ל בע,,הלחמניה - לחמניות רכ,Unknown,6.00,יחידה,false,,11.90,1.9833,true,1,138655
7290002065555,false,שישיית לחמנייה הכי רכה בהפסקה אנג'ל 450 גרם,מאפיית שלמה א. אנג'\ל בע,,הלחמניה - לחמניות רכ,Unknown,6.00,יחידה,false,,11.90,1.9833,true,1,147358
7290002079033,false,לחם דגנים לייט פרוס 500 גרם,מאפיית דוידוביץ ובניו בע,,לחם דגנים לייט 500 ג,גרמים,500.00,100 גרם,false,,12.90,0.0258,true,1,142937
7290002079477,false,לחם אחיד פרוס דוידוב,מאפיית דוידוביץ ובניו בע,,לחם אחיד פרוס 750 גר,גרמים,750.00,100 גרם,false,,6.90,0.0092,true,1,134895
7290002079477,false,לחם אחיד פרוס דוידוב,מאפיית דוידוביץ ובניו בע,,לחם אחיד פרוס 750 גר,גרמים,750.00,100 גרם,false,,6.90,0.0092,true,1,146931
7290002079590,true,חלה רגילה 500 גרם,,,חלה רגילה 500 גרם,,0.00,,false,,5.00,0.0000,true,1,135516
7290002079996,false,לחם אחיד קל פרוס 750 גרם,מאפיית דוידוביץ ובני,,לחם אחיד קל פרוס 750,גרמים,750.00,100 גרם,false,,11.90,0.0159,true,1,142924
7290002128205,false,נרות לא נוטפים 45יח-מנורה,,,נרות חנוכה לוקס 45 י,Unknown,45.00,יחידה,false,,6.90,0.1533,true,1,146752
7290002128403,false,נרות שבת אורה מס 4 מנורה שי נר,אבאל יזמות בעמ,,נרות שבת אורה מספר 4,Unknown,1.00,יחידה,false,,2.90,2.9000,true,1,145575
7290002130567,false,דבש דבורים טהור פרחי בר יד מרדכי 350 גרם,מכוורת יד מרדכי שטראוס ב,,דבש טהור יד מרדכי 35,גרמים,350.00,100 גרם,false,,18.90,0.0540,true,1,141788
<<<<<<< HEAD
7290002132011,false,עוגיות מזרחיות מלוחות עבאדי 400 גרם,מאפיית יוסף ושמחה עבאדי,,עוגיות מזרחיות עבאדי,גרמים,400.00,100 גרם,false,,19.90,0.0497,true,1,142485
7290002157953,false,מארז נתחי טונה בהירה בשמן קנולה - 4 יחידות,דיאמנט פוד פרודקט,,טונה ויליגר שמן קנול,גרמים,560.00,100 גרם,false,,19.90,0.0355,true,1,143154
7290002157960,false,רביעיית טונה במים ויליגר 140 גרם,ויליגר,,רביעיית טונה במים 56,גרמים,560.00,100 גרם,false,,19.90,0.0355,true,1,148253
=======
7290002132011,false,עוגיות מזרחיות עם שומשום עבאדי (400 גר),מאפיית יוסף ושמחה עבאדי,,עוגיות מזרחיות עבאדי,גרמים,400.00,100 גרם,false,,19.90,0.0497,true,1,142485
7290002157953,false,מארז נתחי טונה בהירה בשמן קנולה - 4 יחידות,נטו מלינדה סחר בע`מ,,טונה ויליגר שמן קנול,גרמים,560.00,100 גרם,false,,19.90,0.0355,true,1,143154
7290002157960,false,טונה ויליגר רביעייה 140 גר במי מלח,נטו מילנדה סחר בעמ*,,רביעיית טונה במים 56,גרמים,560.00,100 גרם,false,,19.90,0.0355,true,1,148253
>>>>>>> d048ac2f4f281c9d788043ab4e81b61b0dbe3743
7290002259640,false,דיימונד רדיד אלומיניום צר 30 ס''מ 7.5 מ'-,ריינולדס מוצרי צריכה,,דיימונד רדיד אלומיני,Unknown,1.00,יחידה,false,,11.90,11.9000,true,1,142230
7290002263562,false,מיץ לימון משומר( 200 מל)תבליני מימון,א.ל.ייצור ושיווק תבלינים בעמ,,"מיץ לימון 200 מ""ל 10",מיליליטרים,200.00,"100 מ""ל",false,,6.70,0.0335,true,1,150468
7290002276036,true,לחמניה מזרחית עם שומ,,,לחמניה מזרחית עם שומ,,0.00,,false,,2999.90,0.0000,true,1,136935
7290002277927,false,מעדניה - פילה אמנון,,,מעדניה - פילה אמנון,קילוגרמים,1.00,"ק""ג",true,,30.90,30.9000,true,1,153097
7290002279211,false,חלה מתוקה ארוזה אלומ,,,חלה מתוקה ארוזה אלומ,גרמים,500.00,100 גרם,false,,10.90,0.0218,true,1,138685
7290002281382,false,נתחי סלמון נורווגי דלידג קפוא,נטו מלינדה סחר בע`מ,,מעדניה - נתחי פילה ס,קילוגרמים,1.00,"ק""ג",true,,89.90,89.9000,true,1,143195
7290002281382,false,נתחי סלמון נורווגי דלידג קפוא,נטו מלינדה סחר בע`מ,,מעדניה - נתחי פילה ס,קילוגרמים,1.00,"ק""ג",true,,89.90,89.9000,true,1,158203
7290002321750,false,"פילה אמנון קפוא בד""ץ מאסטר פוד",,,מעדניה - פילה אמנון,קילוגרמים,1.00,"ק""ג",true,,30.90,30.9000,true,1,153098
7290002331018,false,"נביעות מים עם פקק ספורט 500מ""ל",החברה המרכזית להפצת משקאות בעמ,,מים מינרלים נביעות 5,מיליליטרים,500.00,"100 מ""ל",false,,3.90,0.0078,true,1,135619
7290002331094,false,"מים מינרליים GO TO נביעות 755 מ""ל",החברה המרכזית להפצת משקאות בעמ,,"נביעות 755 מ""ל",מיליליטרים,755.00,"100 מ""ל",false,,6.50,0.0086,true,1,163211
7290002331322,false,שישיית מים נביעות 1.5 ליטר,נביעות טבע הגליל בעמ,,מים מינרילים נביעות,קילוגרמים,9.00,ליטר,false,,11.90,1.3222,true,1,136162
7290002331421,false,"שישיית מים מינרליים GO TO נביעות 755 מ""ל",החברה המרכזית להפצת משקאות בעמ,,נביעות מיניונים 755,Unknown,6.00,יחידה,false,,19.40,3.2333,true,1,154033
7290002331483,false,נביעות מים מינרלים שישיה בייבי 330 מ`ל,החברה המרכזית להפצת משקאות בעמ,,מים מינרלים נביעות 6,מיליליטרים,1920.00,"100 מ""ל",false,,15.70,0.0082,true,1,145476
7290002331490,false,מים מינרלים נביעות (1 ליטר),החברה המרכזית להפצת משקאות בעמ,,נביעות 1 ליטר,מיליליטרים,1000.00,"100 מ""ל",false,,3.60,0.0036,true,1,146641
7290002345022,false,אנטריקוט דק דק מינוט סטייק אל גאוצ'ו 250 גרם,"טיבון ויל אחזקות בע""\מ",,אנטריקוט דק דק מינוט,גרמים,250.00,100 גרם,false,,22.90,0.0916,true,1,157621
7290002345275,false,פילה דג סלמון מעושן 100 גר,,,סלמון מעושן 100 גרם,גרמים,100.00,100 גרם,false,,19.90,0.1990,true,1,143204
7290002349228,false,ספוג פלא עם שכבה ירוקה רמי לוי,,,ספוג פלא עם שכבה ירו,Unknown,1.00,יחידה,false,,8.90,8.9000,true,1,154876
7290002542780,false,"שישייה בירה סטלה ארטואה בקבוק 330X6 מ""ל","אינבב, ברוורייפליין",,סטלה ארטואה שישיה -3,מיליליטרים,1980.00,"100 מ""ל",false,,37.90,0.0191,true,1,161611
<<<<<<< HEAD
7290002543046,false,קלוגס פרוסטיס דגנים וסוכר 750ג',קלוג מנייופרטורינג א,,קלוגס פרוסטיס 750 גר,גרמים,750.00,100 גרם,false,,17.90,0.0239,true,1,143476
=======
7290002543046,false,קלוגס פרוסטיס דגנים וסוכר 750ג',דיפלומט מפיצים (1968) בעמ**,,קלוגס פרוסטיס 750 גר,גרמים,750.00,100 גרם,false,,17.90,0.0239,true,1,143476
>>>>>>> d048ac2f4f281c9d788043ab4e81b61b0dbe3743
7290002596677,false,מעדניה - פילה אמנון,,,מעדניה - פילה אמנון,קילוגרמים,1.00,"ק""ג",true,,30.90,30.9000,true,1,153700
7290002603863,false,אמפנדס בשר 600 גר רמי לוי,,,אמפנדס בשר 600 גרם ר,גרמים,600.00,100 גרם,false,,11.90,0.0198,true,1,150494
7290002603887,false,קובה מטוגן 600 גר רמי לוי,,,קובה בשר 600 גרם רמי,גרמים,600.00,100 גרם,false,,11.90,0.0198,true,1,150495
7290002603948,false,"מאפה פסטל תפו""א 600 גר רמי לוי",,,פסטל תפוא 600 גרם רמ,גרמים,600.00,100 גרם,false,,11.90,0.0198,true,1,149942
7290002603955,false,מאפה סיגר בשר 600 גר רמי לוי,,,סיגרים בשר 600 גרם ר,גרמים,600.00,100 גרם,false,,11.90,0.0198,true,1,149943
7290002603986,false,פיצה מרגריטה זוג 640 גרם רמי לוי,,,פיצה מרגריטה רמי לוי,גרמים,640.00,100 גרם,false,,20.90,0.0327,true,1,161343
7290002627135,false,פיצה איטלקית ד.גבינה 340 ג,,,פיצה אקסטרא גבינה רמ,גרמים,340.00,100 גרם,false,,12.90,0.0379,true,1,161345
7290002627210,false,גפילטע פיש קציצות מדגי קרפיון וכסיף בצנצנת 560 גרם,האי נאם סי או אל.טי.,,גפילטעפיש בצנצנת 560,מיליליטרים,560.00,"100 מ""ל",false,,13.90,0.0248,true,1,146395
7290002627616,false,פילה אמנון דלידג 7-9,מאומינג שינזו סאיפוד,,מעדניה - פילה אמנון,קילוגרמים,1.00,"ק""ג",true,,30.90,30.9000,true,1,153798
7290002627623,false,מעדניה - פילה אמנון,דלידג,,מעדניה - פילה אמנון,קילוגרמים,1.00,"ק""ג",true,,30.90,30.9000,true,1,154036
7290002657866,false,"פילה אמנון""דלידג מהדרין",גואנדונג יוג'יה סיפו,,מעדניה - פילה אמנון,קילוגרמים,1.00,"ק""ג",true,,30.90,30.9000,true,1,151291
7290002657866,false,"פילה אמנון""דלידג מהדרין",גואנדונג יוג'יה סיפו,,מעדניה - פילה אמנון,קילוגרמים,1.00,"ק""ג",true,,29.90,29.9000,true,1,153797
7290002692768,false,"תרסיס שמן קנולה מזוכך ללא תוספת גז עץ הזית 200 מ""ל",טרנסומס פוד איי בי,,"תרסיס שמן קנולה ""עץ",מיליליטרים,150.00,"100 מ""ל",false,,15.90,0.1060,true,1,154353
7290002730262,false,נוזל לניקוי כלים קלאסי פלמוליב (750 מל),יבואן ומשווק: ש. שסט,,נוזל כלים 18% קלאסי,מיליליטרים,750.00,"100 מ""ל",false,,11.90,0.0159,true,1,143615
7290002730521,false,צימרוני אוזניים בלונס בקופסא 200 יח',ש. שסטוביץ בע`מ,,בלונס מקלות אוזניים,Unknown,200.00,יחידה,false,,5.90,0.0295,true,1,146308
7290002730538,false,פדיות להסרת איפור בלונס 80 יחידות,הנסיך- מפעל לייצור ט,,בלונס מסיר איפור 80,Unknown,80.00,יחידה,false,,8.90,0.1113,true,1,143616
7290002730941,false,כדורי צמר גפן בלונס 100 יחידות,הנסיך- מפעל לייצור ט,,בלונס צמר גפן 100 גר,גרמים,100.00,100 גרם,false,,6.50,0.0650,true,1,143618
7290002735809,false,בצק עלים רמי לוי 1קג,ינון,,רמי לוי בצק עלים 1 ק,גרמים,1000.00,100 גרם,false,,12.90,0.0129,true,1,143982
7290002735816,false,גחנון רמי לוי 750 גרם,ינון,,רמי לוי ג'חנון 750 ג,גרמים,750.00,100 גרם,false,,12.90,0.0172,true,1,143983
7290002735823,false,מלווח רמי לוי 700 גרם,ינון,,מלווח רמי לוי 700 גר,גרמים,700.00,100 גרם,false,,12.90,0.0184,true,1,143984
7290002735830,false,בורקס תפוא רמי לוי 800 גרם,ינון,,רמי לוי בורקס תפו'א,גרמים,800.00,100 גרם,false,,11.90,0.0149,true,1,143985
7290002735847,false,בורקס גבינה רמי לוי 800 גרם,ינון,,רמי לוי בורקס גבינה,גרמים,800.00,100 גרם,false,,13.90,0.0174,true,1,143986
7290002741602,true,חטיף מיקספלקס טירמיס,,,חטיף מיקספלקס טירמיס,,0.00,,false,,5.00,0.0000,true,1,135968
<<<<<<< HEAD
7290002752349,false,סוכריות מנטוס מנטה 40יח' בגליל 38ג',פרפטי ואן מלה,,סוכריות בגליל בטעם מ,גרמים,37.50,100 גרם,false,,3.50,0.0933,true,1,137200
7290002757139,false,מלוואח 700 גר' שלושת האופים קהילות,שלושת האופים,,שלושת האופים מלאווח,גרמים,700.00,100 גרם,false,,15.90,0.0227,true,1,143231
=======
7290002752349,false,סוכריות מנטוס מנטה 40יח' בגליל 38ג',ליימן שליסל בעמ,,סוכריות בגליל בטעם מ,גרמים,37.50,100 גרם,false,,3.50,0.0933,true,1,137200
7290002757139,false,מלוואח 700 גר' שלושת האופים קהילות,נטו מלינדה סחר בע`מ,,שלושת האופים מלאווח,גרמים,700.00,100 גרם,false,,15.90,0.0227,true,1,143231
>>>>>>> d048ac2f4f281c9d788043ab4e81b61b0dbe3743
7290002781349,true,מפעל-רוטב אלף האיים,,,מפעל-רוטב אלף האיים,,0.00,,false,,2999.90,0.0000,true,1,138645
7290002781424,true,מפעל-רוטב אלף האיים,,,מפעל-רוטב אלף האיים,,0.00,,false,,2999.90,0.0000,true,1,137519
7290002824183,false,"גבינה לבנה סקי 500 גרם 5% ""שטראוס"" -מוצר בפיקוח",שטראוס גרופ בעמ/מצונן,,גבינה לבנה סקי 5% 50,גרמים,500.00,100 גרם,false,,9.95,0.0199,true,1,138556
7290002824466,false,יוגורט דנונה ביו לבן 0% שומן 200 גרם,שטראוס גרופ בעמ/מצונן,,דנונה ביו 0% 200 גרם,גרמים,200.00,100 גרם,false,,3.70,0.0185,true,1,144554
7290002824640,false,"גבינת סקי 250 גרם 5% ""שטראוס"" -מוצר בפיקוח",שטראוס גרופ בעמ/מצונן,,גבינה לבנה סקי 5% שט,גרמים,250.00,100 גרם,false,,4.98,0.0199,true,1,142545
7290002825722,false,כרוב אדום במיונז אחלה (500 גרם),שטראוס גרופ בעמ/מצונן,,כרוב סגול במיונז 500,גרמים,575.00,100 גרם,false,,13.80,0.0240,true,1,143811
7290002868996,false,"קוטג' 5% שומן, רכיבים טבעיים, 250 גרם",החברה המרכזית טלהפצת משקאות בע,,גבינת קוטג' מועשר 5%,גרמים,250.00,100 גרם,false,,5.50,0.0220,true,1,138060
7290002881483,true,מיני פתי בר 400 גרם,,,מיני פתי בר 400 גרם,,0.00,,false,,0.00,0.0000,true,1,136571
7290002929499,false,מעדניה - פילה אמנון,,,מעדניה - פילה אמנון,קילוגרמים,1.00,"ק""ג",true,,30.90,30.9000,true,1,153099
7290002929642,false,נתחי טונה בהירה בשמן ויליגר (140x4 גרם),דיאמנט פוד פרודקט קו,,טונה ויליגר שמן 4*14,גרמים,560.00,100 גרם,false,,19.90,0.0355,true,1,143238
7290002986652,false,גטניו פתי בר שוקו 470 גרם,"אחים גטניו בע""מ",,גטניו פתי בר שוקו 47,גרמים,470.00,100 גרם,false,,10.90,0.0232,true,1,145578
7290003001064,false,מעדניה - פילה אמנון,,,מעדניה - פילה אמנון,קילוגרמים,1.00,"ק""ג",true,,30.90,30.9000,true,1,154249
<<<<<<< HEAD
7290003009640,false,מיץ תפוזים סחוט רכיבים טבעיים פריגת 1 ליטר,פריגת מצוננים,,מיץ תפוזים פריגת סחו,מיליליטרים,1000.00,"100 מ""ל",false,,16.20,0.0162,true,1,140754
7290003029181,false,משקה יטבתה שוקו' בקבוק 1ל מהדרין,שטראוס גרופ,,שוקו בבקבוק 2% יטבתה,מיליליטרים,1000.00,"100 מ""ל",false,,11.90,0.0119,true,1,144555
7290003029372,false,משקה חלב בטעם בננה יטבתה 1 ליטר,שטראוס גרופ,,משקה חלב בננה 2% בקב,מיליליטרים,1000.00,"100 מ""ל",false,,11.90,0.0119,true,1,144556
7290003029389,false,"משקה חלב בננה פקק ספורט 250 מ""ל יוטבתה",שטראוס גרופ,,משקה חלב בננה 2% פקק,מיליליטרים,250.00,"100 מ""ל",false,,5.50,0.0220,true,1,144557
7290003029433,false,"משקה יטבתה שוקו פקק 250 מ""ל מהדרין",שטראוס גרופ,,שוקו יטבתה 2% פקק יט,גרמים,250.00,100 גרם,false,,5.50,0.0220,true,1,136080
7290003029532,false,מוקה בבקבוק יטבתה 1 ליטר מהדרין,שטראוס גרופ,,משקה מוקה יטבתה 1 לי,מיליליטרים,1000.00,"100 מ""ל",false,,11.90,0.0119,true,1,144558
7290003029792,false,"משקה יטבתה שוקו שקיות מהדרין מארז 225X8מ""ל",שטראוס גרופ,,מארז 8 שקיות שוקו -,Unknown,8.00,יחידה,false,,19.90,2.4875,true,1,137820
7290003029815,false,כד חלב 3% יטבתה 2 ליטר מהדרין,שטראוס גרופ,,כד 2 ליטר חלב 3%- מה,מיליליטרים,2000.00,"100 מ""ל",false,,14.90,0.0075,true,1,144560
7290003029907,false,אייס קפה יטבתה 1 ליטר מהדרין,שטראוס גרופ,,אייס קפה 1 ליטר,מיליליטרים,1000.00,"100 מ""ל",false,,11.90,0.0119,true,1,143817
=======
7290003009640,false,מיץ תפוזים סחוט רכיבים טבעיים פריגת 1 ליטר,החברה המרכזית טלהפצת משקאות בע,,מיץ תפוזים פריגת סחו,מיליליטרים,1000.00,"100 מ""ל",false,,16.20,0.0162,true,1,140754
7290003029181,false,משקה יטבתה שוקו' בקבוק 1ל מהדרין,שטראוס גרופ בעמ/מצונן,,שוקו בבקבוק 2% יטבתה,מיליליטרים,1000.00,"100 מ""ל",false,,11.90,0.0119,true,1,144555
7290003029372,false,יטבתה משקה בטעם בננה %3 בקבוק 1 ליטר,שטראוס גרופ בעמ/מצונן,,משקה חלב בננה 2% בקב,מיליליטרים,1000.00,"100 מ""ל",false,,11.90,0.0119,true,1,144556
7290003029389,false,"משקה חלב בננה פקק ספורט 250 מ""ל יוטבתה",שטראוס גרופ בעמ/מצונן,,משקה חלב בננה 2% פקק,מיליליטרים,250.00,"100 מ""ל",false,,5.50,0.0220,true,1,144557
7290003029433,false,"משקה יטבתה שוקו פקק 250 מ""ל מהדרין",שטראוס גרופ בעמ/מצונן,,שוקו יטבתה 2% פקק יט,גרמים,250.00,100 גרם,false,,5.50,0.0220,true,1,136080
7290003029532,false,מוקה בבקבוק יטבתה 1 ליטר מהדרין,שטראוס גרופ בעמ/מצונן,,משקה מוקה יטבתה 1 לי,מיליליטרים,1000.00,"100 מ""ל",false,,11.90,0.0119,true,1,144558
7290003029792,false,"משקה יטבתה שוקו שקיות מהדרין מארז 225X8מ""ל",שטראוס גרופ בעמ/מצונן,,מארז 8 שקיות שוקו -,Unknown,8.00,יחידה,false,,19.90,2.4875,true,1,137820
7290003029815,false,כד חלב 3% יטבתה 2 ליטר מהדרין,שטראוס גרופ בעמ/מצונן,,כד 2 ליטר חלב 3%- מה,מיליליטרים,2000.00,"100 מ""ל",false,,14.90,0.0075,true,1,144560
7290003029907,false,משקה חלב אייס קפה 2% יטבתה (1 ליטר,שטראוס גרופ בעמ/מצונן,,אייס קפה 1 ליטר,מיליליטרים,1000.00,"100 מ""ל",false,,11.90,0.0119,true,1,143817
>>>>>>> d048ac2f4f281c9d788043ab4e81b61b0dbe3743
7290003060009,false,"קמח חיטה לבן בהיר טחנות ישראליות 1 ק""ג",טחנות ישראליות,,קמח חיטה לבן בהיר 1,גרמים,1000.00,100 גרם,false,,4.50,0.0045,true,1,145579
7290003060023,false,"סולת חיטה 1 ק""ג מטחנות ישראליות",טחנות ישראליות,,"סולת חיטה 1 ק""ג",גרמים,1000.00,100 גרם,false,,5.90,0.0059,true,1,145580
7290003091263,true,צוואר טלה חלק,,,צוואר טלה חלק,קילוגרמים,1.00,"ק""ג",true,,0.00,0.0000,true,1,139909
7290003091294,true,רבע קדמי עגל כשר,,,רבע קדמי עגל כשר,קילוגרמים,1.00,"ק""ג",true,,0.00,0.0000,true,1,139910
7290003091461,true,קיט כתף כשר,,,קיט כתף כשר,קילוגרמים,1.00,"ק""ג",true,,0.00,0.0000,true,1,139911
7290003091522,true,"צוואר/צלעות ע""ע כשר",,,"צוואר/צלעות ע""ע כשר",קילוגרמים,1.00,"ק""ג",true,,0.00,0.0000,true,1,139912
7290003091591,true,כבד עגל כשר,,,כבד עגל כשר,קילוגרמים,1.00,"ק""ג",true,,0.00,0.0000,true,1,139913
7290003091607,true,בשר ראש כשר,,,בשר ראש כשר,קילוגרמים,1.00,"ק""ג",true,,0.00,0.0000,true,1,139914
7290003091614,true,ריאות עגל כשר,,,ריאות עגל כשר,קילוגרמים,1.00,"ק""ג",true,,0.00,0.0000,true,1,139915
7290003091737,true,פילה עגל כשר,,,פילה עגל כשר,קילוגרמים,1.00,"ק""ג",true,,0.00,0.0000,true,1,139916
7290003091751,true,רבע קדמי עגל בלי ריפ,,,רבע קדמי עגל בלי ריפ,קילוגרמים,1.00,"ק""ג",true,,0.00,0.0000,true,1,139917
7290003091768,true,קדמי טלה כשר,,,קדמי טלה כשר,קילוגרמים,1.00,"ק""ג",true,,0.00,0.0000,true,1,139918
7290003091775,true,זנב עגל כשר,,,זנב עגל כשר,קילוגרמים,1.00,"ק""ג",true,,0.00,0.0000,true,1,139919
7290003091782,true,לב עגל כשר,,,לב עגל כשר,קילוגרמים,1.00,"ק""ג",true,,0.00,0.0000,true,1,139920
7290003091799,true,לשון עגל כשר,,,לשון עגל כשר,קילוגרמים,1.00,"ק""ג",true,,0.00,0.0000,true,1,139921
7290003091836,true,צוואר צלעות עגל מפור,,,צוואר צלעות עגל מפור,קילוגרמים,1.00,"ק""ג",true,,0.00,0.0000,true,1,139922
7290003091843,true,קיט חלקי פנים עגל כש,,,קיט חלקי פנים עגל כש,קילוגרמים,1.00,"ק""ג",true,,0.00,0.0000,true,1,139923
7290003091874,true,סינטה עגל כשר,,,סינטה עגל כשר,קילוגרמים,1.00,"ק""ג",true,,0.00,0.0000,true,1,139924
7290003091881,true,אסאדו עגל כשר ארוז ו,,,אסאדו עגל כשר ארוז ו,קילוגרמים,1.00,"ק""ג",true,,0.00,0.0000,true,1,139925
7290003091935,true,כתף טלה כשר,,,כתף טלה כשר,קילוגרמים,1.00,"ק""ג",true,,0.00,0.0000,true,1,139926
7290003091966,true,צלעות טלה כשר,,,צלעות טלה כשר,קילוגרמים,1.00,"ק""ג",true,,0.00,0.0000,true,1,139927
7290003133505,false,לחם שיפונטו דוידוביץ,מאפיית דוידוביץ ובני,,לחם שיפונטו 750 גרם,גרמים,750.00,100 גרם,false,,11.90,0.0159,true,1,142929
7290003143337,false,סילאן רכיבים טבעיים לחיץ קליית גת 350 גרם,ליימן שליסל בעמ,,סילאן רכיבים טבעיים,גרמים,350.00,100 גרם,false,,15.90,0.0454,true,1,146398
7290003144419,false,סילאן טבעי קליית גת (710 גרם),ליימן שליסל בעמ,,סילאן רכיבים טבעיים,גרמים,710.00,100 גרם,false,,22.90,0.0323,true,1,146399
7290003208579,true,וודקה גריי גוס 1 ליט,,,וודקה גריי גוס 1 ליט,,0.00,,false,,0.00,0.0000,true,1,140429
7290003220403,false,מעדני המלך- קרקר מלוח 110 גרם,מגדנית הדר,,קרקר מלח מעדני מלך 1,גרמים,110.00,100 גרם,false,,3.20,0.0291,true,1,158409
7290003220410,false,קרקר שומשום 110 ג' נאפה מעדני מלך,מגדנית הדר,,קרקר שומשום מעדני מל,גרמים,110.00,100 גרם,false,,3.20,0.0291,true,1,158410
7290003220434,false,פתי פר מעדני המלך וניל 110 גרם,מגדנית הדר,,פתי בר וניל מעדני מל,גרמים,110.00,100 גרם,false,,2.90,0.0264,true,1,158411
7290003220533,false,"רוטב צ'ילי מתוק ווק 700 מ""ל",תאי פרידה אינדסטרי ב,,רוטב צ'ילי מתוק 700,מיליליטרים,700.00,"100 מ""ל",false,,12.90,0.0184,true,1,155075
7290003220588,false,"רוטה צ'ילי מתוק ללא סוכר 700 מ""ל WOK",תאי פרידה אינדסטרי ב,,רוטב צי'לי מתוק ללא,מיליליטרים,700.00,"100 מ""ל",false,,14.90,0.0213,true,1,154813
7290003220649,false,שמן שומשום 100% טהור150מ,הו צ'קינג הינג אוי פ,,ווק שמן שומשום 100%,מיליליטרים,150.00,"100 מ""ל",false,,14.50,0.0967,true,1,147289
7290003220939,false,אטריות אורז דקיקות ללא גלוטן 400 ג' WOK,אסיאן סופירה פודס חב,,ווק אטריות אורז דקיק,גרמים,400.00,100 גרם,false,,9.90,0.0248,true,1,147294
7290003220977,false,מעדני המלך ביסקוויט חצי ירח מצופה 175 גר,רזיט שיווק בעמ,,מעדני מלך ביסקוויט י,גרמים,175.00,100 גרם,false,,6.90,0.0394,true,1,155570
7290003222780,true,פיתות אסלי 5 יחידות,,,פיתות אסלי 5 יחידות,,0.00,,false,,0.00,0.0000,true,1,135440
7290003268252,false,לחם חיטה מלא לילדים 750 ג' דגנית עין בר,דגנית עין בר תעשיות מזון ואפיה,,לחם חיטה לילדים דגני,גרמים,750.00,100 גרם,false,,13.90,0.0185,true,1,156839
7290003268641,false,דגנית עין בר חלה מתוקה מיוחדת 500 גרם,דגנית עין בר תעשיות מזון ואפיה,,חלה מתוקה מיוחדת דגנ,גרמים,500.00,100 גרם,false,,12.90,0.0258,true,1,156841
7290003321155,false,יוגורט בר עם פקאן מצופה שוקולד 183 ג' דנונה,שטראוס גרופ בעמ/מצונן,,דנונה בר פקאן 183 גר,גרמים,183.00,100 גרם,false,,4.60,0.0251,true,1,135250
7290003380008,true,נקטר תפוזים 1 ליטר,,,נקטר תפוזים 1 ליטר,,0.00,,false,,5.00,0.0000,true,1,136702
7290003380831,true,מיץ עגבניות 1 ליטר *,,,מיץ עגבניות 1 ליטר,,0.00,,false,,5.00,0.0000,true,1,135888
7290003423909,false,חטיף קוקיס אנד קרים לבן 43 גרם,ליימן מותגים,,הרשי חטיף שוקולד לבן,גרמים,45.00,100 גרם,false,,5.00,0.1111,true,1,135637
7290003444009,false,הרשי ריזס חטיף במילוי בוטנים 42 גרם,ליימן מותגים,,ריזס שוקולד חלב במיל,גרמים,42.00,100 גרם,false,,4.90,0.1167,true,1,146066
7290003450602,false,חרדל אמיתי צהוב בקבוק לחיץ 255 גר,היינץ צפון אמריקה מקבוצת ה.י.היינץ,,חרדל צהוב בבקבוק לחי,גרמים,255.00,100 גרם,false,,8.90,0.0349,true,1,160742
7290003457861,false,סולרו קלאסיק חלבי - פירות טרופיים,"מיוצר ע""\י גלידת שטראוס",,סולרו קלאסיק חלבי -,Unknown,1.00,יחידה,false,,8.50,8.5000,true,1,147409
7290003464166,true,קיט אחורי עגל כשר בל,,,קיט אחורי עגל כשר בל,קילוגרמים,1.00,"ק""ג",true,,0.00,0.0000,true,1,139928
7290003464197,true,רוטפליש כשר,,,רוטפליש כשר,קילוגרמים,1.00,"ק""ג",true,,0.00,0.0000,true,1,139929
7290003464272,true,אוסובוקו עגל כשר,,,אוסובוקו עגל כשר,קילוגרמים,1.00,"ק""ג",true,,0.00,0.0000,true,1,139930
7290003464302,true,חזה טלה כשר,,,חזה טלה כשר,קילוגרמים,1.00,"ק""ג",true,,0.00,0.0000,true,1,139931
7290003464326,true,נתחים לקצב כשר,,,נתחים לקצב כשר,קילוגרמים,1.00,"ק""ג",true,,0.00,0.0000,true,1,139932
7290003490110,true,נייר טואלט ליטוף180,,,נייר טואלט ליטוף180,,0.00,,false,,0.00,0.0000,true,1,135761
7290003521074,false,סרקל מרכך שיער לילדים דר. פישר (1 ליטר),"פישר תעשיות פרמצביטות בע""מ",,מרכך שיער לילדים סרק,מיליליטרים,1000.00,"100 מ""ל",false,,29.90,0.0299,true,1,143435
7290003550753,false,נתחי טונה בהירה בשמן פוסידון (108x4 גרם),נטו מילנדה סחר בעמ*,,נתחי טונה בהירה בשמן,גרמים,432.00,100 גרם,false,,20.90,0.0484,true,1,143164
7290003569021,false,כרובית ארוזה יח' רמי לוי,,,כרובית,Unknown,1.00,יחידה,false,,9.90,9.9000,true,1,147715
7290003578672,false,ויליפוד שמן חמניות 1 ליטר{בית יוסף},וילי פוד,,שמן חמניות מזוכך ויל,מיליליטרים,1000.00,"100 מ""ל",false,,13.90,0.0139,true,1,155247
7290003632442,false,מעדניה - פילה אמנון,,,מעדניה - פילה אמנון,קילוגרמים,1.00,"ק""ג",true,,30.90,30.9000,true,1,154126
<<<<<<< HEAD
7290003643004,false,"סוגת אורז בסמטי קלאסי 1 ק""ג",האי נאם סי או אל.טי.,,אורז בסמטי קלאסי סוג,גרמים,1000.00,100 גרם,false,,13.90,0.0139,true,1,142257
7290003643387,false,"סוכר לבן בצנצנת 1 ק""ג סוגת",האי נאם סי או אל.טי.,,סוכר לבן בצנצנת סוגת,גרמים,1000.00,100 גרם,false,,7.90,0.0079,true,1,135011
7290003643646,false,"סוכר דמררה קלאסי בצנצנת סוגת 1 ק""ג",האי נאם סי או אל.טי.,,סוכר דמררה בצנצנת סו,גרמים,1000.00,100 גרם,false,,12.90,0.0129,true,1,145730
7290003643707,false,סוגת גריסים 500 גרם,"סוגת תעשיות בע""מ",,גריסים סוגת 500 גרם,גרמים,500.00,100 גרם,false,,5.90,0.0118,true,1,135899
7290003643714,false,חומוס גרגירים 500 גרם סוגת,האי נאם סי או אל.טי.,,חומוס יבש סוגת 500 ג,גרמים,500.00,100 גרם,false,,7.90,0.0158,true,1,135012
7290003643738,false,סוגת חיטה 500 גרם,האי נאם סי או אל.טי.,,חיטה סוגת 500 גרם,גרמים,500.00,100 גרם,false,,5.90,0.0118,true,1,135013
7290003643752,false,עדשים ירוקים יבש סוגת 500 גר',האי נאם סי או אל.טי.,,עדשים ירוקות סוגת 50,גרמים,500.00,100 גרם,false,,7.90,0.0158,true,1,135785
7290003643769,false,עדשים אדומים יבש סוגת 500 גר',"סוגת תעשיות בע""\מ",,עדשים אדומות סוגת 50,גרמים,500.00,100 גרם,false,,7.90,0.0158,true,1,135014
7290003643776,false,"פופקורן גרעינים סוגת 500 ג' כשל""פ",האי נאם סי או אל.טי.,,פופקורן סוגת 500 גרם,גרמים,500.00,100 גרם,false,,5.90,0.0118,true,1,135015
7290003643806,false,שעועית לבנה יבשה סוגת 500 ג',האי נאם סי או אל.טי.,,שעועית לבנה יבשה סוג,גרמים,500.00,100 גרם,false,,11.90,0.0238,true,1,143359
7290003726615,false,"טופו ויילר 300 גרם ""שטראוס""",הדקלאים אגודת שיתופי,,טופו ויילר 300 גרם,גרמים,300.00,100 גרם,false,,10.90,0.0363,true,1,151338
7290003805501,false,"פתית בסגנון שוודי תלמה בד""צ 300 גרם",יוניליוור ישראל מזון בע\,,פתית שוודי חסכוני 30,גרמים,300.00,100 גרם,false,,14.90,0.0497,true,1,141314
7290003807178,false,"רוטב קנור סויה בסגנון סיני 300 מ""ל",יוניליוור ישראל מזון בע\,,רוטב סויה בסגנון סינ,מיליליטרים,300.00,"100 מ""ל",false,,10.90,0.0363,true,1,146514
7290003864478,false,סרדינים בשמן צמחי פתח קל ויליפוד 110 גרם,גולדן פרייז קאנינג א,,סרדין בשמן צמחי 110,גרמים,110.00,100 גרם,false,,5.90,0.0536,true,1,136478
7290003864492,false,סרדינים בשמן צמחי חריף פתח קל ויליפוד 110ג',גולדן פרייז קאנינג א,,סרדין בשמן צמחי חריף,גרמים,110.00,100 גרם,false,,5.90,0.0536,true,1,140275
7290003882922,false,עלי גפן ממולאים באורז וילי פוד 360 גרם,הזה פלאקספו פוד קו ב,,עלי גפן ממולא 400 גר,גרמים,400.00,100 גרם,false,,9.50,0.0238,true,1,142356
=======
7290003643004,false,אורז בסמטי קלאסי סוגת (1 קג),האי נאם סי או אל.טי.,,אורז בסמטי קלאסי סוג,גרמים,1000.00,100 גרם,false,,13.90,0.0139,true,1,142257
7290003643387,false,סוכר לבן בצנצנת פלסטיק 1 ק`ג,האי נאם סי או אל.טי.,,סוכר לבן בצנצנת סוגת,גרמים,1000.00,100 גרם,false,,7.90,0.0079,true,1,135011
7290003643646,false,"סוכר דמררה קלאסי בצנצנת סוגת 1 ק""ג",האי נאם סי או אל.טי.,,סוכר דמררה בצנצנת סו,גרמים,1000.00,100 גרם,false,,12.90,0.0129,true,1,145730
7290003643707,false,גריסים סוגת (500 גרם),"סוגת תעשיות בע""מ",,גריסים סוגת 500 גרם,גרמים,500.00,100 גרם,false,,5.90,0.0118,true,1,135899
7290003643714,false,חומוס גרגירים 500 גרם סוגת,האי נאם סי או אל.טי.,,חומוס יבש סוגת 500 ג,גרמים,500.00,100 גרם,false,,7.90,0.0158,true,1,135012
7290003643738,false,חיטה סוגת (500 גרם),האי נאם סי או אל.טי.,,חיטה סוגת 500 גרם,גרמים,500.00,100 גרם,false,,5.90,0.0118,true,1,135013
7290003643752,false,עדשים ירוקים יבש סוגת 500 גר',האי נאם סי או אל.טי.,,עדשים ירוקות סוגת 50,גרמים,500.00,100 גרם,false,,7.90,0.0158,true,1,135785
7290003643769,false,עדשים אדומים יבש סוגת 500 גר',"סוגת תעשיות בע""\מ",,עדשים אדומות סוגת 50,גרמים,500.00,100 גרם,false,,7.90,0.0158,true,1,135014
7290003643776,false,"פופקורן גרעינים סוגת 500 ג' כשל""פ",האי נאם סי או אל.טי.,,פופקורן סוגת 500 גרם,גרמים,500.00,100 גרם,false,,5.90,0.0118,true,1,135015
7290003643806,false,שעועית לבנה יבשה סוגת (500 גרם),האי נאם סי או אל.טי.,,שעועית לבנה יבשה סוג,גרמים,500.00,100 גרם,false,,11.90,0.0238,true,1,143359
7290003726615,false,"טופו ויילר 300 גרם ""שטראוס""",שטראוס גרופ בעמ/מצונן,,טופו ויילר 300 גרם,גרמים,300.00,100 גרם,false,,10.90,0.0363,true,1,151338
7290003805501,false,"פתית בסגנון שוודי תלמה בד""צ 300 גרם",יוניליוור ישראל שיווק בע`מ,,פתית שוודי חסכוני 30,גרמים,300.00,100 גרם,false,,14.90,0.0497,true,1,141314
7290003807178,false,"רוטב קנור סויה בסגנון סיני 300 מ""ל",יוניליוור ישראל שיווק בע`מ,,רוטב סויה בסגנון סינ,מיליליטרים,300.00,"100 מ""ל",false,,10.90,0.0363,true,1,146514
7290003864478,false,סרדינים בשמן צמחי פתח קל ויליפוד 110 גרם,ג.וילי-פוד אינטרנשיונל בעמ,,סרדין בשמן צמחי 110,גרמים,110.00,100 גרם,false,,5.90,0.0536,true,1,136478
7290003864492,false,סרדינים בשמן צמחי חריף פתח קל ויליפוד 110ג',ג. וילי-פוד אינטרנשיונל בע`מ,,סרדין בשמן צמחי חריף,גרמים,110.00,100 גרם,false,,5.90,0.0536,true,1,140275
7290003882922,false,עלי גפן ממולאים באורז וילי פוד 360 גרם,ג. וילי-פוד אינטרנשיונל בע`מ,,עלי גפן ממולא 400 גר,גרמים,400.00,100 גרם,false,,9.50,0.0238,true,1,142356
>>>>>>> d048ac2f4f281c9d788043ab4e81b61b0dbe3743
7290003893539,false,מעדניה - פילה אמנון,,,מעדניה - פילה אמנון,קילוגרמים,1.00,"ק""ג",true,,30.90,30.9000,true,1,153100
7290003896860,true,מים בטעם ענבים סאן ב,,,מים בטעם ענבים סאן ב,,0.00,,false,,5.00,0.0000,true,1,135372
7290003903771,false,קפה נמס קפוצ'ינו רגיל 200 ג',שטראוס גרופ בע`מ,,קפוצ'ינו פחית 200 גר,גרמים,200.00,100 גרם,false,,23.90,0.1195,true,1,143663
7290003989096,false,סלט חצילים פיקנטי אחלה 500 גרם,שטראוס גרופ בעמ/מצונן,,חציל פיקנטי 500,גרמים,575.00,100 גרם,false,,15.90,0.0277,true,1,143819
7290003989539,false,רביולי עם גבינה שטראוס (400 גרם),שטראוס גרופ בעמ/מצונן,,רביולי גבינה 400 גרם,גרמים,400.00,100 גרם,false,,19.80,0.0495,true,1,138439
7290004011284,false,בסיס להכנת קצפת צמחי ריץ` (212 מל),ריצ' פרודקטס קורפריי,,בסיס הכנת קצפת ריצ',מיליליטרים,212.00,"100 מ""ל",false,,9.90,0.0467,true,1,143242
7290004011338,false,קצפת מתוקה מוכנה ספריי ריץ` (250 מל),נטו מלינדה סחר בע`מ,,ריצ' קצפת חלבי,מיליליטרים,250.00,"100 מ""ל",false,,14.90,0.0596,true,1,140836
7290004030872,true,"מיץ תות בננה 500 מ""",,,"מיץ תות בננה 500 מ""",,0.00,,false,,0.00,0.0000,true,1,136570
7290004048518,false,מעדניה - פילה אמנון,,,מעדניה - פילה אמנון,קילוגרמים,1.00,"ק""ג",true,,29.90,29.9000,true,1,153101
7290004048518,false,מעדניה - פילה אמנון,,,מעדניה - פילה אמנון,קילוגרמים,1.00,"ק""ג",true,,30.90,30.9000,true,1,153338
7290004048525,false,פילה אמנון דלידג 5-7,דלידג - נטו,,מעדניה - פילה אמנון,קילוגרמים,1.00,"ק""ג",true,,30.90,30.9000,true,1,143165
7290004048525,false,פילה אמנון דלידג 5-7,דלידג - נטו,,מעדניה - פילה אמנון,קילוגרמים,1.00,"ק""ג",true,,30.90,30.9000,true,1,143248
7290004048532,false,מעדניה - פילה אמנון,,,מעדניה - פילה אמנון,קילוגרמים,1.00,"ק""ג",true,,30.90,30.9000,true,1,153102
7290004063016,false,מלח שולחן מעולה סלית (1 קג)פיקוח,האי נאם סי או אל.טי.,,"מלח שולחן דק 1 ק""ג",גרמים,1000.00,100 גרם,false,,1.90,0.0019,true,1,138015
7290004063016,false,מלח שולחן מעולה סלית (1 קג)פיקוח,האי נאם סי או אל.טי.,,"מלח שולחן דק 1 ק""ג",גרמים,1000.00,100 גרם,false,,1.90,0.0019,true,1,145568
7290004063115,true,"מלח בישול 1 ק""ג",,,"מלח בישול 1 ק""ג",,0.00,,false,,1.50,0.0000,true,1,143372
7290004063115,false,"מלח מטבח עבה להמלחת בשר ובישול 1 ק""ג 1ק""ג",האי נאם סי או אל.טי.,,"מלח עבה 1 ק""ג",גרמים,1000.00,100 גרם,false,,1.90,0.0019,true,1,145569
7290004078942,false,ליידי ספיד סטיק - דאודורנט ג'ל לאישה 65 גרם,קולגייט-פלמוליב,,ליידי ספיד סטיק גל ב,גרמים,63.00,100 גרם,false,,21.90,0.3476,true,1,143621
7290004119225,false,יופלה יוגורט בטעם אננס %3 150 גרם,תנובה מרכז שיתופי לש,,יופלה יוגורט אננס %3,מיליליטרים,150.00,"100 מ""ל",false,,5.00,0.0333,true,1,147264
7290004119973,false,קרלו מעדן שוקו רביעיה גביע 1.5% 125 גרם,תנובה מרכז שיתופי לש,,קרלו שוקולד 125 גרם,גרמים,125.00,100 גרם,false,,2.90,0.0232,true,1,141101
7290004120108,false,יופלה דיאט יוגורט דובדבן %0 גביע 150גרם,תנובה מרכז שיתופי לש,,יופלה דיאט יוגורט דו,גרמים,150.00,100 גרם,false,,5.00,0.0333,true,1,148349
<<<<<<< HEAD
7290004120566,false,פיראוס 24% גבינה בולגרית 250 גרם,תנובה חלב,,גבינה בולגרית 24% פי,גרמים,250.00,100 גרם,false,,22.90,0.0916,true,1,147265
7290004120573,false,פיראוס 16% גבינה בולגרית 250 גרם,תנובה מרכז שיתופי לש,,פיראוס בולגרית גביע,גרמים,250.00,100 גרם,false,,22.90,0.0916,true,1,147245
7290004120634,false,גבינה פיראוס בולגרית 5% 250 גרם,תנובה מרכז שיתופי לש,,גבינה בולגרית 5% פיר,גרמים,250.00,100 גרם,false,,22.90,0.0916,true,1,141962
7290004120832,false,"חלב 2 ליטר 3% כד ""תנובה""- מוצר בפיקוח",תנובה מרכז שיתופי לש,,חלב תנובה טרי %3 כד,מיליליטרים,2000.00,"100 מ""ל",false,,12.46,0.0062,true,1,145761
7290004121754,false,יוגורט ביו עוגת גבינה ותות 3% יופלה 150 גרם,תנובה חלב,,יופלה יוגורט עוגת גב,גרמים,150.00,100 גרם,false,,5.50,0.0367,true,1,159515
7290004121853,false,גבינה בולגרית פיראוס 5% קוביות 200 גרם,תנובה מרכז שיתופי לש,,קוביות גבינה בולגרית,גרמים,250.00,100 גרם,false,,20.90,0.0836,true,1,147267
7290004122119,false,פתיתי פרמזן לפסטה 23% השף הלבן 100 גרם,פ.פ.ח. שאביט,,פתיתי פרמזן מגורדת 2,גרמים,100.00,100 גרם,false,,12.10,0.1210,true,1,151284
7290004122119,false,פתיתי פרמזן לפסטה 23% השף הלבן 100 גרם,פ.פ.ח. שאביט,,פתיתי פרמזן מגורדת 2,גרמים,100.00,100 גרם,false,,12.10,0.1210,true,1,148351
7290004122195,false,גוש חלב גבינה צהובה פרוסה 28% תנובה 200 גרם,תנובה חלב,,גוש חלב פרוס 200 גרם,גרמים,200.00,100 גרם,false,,13.80,0.0690,true,1,142657
=======
7290004120566,false,גבינה בולגרית (25024% גרם)פיראוס תנובה,"תנובה בע""מ ***",,גבינה בולגרית 24% פי,גרמים,250.00,100 גרם,false,,22.90,0.0916,true,1,147265
7290004120573,false,גבינה בולגרית (25016% גרם)פיראוס תנובה,תנובה מרכז שיתופי לש,,פיראוס בולגרית גביע,גרמים,250.00,100 גרם,false,,22.90,0.0916,true,1,147245
7290004120634,false,גבינה בולגרית (2505% גרם)פיראוס תנובה,תנובה מרכז שיתופי לש,,גבינה בולגרית 5% פיר,גרמים,250.00,100 גרם,false,,22.90,0.0916,true,1,141962
7290004120832,false,"חלב 2 ליטר 3% כד ""תנובה""- מוצר בפיקוח",תנובה מרכז שיתופי לש,,חלב תנובה טרי %3 כד,מיליליטרים,2000.00,"100 מ""ל",false,,12.46,0.0062,true,1,145761
7290004121754,false,יוגורט ביו עוגת גבינה ותות 3% יופלה 150 גרם,תנובה בעמ ***,,יופלה יוגורט עוגת גב,גרמים,150.00,100 גרם,false,,5.50,0.0367,true,1,159515
7290004121853,false,גבינה בולגרית קוביות (2005% גרם)פיראוס,תנובה מרכז שיתופי לש,,קוביות גבינה בולגרית,גרמים,250.00,100 גרם,false,,20.90,0.0836,true,1,147267
7290004122119,false,פתיתי פרמזן לפסטה 23% השף הלבן 100 גרם,"תנובה בע""מ ***",,פתיתי פרמזן מגורדת 2,גרמים,100.00,100 גרם,false,,12.10,0.1210,true,1,148351
7290004122119,false,פתיתי פרמזן לפסטה 23% השף הלבן 100 גרם,"תנובה בע""מ ***",,פתיתי פרמזן מגורדת 2,גרמים,100.00,100 גרם,false,,12.10,0.1210,true,1,151284
7290004122195,false,גוש חלב גבינה צהובה פרוסה 28% תנובה 200 גרם,"תנובה בע""מ ***",,גוש חלב פרוס 200 גרם,גרמים,200.00,100 גרם,false,,13.80,0.0690,true,1,142657
>>>>>>> d048ac2f4f281c9d788043ab4e81b61b0dbe3743
7290004122270,false,עמק קלאסית פרוסות גבינה חצי קשה 28% 200 גרם,תנובה מרכז שיתופי לש,,גבינה עמק פרוס 28% ב,גרמים,200.00,100 גרם,false,,15.90,0.0795,true,1,142658
7290004122348,false,גבינה צהובה מופחתת שומן 9% עמק (200 גרם),תנובה מרכז שיתופי לש,,עמק לייט פרוס 9% 200,גרמים,200.00,100 גרם,false,,16.60,0.0830,true,1,138035
7290004122683,false,עמק חטיף אצבעות גבינה חצי קשה 28% שומן,תנובה מרכז שיתופי לש,,עמק אצבעות גבינה 28%,גרמים,172.00,100 גרם,false,,16.40,0.0953,true,1,148386
7290004124205,false,יופלה דיאט יוגורט תות %0 גביע 150 גרם,תנובה מרכז שיתופי לש,,יופלה דיאט יוגורט תו,גרמים,150.00,100 גרם,false,,5.00,0.0333,true,1,142660
7290004124847,false,"קצפת צמחית השף הלבן 500 מ""ל תנובה",תנובה מרכז שיתופי לש,,קצפת צמחית 20% השף ה,מיליליטרים,500.00,"100 מ""ל",false,,15.90,0.0318,true,1,138036
7290004125370,false,"שמנת חמוצה 9% מופחתת שומן תנובה 200 מ""ל מהדרין",תנובה מרכז שיתופי לש,,שמנת חמוצה 9% תנובה,גרמים,200.00,100 גרם,false,,3.70,0.0185,true,1,148387
7290004125400,false,"אשל שלי מהדרין 200 מ""ל 4.5% ""תנובה""- מוצר בפיקוח",פארייפאבה אגרואינדוס,,שלי אשל 4.5% תנובה 2,מיליליטרים,200.00,"100 מ""ל",false,,1.69,0.0084,true,1,141959
7290004125417,false,"גיל 3% שלי 200 מ""ל ""תנובה"" -מוצר בפיקוח",תנובה מרכז שיתופי לש,,שלי גיל 3% תנובה 200,מיליליטרים,200.00,"100 מ""ל",false,,1.51,0.0076,true,1,141960
7290004125455,false,"שמנת חמוצה 200 מ""ל 15% ""תנובה"" -מוצר בפיקוח",תנובה מרכז שיתופי לש,,שמנת אורגינל 15% תנו,מיליליטרים,200.00,"100 מ""ל",false,,2.40,0.0120,true,1,141964
7290004125509,false,"שמנת חמוצה 15% מועשרת תנובה 100 מ""ל",תנובה מרכז שיתופי לש,,שמנת חמוצה 15% תנובה,מיליליטרים,100.00,"100 מ""ל",false,,1.70,0.0170,true,1,148388
7290004125578,false,משקה סויה מעושר בסידן תנובה 1ל',תנובה מרכז שיתופי לש,,משקה סויה מועשר בסיד,מיליליטרים,1000.00,"100 מ""ל",false,,10.90,0.0109,true,1,146881
7290004125585,false,משקה סויה בטעם וניל תנובה 1 ליטר,תנובה מרכז שיתופי לש,,משקה סויה בטעם וניל,מיליליטרים,1000.00,"100 מ""ל",false,,10.90,0.0109,true,1,146882
7290004125721,false,"השף הלבן שמנת עמידה לבישול 15% תנובה 250 מ""ל",תנובה מרכז שיתופי לש,,שמנת לבישול 15% השף,מיליליטרים,250.00,"100 מ""ל",false,,8.10,0.0324,true,1,141591
7290004125738,false,שמנת מתוקה להקצפה32% 250מל עמיד השף הלבן,תנובה מרכז שיתופי לש,,שמנת מתוקה להקצפה 32,מיליליטרים,250.00,"100 מ""ל",false,,6.20,0.0248,true,1,147244
<<<<<<< HEAD
7290004125776,false,גבינה צהובה עמק 28% 400 גרם בקופסא,תנובה חלב,,עמק גבינה צהובה פרוס,גרמים,400.00,100 גרם,false,,27.80,0.0695,true,1,148389
=======
7290004125776,false,גבינה צהובה קלאסית 28% עמק (400 גרם),"תנובה בע""מ ***",,עמק גבינה צהובה פרוס,גרמים,400.00,100 גרם,false,,27.80,0.0695,true,1,148389
>>>>>>> d048ac2f4f281c9d788043ab4e81b61b0dbe3743
7290004126674,false,טל העמק פרוסות גבינה חצי קשה לייט %9 200 גרם בקופסא,תנובה מרכז שיתופי לש,,טל העמק פרוס 9% 200,גרמים,200.00,100 גרם,false,,18.80,0.0940,true,1,148390
7290004126872,false,משקאות חלב תנובה שוקו בקבוק 250מל,תנובה - חלב,,שוקו תנובה בבקבוק 25,מיליליטרים,250.00,"100 מ""ל",false,,5.70,0.0228,true,1,136908
7290004126872,false,משקאות חלב תנובה שוקו בקבוק 250מל,תנובה - חלב,,שוקו תנובה בבקבוק 25,מיליליטרים,250.00,"100 מ""ל",false,,5.70,0.0228,true,1,142661
7290004127077,false,קוטג תנובה 3% גביע 250 גרם מהדרין,מיוצר עי קונדיטוריית,,גבינת קוטג' 3% תנובה,גרמים,250.00,100 גרם,false,,5.70,0.0228,true,1,140465
7290004127329,false,קוטג תנובה גביע 250 גרם %5 ו.מהדרין,מיוצר עי קונדיטוריית,,גבינת קוטג' 5% תנובה,גרמים,250.00,100 גרם,false,,5.70,0.0228,true,1,135449
7290004127336,false,קוטג תנובה גביע 250 גרם %9 ו.מהדרין,מיוצר עי קונדיטוריית,,גבינת קוטג' 9% תנובה,גרמים,250.00,100 גרם,false,,5.70,0.0228,true,1,138832
7290004127800,false,"גבינה לבנה 500 גרם 5% ""תנובה"" -מוצר בפיקוח",מיוצר עי קונדיטוריית,,גבינה לבנה תנובה 5%,גרמים,500.00,100 גרם,false,,9.95,0.0199,true,1,141963
7290004127817,false,גבינה לבנה 9% שומן 500 ג' תנובה,מיוצר עי קונדיטוריית,,גבינה לבנה תנובה 9%,גרמים,500.00,100 גרם,false,,9.95,0.0199,true,1,141965
<<<<<<< HEAD
7290004128333,false,לאבנה על בסיס יוגורט %9 שומן 500 ג' פיראוס,תנובה חלב,,פיראוס לבנה גביע 500,גרמים,500.00,100 גרם,false,,19.40,0.0388,true,1,148391
7290004128432,false,פתיתים מיוחדים לפיצה על בסיס גבינה 500 ג',תנובה חלב,,פתיתי לפיצה 500 גרם,גרמים,500.00,100 גרם,false,,22.90,0.0458,true,1,151373
=======
7290004128333,false,לאבנה על בסיס יוגורט %9 שומן 500 ג' פיראוס,תנובה בעמ ***,,פיראוס לבנה גביע 500,גרמים,500.00,100 גרם,false,,19.40,0.0388,true,1,148391
7290004128432,false,פתיתים מיוחדים לפיצה על בסיס גבינה 500 ג',תנובה - חלב,,פתיתי לפיצה 500 גרם,גרמים,500.00,100 גרם,false,,22.90,0.0458,true,1,151373
>>>>>>> d048ac2f4f281c9d788043ab4e81b61b0dbe3743
7290004129101,false,גבינת שמנת 25% בטעם טבעי 225 ג' נפוליאון,תנובה מרכז שיתופי לש,,גבינת שמנת 25% בטעם,גרמים,225.00,100 גרם,false,,13.90,0.0618,true,1,159211
7290004129767,false,"3% 'יופלה לבן מארז שמינייה 1.2 ק""ג",תנובה מרכז שיתופי לש,,יוגורט לבן 3% יופלה,מיליליטרים,1200.00,"100 מ""ל",false,,17.30,0.0144,true,1,151135
7290004131074,false,"חלב 1 ליטר 3% קרטון ""תנובה""- מוצר בפיקוח",תנובה מרכז שיתופי לש,,חלב קרטון 3% תנובה 1,מיליליטרים,1000.00,"100 מ""ל",false,,6.23,0.0062,true,1,135532
7290004131432,false,יוגורט יופלה לבן ביו 3% 200 גרם,מיוצר עי קונדיטוריית,,יופלה לבן 3% גביע 20,גרמים,200.00,100 גרם,false,,4.00,0.0200,true,1,148353
7290004131531,false,שוקו 30% פחות תוספת סוכר תנובה (1 ליטר),פארייפאבה אגרואינדוס,,שוקו בקבוק 1 ליטר 20,מיליליטרים,1000.00,"100 מ""ל",false,,12.40,0.0124,true,1,148355
7290004132552,false,משקה סויה בטעם טבעי לייט תנובה 1 ליטר,תנובה מרכז שיתופי לש,,משקה סויה לייט בטעם,מיליליטרים,1000.00,"100 מ""ל",false,,10.90,0.0109,true,1,146883
7290004132712,false,חטיף אצבעות גבינת מוצרלה 20% 172 ג' עמק,תנובה מרכז שיתופי לש,,עמק אצבעות מוצרלה תנ,גרמים,174.00,100 גרם,false,,16.40,0.0943,true,1,148393
7290004133511,false,יופלה מאגדת לבן 1.5% מעודן 8 יח' * 150 ג',מיוצר עי קונדיטוריית,,מאגדת לבן 1.5% מעודן,מיליליטרים,1200.00,"100 מ""ל",false,,20.70,0.0172,true,1,148358
7290004134945,false,יוגורט ביו 3% בטעם מוקה יופלה (150 גרם),תנובה מרכז שיתופי לש,,יופלה מוקה 3% 150 גר,גרמים,150.00,100 גרם,false,,5.00,0.0333,true,1,153992
7290004135614,false,גבינה בולגרית מעודנת 5% פיראוס 250 גרם,"תנובה בע""מ ***",,גבינה בולגרית מעודנת,גרמים,250.00,100 גרם,false,,21.90,0.0876,true,1,148398
7290004136154,false,"משקה חלב אייס קפה תנובה בבקבוק 340 מ""ל",גוד פוד פרודקטס S.p,,משקה אייס קפה תנובה,מיליליטרים,340.00,"100 מ""ל",false,,6.70,0.0197,true,1,142666
7290004136437,true,חלב סויה 1 ליטר,,,חלב סויה 1 ליטר,,0.00,,false,,5.00,0.0000,true,1,135512
7290004136598,false,מארז הפסקת אוכל עם קורנפלקס ומשקה חלב עמיד בטעם וניל,פארייפאבה אגרואינדוס,,מארז הפסקת אוכל חלב,גרמים,150.00,100 גרם,false,,9.50,0.0633,true,1,142667
7290004136598,false,מארז הפסקת אוכל עם קורנפלקס ומשקה חלב עמיד בטעם וניל,פארייפאבה אגרואינדוס,,מארז הפסקת אוכל חלב,גרמים,150.00,100 גרם,false,,9.50,0.0633,true,1,142715
7290004136857,false,מעדן ג`לי בטעם פטל תנובה (125 גרם),תנובה מרכז שיתופי לש,,ג'לי בטעם פטל 125,גרמים,125.00,100 גרם,false,,2.60,0.0208,true,1,136121
7290004136864,false,מעדן ג'לי בטעם אננס עם חתיכות תנובה 125 גרם,תנובה בעמ ***,,ג'לי אננס עם חתיכות,גרמים,125.00,100 גרם,false,,2.80,0.0224,true,1,135193
7290004136871,false,מעדן ג'לי בטעם אפרסק עם חתיכות תנובה 125 גרם,תנובה מרכז שיתופי לש,,ג'לי אפרסק עם חתיכות,גרמים,125.00,100 גרם,false,,2.80,0.0224,true,1,135194
7290004137021,false,"שמנת עמידה לבישול מופחת שומן 10% השף הלבן 250 מ""ל",תנובה מרכז שיתופי לש,,שמנת עמידה לבישול 10,מיליליטרים,250.00,"100 מ""ל",false,,8.00,0.0320,true,1,148361
7290004194185,true,עוף שלם קפוא מחפוד,,,עוף שלם קפוא מחפוד,,0.00,,false,,0.00,0.0000,true,1,154473
7290004194529,false,עוף שלם טרי ארוז מחפ,עוף ירושלים מהדרין ב,,עוף טרי ארוז מחפוד,קילוגרמים,1.00,"ק""ג",true,,25.90,25.9000,true,1,149060
7290004194536,false,חזה עוף טרי מחפוד ארוז,עוף ירושלים מהדרין ב,,חזה עוף טרי ארוז מחפ,קילוגרמים,1.00,"ק""ג",true,,33.90,33.9000,true,1,149061
7290004194543,false,כרעיים עוף טרי מחפוד ארוז,עוף ירושלים מהדרין ב,,כרעיים עוף טרי ארוז,קילוגרמים,1.00,"ק""ג",true,,33.90,33.9000,true,1,149062
7290004194567,false,ירכיים עוף טרי מחפוד,עוף ירושלים מהדרין,,ירכיים עוף טרי ארוז,קילוגרמים,1.00,"ק""ג",true,,32.90,32.9000,true,1,149064
7290004194574,false,שוקיים עוף טרי מחפוד ארוז,עוף ירושלים מהדרין ב,,שוקיים עוף טרי ארוז,קילוגרמים,1.00,"ק""ג",true,,34.90,34.9000,true,1,149065
7290004194581,false,פרגיות עוף טרי מחפוד ארוז,עוף ירושלים מהדרין ב,,פרגיות עוף טרי ארוז,קילוגרמים,1.00,"ק""ג",true,,69.90,69.9000,true,1,149066
7290004194635,false,שניצל עוף טרי מחפוד קג,עוף ירושלים מהדרין ב,,שניצל עוף פרוס טרי א,קילוגרמים,1.00,"ק""ג",true,,34.90,34.9000,true,1,149070
7290004199203,true,קיסמי שיניים מבמבוק,,,קיסמי שיניים מבמבוק,,0.00,,false,,5.00,0.0000,true,1,140795
7290004228354,false,מעדניה - פילה אמנון,,,מעדניה - פילה אמנון,קילוגרמים,1.00,"ק""ג",true,,30.90,30.9000,true,1,153105
7290004324858,false,קבב כבש טיבון ויל 500 גרם,"טיבון ויל אחזקות בע""",,קבב כבש טיבון ויל 50,גרמים,500.00,100 גרם,false,,19.90,0.0398,true,1,157937
7290004492762,false,"נשנושים תירס אפוי טעם טבעי בייגל בייגל 325 גרם בד""צ",יוניליוור ישראל שיווק בע`מ,,נשנושים בטעם תירס 32,גרמים,325.00,100 גרם,false,,12.90,0.0397,true,1,146517
7290004554293,false,קרחון אסקימו שטראוס ענבים,גלידות שטראוס בעמ,,אסקימו ענבים,Unknown,1.00,יחידה,false,,2.90,2.9000,true,1,161682
7290004554798,false,"שלגון מטרה פטל,לימון וענבים","מיוצר ע"" גלידת שטראו",,מטרה,Unknown,1.00,יחידה,false,,5.90,5.9000,true,1,147417
<<<<<<< HEAD
7290004584351,false,גבינה לבנה סימפוניה עם תוספות 200 ג' חמישית 200,"שטראוס בריאות בע""\מ",,גבינה במרקם שמנת סימ,גרמים,200.00,100 גרם,false,,11.00,0.0550,true,1,142546
7290004584528,false,יוגורט דנונה ביו לבן 1.7% שומן 200 גרם,מיוצר עי קונדיטוריית,,דנונה ביו 1.7% 200 ג,גרמים,200.00,100 גרם,false,,3.70,0.0185,true,1,144561
7290004585907,false,דני ועדן וניל 1.5% 125ג' שטראוס,מיוצר עי קונדיטוריית,,דני מעדן חלב בטעם ונ,גרמים,125.00,100 גרם,false,,2.70,0.0216,true,1,135257
7290004731472,false,"שלישיית אלסבון צבעוני כיף 500 מ""ל",טרופיקל דגיל תעשיות,,אל סבון צבעוני כיף 3,מיליליטרים,1500.00,"100 מ""ל",false,,19.90,0.0133,true,1,142414
7290004731564,false,"מקסימה מבשם ומרכך למייבש הכביסה בלו בלוסום 750 מ""ל",סנו מקסימה,,מקסימה למייבש בלו בו,מיליליטרים,750.00,"100 מ""ל",false,,16.30,0.0217,true,1,142843
7290004737900,false,חלב כחוש מרוכז וממותק בתוספת שמן צמחי ויליפוד 397 גרם,יו.איי.בי מאריג'אמפו,,חלב מרוכז ממותק 397,גרמים,397.00,100 גרם,false,,10.90,0.0275,true,1,144972
=======
7290004584351,false,גבינה לבנה סימפוניה עם תוספות 200 ג' חמישית 200,שטראוס גרופ בעמ/מצונן,,גבינה במרקם שמנת סימ,גרמים,200.00,100 גרם,false,,11.00,0.0550,true,1,142546
7290004584528,false,יוגורט דנונה ביו לבן 1.7% שומן 200 גרם,שטראוס גרופ בעמ/מצונן,,דנונה ביו 1.7% 200 ג,גרמים,200.00,100 גרם,false,,3.70,0.0185,true,1,144561
7290004585907,false,דני ועדן וניל 1.5% 125ג' שטראוס,שטראוס גרופ בעמ/מצונן,,דני מעדן חלב בטעם ונ,גרמים,125.00,100 גרם,false,,2.70,0.0216,true,1,135257
7290004731472,false,"שלישיית אלסבון צבעוני כיף 500 מ""ל",החברה הדרומית לשיווק בעמ,,אל סבון צבעוני כיף 3,מיליליטרים,1500.00,"100 מ""ל",false,,19.90,0.0133,true,1,142414
7290004731564,false,"מקסימה מבשם ומרכך למייבש הכביסה בלו בלוסום 750 מ""ל",החברה הדרומית לשיווק בעמ,,מקסימה למייבש בלו בו,מיליליטרים,750.00,"100 מ""ל",false,,16.30,0.0217,true,1,142843
7290004737900,false,חלב כחוש מרוכז וממותק בתוספת שמן צמחי ויליפוד 397 גרם,ג. וילי-פוד אינטרנשיונל בע`מ,,חלב מרוכז ממותק 397,גרמים,397.00,100 גרם,false,,10.90,0.0275,true,1,144972
>>>>>>> d048ac2f4f281c9d788043ab4e81b61b0dbe3743
7290004798055,true,מסבין סנטטי 230 גרם,,,מסבין סנטטי 230 גרם,,0.00,,false,,5.00,0.0000,true,1,135537
7290004866013,true,מאפה קקאו,,,מאפה קקאו,,0.00,,false,,5.00,0.0000,true,1,136203
7290004882014,true,גומיגם כשלפ,,,גומיגם כשלפ,,0.00,,false,,5.00,0.0000,true,1,136348
7290005020353,true,רום בקרדי לבן ליטר,,,רום בקרדי לבן ליטר,,0.00,,false,,0.00,0.0000,true,1,140430
7290005113222,false,זיתים קוקטייל וגמבה יבנה 350ג',קבוצת יבנה,,זיתים מיקס יבנה 540,גרמים,540.00,100 גרם,false,,9.80,0.0181,true,1,143062
7290005174513,false,חציל על האש במיונז אחלה 400 גרם+225גר,שטראוס גרופ בעמ/מצונן,,חצילים במיונז 500 ג,גרמים,500.00,100 גרם,false,,15.90,0.0318,true,1,143821
7290005174551,false,סלט חומוס עם צנוברים 125 ג' אחלה,שטראוס גרופ בעמ/מצונן,,סלט חומוס יום יום אח,גרמים,125.00,100 גרם,false,,4.90,0.0392,true,1,136117
7290005174575,false,טחינה אחלה יום יום משובחת 125ג',שטראוס גרופ בעמ/מצונן,,סלט טחינה יום יום אח,גרמים,125.00,100 גרם,false,,4.90,0.0392,true,1,144563
7290005175428,false,"קמח תירס לל""ג ריבארה 500 ג'",ג. וילי-פוד אינטרנשיונל בע`מ,,קמח תירס אינסטנט 500,גרמים,500.00,100 גרם,false,,5.90,0.0118,true,1,135479
7290005197758,false,"עוגיות חיוכים שוקולד עלית 150 גרם בד""צ",אפיפית נצרת תעשיות ב,,חיוכים שוקו 150 גרם,גרמים,150.00,100 גרם,false,,4.90,0.0327,true,1,140153
7290005199288,false,גומי מאסט בטעם פטל לימון 28 ג' עלית,שטראוס גרופ בע`מ,,"מאסט פטל לימון לל""ס",גרמים,28.00,100 גרם,false,,4.50,0.1607,true,1,153706
7290005199738,false,גומי מאסט בטעם פפרמינט ריח פה נעים פליפטופ 28 ג' עלית,שטראוס גרופ בע`מ,,"מאסט מנטה מרעננת לל""",גרמים,28.00,100 גרם,false,,4.50,0.1607,true,1,144955
7290005200786,false,תפוצ'יפס בטעם שמנת בצל עלית 50 גרם,"שטראוס פריטו ליי בע""\מ )",,תפוציפס שמנת ובצל 50,גרמים,50.00,100 גרם,false,,4.00,0.0800,true,1,140837
7290005201882,true,קפה טורקי עלית 200 ג,,,קפה טורקי עלית 200 ג,,0.00,,false,,16.00,0.0000,true,1,142378
<<<<<<< HEAD
7290005287206,false,רביעיית טונה בשמן סטארקיסט 160 גרם,"סטארקיסט פודור בע""מ",,טונה סטארקיסט בשמן 4,גרמים,640.00,100 גרם,false,,24.90,0.0389,true,1,141633
7290005287251,false,רביעיית טונה במים סטארקיסט 160 גרם,"סטארקיסט פודור בע""מ",,נתחי טונה סטארקיסט ב,גרמים,640.00,100 גרם,false,,24.90,0.0389,true,1,141634
7290005423253,false,"סנו - מקסימה מרסס למייבש כביסה אולטרה פרש 750 מ""ל","סנו מפעלי ברונוס בע""\מ",,מקסימה למייבש אולטרא,מיליליטרים,750.00,"100 מ""ל",false,,16.30,0.0217,true,1,144495
7290005423734,false,מרכך כביסה מרוכז אולטרא פרש סנו מקסימה 4 ליטר,"סנו מפעלי ברונוס בע""\מ",,מרכך כביסה מקסימה 4,מיליליטרים,4000.00,"100 מ""ל",false,,22.90,0.0057,true,1,142406
7290005423918,false,סנו - מקסימה מרכך כביסה היפואלרגני אלוורה 4 ליטר,"סנו מפעלי ברונוס בע""\מ",,מקסימה מרכך 4 ליטר ב,מיליליטרים,4000.00,"100 מ""ל",false,,21.90,0.0055,true,1,144497
7290005425110,false,"חיטוי משטחים 99.9% מתז מחטא ומשמיד 750 מ""ל","סנו מפעלי ברונוס בע""\מ",,מתז לחיטוי משטחים 99,מיליליטרים,750.00,"100 מ""ל",false,,14.90,0.0199,true,1,150488
7290005425646,false,קליר נוזל לניקוי חלונות רב תכליתי סנו 1 ליטר,"סנו מפעלי ברונוס בע""\מ",,ספריי רב תכליתי לניק,מיליליטרים,1000.00,"100 מ""ל",false,,12.90,0.0129,true,1,141392
7290005431906,false,קדאיף עדן קינוחים 82 גרם,עדן קינוחים Eden,,מעדן קדאיף עדן קינוח,גרמים,82.00,100 גרם,false,,6.90,0.0841,true,1,158909
=======
7290005287206,false,רביעיית טונה בשמן סטארקיסט 160 גרם,דיפלומט מפיצים (1968) בעמ**,,טונה סטארקיסט בשמן 4,גרמים,640.00,100 גרם,false,,24.90,0.0389,true,1,141633
7290005287251,false,רביעיית טונה במים סטארקיסט 160 גרם,דיפלומט מפיצים (1968) בעמ**,,נתחי טונה סטארקיסט ב,גרמים,640.00,100 גרם,false,,24.90,0.0389,true,1,141634
7290005423253,false,"סנו - מקסימה מרסס למייבש כביסה אולטרה פרש 750 מ""ל",החברה הדרומית לשיווק בעמ,,מקסימה למייבש אולטרא,מיליליטרים,750.00,"100 מ""ל",false,,16.30,0.0217,true,1,144495
7290005423734,false,מרכך כביסה מרוכז אולטרא פרש סנו מקסימה 4 ליטר,החברה הדרומית לשיווק בעמ,,מרכך כביסה מקסימה 4,מיליליטרים,4000.00,"100 מ""ל",false,,22.90,0.0057,true,1,142406
7290005423918,false,סנו - מקסימה מרכך כביסה היפואלרגני אלוורה 4 ליטר,החברה הדרומית לשיווק בעמ,,מקסימה מרכך 4 ליטר ב,מיליליטרים,4000.00,"100 מ""ל",false,,21.90,0.0055,true,1,144497
7290005425110,false,"חיטוי משטחים 99.9% מתז מחטא ומשמיד 750 מ""ל",החברה הדרומית לשיווק בעמ,,מתז לחיטוי משטחים 99,מיליליטרים,750.00,"100 מ""ל",false,,14.90,0.0199,true,1,150488
7290005425646,false,קליר נוזל לניקוי חלונות רב תכליתי סנו 1 ליטר,החברה הדרומית לשיווק בעמ,,ספריי רב תכליתי לניק,מיליליטרים,1000.00,"100 מ""ל",false,,12.90,0.0129,true,1,141392
7290005431906,false,מארז קדאיף 82 גר` עדן קינוחים,עדן קינוחים Eden,,מעדן קדאיף עדן קינוח,גרמים,82.00,100 גרם,false,,6.90,0.0841,true,1,158909
>>>>>>> d048ac2f4f281c9d788043ab4e81b61b0dbe3743
7290005431913,false,עוגת גבינה פירורים עדן קינוחים 92 גרם,עדן קינוחים Eden,,עוגת גבינה פירורים ע,גרמים,92.00,100 גרם,false,,6.90,0.0750,true,1,158910
7290005431968,false,מלבי שמנת עדן קינוחים 150 גרם,עדן קינוחים Eden,,מלבי שמנת עדן קינוחי,גרמים,150.00,100 גרם,false,,6.90,0.0460,true,1,158911
7290005437540,false,"פטריות שמפיניון חתוכות בד""צ טעמן 290 גרם",טעמן שיווק מזון בעמ,,פטריות חתוכות טעמן 2,גרמים,290.00,100 גרם,false,,4.50,0.0155,true,1,161161
7290005437632,false,שמן קנולה 1 ליטר טעמן,,,שמן קנולה טעמן 1 ליט,מיליליטרים,1000.00,"100 מ""ל",false,,10.90,0.0109,true,1,140217
7290005437762,false,פסטה בילאג'יו ספירלה 500גר' טעמן,מוצרי יסוד - טעמן,,פסטה בילאג'יו ספירלה,גרמים,500.00,100 גרם,false,,4.90,0.0098,true,1,159563
7290005437816,true,אננס חתוך 567 גרם,,,אננס חתוך 567 גרם,,0.00,,false,,5.00,0.0000,true,1,135125
7290005437847,true,אננס שלם 567 גרם,,,אננס שלם 567 גרם,,0.00,,false,,0.00,0.0000,true,1,136498
7290005509445,false,עוגיות מיני קוקיס חמאה בצנצנת כרמית 600 גרם,כרמית תעשיות ממתקים בעמ,,מיני קוקיס בטעם חמאה,גרמים,600.00,100 גרם,false,,16.90,0.0282,true,1,144817
7290005549618,true,מרשמלו 180 גרם,,,מרשמלו 180 גרם,,0.00,,false,,0.00,0.0000,true,1,136492
7290005559907,false,פיצה משפחתית 100% גבינה מעדנות 500 גרם,תנובה מרכז שיתופי לשיווק תוצרת,,פיצה משפחתית 100% גב,גרמים,500.00,100 גרם,false,,23.90,0.0478,true,1,142766
7290005559914,false,פיצה משפחתית עם 100% גבינה בתוספת זיתים מעדנות 550 גרם,תנובה מרכז שיתופי לשיווק תוצרת,,פיצה משפחתית זיתים מ,גרמים,550.00,100 גרם,false,,23.90,0.0435,true,1,142767
7290005559990,false,בצק עלים פילאס תורכי 600 גרם קפוא,תנובה מרכז שיתופי לשיווק תוצרת,,בצק פילאס תורכי מעדנ,גרמים,600.00,100 גרם,false,,22.90,0.0382,true,1,148459
7290005589494,true,חיטה מלאה תפוחה 200,,,חיטה מלאה תפוחה 200,,0.00,,false,,0.00,0.0000,true,1,135091
7290005591761,false,דבש טהור מפרחי בר בלחיץ 400 ג' יד מרדכי,מכוורת יד מרדכי שטרא,,דבש טהור לחיץ 400 גר,גרמים,400.00,100 גרם,false,,21.90,0.0547,true,1,142289
<<<<<<< HEAD
7290005838002,false,מעדן גבינה ויוגורט בטעם וניל 88 ג' דניאלה,"שטראוס בריאות בע""מ",,דניאלה וניל 150 גרם,גרמים,150.00,100 גרם,false,,4.10,0.0273,true,1,137131
7290005838972,false,גבינת יום יום 5% שטראוס 125ג',מיוצר עי קונדיטוריית,,סקי יום יום 5% 125 ג,גרמים,125.00,100 גרם,false,,3.10,0.0248,true,1,136607
7290005839108,false,גבינה לבנה סימפוניה עם תוספות 200 ג'+זיתים 5%,"שטראוס בריאות בע""\מ",,גבינה במרקם שמנת 5%,גרמים,200.00,100 גרם,false,,11.00,0.0550,true,1,142547
7290005854613,false,שלגון אסקימו תותי פרוט 75 גר',גלידות שטראוס,,אסקימו תותי פרוטי,Unknown,1.00,יחידה,false,,2.90,2.9000,true,1,161683
7290005951039,false,כרובית ארוזה,,,כרובית,Unknown,1.00,יחידה,false,,9.90,9.9000,true,1,154941
7290006251275,false,תה ירוק סיני קלאסי ויסוצקי 25 יחידות,תה ויסוצקי,,תה ירוק סיני,Unknown,25.00,יחידה,false,,24.90,0.9960,true,1,147733
7290006271181,false,ג'חנון אפוי למיקרוגל מעדנות 750 גרם,מיוצר עי קונדיטוריית,,ג'חנון אפוי מוקפא לה,גרמים,750.00,100 גרם,false,,25.50,0.0340,true,1,140755
7290006272072,false,חטיפי פיצה גבינה מעדנות 650 גרם,"מעדנות בע""\מ",,חטיפי פיצה 24 יחידות,גרמים,650.00,100 גרם,false,,32.90,0.0506,true,1,140756
7290006272430,false,בצק עלים חמאה מעדנות 600 גרם,מיוצר עי קונדיטוריית,,בצק עלים חמאה מעדנות,גרמים,600.00,100 גרם,false,,27.90,0.0465,true,1,148462
=======
7290005838002,false,מעדן גבינה ויוגורט בטעם וניל 88 ג' דניאלה,שטראוס גרופ בעמ/מצונן,,דניאלה וניל 150 גרם,גרמים,150.00,100 גרם,false,,4.10,0.0273,true,1,137131
7290005838972,false,סקי יום יום גבינה לבנה %5 125 גרם,שטראוס גרופ בעמ/מצונן,,סקי יום יום 5% 125 ג,גרמים,125.00,100 גרם,false,,3.10,0.0248,true,1,136607
7290005839108,false,גבינה לבנה סימפוניה עם תוספות 200 ג'+זיתים 5%,שטראוס גרופ בעמ/מצונן,,גבינה במרקם שמנת 5%,גרמים,200.00,100 גרם,false,,11.00,0.0550,true,1,142547
7290005854613,false,שלגון אסקימו תותי פרוט 75 גר',גלידות שטראוס בעמ,,אסקימו תותי פרוטי,Unknown,1.00,יחידה,false,,2.90,2.9000,true,1,161683
7290005951039,false,כרובית ארוזה,מלא הסל פירות וירקות בעמ-לא פע,,כרובית,Unknown,1.00,יחידה,false,,9.90,9.9000,true,1,154941
7290006251275,false,תה ירוק סיני קלאסי ויסוצקי 25 יחידות,תה ויסוצקי (ישראל) בעמ,,תה ירוק סיני,Unknown,25.00,יחידה,false,,24.90,0.9960,true,1,147733
7290006271181,false,ג'חנון אפוי למיקרוגל מעדנות 750 גרם,תנובה מרכז שיתופי לשיווק תוצרת,,ג'חנון אפוי מוקפא לה,גרמים,750.00,100 גרם,false,,25.50,0.0340,true,1,140755
7290006272072,false,חטיפי פיצה גבינה מעדנות 650 גרם,תנובה קפואים,,חטיפי פיצה 24 יחידות,גרמים,650.00,100 גרם,false,,32.90,0.0506,true,1,140756
7290006272430,false,בצק עלים חמאה חלבי מעדנות (600 גרם),מיוצר עי קונדיטוריית,,בצק עלים חמאה מעדנות,גרמים,600.00,100 גרם,false,,27.90,0.0465,true,1,148462
>>>>>>> d048ac2f4f281c9d788043ab4e81b61b0dbe3743
7290006322104,false,לחם ריחיים קל פרוס 500גר,מאפיית דוידוביץ ובניו בע,,לחם ריחיים קל פרוס 5,גרמים,500.00,100 גרם,false,,12.90,0.0258,true,1,138465
7290006322111,false,לחמניות ריחיים 80*6 גרם,מאפיית דוידוביץ ובניו בע,,לחמניות רחיים קלות 7,גרמים,450.00,100 גרם,false,,12.90,0.0287,true,1,142930
7290006322128,false,לחמניות קלות 6 יח בחבילה,מאפיית דוידוביץ ובניו בע,,לחמניות קלות 75 גרם,גרמים,450.00,100 גרם,false,,8.90,0.0198,true,1,142931
7290006322838,false,לחם מקמח מלא דוידובי,מאפיית דוידוביץ ובניו בע,,לחם קמח מלא 100% מאפ,גרמים,750.00,100 גרם,false,,12.90,0.0172,true,1,142935
7290006342072,false,גרעין לבן ששון הקולה 200 גרם,דין שיווק וקליה 2021 בעמ,,גרעין לבן 200 גרם,גרמים,200.00,100 גרם,false,,8.90,0.0445,true,1,156096
7290006342089,false,גרעין שחור 200 גרם ששון הקולה,"דין שיווק וקלייה בע""",,גרעין שחור 200 גרם,גרמים,200.00,100 גרם,false,,5.90,0.0295,true,1,160969
7290006342447,false,גרעיני אבטיח ששון הקולה 200 גרם,דין שיווק וקליה 2021 בעמ,,גרעין אבטיח 200 גרם,גרמים,200.00,100 גרם,false,,12.90,0.0645,true,1,156097
7290006378910,true,שקיות אוכל 150 יחידו,,,שקיות אוכל 150 יחידו,,0.00,,false,,0.00,0.0000,true,1,136656
7290006378996,true,ניילון נצמד גולד 30,,,ניילון נצמד גולד 30,,0.00,,false,,5.00,0.0000,true,1,136553
<<<<<<< HEAD
7290006511751,false,פטריות שמפניון חתוך ויליפוד 290X3 ג' בד”צ,לוטס,,שלישית פטריות חתוך ו,Unknown,3.00,יחידה,false,,11.90,3.9667,true,1,155666
7290006653819,false,פתיתי קוסקוס דק 350 גרם,"מיוצר ע""י קוד יצרן K",,אסם קוסקוס דק 350 גר,גרמים,350.00,100 גרם,false,,7.90,0.0226,true,1,146452
7290006664402,false,גבינה לבנה סקי 5% שומן 750 גרם,מיוצר עי קונדיטוריית,,גבינה לבנה סקי % 5 7,גרמים,750.00,100 גרם,false,,14.90,0.0199,true,1,143824
7290006664655,false,"אקטימל לבן טבעי מארז 100X8 מ""ל",מיוצר עי קונדיטוריית,,"אקטימל לבן 8*100 מ""ל",מיליליטרים,800.00,"100 מ""ל",false,,20.90,0.0261,true,1,143826
7290006664990,false,"יוגורט דנונה ביו לבן 1.7% שומן 8*150 מ""ל",מיוצר עי קונדיטוריית,,מארז 8 חסכון - ביו 1,גרמים,1200.00,100 גרם,false,,15.90,0.0133,true,1,136519
=======
7290006511751,false,פטריות שמפניון חתוך ויליפוד 290X3 ג' בד”צ,ג.וילי-פוד אינטרנשיונל בעמ,,שלישית פטריות חתוך ו,Unknown,3.00,יחידה,false,,11.90,3.9667,true,1,155666
7290006653819,false,קוסקוס אמיתי דק בשקית 350 גרם,קבוצת אוסם סחר שותפות מוגבלת,,אסם קוסקוס דק 350 גר,גרמים,350.00,100 גרם,false,,7.90,0.0226,true,1,146452
7290006664402,false,גבינה לבנה סקי 5% שומן 750 גרם,שטראוס גרופ בעמ/מצונן,,גבינה לבנה סקי % 5 7,גרמים,750.00,100 גרם,false,,14.90,0.0199,true,1,143824
7290006664655,false,דנונה Actimel יוגורט טבעי 8*100 מ``ל,שטראוס גרופ בעמ/מצונן,,"אקטימל לבן 8*100 מ""ל",מיליליטרים,800.00,"100 מ""ל",false,,20.90,0.0261,true,1,143826
7290006664990,false,"יוגורט דנונה ביו לבן 1.7% שומן 8*150 מ""ל",שטראוס גרופ בעמ/מצונן,,מארז 8 חסכון - ביו 1,גרמים,1200.00,100 גרם,false,,15.90,0.0133,true,1,136519
>>>>>>> d048ac2f4f281c9d788043ab4e81b61b0dbe3743
7290006681003,false,גלידה תות לימון סורבה 1.33 ל' קרמיסימו,"גלידת שטראוס בע""\מ, רחוב",,גלידת קרמיסימו 1.33,מיליליטרים,1330.00,"100 מ""ל",false,,18.90,0.0142,true,1,147419
7290006681065,false,"קסטה שוקו וניל ""שטראוס""","מיוצר ע""\י גלידת שטראוס",,טעמקור XL,Unknown,1.00,יחידה,false,,7.90,7.9000,true,1,147420
7290006681553,false,קרמבו בטעם וניל שטראוס 8 יחידות,"גלידות שטראוס בע""מ",,קרמבו שטראוס וניל 8*,Unknown,8.00,יחידה,false,,16.90,2.1125,true,1,142501
7290006681560,false,קרמבו בטעם מוקה שטראוס 8 יחידות,"גלידות שטראוס בע""מ",,קרמבו בטעם מוקה שטרא,Unknown,8.00,יחידה,false,,16.90,2.1125,true,1,142502
7290006681577,false,מאגדת קרחון אסקימו לימון דובדובן 10 יח' שטראוס,"מיוצר ע""\י גלידת שטראוס",,אסקימו קרחונים בטעם,גרמים,700.00,100 גרם,false,,15.90,0.0227,true,1,151758
7290006739346,false,נקניקיות פרגיות טרי 400 גרם זוגלובק,נקניק נהריה כשר זוגל,,נקניקיות מבשר פרגיות,גרמים,400.00,100 גרם,false,,16.30,0.0408,true,1,148585
7290006739414,false,נקניק סלמי קוניאק זוגלובק 300 גרם,נקניק נהריה כשר זוגל,,סלמי קוניאק 300 גרם,גרמים,300.00,100 גרם,false,,25.90,0.0863,true,1,144129
7290006739421,false,נקניק סלמי מעושן איטלקי זוגלובק 300 גרם,נקניק נהריה כשר זוגל,,נקניק סלמי מעושן איט,גרמים,300.00,100 גרם,false,,25.90,0.0863,true,1,146387
7290006739445,false,שניצל תירס קלאסי 750 ג' זוגלובק,נקניק נהריה כשר זוגל,,שניצל תירס קלאסי 750,גרמים,750.00,100 גרם,false,,22.90,0.0305,true,1,142431
7290006739544,false,כתף בקר 3% שומן זוגלובק (300 גרם),נקניק זוגלובק נהריה,,כתף בקר 300 גרם,גרמים,300.00,100 גרם,false,,29.90,0.0997,true,1,142432
7290006742315,false,פסטרמה חזה הודו ברביקיו 2% זוגלובק 330 גרם,נקניק נהריה כשר זוגל,,פסטרמה חזה הודו ברבי,גרמים,330.00,100 גרם,false,,25.90,0.0785,true,1,142440
<<<<<<< HEAD
7290006806963,false,חלה מתוקה קלועה אפויה-קפואה,פילסברי,,חלה מתוקה קלועה,Unknown,1.00,יחידה,false,,12.90,12.9000,true,1,149243
7290006866363,false,מיץ סחוט אשכוליות אדומות פרימור 1 ליטר,"גניר (1992) בע""מ",,מיץ אשכוליות אדומות,מיליליטרים,1000.00,"100 מ""ל",false,,16.20,0.0162,true,1,143828
7290006983763,false,עוגת הבית שוקולד 400 גרם אסם.,מיוצר עי קונדיטוריית,,עוגת הבית תפוחים פיר,גרמים,400.00,100 גרם,false,,11.90,0.0298,true,1,145556
7290006983770,false,עוגת הבית שיש אסם 400 גרם,מיוצר עי קונדיטוריית,,עוגת הבית בטעם שוקול,גרמים,400.00,100 גרם,false,,11.90,0.0298,true,1,141529
7290006983787,false,עוגת הבית שוקולד צ'יפס אסם 400 גרם,מיוצר עי קונדיטוריית,,עוגת הבית שיש אסם 40,גרמים,400.00,100 גרם,false,,11.90,0.0298,true,1,141530
7290008104050,false,"שטיפת אינטימית לקטופיל פמינה 220 מ""ל",כצט נוביס סעמ,,תחליב רחצה אינטימי ק,מיליליטרים,220.00,"100 מ""ל",false,,22.90,0.1041,true,1,142231
7290008154222,false,שניצלונים עוף טוב 700 גרם,"מוצרי עוף טוב (2001) בע""",,שניצלונים בציפוי מעו,גרמים,700.00,100 גרם,false,,19.90,0.0284,true,1,145907
=======
7290006806963,false,חלה מתוקה קלועה אפויה(אפיה מקומית),ג נרל מילס ישראל בעמ ~~~,,חלה מתוקה קלועה,Unknown,1.00,יחידה,false,,12.90,12.9000,true,1,149243
7290006866363,false,מיץ סחוט אשכוליות אדומות פרימור 1 ליטר,שטראוס גרופ בעמ/מצונן,,מיץ אשכוליות אדומות,מיליליטרים,1000.00,"100 מ""ל",false,,16.20,0.0162,true,1,143828
7290006983763,false,עוגת הבית בטעם שוקולד אסם (400 גרם),קבוצת אוסם סחר שותפות מוגבלת,,עוגת הבית תפוחים פיר,גרמים,400.00,100 גרם,false,,11.90,0.0298,true,1,145556
7290006983770,false,עוגת הבית שיש אסם (400 גרם),קבוצת אוסם סחר שותפות מוגבלת,,עוגת הבית בטעם שוקול,גרמים,400.00,100 גרם,false,,11.90,0.0298,true,1,141529
7290006983787,false,עוגת הבית שוקולד צ'יפס אסם 400 גרם,קבוצת אוסם סחר שותפות מוגבלת,,עוגת הבית שיש אסם 40,גרמים,400.00,100 גרם,false,,11.90,0.0298,true,1,141530
7290008104050,false,"שטיפת אינטימית לקטופיל פמינה 220 מ""ל",גורי ע.ע.ע. בע`מ,,תחליב רחצה אינטימי ק,מיליליטרים,220.00,"100 מ""ל",false,,22.90,0.1041,true,1,142231
7290008154222,false,שניצלונים עוף טוב 700 גרם,קבוצת אוסם סחר-שות.מוגבלת,,שניצלונים בציפוי מעו,גרמים,700.00,100 גרם,false,,19.90,0.0284,true,1,145907
>>>>>>> d048ac2f4f281c9d788043ab4e81b61b0dbe3743
7290008158473,true,מפעל-גליל נייר תעשיי,,,מפעל-גליל נייר תעשיי,,0.00,,false,,2999.90,0.0000,true,1,139374
7290008175173,false,חמאה מפינלנד ללא מלח 200 גרם ויליפוד,ג.וילי-פוד אינטרנשיונל **גבינו,,חמאה מפינלנד 200 גרם,גרמים,200.00,100 גרם,false,,11.90,0.0595,true,1,144973
7290008175814,false,וילי פוד פטריות שמפיניון חתוך בדץ 400ג,ג.וילי-פוד אינטרנשיונל בעמ,,פטריות חתוכות 400 גר,גרמים,400.00,100 גרם,false,,5.50,0.0138,true,1,135044
7290008190909,false,עוגיות מיני קוקיס שוקולד צ'יפס בצנצנת כרמית 600 גרם,כרמית תעשיות ממתקים בעמ,,מיני קוקיס שוקו ציפס,גרמים,600.00,100 גרם,false,,16.90,0.0282,true,1,144818
7290008343503,false,גחנון אפוי 650 גר' שלושת האופים קהילות,נטו מלינדה סחר בעמ,,ג'חנון אפוי שלושת הא,גרמים,650.00,100 גרם,false,,19.90,0.0306,true,1,157633
7290008347181,false,מעדניה - פילה אמנון,,,מעדניה - פילה אמנון,קילוגרמים,1.00,"ק""ג",true,,30.90,30.9000,true,1,153103
7290008347891,false,מעדניה - פילה אמנון,,,מעדניה - פילה אמנון,קילוגרמים,1.00,"ק""ג",true,,30.90,30.9000,true,1,153104
7290008409100,false,אצבעות שניצל בציפוי שומשום מאמא עוף 700 גרם,תנובה גליל שותפות מוגבלת,,אצבעות שניצל בציפוי,גרמים,700.00,100 גרם,false,,34.90,0.0499,true,1,142785
7290008409216,false,מאמא עוף קפוא שניצל דק פריך 700 גרם,תנובה מרכז שיתופי לשיווק תוצרת,,שניצל דק דק פריך מאמ,גרמים,700.00,100 גרם,false,,39.90,0.0570,true,1,142215
7290008409407,false,שניצל דק דק צ`יפס מאמא עוף (700 גרם),תנובה גליל שותפות מוגבלת,,מאמא עוף שניצל דק צי,גרמים,700.00,100 גרם,false,,39.90,0.0570,true,1,142784
7290008415071,false,צבר חומוס עם טחינה עגול 150 גרם,קבוצת אוסם סחר שותפות מוגבלת,,צבר חומוס עם טחינה 1,גרמים,150.00,100 גרם,false,,4.90,0.0327,true,1,145908
7290008415514,false,צבר חומוס עם חריף עגול 150 גרם,קבוצת אוסם סחר שותפות מוגבלת,,צבר חומוס עם חריף 15,גרמים,150.00,100 גרם,false,,4.90,0.0327,true,1,145909
7290008464024,false,"בירה גולדסטאר Unfiltered, בירה לא מסוננת, פחית 500 מ""ל","טמפו משקאות בע""מ",,גולדסטאר לא מסונן פח,מיליליטרים,500.00,"100 מ""ל",false,,8.90,0.0178,true,1,142718
7290008464116,true,חבית בירה גולדסטאר א,,,חבית בירה גולדסטאר א,,0.00,,false,,0.00,0.0000,true,1,140419
7290008464468,false,בירה בפחית גולדסטאר (500 מל),פארייפאבה אגרואינדוס,,"גולדסטאר פחית 500 מ""",מיליליטרים,500.00,"100 מ""ל",false,,8.40,0.0168,true,1,142719
7290008464741,false,"בירה גולדסטאר, מארז שישייה, בקבוק 330 מ''ל","טמפו משקאות בע""\מ",,בירה גולד סטאר שישיי,מיליליטרים,1980.00,"100 מ""ל",false,,38.40,0.0194,true,1,141018
7290008464796,false,"בירה היינקן, מארז שישייה, בקבוק 330 מ''ל",טמפו משקאות בע''מ,,מארז שישייה הייניקן,מיליליטרים,1980.00,"100 מ""ל",false,,38.40,0.0194,true,1,142838
7290008493413,false,פירורי לחם מאיר בייגל פירורי גריסיני 200 גרם,"דנשר (1963) בע,מ",,פירורי גריסיני מאיר,גרמים,200.00,100 גרם,false,,6.20,0.0310,true,1,137079
7290008493703,false,בייגלה שמיניות מלח אריזה שקופה מאיר בייגל 300 גרם,מאיר את ביגל,,בייגלה שמיניות עם מל,גרמים,300.00,100 גרם,false,,7.90,0.0263,true,1,137075
<<<<<<< HEAD
7290008493710,false,פרורי גריסני זהב פירורי לחם מאיר בייגל 200 גרם,מאיר את ביגל,,פירורי גריסיני זהב מ,גרמים,200.00,100 גרם,false,,6.20,0.0310,true,1,143483
7290008645935,false,חומוס לניגוב 750 ג' אחלה,"שטראוס גרופ בע""\מ",,חומוס אחלה 750 גרם,גרמים,750.00,100 גרם,false,,10.90,0.0145,true,1,143829
7290008693134,false,מעדן גבינה ויוגורט בטעם תות 5% שומן 88 ג' דניאלה,"שטראוס בריאות בע""מ",,"דניאלה תות 150 מ""ל",גרמים,150.00,100 גרם,false,,4.10,0.0273,true,1,137132
7290008713900,false,לחם שיפון עגול פרוס אנג'ל 750 גרם,מאפיית אנג'\ל אורנים מאפ,,לחם שיפון עגול פרוס,גרמים,750.00,100 גרם,false,,12.90,0.0172,true,1,147162
=======
7290008493710,false,פרורי גריסני זהב פירורי לחם מאיר בייגל 200 גרם,"דנשר (1963) בע,מ",,פירורי גריסיני זהב מ,גרמים,200.00,100 גרם,false,,6.20,0.0310,true,1,143483
7290008645935,false,אחלה חומוס לניגוב 750 גרם,שטראוס גרופ בעמ/מצונן,,חומוס אחלה 750 גרם,גרמים,750.00,100 גרם,false,,10.90,0.0145,true,1,143829
7290008693134,false,מעדן גבינה ויוגורט בטעם תות 5% שומן 88 ג' דניאלה,שטראוס גרופ בעמ/מצונן,,"דניאלה תות 150 מ""ל",גרמים,150.00,100 גרם,false,,4.10,0.0273,true,1,137132
7290008713900,false,לחם שיפון עגול פרוס אחדות (750 גרם),מאפיית אנג'\ל אורנים מאפ,,לחם שיפון עגול פרוס,גרמים,750.00,100 גרם,false,,12.90,0.0172,true,1,147162
>>>>>>> d048ac2f4f281c9d788043ab4e81b61b0dbe3743
7290008745239,false,תפוצ'יפס קראנצ' בטעם טבעי עלית 50 גרם,"שטראוס פריטו ליי בע""\מ )",,תפוציפס קראנצ' טבעי,גרמים,50.00,100 גרם,false,,4.00,0.0800,true,1,140838
7290008750264,false,"מסטיק מאסט ציקלס דובדבן 28 גרם לל""ס מגדים",שטראוס גרופ בע`מ,,מאסט דובדבן מגדים 28,גרמים,28.00,100 גרם,false,,4.50,0.1607,true,1,138061
7290008752244,false,תפוצ'יפס קראנץ' בטעם גריל עלית 50 גרם,"שטראוס פריטו ליי בע""\מ )",,תפוציפס קראנצ' גריל,גרמים,50.00,100 גרם,false,,4.00,0.0800,true,1,140839
7290008753111,false,תפוצ'יפס קראנץ' בטעם מקסיקני עלית 50 גרם,"שטראוס פריטו ליי בע""\מ )",,תפוציפס קראנצ מקסיקנ,גרמים,50.00,100 גרם,false,,4.00,0.0800,true,1,140842
<<<<<<< HEAD
7290008753364,false,דוריטוס גריל עלית 55 ג',שטראוס פריטו ליי בע,,דוריטוס גריל 55 גרם,גרמים,55.00,100 גרם,false,,3.50,0.0636,true,1,135302
7290008753371,false,דוריטוס נאצו מקסיקני 55 גר,STRAUSS-ISRAEL,,דוריטוס נאצ'ו 55 גרם,גרמים,55.00,100 גרם,false,,3.30,0.0600,true,1,137026
7290008753388,false,דוריטוס טבעי עלית 55 ג',STRAUSS-ISRAEL,,דוריטוס טבעי 55 גר,גרמים,55.00,100 גרם,false,,3.50,0.0636,true,1,144087
7290008754415,false,גומי מאסט בטעם ספירמינט עדין פליפטופ 28 ג' עלית,"שטראוס גרופ בע""מ",,מאסט ספירמינט מגדים,גרמים,28.00,100 גרם,false,,4.50,0.1607,true,1,136186
7290008754422,false,גומי מאסט בטעם פפרמינט קלאסי פליפטופ 28 ג' עלית,"שטראוס גרופ בע""מ",,Must LL קלאסי פפרמינ,גרמים,28.00,100 גרם,false,,4.50,0.1607,true,1,144956
7290008775816,false,ערגליות עוגיות במילוי שוקולד אסם 300 גרם,מיוצר עי קונדיטוריית,,ערגליות שוקולד שקית,גרמים,300.00,100 גרם,false,,9.90,0.0330,true,1,140127
7290008775823,false,ערגליות עוגיות תות שדה אסם 300 גרם,מיוצר עי קונדיטוריית,,ערגליות אסם 300 גרם,גרמים,300.00,100 גרם,false,,9.90,0.0330,true,1,140128
=======
7290008753364,false,דוריטוס גריל עלית 55 ג',שטראוס פריטו ליי בעמ,,דוריטוס גריל 55 גרם,גרמים,55.00,100 גרם,false,,3.50,0.0636,true,1,135302
7290008753371,false,דוריטוס 55 גר`נאצ`ו מקסיקני,שטראוס פריטו ליי בעמ,,דוריטוס נאצ'ו 55 גרם,גרמים,55.00,100 גרם,false,,3.30,0.0600,true,1,137026
7290008753388,false,דוריטוס טבעי עלית 55 ג',שטראוס פריטו ליי בעמ,,דוריטוס טבעי 55 גר,גרמים,55.00,100 גרם,false,,3.50,0.0636,true,1,144087
7290008754415,false,גומי מאסט בטעם ספירמינט עדין פליפטופ 28 ג' עלית,שטראוס גרופ בע`מ,,מאסט ספירמינט מגדים,גרמים,28.00,100 גרם,false,,4.50,0.1607,true,1,136186
7290008754422,false,גומי מאסט בטעם פפרמינט קלאסי פליפטופ 28 ג' עלית,שטראוס גרופ בע`מ,,Must LL קלאסי פפרמינ,גרמים,28.00,100 גרם,false,,4.50,0.1607,true,1,144956
7290008775816,false,ערגליות עוגיות במילוי שוקולד אסם 300 גרם,קבוצת אוסם סחר שותפות מוגבלת,,ערגליות שוקולד שקית,גרמים,300.00,100 גרם,false,,9.90,0.0330,true,1,140127
7290008775823,false,ערגליות עוגיות תות שדה אסם 300 גרם,קבוצת אוסם סחר שותפות מוגבלת,,ערגליות אסם 300 גרם,גרמים,300.00,100 גרם,false,,9.90,0.0330,true,1,140128
>>>>>>> d048ac2f4f281c9d788043ab4e81b61b0dbe3743
7290008802895,false,יין קברנה סוביניון פרייבט קולקשן יקבי כרמל,אגודת הכורמים הקאופורטיב,,יין אדום יבש קברנה ס,מיליליטרים,750.00,"100 מ""ל",false,,39.90,0.0532,true,1,143504
7290008806305,false,"שלגון פצפצים ""שטראוס""","מיוצר ע"" גלידת שטראו",,פצפצים,Unknown,1.00,יחידה,false,,5.90,5.9000,true,1,147421
7290008806961,false,גלידה שוקולד שבבי שוקולד פרה 1.33 ל' קרמיסימו,"גלידת שטראוס בע""\מ, רחוב",,גלידת קרמיסימו 1.33,מיליליטרים,1330.00,"100 מ""ל",false,,18.90,0.0142,true,1,147422
7290008806985,false,נישנושים גלידה שוקו וניל בציפוי שוקולד 60 יח' קרמיסימו,"גלידת שטראוס בע""\מ, רחוב",,קרמיסימו נשנושים שוק,Unknown,60.00,יחידה,false,,43.90,0.7317,true,1,147423
7290008909853,false,"קוקה קולה זירו בקבוק 500 מ""ל.",החברה המרכזית להפצת משקאות בעמ,,קולה ZERO בקבוק 500,מיליליטרים,500.00,"100 מ""ל",false,,6.50,0.0130,true,1,140277
7290008909860,false,קוקה קולה זירו בקבוק 1.5ל,החברה המרכזית לייצור משקאות,,קוקה קולה זירו בקבוק,מיליליטרים,1500.00,"100 מ""ל",false,,8.80,0.0059,true,1,141289
7290008909877,false,קוקה קולה זירו בקבוק 6*1.5ל,החברה המרכזית לייצור משקאות,,קולה זירו קוקה קולה,קילוגרמים,9.00,ליטר,false,,44.30,4.9222,true,1,145473
<<<<<<< HEAD
7290010002023,false,כורכום הודי טחון תבליני מימון 100 גרם,א.ל ייצור ושיווק תבלינים,,כורכום טחון במיכל תב,גרמים,100.00,100 גרם,false,,11.90,0.1190,true,1,142145
7290010002047,false,תבלין מלח לימון תבליני מימון 200 גרם,א.ל ייצור ושיווק תבלינים,,מלח לימון במיכל תבלי,גרמים,200.00,100 גרם,false,,10.90,0.0545,true,1,142147
7290010002122,false,פפריקה הונגרית מתוקה תבליני מימון 100 גרם,א.ל ייצור ושיווק תבלינים,,פפריקה הונגרית מתוקה,גרמים,100.00,100 גרם,false,,11.90,0.1190,true,1,142150
7290010002146,false,פפריקה מרוקאית מתוקה תבליני מימון 100 גרם,א.ל ייצור ושיווק תבלינים,,פפריקה מרוקאית מתוקה,גרמים,100.00,100 גרם,false,,11.90,0.1190,true,1,142152
7290010002498,false,תבלין שום גבישי תבליני מימון 120 גרם,א.ל ייצור ושיווק תבלינים,,שום גבישי במיכל תבלי,גרמים,120.00,100 גרם,false,,15.50,0.1292,true,1,142158
7290010003693,false,פפריקה מתוקה בשקית תבליני מימון 80 גרם,א.ל ייצור ושיווק תבל,,פפריקה מתוקה בשקית ת,גרמים,80.00,100 גרם,false,,6.30,0.0787,true,1,144677
7290010003709,false,פלפל שחור טחון בשקית תבליני מימון 50 גרם,א.ל ייצור ושיווק תבל,,פלפל שחור טחון בשקית,גרמים,50.00,100 גרם,false,,7.90,0.1580,true,1,144678
7290010003754,false,כמון טחון בשקית תבליני תבליני מימון 50 גרם,א.ל ייצור ושיווק תבל,,כמון טחון בשקית מימו,גרמים,50.00,100 גרם,false,,6.30,0.1260,true,1,144679
7290010003761,false,כורכום טחון בשקית תבליני מימון 80 גרם,א.ל ייצור ושיווק תבל,,כורכום טחון בשקית תב,גרמים,80.00,100 גרם,false,,6.30,0.0787,true,1,144680
7290010003792,false,מלח לימון בשקית תבליני מימון 100 גרם,א.ל ייצור ושיווק תבל,,מלח לימון בשקית תבלי,גרמים,100.00,100 גרם,false,,6.30,0.0630,true,1,144683
7290010065332,false,מחית תפוח עץ בננה ג'וניור פרינוק 190 גרם,פרוטה פודווין איי.אס,,פרינוק מחית תפוחי עץ,גרמים,190.00,100 גרם,false,,6.50,0.0342,true,1,146204
7290010065745,false,מחית לפתן פירות ג'וניור פרינוק 190 גרם,פרוטה פודווין איי.אס,,מחית ג'וניור לפתן פי,גרמים,190.00,100 גרם,false,,7.90,0.0416,true,1,162271
7290010116980,false,אבקת שוקולית שקית עלית 850 ג',הנסיך- מפעל לייצור ט,,שוקולית 850 גרם,גרמים,850.00,100 גרם,false,,17.90,0.0211,true,1,143670
7290010117857,false,דוריטוס חריף אש 55 ג' עלית,STRAUSS-ISRAEL,,דוריטוס חריף אש 55 ג,גרמים,55.00,100 גרם,false,,3.50,0.0636,true,1,138023
7290010117970,false,סבבה בוטנים קלויים מצופים - אריזה אישית,"שטראוס פריטו ליי בע""",,בוטנים אמריקאים 50 ג,גרמים,50.00,100 גרם,false,,2.90,0.0580,true,1,138698
7290010119950,false,דוריטוס חמוץ חריף 55 גרם-סטריפ,שטראוס גרופ,,דוריטוס חמוץ חריף 55,גרמים,55.00,100 גרם,false,,3.50,0.0636,true,1,135303
7290010129720,false,עוגיות שמרים קינמון 400 גרם דולצה ויטה,שיבולים א.ד.ל,,עוגיות שמרים שניק קי,גרמים,400.00,100 גרם,false,,11.90,0.0298,true,1,154493
7290010129942,false,עוגיות שמרים 500 גרם דולצה ויטה,קונדטוריית אנגל,,עוגת קראנץ שמרים שוק,גרמים,500.00,100 גרם,false,,12.90,0.0258,true,1,142051
7290010129959,false,עוגיות שמרים 400 גרם דולצה ויטה,קונדטוריית אנגל,,עוגיות שמרים רוגלך 4,גרמים,400.00,100 גרם,false,,11.90,0.0298,true,1,138755
7290010154012,false,לימון בלאדי כבוש תבליני ביטון 250 גרם,תבליני יוחאי ביטון,,לימון כבוש 250 גרם,גרמים,250.00,100 גרם,false,,13.90,0.0556,true,1,143277
=======
7290010002023,false,כורכום הודי טחון תבליני מימון 100 גרם,א.ל. ייצור ושיווק תבלינים בע`מ,,כורכום טחון במיכל תב,גרמים,100.00,100 גרם,false,,11.90,0.1190,true,1,142145
7290010002047,false,תבלין מלח לימון תבליני מימון 200 גרם,א.ל. ייצור ושיווק תבלינים בע`מ,,מלח לימון במיכל תבלי,גרמים,200.00,100 גרם,false,,10.90,0.0545,true,1,142147
7290010002122,false,פפריקה הונגרית מתוקה תבליני מימון 100 גרם,א.ל. ייצור ושיווק תבלינים בע`מ,,פפריקה הונגרית מתוקה,גרמים,100.00,100 גרם,false,,11.90,0.1190,true,1,142150
7290010002146,false,פפריקה מרוקאית מתוקה תבליני מימון 100 גרם,א.ל. ייצור ושיווק תבלינים בע`מ,,פפריקה מרוקאית מתוקה,גרמים,100.00,100 גרם,false,,11.90,0.1190,true,1,142152
7290010002498,false,תבלין שום גבישי תבליני מימון 120 גרם,א.ל. ייצור ושיווק תבלינים בע`מ,,שום גבישי במיכל תבלי,גרמים,120.00,100 גרם,false,,15.50,0.1292,true,1,142158
7290010003693,false,פפריקה מתוקה בשקית תבליני מימון 80 גרם,א.ל. ייצור ושיווק תבלינים בע`מ,,פפריקה מתוקה בשקית ת,גרמים,80.00,100 גרם,false,,6.30,0.0787,true,1,144677
7290010003709,false,פלפל שחור טחון בשקית תבליני מימון 50 גרם,א.ל. ייצור ושיווק תבלינים בע`מ,,פלפל שחור טחון בשקית,גרמים,50.00,100 גרם,false,,7.90,0.1580,true,1,144678
7290010003754,false,כמון טחון בשקית תבליני תבליני מימון 50 גרם,א.ל. ייצור ושיווק תבלינים בע`מ,,כמון טחון בשקית מימו,גרמים,50.00,100 גרם,false,,6.30,0.1260,true,1,144679
7290010003761,false,כורכום טחון בשקית תבליני מימון 80 גרם,א.ל. ייצור ושיווק תבלינים בע`מ,,כורכום טחון בשקית תב,גרמים,80.00,100 גרם,false,,6.30,0.0787,true,1,144680
7290010003792,false,מלח לימון בשקית תבליני מימון 100 גרם,א.ל. ייצור ושיווק תבלינים בע`מ,,מלח לימון בשקית תבלי,גרמים,100.00,100 גרם,false,,6.30,0.0630,true,1,144683
7290010065332,false,מחית תפוח עץ בננה ג'וניור פרינוק 190 גרם,גורי מוצרי צריכה (1991) בעמ,,פרינוק מחית תפוחי עץ,גרמים,190.00,100 גרם,false,,6.50,0.0342,true,1,146204
7290010065745,false,מחית לפתן פירות ג'וניור פרינוק 190 גרם,גורי מוצרי צריכה (1991) בעמ,,מחית ג'וניור לפתן פי,גרמים,190.00,100 גרם,false,,7.90,0.0416,true,1,162271
7290010116980,false,שוקולית אבקה להכנת משקה שוקו שקית 850,הנסיך- מפעל לייצור ט,,שוקולית 850 גרם,גרמים,850.00,100 גרם,false,,17.90,0.0211,true,1,143670
7290010117857,false,דוריטוס חריף אש 55 ג' עלית,שטראוס פריטו ליי בעמ,,דוריטוס חריף אש 55 ג,גרמים,55.00,100 גרם,false,,3.50,0.0636,true,1,138023
7290010117970,false,סבבה בוטנים קלויים מצופים - אריזה אישית,שטראוס פריטו ליי בע`מ,,בוטנים אמריקאים 50 ג,גרמים,50.00,100 גרם,false,,2.90,0.0580,true,1,138698
7290010119950,false,חטיף דוריטוס בטעם חמוץ חריף 55 גרם,שטראוס פריטו ליי בע`מ,,דוריטוס חמוץ חריף 55,גרמים,55.00,100 גרם,false,,3.50,0.0636,true,1,135303
7290010129720,false,עוגיות שמרים קינמון 400 גרם דולצה ויטה,שיבולים יצור ושיווק מוצרי מאפה,,עוגיות שמרים שניק קי,גרמים,400.00,100 גרם,false,,11.90,0.0298,true,1,154493
7290010129942,false,עוגיות שמרים 500 גרם דולצה ויטה,שיבולים יצור ושיווק מוצרי מאפה,,עוגת קראנץ שמרים שוק,גרמים,500.00,100 גרם,false,,12.90,0.0258,true,1,142051
7290010129959,false,עוגיות שמרים 400 גרם דולצה ויטה,שיבולים יצור ושיווק מוצרי מאפה,,עוגיות שמרים רוגלך 4,גרמים,400.00,100 גרם,false,,11.90,0.0298,true,1,138755
7290010154012,false,לימון בלאדי תבליני ביטון יוחאי (250 גרם),תבליני יוחאי ביטון,,לימון כבוש 250 גרם,גרמים,250.00,100 גרם,false,,13.90,0.0556,true,1,143277
>>>>>>> d048ac2f4f281c9d788043ab4e81b61b0dbe3743
7290010154678,false,אריסה מרוקאית תבליני ביטון 250 גרם,תבליני יוחאי ביטון,,אריסה מרוקאית 250 גר,גרמים,250.00,100 גרם,false,,13.90,0.0556,true,1,143279
7290010154685,false,סלט שום כתוש 250 ג' ביטון יוחאי,תבליני יוחאי ביטון,,סלט שום כתוש 250 גרם,גרמים,250.00,100 גרם,false,,13.90,0.0556,true,1,143280
7290010173068,false,יין בר הרי גליל קברנה סוביניון 750 מל,היכל היין שקד גולן בעמ,,יין אדום יבש קברנה ס,מיליליטרים,750.00,"100 מ""ל",false,,31.90,0.0425,true,1,151350
7290010259366,false,וילי פוד נודלס אטר.ביצים מסולסל בדץ 200ג,ג. וילי-פוד אינטרנשיונל בע`מ,,אטריות מסולסלות נודל,גרמים,200.00,100 גרם,false,,4.90,0.0245,true,1,155687
7290010259847,false,מנת השף מרק עם נודלס בטעם תירס ויליפוד 70 גרם,ג. וילי-פוד אינטרנשיונל בע`מ,,מנת השף נודלס בטעם ת,גרמים,70.00,100 גרם,false,,5.50,0.0786,true,1,158443
7290010259854,false,מנת השף מרק עם נודלס בטעם פטריות ויליפוד 70 גרם,ג. וילי-פוד אינטרנשיונל בע`מ,,נודלס מנת השף בטעם פ,גרמים,70.00,100 גרם,false,,5.50,0.0786,true,1,144976
7290010259861,false,מנת השף מרק עם נודלס בטעם ירקות ויליפוד 70 גרם,ג. וילי-פוד אינטרנשיונל בע`מ,,נודלס עם ירקות מנת ה,גרמים,70.00,100 גרם,false,,5.50,0.0786,true,1,158444
7290010300815,true,סבון אסלה כחול,,,סבון אסלה כחול,,0.00,,false,,5.00,0.0000,true,1,135536
7290010321222,true,יולו white קרם פטסיי,,,יולו white קרם פטסיי,,0.00,,false,,5.00,0.0000,true,1,140433
7290010321239,true,יולו white קרמל מלוח,,,יולו white קרמל מלוח,,0.00,,false,,5.00,0.0000,true,1,140434
7290010328246,false,טחינה גולמית שומשום מלא אחווה 500 ג',אחדות ביתחרושת לטחינה חלבה,,טחינה גולמית משומשום,גרמים,500.00,100 גרם,false,,12.90,0.0258,true,1,140542
7290010328253,false,טחינה גולמית משומשום טבעי אחווה 500 גרם,אחדות ביתחרושת לטחינה חלבה,,טחינה גולמית אחוה 50,גרמים,500.00,100 גרם,false,,12.90,0.0258,true,1,138074
7290010328505,false,"מארז מיני חלווה 15 יחידות לל""ס אחוה 150 גרם",אחדות ביחר לטחינה חל,,חטיפי מיני חלווה ללא,Unknown,15.00,יחידה,false,,11.90,0.7933,true,1,146760
7290010352463,true,מפעל-ממרח אבוקדו,,,מפעל-ממרח אבוקדו,,0.00,,false,,2999.90,0.0000,true,1,136923
7290010429554,false,"שמן זית כתית מעולה יד מרדכי 2 קלאסי, 750 מ""ל",מכוורת יד מרדכי שטראוס ב,,שמן זית כתית מעולה ק,מיליליטרים,750.00,"100 מ""ל",false,,33.90,0.0452,true,1,141792
<<<<<<< HEAD
7290010471669,false,יוגורט תות עם קורנפלקס מצופה שוקולד ללא גלוטן 3.9%,"שטראוס בריאות בע""\מ",,דנונה בר תות קורנפלק,גרמים,175.00,100 גרם,false,,4.30,0.0246,true,1,140154
7290010472307,false,"שמיניית משקה גמדים תות בננה דיסני 108 מ""ל",מיוצר עי קונדיטוריית,,גמדים תות בננה 8*100,מיליליטרים,800.00,"100 מ""ל",false,,19.90,0.0249,true,1,142550
7290010748860,false,"ד""ר פישר - אפקטיב קר קרם ידיים אינטנסיב 150 מ""ל",פישר מעבדות פרמצבטיות בע,,אפקטיב קר קרם ידיים,מיליליטרים,150.00,"100 מ""ל",false,,14.90,0.0993,true,1,143444
7290010748884,false,אפקטיב קר קרם גוף אינטנסיב לעור יבש במיוחד ח 700,פישר מעבדות פרמצבטיות,,אפקטיב קר קרם גוף אי,מיליליטרים,700.00,"100 מ""ל",false,,30.90,0.0441,true,1,143445
7290010814244,false,שלשות שוקולד מריר 85 גרם*3 בלמינט *18 בקרטון,"כרמית תעשיות ממתקים בע""\",,שוקולד מריר 60% מוצק,גרמים,255.00,100 גרם,false,,10.90,0.0427,true,1,147056
=======
7290010471669,false,יוגורט תות עם קורנפלקס מצופה שוקולד ללא גלוטן 3.9%,שטראוס גרופ בעמ/מצונן,,דנונה בר תות קורנפלק,גרמים,175.00,100 גרם,false,,4.30,0.0246,true,1,140154
7290010472307,false,"שמיניית משקה גמדים תות בננה דיסני 108 מ""ל",שטראוס גרופ בעמ/מצונן,,גמדים תות בננה 8*100,מיליליטרים,800.00,"100 מ""ל",false,,19.90,0.0249,true,1,142550
7290010748860,false,"ד""ר פישר - אפקטיב קר קרם ידיים אינטנסיב 150 מ""ל","פישר תעשיות פרמצביטות בע""מ",,אפקטיב קר קרם ידיים,מיליליטרים,150.00,"100 מ""ל",false,,14.90,0.0993,true,1,143444
7290010748884,false,אפקטיב קר קרם גוף אינטנסיב לעור יבש במיוחד ח 700,"פישר תעשיות פרמצביטות בע""מ",,אפקטיב קר קרם גוף אי,מיליליטרים,700.00,"100 מ""ל",false,,30.90,0.0441,true,1,143445
7290010814244,false,שלשות שוקולד מריר 85 גרם*3 בלמינט *18 בקרטון,כרמית תעשיות ממתקים בעמ,,שוקולד מריר 60% מוצק,גרמים,255.00,100 גרם,false,,10.90,0.0427,true,1,147056
>>>>>>> d048ac2f4f281c9d788043ab4e81b61b0dbe3743
7290010814695,false,שוקולד מריר פרווה ללא תוספת סוכר כרמית 85 גרם,כרמית תעשיות ממתקים בעמ,,שוקולד מריר פרווה לל,גרמים,85.00,100 גרם,false,,5.90,0.0694,true,1,135894
7290010829385,true,מטליות לרצפה 10 יחיד,,,מטליות לרצפה 10 יחיד,,0.00,,false,,0.00,0.0000,true,1,136583
7290010829460,true,מגבונים להסרת איפור,,,מגבונים להסרת איפור,,0.00,,false,,5.00,0.0000,true,1,135790
7290010883370,false,כפפות אלוורה רב שימושיות בינוניות M סנו סושי,החברה הדרומית לשיווק בעמ,,כפפות אלוורה M,Unknown,1.00,יחידה,false,,10.90,10.9000,true,1,144504
7290010903344,false,אצבעות שניצל רמי לוי 1 קג,,,אצבעות שניצל רמי לוי,גרמים,1000.00,100 גרם,false,,34.90,0.0349,true,1,154884
7290010931330,false,סלט מטבוחה אחלה 500 גרם,שטראוס גרופ בעמ/מצונן,,מטבוחה 500,גרמים,575.00,100 גרם,false,,13.80,0.0240,true,1,143830
7290010961016,true,דוגן מזלג פלסטיק100,,,דוגן מזלג פלסטיק100,,0.00,,false,,2999.90,0.0000,true,1,136816
7290010962082,true,תירס מתוק 550 גרם,,,תירס מתוק 550 גרם,,0.00,,false,,0.00,0.0000,true,1,136653
7290010984879,false,שום כתוש בצנצנת 200ג רמילוי,,,שום כתוש קפוא בצנצנת,גרמים,200.00,100 גרם,false,,11.90,0.0595,true,1,149953
7290010984886,false,בזיליקום מגשית 70ג רמילוי,,,בזיליקום קצוץ קפוא ב,גרמים,70.00,100 גרם,false,,8.90,0.1271,true,1,149954
7290011017866,false,פחית קולה סליק קוקה-קולה (330 מל),החברה המרכזית להפצת משקאות בעמ,,סליק קוקה קולה 330 מ,מיליליטרים,330.00,"100 מ""ל",false,,6.20,0.0188,true,1,135621
7290011018184,false,תה קר בטעם אפרסק פיוז-טי (500 מל),החברה המרכזית להפצת משקאות בעמ,,FUZE tea אפרסק 0.5 ל,מיליליטרים,500.00,"100 מ""ל",false,,8.40,0.0168,true,1,151745
7290011043049,false,כוסות נייר שתיה חמה,כוסות שתייה חמה 3 ב,,כוסות נייר שתיה חמה,Unknown,50.00,יחידה,false,,11.90,0.2380,true,1,153435
7290011051488,false,תה ספרינג אפרסק 1.5 ליטר,יפאורה שותפות מובגלת לשיווק,,ספרינג תה אפרסק 1.5,מיליליטרים,1500.00,"100 מ""ל",false,,6.60,0.0044,true,1,135076
7290011081492,false,גלידה בטעם שלושה שוקולדים 1.33ל' קרמיסימו,"גלידת שטראוס בע""\מ, רחוב",,גלידת קרמיסימו 1.33,מיליליטרים,1330.00,"100 מ""ל",false,,18.90,0.0142,true,1,147425
7290011133849,true,חבית בירה גולדסטאר2,,,חבית בירה גולדסטאר2,,0.00,,false,,0.00,0.0000,true,1,140123
7290011148591,false,שיני שום שלוף 500 גר,עטרה,,כרובית,Unknown,1.00,יחידה,false,,9.90,9.9000,true,1,158204
7290011164164,false,מארז לקקני סודה 40 יחידות 360 גרם,גואנגדונג צאואן פוד,,לקקן סודה 40 יח' 320,גרמים,320.00,100 גרם,false,,21.90,0.0684,true,1,155963
7290011164546,false,סוכריות טופי ממולא בטעם חמוץ 120 יחידות 600 גרם,פאסין אס אי,,סוכריות טופי אטומיק,גרמים,600.00,100 גרם,false,,19.90,0.0332,true,1,155920
7290011194215,false,מעדן גבינה ויוגורט בטעם בננה 5% שומן 88 ג' דניאלה,שטראוס גרופ בעמ/מצונן,,דניאלה בננה 150 גרם,גרמים,150.00,100 גרם,false,,4.10,0.0273,true,1,137133
7290011194246,false,קוטג 5% 250 גרם עם סידן שטראוס,שטראוס גרופ בעמ/מצונן,,גבינת קוטג 5% שטראוס,גרמים,250.00,100 גרם,false,,5.90,0.0236,true,1,135941
7290011254063,true,מפעל-עדשים שחורות50,,,מפעל-עדשים שחורות50,,0.00,,false,,2999.00,0.0000,true,1,138668
7290011276010,true,חסה ערבית,,,חסה ערבית,,0.00,,false,,0.00,0.0000,true,1,136554
7290011276485,false,חסה עגולה רמי לוי,ביכורי השדה צפון 1994 ג.ד. בעמ,,חסה עגולה רמי לוי,Unknown,1.00,יחידה,false,,6.90,6.9000,true,1,149353
7290011432751,false,שקית גופיה רמי לוי ב,,,שקית גופיה רמי לוי ב,פריט,1.00,"ק""ג",false,,0.10,0.1000,true,1,151743
7290011438142,false,"משקה יטבתה אייס קפה בבקבוק אישי 350 מ""ל",שטראוס גרופ בעמ/מצונן,,אייס קפה 2% יטבתה 35,מיליליטרים,350.00,"100 מ""ל",false,,6.20,0.0177,true,1,144566
7290011480523,false,נענע יבולי הכפר(חאסלט),ביכורי השדה צפון 1994 ג.ד. בעמ,,נענע יבולי הכפר,Unknown,1.00,יחידה,false,,5.90,5.9000,true,1,151417
7290011480547,false,בצל ירוק יבולי הכפר הר' אפרתי,ביכורי השדה צפון 1994 ג.ד. בעמ,,בצל ירוק יבולי הכפר,Unknown,1.00,יחידה,false,,6.90,6.9000,true,1,151418
7290011486150,true,מארז חג פורים,,,מארז חג פורים,,0.00,,false,,5.00,0.0000,true,1,136122
7290011489755,true,בייגלה טבעות עם מלח,,,בייגלה טבעות עם מלח,,0.00,,false,,5.00,0.0000,true,1,136338
7290011489762,true,בייגלה טבעות עם שומש,,,בייגלה טבעות עם שומש,,0.00,,false,,5.00,0.0000,true,1,136339
7290011537371,false,פסטה קונכיות 500 גרם טעמן,מוצרי יסוד - טעמן,,פסטה בילאג'יו קונכיו,גרמים,500.00,100 גרם,false,,4.90,0.0098,true,1,159566
7290011598259,false,"פרש מטהר אוויר אוטומטי בניחוח מאסק סנו 250 מ""ל",החברה הדרומית לשיווק בעמ,,מילוי פרש אוטומטיק מ,מיליליטרים,350.00,"100 מ""ל",false,,14.90,0.0426,true,1,150412
7290011668099,true,גל ניקוי,,,גל ניקוי,,0.00,,false,,0.00,0.0000,true,1,136592
7290011732172,false,סוכריות שרשרת סודה 24 יח' משפחתי טעמן,גואנגדונג צאואן פוד,,סוכריות שרשרת 24 יח',גרמים,384.00,100 גרם,false,,21.90,0.0570,true,1,155922
7290011732189,false,"סוכריות צמיד דחוסות בד""ץ טעמן 48 יחידות",גואנגדונג צאואן פוד,,סוכריות צמיד 48 יח',גרמים,384.00,100 גרם,false,,21.90,0.0570,true,1,155923
7290011778354,false,ביצים חופשיות 20 יחידות,ביצים מן הטבע,,ביצים חופשיות מן הטב,Unknown,20.00,יחידה,false,,29.90,1.4950,true,1,161782
7290011876388,false,קציצות עוף ובקר מאמא עוף (600 גרם),תנובה מרכז שיתופי לשיווק תוצרת,,קציצות עוף ובקר מאמא,גרמים,600.00,100 גרם,false,,27.90,0.0465,true,1,150146
7290011947521,false,"שמן זית כתית מעולה 750 מ""ל טעם מודגש זיתא",תה ויסוצקי (ישראל) בעמ,,שמן זית כתית מעולה ט,מיליליטרים,750.00,"100 מ""ל",false,,32.90,0.0439,true,1,146589
7290012004889,true,מפעל-עדשים שחורות מה,,,מפעל-עדשים שחורות מה,,0.00,,false,,2999.00,0.0000,true,1,138692
7290012025839,false,מטבוחה שמיר אסלי 400 גרם,"סלטי שמיר 2006 בע""מ",,מטבוחה אסלי 400 גרם,גרמים,400.00,100 גרם,false,,11.90,0.0298,true,1,159127
7290012028472,true,מארז טבק נקסט פיין,,,מארז טבק נקסט פיין,,0.00,,false,,0.00,0.0000,true,1,139949
7290012028663,true,מארז טבק אל.אמ בלו,,,מארז טבק אל.אמ בלו,,0.00,,false,,0.00,0.0000,true,1,140543
7290012028755,true,פאקט-נקסט ריסס ארוך,,,פאקט-נקסט ריסס ארוך,,0.00,,false,,0.00,0.0000,true,1,139950
7290012030574,true,אל אמ מנטה,,,אל אמ מנטה,,0.00,,false,,0.00,0.0000,true,1,140463
7290012052330,false,גרנולה תענוג חלבה ותמרים 1 ק''ג,כרמית תעשיות ממתקים בעמ,,גרנולה תענוג - חלבה,גרמים,1000.00,100 גרם,false,,24.90,0.0249,true,1,151364
7290012117091,false,"אבקת כביסה סנסיטיב סנו מקסימה 6 ק""ג",החברה הדרומית לשיווק בעמ,,מקסימה אבקת כביסה סנ,גרמים,6000.00,100 גרם,false,,46.90,0.0078,true,1,144513
7290012117534,false,מרכך כביסה מרוכז תכלת קול סנו מקסימה 1 ליטר,החברה הדרומית לשיווק בעמ,,מקסימה מרכך מרוכז 1,מיליליטרים,1000.00,"100 מ""ל",false,,17.90,0.0179,true,1,144514
7290012117558,false,מקסימה מרכך כביסה מרוכז ורוד בניחוח מאסק סנו 1 ליטר,החברה הדרומית לשיווק בעמ,,מרכך מרוכז מאסק 1 לי,מיליליטרים,1000.00,"100 מ""ל",false,,17.90,0.0179,true,1,141380
7290012226120,false,קבנוס זוגלובק (45x3 גרם),נקניק נהריה כשר זוגל,,קבנוס זוגלובק 135 גר,גרמים,135.00,100 גרם,false,,10.90,0.0807,true,1,142443
7290012227172,false,חרמן הודו בדבש וברביקיו זוג במארז 600 ג' זוגלובק,נקניק נהריה כשר זוגל,,זוג פסטרמות במארז חר,גרמים,600.00,100 גרם,false,,26.60,0.0443,true,1,142448
7290012227240,false,סלמי איטלקי מעושן רמי לוי 300 גרם,,,סלמי איטלקי מעושן רמ,גרמים,300.00,100 גרם,false,,22.90,0.0763,true,1,163944
<<<<<<< HEAD
7290012227325,false,סלמי דק דק מעושן איטלקי 120 ג' זוגלובק,זוגלובק,,סלמי מעושן דק דק 120,גרמים,120.00,100 גרם,false,,14.70,0.1225,true,1,142450
7290012227974,false,פסטרמה הודו בדבש טהור דק דק דק,זוגלובק,,פסטרמה בדבש 120 גרם,גרמים,120.00,100 גרם,false,,14.70,0.1225,true,1,142453
=======
7290012227325,false,סלמי דק דק מעושן איטלקי 120 ג' זוגלובק,זוגלובק שיווק בעמ,,סלמי מעושן דק דק 120,גרמים,120.00,100 גרם,false,,14.70,0.1225,true,1,142450
7290012227974,false,פסטרמה הודו בדבש טהור דק דק דק,זוגלובק שיווק בעמ,,פסטרמה בדבש 120 גרם,גרמים,120.00,100 גרם,false,,14.70,0.1225,true,1,142453
>>>>>>> d048ac2f4f281c9d788043ab4e81b61b0dbe3743
7290012228018,false,נקניקיות עוף 400רמי לוי גרם,,,נקניקיות עוף רמי לוי,גרמים,400.00,100 גרם,false,,9.90,0.0248,true,1,163945
7290012228025,false,מארז פסטרמה הודו +סלמי תה רמי לוי 800 גרם,,,סלמי תה 400 גרם+ח.עו,גרמים,800.00,100 גרם,false,,21.90,0.0274,true,1,163946
7290012228261,false,נקנקיות קנקרס הודו ועוף ריינהולד'ס זוגלובק 300 ג',זוגלובק שיווק בעמ,,נקניקיות הודו פרמיום,גרמים,300.00,100 גרם,false,,21.90,0.0730,true,1,142462
7290012228278,false,נקנקיות בוקוורסט עוף ובקר ריינהולד'ס 310 ג' זוגלובק,זוגלובק שיווק בעמ,,נקניקיות הודו -בקר (,גרמים,310.00,100 גרם,false,,21.90,0.0706,true,1,142463
7290012228421,false,פסטרמה בדבש 120ג דק דק רמילוי,,,פסטרמה הודו בדבש דק,גרמים,120.00,100 גרם,false,,11.90,0.0992,true,1,163948
7290012295973,false,עלי רוקולה פרמיום 100ג שמיטה,ביכורי השדה צפון 1994 ג.ד. בעמ,,רוקט רמי לוי,Unknown,1.00,יחידה,false,,9.90,9.9000,true,1,149363
7290012313240,false,מיקס זית ירוק וקלמטה קבוצת יבנה 560 גרם,קבוצת יבנה מוצרי מזון בעמ,,מיקס זית ירוק וקלמטה,גרמים,560.00,100 גרם,false,,11.90,0.0213,true,1,157956
7290012483530,true,עגבניות מקולפות קובי,,,עגבניות מקולפות קובי,,0.00,,false,,5.00,0.0000,true,1,135046
7290012526602,false,כוסות שתיה קרה 100 י,כוסות שתיה קרה 4 ב 1,,כוסות שתיה קרה 100 י,Unknown,100.00,יחידה,false,,7.90,0.0790,true,1,143744
7290012645020,false,"יוגורט עיזים טבעי בבקבוק חלב הארץ 500 מ""ל",שטראוס גרופ בעמ/מצונן,,יוגורט עיזים טבעי בב,מיליליטרים,500.00,"100 מ""ל",false,,12.90,0.0258,true,1,144568
7290012696510,true,"ג""ל לניקוי האסלה",,,"ג""ל לניקוי האסלה",,0.00,,false,,0.00,0.0000,true,1,136567
7290012767128,true,נוזל ניקוי חלונות 1,,,נוזל ניקוי חלונות 1,,0.00,,false,,0.00,0.0000,true,1,136673
7290012803154,true,מואי גליליות עם קרם,,,מואי גליליות עם קרם,,0.00,,false,,0.00,0.0000,true,1,136594
7290012803192,true,מואי-גליליות עם אייר,,,מואי-גליליות עם אייר,,0.00,,false,,5.00,0.0000,true,1,135710
7290012823381,false,מקסימה מרכך כביסה מרוכז סנסטיב בייבי סנו 1 ליטר,החברה הדרומית לשיווק בעמ,,מקסימה מרכך מרוכז 1,מיליליטרים,1000.00,"100 מ""ל",false,,17.90,0.0179,true,1,144517
7290012823398,false,מטליות חד פעמיות לניקוי הרצפה בניחוח מרכך כביסה 10יח' סנו,החברה הדרומית לשיווק בעמ,,מטליות לחות לרצפה בנ,Unknown,1.00,יחידה,false,,12.90,12.9000,true,1,142402
7290012975295,true,פלזית -קופיקס - מכסה,,,פלזית -קופיקס - מכסה,,0.00,,false,,0.00,0.0000,true,1,135920
7290012975301,true,"מכסה לכוס 250 מ""ל קו",,,"מכסה לכוס 250 מ""ל קו",,0.00,,false,,0.00,0.0000,true,1,135921
7290013027399,false,לחם קמח מלא קל בתוספת שיפון 750 ג' אנג'ל,מאפיית שלמה א. אנג'\ל בע,,לחם קל פרוס 100% קמח,גרמים,750.00,100 גרם,false,,13.90,0.0185,true,1,147163
7290013033220,true,קוסקוס 500 גרם,,,קוסקוס 500 גרם,,0.00,,false,,0.00,0.0000,true,1,136457
7290013038654,true,בירה חבית מכבי קופיק,,,בירה חבית מכבי קופיק,,0.00,,false,,0.00,0.0000,true,1,136066
7290013089809,false,פילה אמנון קפוא במשקל,,,מעדניה - פילה אמנון,קילוגרמים,1.00,"ק""ג",true,,30.90,30.9000,true,1,153106
7290013117243,false,בורקס פילו בולגרית מעדנות 600 גרם,תנובה מרכז שיתופי לשיווק תוצרת,,בורקס פילו בולגרית מ,גרמים,600.00,100 גרם,false,,19.90,0.0332,true,1,150149
7290013144171,false,מיימונס תערובת עוגת שוקולד 560 גרם.,א.ל.ייצור ושיווק תבלינים בעמ,,תערובת עוגת שוקולד 5,גרמים,560.00,100 גרם,false,,17.50,0.0313,true,1,142160
7290013144195,false,מיימונס תערובת כדורי שוקולד 500 גרם.,א.ל.ייצור ושיווק תבלינים בעמ,,תערובת כדורי שוקולד,גרמים,500.00,100 גרם,false,,17.50,0.0350,true,1,142162
7290013144393,false,תמצית אפיה בטעם וניל מימונס (50 מל),א.ל. ייצור ושיווק תבלינים בע`מ,,מימונס תמצית בטעם ונ,גרמים,50.00,100 גרם,false,,4.90,0.0980,true,1,142169
7290013144409,false,תמצית אפיה בטעם רום מימונס (50 מל),א.ל. ייצור ושיווק תבלינים בע`מ,,מימונס תמצית בטעם רו,גרמים,50.00,100 גרם,false,,5.20,0.1040,true,1,142170
7290013144515,false,מיימונס צבע מאכל צהוב 50 גרם,א.ל. ייצור ושיווק תבלינים בע`מ,,מימומס צבע מאכל צהוב,גרמים,50.00,100 גרם,false,,4.50,0.0900,true,1,142173
7290013144560,false,מיימונס צבע מאכל כחול 50 גרם,א.ל. ייצור ושיווק תבלינים בע`מ,,מימונס צבע מאכל כחול,גרמים,50.00,100 גרם,false,,4.50,0.0900,true,1,142176
7290013144614,false,"מיימונס סירופ מייפל אמיתי 100% מקנדה 236 מ""ל",א.ל.ייצור ושיווק תבלינים בעמ,,מימונס סירופ מייפל א,מיליליטרים,236.00,"100 מ""ל",false,,29.90,0.1267,true,1,142177
7290013145031,false,אגוזי לוז מסוכרים מיימונס 100 גרם,א.ל. ייצור ושיווק תבלינים בע`מ,,ברס- אגוזי לוז מסוכר,גרמים,100.00,100 גרם,false,,13.90,0.1390,true,1,147155
7290013145062,false,סירופ מייפל אמיתי 100% מימונס 187 מל*,א.ל.ייצור ושיווק תבלינים בעמ,,סירופ מייפל אמיתי 10,מיליליטרים,187.00,"100 מ""ל",false,,19.90,0.1064,true,1,144455
7290013145109,false,שקד מולבן טחון מימונס (100 גרם),א.ל. ייצור ושיווק תבלינים בע`מ,,שקד מולבן טחון 100 ג,גרמים,100.00,100 גרם,false,,13.50,0.1350,true,1,141195
7290013145178,false,קוקוס לבן טחון מימונס (100 גרם),א.ל. ייצור ושיווק תבלינים בע`מ,,מימונס קוקוס טחון לב,גרמים,100.00,100 גרם,false,,5.00,0.0500,true,1,141197
7290013145437,false,שוקולד מריר מעולה ציפס מימונס 250 ג',א.ל. ייצור ושיווק תבלינים בע`מ,,מימונס שוקולד ציפס 4,גרמים,250.00,100 גרם,false,,14.90,0.0596,true,1,142178
7290013145574,false,ערכת קישוט לעוגות מימונס (100 גרם),א.ל. ייצור ושיווק תבלינים בע`מ,,ערכה לקישוט (מזרה עי,גרמים,100.00,100 גרם,false,,13.20,0.1320,true,1,141000
7290013145628,false,סוכריות צבעוניות לקישוט מימונס 200 גרם,א.ל. ייצור ושיווק תבלינים בע`מ,,מימונס סוכריות צבעונ,גרמים,200.00,100 גרם,false,,9.90,0.0495,true,1,140990
7290013145840,false,סוכר וניל מימונס 10יח בצלופן,א.ל. ייצור ושיווק תבלינים בע`מ,,סוכר וניל 10 יח' בצל,גרמים,100.00,100 גרם,false,,2.50,0.0250,true,1,141199
7290013145857,false,אבקת אפיה מימונס 10יח בצלופן,א.ל. ייצור ושיווק תבלינים בע`מ,,אבקת אפיה 10 יח' בצל,גרמים,100.00,100 גרם,false,,2.50,0.0250,true,1,140999
7290013145864,false,אבקת ג'לטין טהור מיימונס 28 גרם,א.ל. ייצור ושיווק תבלינים בע`מ,,ג'לטין טהור אבקה 28,גרמים,28.00,100 גרם,false,,12.90,0.4607,true,1,144460
7290013145901,false,סודה לשתיה מימונס (100 גרם),א.ל. ייצור ושיווק תבלינים בע`מ,,"סודה לשתיה כשל""פ 100",גרמים,100.00,100 גרם,false,,2.00,0.0200,true,1,140992
7290013145918,false,אבקת סוכר מימונס (100 גרם),א.ל. ייצור ושיווק תבלינים בע`מ,,מימונס אבקת סוכר 100,גרמים,100.00,100 גרם,false,,2.00,0.0200,true,1,141001
7290013145963,false,שמרים יבשים בוואקום מיימונס 125 גרם,א.ל. ייצור ושיווק תבלינים בע`מ,,מימונס שמרים יבשים ב,גרמים,125.00,100 גרם,false,,5.90,0.0472,true,1,142181
7290013146304,false,קורנפלור 500 גרם מימונס.,א.ל.ייצור ושיווק תבלינים בעמ,,מימונס קורנפלור 500,גרמים,500.00,100 גרם,false,,7.50,0.0150,true,1,142211
7290013146656,false,כוכבים תכלת ירוק לבן לקישוט 60 גר`מימונ,א.ל.ייצור ושיווק תבלינים בעמ,,כוכבים תכלת ירוק לבן,גרמים,60.00,100 גרם,false,,11.90,0.1983,true,1,150473
7290013146663,false,אטריות צבעוניות לקישוט מימונס 55 גרם,א.ל.ייצור ושיווק תבלינים בעמ,,אטריות צבעוניות לקיש,גרמים,55.00,100 גרם,false,,11.90,0.2164,true,1,150471
7290013146670,false,סוכריות לב סגול ורוד לבן לקישוט 60 גרם,א.ל.ייצור ושיווק תבלינים בעמ,,סוכריות לב סגול ורוד,גרמים,60.00,100 גרם,false,,11.90,0.1983,true,1,150472
7290013146724,false,אבקת אייס קפה 350 גרם מימונס,א.ל. ייצור ושיווק תבלינים בע`מ,,אבקה להכנת אייס קפה,גרמים,350.00,100 גרם,false,,18.90,0.0540,true,1,158426
7290013215017,false,פטריות זוגות חוות השמפניון,ביכורי השדה צפון 1994 ג.ד. בעמ,,דואט פטריות,Unknown,1.00,יחידה,false,,17.90,17.9000,true,1,153821
7290013267665,false,סולרו מיני קלאסי - פירות טרופיים (חלבי),"מיוצר ע""\י גלידת שטראוס",,מאגדת סולרו מיני קלא,Unknown,5.00,יחידה,false,,23.90,4.7800,true,1,147428
7290013268242,false,תרכיז ריחני לניקוי רצפות בריח מלון מפנק ריצפז פרש,החברה הדרומית לשיווק בעמ,,ריצפז פרש הום מלון מ,מיליליטרים,2000.00,"100 מ""ל",false,,21.90,0.0109,true,1,147457
7290013268884,false,"נוזל רצפות מאסק 2 ליטר ""ריצפז פרש""",החברה הדרומית לשיווק בעמ,,ריצפז פרש מאסק 2 ליט,מיליליטרים,2000.00,"100 מ""ל",false,,18.90,0.0094,true,1,142389
7290013269645,true,ריצפז מטליות לריצפה,,,ריצפז מאסק פרש,,0.00,,false,,12.00,0.0000,true,1,141488
7290013269751,false,מטליות לחותריצפז פרש לניקוי ריצפה בניחות מלון בוטיק 10 יח' סנו,החברה הדרומית לשיווק בעמ,,מטליות לחות לריצפה ה,Unknown,1.00,יחידה,false,,12.90,12.9000,true,1,150415
7290013284310,false,רוטב פסטה לילדים פריניר 240 גרם,ח.כהן סוכנות מזון ומשקאות בע,,רוטב פסטה לילדים פרי,גרמים,240.00,100 גרם,false,,5.50,0.0229,true,1,135132
7290013284510,true,מפעל-מלפפון קוביות ב,,,מפעל-מלפפון קוביות ב,קילוגרמים,1.00,"ק""ג",true,,2999.90,2999.9000,true,1,138549
<<<<<<< HEAD
7290013284662,false,רוטב פיצה פיתה לילדים 240 ג' פריניר,פריניר ( הדס 1987) ב,,רוטב פיצה פיתה פריני,גרמים,240.00,100 גרם,false,,5.50,0.0229,true,1,135133
7290013358356,false,פירורי לחם מוזהבים מאסטר שף 320 גרם,מנה י.א בעמ,,פירורי לחם מוזהבים מ,גרמים,320.00,100 גרם,false,,7.80,0.0244,true,1,145461
=======
7290013284662,false,רוטב פיצה פיתה לילדים 240 ג' פריניר,ח.כהן סוכנות מזון ומשקאות בע,,רוטב פיצה פיתה פריני,גרמים,240.00,100 גרם,false,,5.50,0.0229,true,1,135133
7290013358356,false,פירורי לחם מוזהבים מאסטר שף (320גרם),ש. שסטוביץ בע`מ,,פירורי לחם מוזהבים מ,גרמים,320.00,100 גרם,false,,7.80,0.0244,true,1,145461
>>>>>>> d048ac2f4f281c9d788043ab4e81b61b0dbe3743
7290013358417,false,מאסטר שף אסייאתי רוטב טריאקי 300 מל כשלפ,קריניציה ויטמינה אס,,רוטב טריאקי מאסטר שף,מיליליטרים,300.00,"100 מ""ל",false,,10.90,0.0363,true,1,153277
7290013358530,false,מאסטר שף אסייאתי רוטב צ'ילי מתוק 700 מל כשלפ,קריניציה ויטמינה אס,,רוטב צ'ילי מתוק מאסט,מיליליטרים,700.00,"100 מ""ל",false,,13.90,0.0199,true,1,148554
7290013382740,true,טוסטר להכנה בחנות,,,טוסטר להכנה בחנות,,0.00,,false,,0.00,0.0000,true,1,137872
7290013472199,false,ערמונים קלופים וקלויים 105 גרם,ג.וילי-פוד אינטרנשיונל בעמ,,ערמונים קלופים וקלוי,גרמים,100.00,100 גרם,false,,5.90,0.0590,true,1,135417
7290013472311,true,מקרלים בשמן זית 120,,,מקרלים בשמן זית 120,,0.00,,false,,5.00,0.0000,true,1,135477
7290013540867,true,מפעל -נתחי טונה בהיר,,,מפעל -נתחי טונה בהיר,קילוגרמים,1.00,"ק""ג",true,,2999.90,2999.9000,true,1,137355
7290013542526,false,כוסות נייר שתיה חמה,כוסות שתייה חמה 3 ב,,כוסות נייר שתיה חמה,Unknown,50.00,יחידה,false,,11.90,0.2380,true,1,153747
7290013584496,true,ארגז פיקדון טובורג2,,,ארגז פיקדון טובורג2,,0.00,,false,,0.00,0.0000,true,1,138177
7290013585387,false,בקבוק זירו קוקה-קולה (1 ליטר),החברה המרכזית להפצת משקאות בעמ,,קוקה קולה זירו בקבוק,מיליליטרים,1000.00,"100 מ""ל",false,,6.90,0.0069,true,1,137903
7290013585394,false,בקבוק קוקה-קולה (1 ליטר),החברה המרכזית להפצת משקאות בעמ,,קוקה קולה בקבוק 1 לי,מיליליטרים,1000.00,"100 מ""ל",false,,7.50,0.0075,true,1,137904
7290013585967,false,מארז ספרייט זירו Fridge Pack פחית 6*33,החברה המרכזית להפצת משקאות בעמ,,שישיית פחיות ספרייט,מיליליטרים,1980.00,"100 מ""ל",false,,25.70,0.0130,true,1,137905
7290013645395,true,עוגיות מרוקאיות ללא,,,עוגיות מרוקאיות ללא,קילוגרמים,1.00,"ק""ג",true,,4.90,4.9000,true,1,154065
7290013843050,false,כוסות שתיה קרה 100 י,כוסות שתיה קרה 4 ב 1,,כוסות שתיה קרה 100 י,Unknown,100.00,יחידה,false,,7.90,0.0790,true,1,146769
7290013843968,false,כוסות חד פעמי שתיה חמה,ח.כהן סוכנות מזון ומשקאות בע,,כוסות נייר שתיה חמה,Unknown,50.00,יחידה,false,,11.90,0.2380,true,1,142324
7290013847102,false,נתחי טונה בהירה בשמן - מארז שלישיה,דיפלומט מפיצים (1968) בעמ**,,נתחי טונה בשמן סטארק,גרמים,240.00,100 גרם,false,,13.90,0.0579,true,1,150172
7290013847225,true,מפעל-ס.ק פאוצ נתחי ט,,,מפעל-ס.ק פאוצ נתחי ט,קילוגרמים,1.00,"ק""ג",true,,0.00,0.0000,true,1,139240
7290013847867,false,מארז זוג טונה בשמן סויה 140 ג' סטארקיסט,דיפלומט מפיצים (1968) בעמ**,,טונה בהירה בשמן קנול,גרמים,280.00,100 גרם,false,,12.90,0.0461,true,1,159104
7290013849205,false,כוס קר שקוף קלאסי מצוין - 100 יחידות,כוסות שתיה קרה 4 ב 1,,כוסות שתיה קרה 100 י,Unknown,100.00,יחידה,false,,7.90,0.0790,true,1,153535
7290014002203,false,חליטת לימונית ולואיזה הגן הקסום ויסוצקי 25 יחידות,תה ויסוצקי (ישראל) בעמ,,חליטת לימונית לואיזה,Unknown,25.00,יחידה,false,,17.90,0.7160,true,1,142495
7290014083479,false,גבינה פרוסה גאודה 27% שומן EURO CHEESE ויליפוד 150 גרם,ג.וילי פוד אינטרנשיונל בעמ,,גבינת גאודה פרוסות 2,גרמים,150.00,100 גרם,false,,9.90,0.0660,true,1,147539
7290014095953,false,פקאן בציפוי שוקולד בקופסא שקדיה 140 גרם,דין שיווק וקליה 2021 בעמ,,משוקלדים פקאן חלב 16,גרמים,160.00,100 גרם,false,,13.90,0.0869,true,1,156109
7290014126145,true,מואי גליליות שוקולד,,,מואי גליליות שוקולד,,0.00,,false,,0.00,0.0000,true,1,136595
7290014126152,true,מואי שכבות ביסקוויט,,,מואי שכבות ביסקוויט,,0.00,,false,,5.00,0.0000,true,1,135711
7290014126725,true,מואי-עוגיות קוקוס עם,,,מואי-עוגיות קוקוס עם,,0.00,,false,,5.00,0.0000,true,1,137190
7290014138988,false,ערכת לפידונים נוזלי 44 יח',,,לפידונים נוזלי קופסא,Unknown,44.00,יחידה,false,,56.90,1.2932,true,1,146762
7290014218932,false,חטיפי פיצה בתוספ זיתים בשקית מעדנות 710 גרם,מיוצר עי קונדיטוריית,,חטיפי פיצה בתוספת זי,גרמים,710.00,100 גרם,false,,32.90,0.0463,true,1,150162
7290014236189,true,סבון אסלה כחול בודד,,,סבון אסלה כחול בודד,,0.00,,false,,0.00,0.0000,true,1,136494
7290014356146,true,מפעל-פסטה מסולסלת 5,,,מפעל-פסטה מסולסלת 5,,0.00,,false,,0.00,0.0000,true,1,138660
7290014356245,true,מפעל-שמן קנולה 1 ליט,,,מפעל-שמן קנולה 1 ליט,קילוגרמים,1.00,"ק""ג",true,,0.00,0.0000,true,1,139121
7290014356269,true,מפעל-שמן קנולה 3 ליט,,,מפעל-שמן קנולה 3 ליט,,0.00,,false,,0.00,0.0000,true,1,138641
7290014397507,false,מבשם אויר סנו פרש הום בניחוח מאסק מעודן 350 מ''ל,מיוצר עי קונדיטוריית,,מבשם לבית בניחוח מאס,מיליליטרים,350.00,"100 מ""ל",false,,11.90,0.0340,true,1,142382
7290014459281,true,תפוגן 150 גרם,,,תפוגן 150 גרם,,0.00,,false,,0.00,0.0000,true,1,136463
7290014639560,true,דאודורנט גרנייה מיני,,,דאודורנט גרנייה מיני,,0.00,,false,,0.00,0.0000,true,1,136535
7290014673045,false,תערובת תיבול לצ'יפס מימון 100 גרם,א.ל. ייצור ושיווק תבלינים בע`מ,,תערובת תיבול לצ'יפס,גרמים,100.00,100 גרם,false,,11.90,0.1190,true,1,158421
7290014692541,false,צהובה מגורדת גולדן 500 גרם ויליפוד,ג.וילי-פוד אינטרנשיונל **גבינו,,אמה מגורדת 500 גרם E,גרמים,500.00,100 גרם,false,,22.90,0.0458,true,1,144978
7290014692565,false,גרעיני תירס מתוק וילי פוד (320 גרם),ג.וילי-פוד אינטרנשיונל בעמ,,גרעיני תירס מתוק ויל,גרמים,320.00,100 גרם,false,,5.90,0.0184,true,1,154397
7290014692626,true,עוגיות איטלקיות מובח,,,עוגיות איטלקיות מובח,,0.00,,false,,5.00,0.0000,true,1,135457
7290014692817,false,גבינת מוצרלה מגורדתEURO CHEESE ויליפוד 200 גרם,ג.וילי-פוד אינטרנשיונל **גבינו,,מוצרלה מגורדת חצי קש,גרמים,200.00,100 גרם,false,,14.80,0.0740,true,1,144979
7290014748958,false,דג טוב פופקורן מיני אמנון ציפס נ.שלם 400גר,קבוצת אוסם סחר שותפות מוגבלת,,מיני פילה אמנון בציפ,גרמים,400.00,100 גרם,false,,32.90,0.0822,true,1,145918
7290014749245,false,ספיישל רצועות שניצל שומשום עוף טוב 600 גרם,קבוצת אוסם סחר שותפות מוגבלת,,צ'ונגו רצועות שניצל,100 0,600.00,100 0,false,,34.90,0.0582,true,1,153551
7290014749764,false,עוף טוב שניצל עוף ביתי עדין כזה 700 גרם,קבוצת אוסם סחר שותפות מוגבלת,,שניצל עוף ביתי עדין,גרמים,700.00,100 גרם,false,,44.90,0.0641,true,1,154366
7290014758117,false,מאגדת יוגורט ביו 1.5% שומן 8 יח' *150 ג' תנובה,מיוצר עי קונדיטוריית,,יוגורט ביו 1.5% תנוב,Unknown,8.00,יחידה,false,,16.90,2.1125,true,1,148402
<<<<<<< HEAD
7290014758162,false,חלב עיזים מלא 3.6% קרטון 1 ל' תנובה,תנובה מרכז שיתופי לש,,חלב עיזים מלא 3.6% ת,מיליליטרים,1000.00,"100 מ""ל",false,,14.90,0.0149,true,1,148403
7290014758681,false,קוטג תנובה 1% גביע 250 גרם,מיוצר עי קונדיטוריית,,קוטג 1% תנובה 250 גר,גרמים,250.00,100 גרם,false,,5.70,0.0228,true,1,142674
7290014759084,false,גבינת שמנת נפוליאון 16% מופחת שומן תנובה 225 גרם,תנובה מרכז שיתופי לש,,נפוליאון גבינת שמנת,גרמים,225.00,100 גרם,false,,13.90,0.0618,true,1,140079
7290014759497,true,"קוטג 125 5% ""גרם",,,"קוטג 125 5% ""גרם",,0.00,,false,,0.00,0.0000,true,1,136548
7290014759909,false,פטה עיזים 5% פיראוס גביע 250 גרם,"תנובה, מחלבת טנא נוג",,פטה עיזים 5% פיראוס,גרמים,250.00,100 גרם,false,,27.90,0.1116,true,1,148405
7290014759978,false,גבינת קצקבל גלעד 27% תנובה 200 גרם,תנובה חלב,,קצקבל גלעד 27% פלח 2,גרמים,200.00,100 גרם,false,,25.90,0.1295,true,1,147270
7290014759985,false,גבינת פרמזן גבע 23% תנובה 200 גרם,תנובה חלב,,פלח פרמזן גבע 23% 20,גרמים,200.00,100 גרם,false,,23.90,0.1195,true,1,147246
7290014760134,false,"מעדן סויה בטעם וניל תנובה 125 מ""ל",תנובה Alternative,,מאגדת מעדן סויה וניל,גרמים,250.00,100 גרם,false,,4.20,0.0168,true,1,146884
7290014760141,false,משקה שקדים תנובה E אלטרנטיב,תנובה Alternative,,משקה שקדים טרי 1 ליט,מיליליטרים,1000.00,"100 מ""ל",false,,12.90,0.0129,true,1,147272
=======
7290014758162,false,חלב עיזים מלא 3.6% שומן תנובה (1 ליטר),תנובה מרכז שיתופי לש,,חלב עיזים מלא 3.6% ת,מיליליטרים,1000.00,"100 מ""ל",false,,14.90,0.0149,true,1,148403
7290014758681,false,גבינת קוטג`1% בגביע תנובה (250 גרם),מיוצר עי קונדיטוריית,,קוטג 1% תנובה 250 גר,גרמים,250.00,100 גרם,false,,5.70,0.0228,true,1,142674
7290014759084,false,גבינת שמנת נפוליאון 16% מופחת שומן תנובה 225 גרם,תנובה מרכז שיתופי לש,,נפוליאון גבינת שמנת,גרמים,225.00,100 גרם,false,,13.90,0.0618,true,1,140079
7290014759497,true,"קוטג 125 5% ""גרם",,,"קוטג 125 5% ""גרם",,0.00,,false,,0.00,0.0000,true,1,136548
7290014759909,false,פטה עיזים 5% 250 גר`גביע פיראוס תנובה,"תנובה, מחלבת טנא נוג",,פטה עיזים 5% פיראוס,גרמים,250.00,100 גרם,false,,27.90,0.1116,true,1,148405
7290014759978,false,קצ`קאבל פלח גלעד 200 גר`קולקשיין תנובה,"תנובה בע""מ ***",,קצקבל גלעד 27% פלח 2,גרמים,200.00,100 גרם,false,,25.90,0.1295,true,1,147270
7290014759985,false,פרמזן פלח גבע 23% 200 גר`קולקשיין תנובה,תנובה - חלב,,פלח פרמזן גבע 23% 20,גרמים,200.00,100 גרם,false,,23.90,0.1195,true,1,147246
7290014760134,false,"מעדן סויה בטעם וניל תנובה 125 מ""ל","תנובה בע""מ ***",,מאגדת מעדן סויה וניל,גרמים,250.00,100 גרם,false,,4.20,0.0168,true,1,146884
7290014760141,false,משקה שקדים טרי תנובה (1 ליטר),"תנובה בע""מ ***",,משקה שקדים טרי 1 ליט,מיליליטרים,1000.00,"100 מ""ל",false,,12.90,0.0129,true,1,147272
>>>>>>> d048ac2f4f281c9d788043ab4e81b61b0dbe3743
7290014761056,false,מעדן שוקולד חלב יולו תנובה 123 גרם,מיוצר עי קונדיטוריית,,מעדן חלב עם שוקולד ח,גרמים,123.00,100 גרם,false,,4.70,0.0382,true,1,136754
7290014761063,false,מעדן שוקולד מריר יולו תנובה 123 גרם,מיוצר עי קונדיטוריית,,מעדן חלב עם שוקולד מ,גרמים,123.00,100 גרם,false,,4.70,0.0382,true,1,138635
7290014761070,false,מעדן שוקולד לבן יולו תנובה 123 גרם,מיוצר עי קונדיטוריית,,מעדן חלב עם שוקולד ל,גרמים,123.00,100 גרם,false,,4.70,0.0382,true,1,136753
7290014761193,false,יוגורט עם פירות יער 1.5% שומן 125 ג' פרילי,תנובה מרכז שיתופי לש,,פרילי פירות יער 1.5%,מיליליטרים,125.00,"100 מ""ל",false,,3.50,0.0280,true,1,161227
7290014761414,false,יולו מעדן שכבות שוקולד חלב ולבן 123 גר,מיוצר עי קונדיטוריית,,מעדן חלב עם שכבות שו,גרמים,123.00,100 גרם,false,,4.70,0.0382,true,1,136755
7290014761612,false,מעדן שכבות שוקולד מריר ולבן יולו 122 גרם,מיוצר עי קונדיטוריית,,מעדן שכבות שוקולד לב,גרמים,123.00,100 גרם,false,,4.70,0.0382,true,1,138636
7290014761872,true,"חלב קרטון 800 3% מ""ל",,,"חלב קרטון 800 3% מ""ל",,0.00,,false,,0.00,0.0000,true,1,136515
7290014762473,true,משקה אורז מועשר 1 לי,,,משקה אורז מועשר 1 לי,,0.00,,false,,5.00,0.0000,true,1,137117
7290014762756,false,גבינת שמנת נפוליאון 16% עם בצל תנובה 225 גרם,תנובה - חלב,,נפוליאון גבינת שמנת,גרמים,225.00,100 גרם,false,,13.90,0.0618,true,1,148408
7290014762831,false,גבינת שמנת נפוליאון 16% עם פלפל חלפיניו תנובה 225 גרם,תנובה מרכז שיתופי לש,,נפוליאון גבינת שמנת,גרמים,225.00,100 גרם,false,,13.90,0.0618,true,1,148409
7290014762909,false,פתיתי מוצרלה השף הלבן 10% תוספת מתנה,"תנובה, מחלבת תל יוסף",,מוצרלה פתיתים 20% שו,גרמים,200.00,100 גרם,false,,15.90,0.0795,true,1,142675
7290014763272,false,יוגורט סויה BIO לשתיה תות ובננה אלטרנטיב,תות תעשיות מזון (201,,יוגורט סויה לשתיה תו,מיליליטרים,250.00,"100 מ""ל",false,,5.80,0.0232,true,1,140497
7290014787476,true,מפעל-רוטב סויה קיקומ,,,מפעל-רוטב סויה קיקומ,,0.00,,false,,0.00,0.0000,true,1,139257
7290014791848,false,FRUIT WATER טעם אננס 0.5 ליטר,יפאורה תבורי בעמ,,פרוט ווטר אננס 500 מ,מיליליטרים,500.00,"100 מ""ל",false,,6.50,0.0130,true,1,163909
7290014791862,false,"שוופס פרוט ווטר אפרסק 500מ""ל",יפאורה תבורי בעמ,,פרוט ווטר אפרסק 500,מיליליטרים,500.00,"100 מ""ל",false,,6.20,0.0124,true,1,163910
7290014860315,true,מפעל-שומשום שחור קלו,,,מפעל-שומשום שחור קלו,,0.00,,false,,0.00,0.0000,true,1,137142
7290014945265,true,3 מטליות מיקרופייבר,,,3 מטליות מיקרופייבר,,0.00,,false,,5.00,0.0000,true,1,136200
7290014945654,true,מדליק פחמים ועץ,,,מדליק פחמים ועץ,,0.00,,false,,5.00,0.0000,true,1,138511
7290015009034,true,עלי טורטיה מקמח לבן,,,עלי טורטיה מקמח לבן,,0.00,,false,,5.00,0.0000,true,1,135170
7290015014082,false,לבבות קיסר 250 גרם,,,לבבות קיסר 250 גרם,גרמים,250.00,100 גרם,false,,10.90,0.0436,true,1,163912
7290015014168,false,בייבי מיקס רמי לוי,ביכורי השדה צפון 1994 ג.ד. בעמ,,בייבי מיקס רמי לוי,Unknown,1.00,יחידה,false,,9.90,9.9000,true,1,149375
7290015014182,false,לבבות קיסר בנספק רמי לוי,ביכורי השדה צפון 1994 ג.ד. בעמ,,לבבות קיסר בשקית רמי,Unknown,1.00,יחידה,false,,9.90,9.9000,true,1,149377
7290015014274,false,צנונית ארוזה שמיטה,ביכורי השדה צפון 1994 ג.ד. בעמ,,צנוניות רמי לוי 500,גרמים,500.00,100 גרם,false,,5.90,0.0118,true,1,149379
7290015014458,false,מרווה רמי לוי,ביכורי השדה צפון 1994 ג.ד. בעמ,,מרווה,Unknown,1.00,יחידה,false,,5.90,5.9000,true,1,149381
7290015039222,true,שלישיית נתחי טונה בה,,,שלישיית נתחי טונה בה,,0.00,,false,,0.00,0.0000,true,1,136599
7290015039246,false,נתחי טונה בשמן צמחי רביעיה * 160 ג' וילי פוד,ג.וילי-פוד אינטרנשיונל בעמ,,נתחי טונה בהירה בשמן,גרמים,640.00,100 גרם,false,,21.90,0.0342,true,1,140938
7290015039925,true,מיץ לימון משומר 200,,,מיץ לימון משומר 200,,0.00,,false,,0.00,0.0000,true,1,136538
7290015042291,true,"רוטב צ""ימיצ""ורי",,,"רוטב צ""ימיצ""ורי",,0.00,,false,,5.00,0.0000,true,1,136331
7290015057516,true,עוגיות עם מילוי שוקו,,,עוגיות עם מילוי שוקו,,0.00,,false,,5.00,0.0000,true,1,137114
7290015057523,true,עוגיות עם מילוי וניל,,,עוגיות עם מילוי וניל,,0.00,,false,,5.00,0.0000,true,1,137120
7290015139465,false,כרמית מיקסים בייגלה מצופה שוקולד חלב,כרמית תעשיות ממתקים בעמ,,אגו מיקס בייגלה מצופ,גרמים,55.00,100 גרם,false,,3.90,0.0709,true,1,135896
7290015139731,true,שלשות שוקולד מריר 85,,,שלשות שוקולד מריר85,,0.00,,false,,0.00,0.0000,true,1,140626
7290015139762,true,שלשות שוקולד מריר עם,,,שלשות שוקולד מריר עם,,0.00,,false,,0.00,0.0000,true,1,137356
<<<<<<< HEAD
7290015150088,false,מחית עגבניות קלה גרנד איטליה 700 גרם,שוורצקוף& הנקל דיסלד,,מחית עגבניות קלה גרא,גרמים,700.00,100 גרם,false,,12.30,0.0176,true,1,147838
7290015150118,false,שלישיית עגבניות חתוכות דק גרנד איטליה 400 גרם,אמיליאנה קונסרב ס.פ.,,עגבניות חתוכות דק 3*,גרמים,1200.00,100 גרם,false,,16.80,0.0140,true,1,145246
7290015155823,false,מחית תפוחי עץ חטיפטף ללא תוספת סוכר,פרוטה פודיווין איי.א,,פאוץ' פרינוק תפוח 12,גרמים,120.00,100 גרם,false,,6.50,0.0542,true,1,142246
7290015155830,false,מחית תפוחי עץ ובננה חטיפטף ללא תוספת סוכר,פרוטה פודווין איי.אס,,פאוץ' פרינוק תפוח בנ,גרמים,120.00,100 גרם,false,,6.50,0.0542,true,1,142247
7290015155847,false,מחית סלט פירות חטיפטף ללא תוספת סוכר,פרוטה פודיווין איי.א,,פאוץ' פרינוק סלט פיר,גרמים,120.00,100 גרם,false,,6.50,0.0542,true,1,152139
=======
7290015150088,false,מחית עגבניות קלה גרנד איטליה 700 גרם,תה ויסוצקי (ישראל) בעמ,,מחית עגבניות קלה גרא,גרמים,700.00,100 גרם,false,,12.30,0.0176,true,1,147838
7290015150118,false,שלישיית עגבניות חתוכות דק גרנד איטליה 400 גרם,תה ויסוצקי (ישראל) בעמ,,עגבניות חתוכות דק 3*,גרמים,1200.00,100 גרם,false,,16.80,0.0140,true,1,145246
7290015155823,false,מחית תפוחי עץ חטיפטף ללא תוספת סוכר,גורי מוצרי צריכה (1991) בעמ,,פאוץ' פרינוק תפוח 12,גרמים,120.00,100 גרם,false,,6.50,0.0542,true,1,142246
7290015155830,false,מחית תפוחי עץ ובננה חטיפטף ללא תוספת סוכר,גורי מוצרי צריכה (1991) בעמ,,פאוץ' פרינוק תפוח בנ,גרמים,120.00,100 גרם,false,,6.50,0.0542,true,1,142247
7290015155847,false,מחית סלט פירות חטיפטף ללא תוספת סוכר,גורי מוצרי צריכה (1991) בעמ,,פאוץ' פרינוק סלט פיר,גרמים,120.00,100 גרם,false,,6.50,0.0542,true,1,152139
>>>>>>> d048ac2f4f281c9d788043ab4e81b61b0dbe3743
7290015193634,false,אובלטים דקיקים קימל מעדני המלך 300 גר',אם החיטה,,אובלטים קימל מעדני מ,גרמים,300.00,100 גרם,false,,9.90,0.0330,true,1,158417
7290015193832,false,קרקר עם שומשום ארומה 300 גרם,רזיט שיווק בעמ,,ארומה קרקר שומשום 30,גרמים,300.00,100 גרם,false,,7.50,0.0250,true,1,146132
7290015282000,false,איקרא אדומה SEVEN SEAS 200 גרם,שבעת הימים - שמיר,,איקרה אדומה 200 גרם,גרמים,200.00,100 גרם,false,,13.90,0.0695,true,1,159137
7290015282024,false,איקרא לבנה SEVEN SEAS 200 גרם,שבעת הימים - שמיר,,איקרה לבנה 200 גרם,גרמים,200.00,100 גרם,false,,13.90,0.0695,true,1,159139
7290015282581,false,חומוס אבו גוש עם חריף שמיר 200 גרם,"סלטי שמיר 2006 בע""מ",,חומוס אבו גוש עם חרי,גרמים,200.00,100 גרם,false,,10.90,0.0545,true,1,159140
7290015282598,false,חומוס מסעדות גורמה שמיר 200 גרם,"סלטי שמיר 2006 בע""מ",,חומוס מסעדות 200 גרם,גרמים,200.00,100 גרם,false,,10.90,0.0545,true,1,159141
7290015282673,false,חציל במיונז ביתי גורמה שמיר 200 גרם,"סלטי שמיר 2006 בע""מ",,חציל במיונז ביתי 200,גרמים,200.00,100 גרם,false,,10.90,0.0545,true,1,159144
7290015282741,false,חציל תאילנדי אסלי שמיר 200 ג',"סלטי שמיר 2006 בע""מ",,חציל תאילנדי 200 גרם,גרמים,200.00,100 גרם,false,,11.90,0.0595,true,1,159146
7290015282772,false,סלטי שמיר פלפל רצועות קלוי/מטוגן 200 גר,"סלטי שמיר 2006 בע""מ",,פלפל רצועות קלוי\מטו,גרמים,200.00,100 גרם,false,,11.90,0.0595,true,1,159148
7290015325806,false,תחליב רחצה בניחוח קקטוס 750מל רמילוי,,,נועה תחליב רחצה פרח,מיליליטרים,750.00,"100 מ""ל",false,,8.90,0.0119,true,1,144138
7290015339360,true,חצאי אפרסק 410 גרם,,,חצאי אפרסק 410 גרם,,0.00,,false,,0.00,0.0000,true,1,136499
7290015437479,true,עגבניות חתוכות 400 ג,,,עגבניות חתוכות 400 ג,,0.00,,false,,5.00,0.0000,true,1,135670
7290015437554,true,נתחי טונה בשמן 80 גר,,,נתחי טונה בשמן 80 גר,,0.00,,false,,0.00,0.0000,true,1,136657
7290015470063,true,"קרם גוף 200 מ""ל",,,"קרם גוף 200 מ""ל",,0.00,,false,,0.00,0.0000,true,1,136606
7290015530828,true,חלה מתוקה 250 גרם,,,חלה מתוקה 250 גרם,,0.00,,false,,0.00,0.0000,true,1,136464
7290015553858,true,"מפעל-שומשום בד""ץ 1 ק",,,"מפעל-שומשום בד""ץ 1 ק",,0.00,,false,,0.00,0.0000,true,1,137557
7290015597937,false,קורנטו קלאסיק וניל עם צימוקים,"מיוצר ע""\י גלידת שטראוס",,קורנטו קלאסיק וניל,Unknown,1.00,יחידה,false,,6.90,6.9000,true,1,147432
7290015640695,true,"ג""ל לכביסה ירוק 500",,,"ג""ל לכביסה ירוק 500",,0.00,,false,,5.00,0.0000,true,1,135022
7290015640725,true,"תחליב רחצה 500 מ""ל",,,"תחליב רחצה 500 מ""ל",,0.00,,false,,0.00,0.0000,true,1,136475
7290015640732,true,שמפו לכל סוגי השיער,,,שמפו לכל סוגי השיער,,0.00,,false,,0.00,0.0000,true,1,136476
7290015652087,false,תערובת פיצוחים בשקית ששון הקולה 150 גרם,דין שיווק וקליה 2021 בעמ,,תערובת פיצוחים 150 ג,גרמים,150.00,100 גרם,false,,12.90,0.0860,true,1,156113
7290015681117,false,חטיפי עוף רמי לוי 60,רמי לוי,,חטיפי עוף רמי לוי 60,גרמים,600.00,100 גרם,false,,24.90,0.0415,true,1,149960
7290015681131,false,שניצלוני גן חיות רמי לוי 600 גרם,רמי לוי,,שניצלוני גן חיות רמי,גרמים,600.00,100 גרם,false,,24.90,0.0415,true,1,149961
7290015834209,false,"ציפס קלאסי רמי לוי 2 ק""ג",קפוא-זן,,רמי לוי צ'יפס קלאסי,גרמים,2000.00,100 גרם,false,,23.90,0.0119,true,1,144003
7290015834445,false,"ציפס סטיק רמי לוי 2 ק""ג",קפוא-זן,,רמי לוי סטיק צ'יפס 2,גרמים,2000.00,100 גרם,false,,23.90,0.0119,true,1,144005
7290015834483,false,דבש לחיץ רמי לוי 250 גרם,רמי לוי,,דבש טהור מפרחי בר לח,גרמים,250.00,100 גרם,false,,12.90,0.0516,true,1,141749
7290015835039,false,כריות יפניות עבות רמי לוי 6 יח,רמי לוי,,כריות יפניות עבות רמ,Unknown,6.00,יחידה,false,,8.90,1.4833,true,1,140949
7290015835060,false,כריות קרצוף רמי לוי 10 יח,רמי לוי,,כריות קרצוף 10 יחידו,Unknown,10.00,יחידה,false,,5.90,0.5900,true,1,140955
7290015835077,false,ברזלית צילינדר רמי לוי 4 יח רמי לוי,פלסטו פוליש,,ברזלית 4 יח במארז,Unknown,4.00,יחידה,false,,7.90,1.9750,true,1,155866
7290015835114,false,צמר פלדה רמי לוי 100 גרם,רמי לוי,,צמר פלדה 100 גרם,גרמים,100.00,100 גרם,false,,4.50,0.0450,true,1,151873
7290015835411,false,גרנולה אגוזים רמי לוי 400 גרם,רמי לוי,,גרנולה עם צימוקים וא,גרמים,400.00,100 גרם,false,,10.90,0.0273,true,1,151368
7290015835763,false,שיבולת שועל עבה רמי לוי 500 גרם,רמי לוי,,שיבולת שועל עבה 500,גרמים,500.00,100 גרם,false,,4.90,0.0098,true,1,141929
7290015835954,false,מפיות נייר רמי לוי 100 יח,רמי לוי,,מפיות רמי לוי 100 יח,Unknown,100.00,יחידה,false,,5.50,0.0550,true,1,144794
7290015835978,false,ממחטות מארז חמישייה רמי לוי,רמי לוי,,ממחטות טישו רמי לוי,Unknown,5.00,יחידה,false,,13.90,2.7800,true,1,144795
7290015858106,false,"ממרח פסטו ביתי 180 גרם ""עללחם""",שטראוס גרופ בעמ/מצונן,,ממרח פסטו ביתי עללחם,גרמים,180.00,100 גרם,false,,15.90,0.0883,true,1,155254
7290015858328,false,עללחם ממרח איולי פסטו 295 גרם,"מדשא תעשיות מזון בע""\מ",,איולי פסטו עללחם 295,גרמים,295.00,100 גרם,false,,15.90,0.0539,true,1,163361
7290015858441,false,עללחם ממרח איולי פלפלים 295 גרם,"מדשא תעשיות מזון בע""\מ",,איולי פלפלים עללחם 2,גרמים,295.00,100 גרם,false,,15.90,0.0539,true,1,163362
7290015858687,false,עללחם ממרח איולי שום 295 גרם,"מדשא תעשיות מזון בע""\מ",,איולי שום עללחם 295,גרמים,295.00,100 גרם,false,,15.90,0.0539,true,1,163363
7290015858694,false,עללחם ממרח איולי שום לימון 295 גרם,"מדשא תעשיות מזון בע""\מ",,איולי שום לימון עללח,גרמים,295.00,100 גרם,false,,15.90,0.0539,true,1,163364
7290015866132,false,כרובית ארוזה,ביכורי השדה צפון 1994 ג.ד. בעמ,,כרובית,Unknown,1.00,יחידה,false,,9.90,9.9000,true,1,155625
7290015968089,true,"צלחות פלסטיק 17 ס""מ",,,"צלחות פלסטיק 17 ס""מ",,0.00,,false,,5.00,0.0000,true,1,138469
7290015979641,true,ברוקולי זנזורי,,,ברוקולי זנזורי,,0.00,,false,,0.00,0.0000,true,1,139696
<<<<<<< HEAD
7290016087239,false,רוטב עגבניות מרוכז לשקשוקה פיקנטי פריניר 230 גרם,פריניר,,פריניר שקשוקה חריף 2,גרמים,230.00,100 גרם,false,,5.50,0.0239,true,1,142950
7290016087475,false,עגבניות מרוסקות דק 400 גר,,,עגבניות חתוכות דק פר,גרמים,0.00,100 גרם,false,,4.90,0.0000,true,1,162238
7290016087499,false,פריניר עגבניות חתוכות דק שלישיה 3 * 400 גרם,פריניר ) הדס (1987 בעמ,,עגבניות חתוכות דק פר,גרמים,400.00,100 גרם,false,,12.90,0.0323,true,1,142951
7290016106107,true,קרקר עגבניות ובזיליק,,,קרקר עגבניות ובזיליק,,0.00,,false,,5.00,0.0000,true,1,137518
7290016144024,false,"קמח כוסמין מלא נפלאות 100% 1 ק""ג",קמח מלכים,,קמח כוסמין מלא 100%,גרמים,1000.00,100 גרם,false,,16.90,0.0169,true,1,151986
7290016144031,false,"נפלאות קמח חיטה לבן מנופה 1 ק""ג",קמח מלכים,,קמח חיטה לבן מנופה נ,גרמים,1000.00,100 גרם,false,,7.90,0.0079,true,1,151982
7290016144048,false,"קמח כוסמין לבן נפלאות 1 ק""ג",קמח מלכים,,קמח כוסמין לבן נפלאו,גרמים,1000.00,100 גרם,false,,17.90,0.0179,true,1,151987
7290016144055,false,"קמח כוסמין נפלאות 80% 1 ק""ג",קמח מלכים,,קמח כוסמין 80% נפלאו,גרמים,1000.00,100 גרם,false,,16.90,0.0169,true,1,151988
7290016144086,false,נפלאות קמח חלה מנופה 1 ק”ג,קמח מלכים,,"קמח חלה נפלאות 1 ק""ג",קילוגרמים,1.00,"100 ק""ג",false,,9.90,9.9000,true,1,161553
7290016144093,false,נפלאות קמח לחם לבן מנופה 1 ק”ג,קמח מלכים,,"קמח לחם נפלאות 1 ק""ג",קילוגרמים,1.00,"100 ק""ג",false,,9.90,9.9000,true,1,161554
7290016144116,false,"קמח תופח נפלאות, 1 ק""ג",קמח מלכים,,"קמח תופח נפלאות 1 ק""",קילוגרמים,1.00,"100 ק""ג",false,,11.90,11.9000,true,1,161555
7290016150117,false,סלק אדום מבושל 500 ג' בוואקום,ג'ואבג'י יואייבי,,סלק מבושל בוואקום,גרמים,500.00,100 גרם,false,,5.90,0.0118,true,1,137754
7290016270273,false,כרובית ארוזה גן הירק,משתנה,,כרובית,Unknown,1.00,יחידה,false,,9.90,9.9000,true,1,149919
7290016270709,false,עגבניות שרי אשכולות,ביכורי השקמה,,עגבניות שרי,Unknown,1.00,יחידה,false,,8.90,8.9000,true,1,137612
=======
7290016087239,false,רוטב עגבניות מרוכז לשקשוקה פיקנטי פריניר 230 גרם,אבאל יזמות בעמ,,פריניר שקשוקה חריף 2,גרמים,230.00,100 גרם,false,,5.50,0.0239,true,1,142950
7290016087475,false,עגבניות חתוכות דק 400 גר`פריניר,אבאל יזמות בעמ,,עגבניות חתוכות דק פר,גרמים,0.00,100 גרם,false,,4.90,0.0000,true,1,162238
7290016087499,false,פריניר עגבניות חתוכות דק שלישיה 3 * 400 גרם,ח.כהן סוכנות מזון ומשקאות בע,,עגבניות חתוכות דק פר,גרמים,400.00,100 גרם,false,,12.90,0.0323,true,1,142951
7290016106107,true,קרקר עגבניות ובזיליק,,,קרקר עגבניות ובזיליק,,0.00,,false,,5.00,0.0000,true,1,137518
7290016144024,false,"קמח כוסמין מלא נפלאות 100% 1 ק""ג",תה ויסוצקי (ישראל)בעמ,,קמח כוסמין מלא 100%,גרמים,1000.00,100 גרם,false,,16.90,0.0169,true,1,151986
7290016144031,false,"נפלאות קמח חיטה לבן מנופה 1 ק""ג",תה ויסוצקי (ישראל)בעמ,,קמח חיטה לבן מנופה נ,גרמים,1000.00,100 גרם,false,,7.90,0.0079,true,1,151982
7290016144048,false,"קמח כוסמין לבן נפלאות 1 ק""ג",תה ויסוצקי (ישראל)בעמ,,קמח כוסמין לבן נפלאו,גרמים,1000.00,100 גרם,false,,17.90,0.0179,true,1,151987
7290016144055,false,קמח כוסמין 80% קמח נפלאות 1 קג,תה ויסוצקי (ישראל)בעמ,,קמח כוסמין 80% נפלאו,גרמים,1000.00,100 גרם,false,,16.90,0.0169,true,1,151988
7290016144086,false,נפלאות קמח חלה מנופה 1 ק”ג,תה ויסוצקי (ישראל)בעמ,,"קמח חלה נפלאות 1 ק""ג",קילוגרמים,1.00,"100 ק""ג",false,,9.90,9.9000,true,1,161553
7290016144093,false,נפלאות קמח לחם לבן מנופה 1 ק”ג,תה ויסוצקי (ישראל)בעמ,,"קמח לחם נפלאות 1 ק""ג",קילוגרמים,1.00,"100 ק""ג",false,,9.90,9.9000,true,1,161554
7290016144116,false,"קמח תופח נפלאות, 1 ק""ג",תה ויסוצקי (ישראל)בעמ,,"קמח תופח נפלאות 1 ק""",קילוגרמים,1.00,"100 ק""ג",false,,11.90,11.9000,true,1,161555
7290016150117,false,סלק אדום מבושל 500 ג' בוואקום,ביג פוד כחול לבן בעמ*שיק 30 יו,,סלק מבושל בוואקום,גרמים,500.00,100 גרם,false,,5.90,0.0118,true,1,137754
7290016270273,false,כרובית ארוזה גן הירק,ביכורי השדה צפון 1994 ג.ד. בעמ,,כרובית,Unknown,1.00,יחידה,false,,9.90,9.9000,true,1,149919
7290016270709,false,עגבניות שרי אשכולות,ביכורי השדה צפון 1994 ג.ד. בעמ,,עגבניות שרי,Unknown,1.00,יחידה,false,,8.90,8.9000,true,1,137612
>>>>>>> d048ac2f4f281c9d788043ab4e81b61b0dbe3743
7290016272796,false,נייר טואלט רמי לוי 30 יח,,,נייר טואלט רמי לוי 3,Unknown,30.00,יחידה,false,,29.90,0.9967,true,1,144792
7290016272802,false,מגבות נייר רמי לוי 6,,,מגבות נייר רמי לוי 6,Unknown,6.00,יחידה,false,,10.90,1.8167,true,1,144796
7290016273106,true,רמי לוי - שוקולד ברו,,,רמי לוי - שוקולד ברו,,0.00,,false,,7.90,0.0000,true,1,141476
7290016273137,true,רמי לוי - שוקולד ברו,,,רמי לוי - שוקולד ברו,,0.00,,false,,7.90,0.0000,true,1,141479
7290016273182,false,ציפס אמריקאי רמי לוי,,,רמי לוי צ'יפס אמריקא,גרמים,1500.00,100 גרם,false,,18.90,0.0126,true,1,144007
7290016304060,false,חלה רגילה 500 גרם,,,חלה רגילה 500 גרם,גרמים,500.00,100 גרם,false,,5.17,0.0103,true,1,146265
7290016304404,false,לחם קוביות 100% כוסמין 600 גרם,מאפיית דוידוביץ ובניו בע,,לחם קוביות כוסמין 60,גרמים,600.00,100 גרם,false,,16.90,0.0282,true,1,138470
7290016304596,false,לחמניות לסנדביץ 75 גרם,מאפית דוידוביץ ובניו,,לחמניות רגילות דוידו,גרמים,750.00,100 גרם,false,,13.90,0.0185,true,1,151480
<<<<<<< HEAD
7290016334050,false,סלרי חתוך,,,סלרי חתוך,Unknown,1.00,יחידה,false,,5.90,5.9000,true,1,149386
7290016334173,false,פלפל טינקרבל ארוז,קטיף.,,פלפלונים רמי לוי,Unknown,1.00,יחידה,false,,9.90,9.9000,true,1,149389
7290016334180,false,מלפפון בייבי רמי לוי,,,מלפפון בייבי רמי לוי,Unknown,1.00,יחידה,false,,9.90,9.9000,true,1,149390
7290016334296,false,ברוקולי ארוז מגשית,,,ברוקולי רמי לוי,Unknown,1.00,יחידה,false,,9.90,9.9000,true,1,149392
7290016334395,false,שיבה רמי לוי,,,שיבה,Unknown,1.00,יחידה,false,,5.90,5.9000,true,1,149394
7290016334456,false,בזיליקום רמי לוי,,,בזיליקום,Unknown,1.00,יחידה,false,,5.90,5.9000,true,1,149396
7290016334500,false,לבבות חסה זוגות בשקי,,,זוג לבבות חסה,Unknown,1.00,יחידה,false,,9.90,9.9000,true,1,149398
7290016334623,false,סלרי אמריקאי,,,סלרי אמריקאי,Unknown,1.00,יחידה,false,,5.90,5.9000,true,1,149404
7290016334654,false,תרד ניו זילנדי רמי לוי,,,תרד ניו זילנדי רמי ל,גרמים,300.00,100 גרם,false,,12.90,0.0430,true,1,149406
7290016334784,false,ג'ינג'ר ארוז ברכת קטיף 200 גרם,,,ג'ינג'ר ארוז,Unknown,1.00,יחידה,false,,8.90,8.9000,true,1,149407
7290016334814,false,חסה סלנובה רמי לוי,,,חסה סלנובה רמי לוי,Unknown,1.00,יחידה,false,,9.90,9.9000,true,1,149409
7290016334883,false,עגבניות שרי תמר,,,עגבניות שרי תמר,Unknown,1.00,יחידה,false,,9.90,9.9000,true,1,149410
7290016334890,false,עגבניות שרי ליקופן,,,עגבניות שרי ליקופן,Unknown,1.00,יחידה,false,,9.90,9.9000,true,1,149411
7290016334906,false,עגבניות שרי מיקס,,,עגבניות שרי מיקס,Unknown,1.00,יחידה,false,,11.90,11.9000,true,1,149412
7290016372373,false,רסק עגבניות ללא תוספת סוכר ומלח - מארז זוג,גרנד איטליה Grand Italia,,רסק עגבניות 22° קונס,גרמים,280.00,100 גרם,false,,7.90,0.0282,true,1,146593
7290016408294,false,"מרשמלו ורוד לבן וסטהיים 150 ג', 26 בקרטון",מנדלז סי.אר. פרודקשן,,מרשמלו ורוד לבן כרמי,גרמים,150.00,100 גרם,false,,4.90,0.0327,true,1,155390
7290016408744,false,מרשמלו טוויסטר כרמית 150 גרם,"כרמית תעשיות ממתקים בע""\",,מרשמלו כרמית טוויסטר,גרמים,150.00,100 גרם,false,,4.90,0.0327,true,1,155391
7290016408980,false,"מטבעות שוקולד חלב 36 ג' כשל""פ בד""ץ!",כרמית תעשיות מזון,,מטבעות שוקולד חלב 36,גרמים,36.00,100 גרם,false,,3.90,0.1083,true,1,139521
7290016475029,false,חמישיית פיתות אסלי!.^,,,פיתות אסלי המכבים 5,Unknown,5.00,יחידה,false,,6.90,1.3800,true,1,136815
7290016509786,false,פרסיל גל לכביסה לבנה וצבעונית-ירוק 2.5 ל,"הנקל סוד בע""\מ",,פרסיל ג'ל 2.5 ליטר י,מיליליטרים,2500.00,"100 מ""ל",false,,35.90,0.0144,true,1,146183
=======
7290016334050,false,סלרי חתוך.,ביכורי השדה צפון 1994 ג.ד. בעמ,,סלרי חתוך,Unknown,1.00,יחידה,false,,5.90,5.9000,true,1,149386
7290016334173,false,פלפל טינקרבל שמיטה,ביכורי השדה צפון 1994 ג.ד. בעמ,,פלפלונים רמי לוי,Unknown,1.00,יחידה,false,,9.90,9.9000,true,1,149389
7290016334180,false,מלפפון בייבי רמי לוי,ביכורי השדה צפון 1994 ג.ד. בעמ,,מלפפון בייבי רמי לוי,Unknown,1.00,יחידה,false,,9.90,9.9000,true,1,149390
7290016334296,false,ברוקולי ארוז יחידה שמיטה,ביכורי השדה צפון 1994 ג.ד. בעמ,,ברוקולי רמי לוי,Unknown,1.00,יחידה,false,,9.90,9.9000,true,1,149392
7290016334395,false,שיבה רמי לוי,ביכורי השדה צפון 1994 ג.ד. בעמ,,שיבה,Unknown,1.00,יחידה,false,,5.90,5.9000,true,1,149394
7290016334456,false,בזיליקום רמי לוי,ביכורי השדה צפון 1994 ג.ד. בעמ,,בזיליקום,Unknown,1.00,יחידה,false,,5.90,5.9000,true,1,149396
7290016334500,false,לבבות חסה זוגות בשקי,ביכורי השדה צפון 1994 ג.ד. בעמ,,זוג לבבות חסה,Unknown,1.00,יחידה,false,,9.90,9.9000,true,1,149398
7290016334623,false,סלרי אמריקאי,ביכורי השדה צפון 1994 ג.ד. בעמ,,סלרי אמריקאי,Unknown,1.00,יחידה,false,,5.90,5.9000,true,1,149404
7290016334654,false,תרד ניו זילנדי רמי לוי,ביכורי השדה צפון 1994 ג.ד. בעמ,,תרד ניו זילנדי רמי ל,גרמים,300.00,100 גרם,false,,12.90,0.0430,true,1,149406
7290016334784,false,ג'ינג'ר ארוז ברכת קטיף 200 גרם,ביכורי השדה צפון 1994 ג.ד. בעמ,,ג'ינג'ר ארוז,Unknown,1.00,יחידה,false,,8.90,8.9000,true,1,149407
7290016334814,false,חסה סלנובה רמי לוי,ביכורי השדה צפון 1994 ג.ד. בעמ,,חסה סלנובה רמי לוי,Unknown,1.00,יחידה,false,,9.90,9.9000,true,1,149409
7290016334883,false,שרי תמר בוסתן שמיטה,ביכורי השדה צפון 1994 ג.ד. בעמ,,עגבניות שרי תמר,Unknown,1.00,יחידה,false,,9.90,9.9000,true,1,149410
7290016334890,false,עגבניות שרי ליקופן,ביכורי השדה צפון 1994 ג.ד. בעמ,,עגבניות שרי ליקופן,Unknown,1.00,יחידה,false,,9.90,9.9000,true,1,149411
7290016334906,false,מיקס עגבניות שרי.,ביכורי השדה צפון 1994 ג.ד. בעמ,,עגבניות שרי מיקס,Unknown,1.00,יחידה,false,,11.90,11.9000,true,1,149412
7290016372373,false,רסק עגבניות ללא תוספת סוכר ומלח - מארז זוג,תה ויסוצקי (ישראל) בעמ,,רסק עגבניות 22° קונס,גרמים,280.00,100 גרם,false,,7.90,0.0282,true,1,146593
7290016408294,false,"מרשמלו ורוד לבן וסטהיים 150 ג', 26 בקרטון",כרמית תעשיות ממתקים בעמ,,מרשמלו ורוד לבן כרמי,גרמים,150.00,100 גרם,false,,4.90,0.0327,true,1,155390
7290016408744,false,מרשמלו טוויסטר כרמית 150 גרם,כרמית תעשיות ממתקים בעמ,,מרשמלו כרמית טוויסטר,גרמים,150.00,100 גרם,false,,4.90,0.0327,true,1,155391
7290016408980,false,"מטבעות שוקולד חלב 36 ג' כשל""פ בד""ץ!",כרמית תעשיות ממתקים בעמ,,מטבעות שוקולד חלב 36,גרמים,36.00,100 גרם,false,,3.90,0.1083,true,1,139521
7290016475029,false,חמישיית פיתות אסלי!.^,שרעבי לירון (ירדן דברי מאפה),,פיתות אסלי המכבים 5,Unknown,5.00,יחידה,false,,6.90,1.3800,true,1,136815
7290016509786,false,פרסיל גל לכביסה לבנה וצבעונית-ירוק 2.5 ל,גורי שיווק בעמ,,פרסיל ג'ל 2.5 ליטר י,מיליליטרים,2500.00,"100 מ""ל",false,,35.90,0.0144,true,1,146183
>>>>>>> d048ac2f4f281c9d788043ab4e81b61b0dbe3743
7290016601466,false,נוזל רצפות רמי לוי 2 ליטר,,,נוזל רצפות רמי לוי 2,מיליליטרים,2000.00,"100 מ""ל",false,,9.90,0.0050,true,1,147000
7290016601558,false,מגבונים לניקוי כללי,,,מגבונים לניקוי כללי,Unknown,400.00,יחידה,false,,20.90,0.0522,true,1,150646
7290016609141,false,אפונה וגזר רמי לוי 5,,,אפונה וגזר רמי לוי 5,גרמים,550.00,100 גרם,false,,6.50,0.0118,true,1,141593
7290016609172,false,שעועית לבנה ברוטב עגבניות 335 גר,,,שעועית לבנה אפויה בר,גרמים,580.00,100 גרם,false,,6.50,0.0112,true,1,141595
7290016609189,false,גרעיני תירס 335 גר רמי לוי,,,גרעיני תירס מתוק רמי,גרמים,550.00,100 גרם,false,,5.90,0.0107,true,1,141596
7290016717631,false,יין מוסקטו בעל חוזק אלכוהול נמוך פרייבט קולקשן,אגודת הכורמים הקואופרטיב,,יין לבן מבעבע מוסקטו,מיליליטרים,750.00,"100 מ""ל",false,,39.90,0.0532,true,1,143513
7290016717754,false,יין היובל ישן נושן יקבי כרמל (750 מל),אגודת הכורמים הקואופרטיב,,יין אדום מתוק היובל,מיליליטרים,750.00,"100 מ""ל",false,,19.90,0.0265,true,1,143514
7290016733020,false,ממחטות כיס רמי לוי 1,,,ממחטות כיס רמי לוי 1,Unknown,10.00,יחידה,false,,8.50,0.8500,true,1,144797
7290016733044,false,מטליות ריצפה מיקרופייבר שלישייה רמי לוי,,,סחבת רצפה מיקרופייבר,Unknown,3.00,יחידה,false,,15.90,5.3000,true,1,140950
7290016733051,false,מטליות ניקוי כללי מיקרופייבר עשירייה רמי לוי,,,מטליות מיקרופייבר 10,Unknown,10.00,יחידה,false,,14.90,1.4900,true,1,140951
7290016865103,false,שניצל דק בציפוי ציפס 700 ג,,,שניצל דק בציפוי צ'יפ,גרמים,700.00,100 גרם,false,,27.90,0.0399,true,1,149975
7290016865141,false,שניצל צמחי דק 700 גרם רמי לוי,,,שניצל צמחי דק רמי לו,גרמים,700.00,100 גרם,false,,20.90,0.0299,true,1,149979
7290016866650,false,"פרודונטקס - משחת שיניים אוריג'ינל 75 מ""ל",פרודונטקס Parodontax,,משחת פרודונטקס אוריג,גרמים,75.00,100 גרם,false,,30.90,0.4120,true,1,146190
<<<<<<< HEAD
7290016867077,false,"לחמניות כוסמין מלא בתוספת סיבים 300 גרם ד""ר מרק",,,לחמניות כוסמין מלא ס,גרמים,300.00,100 גרם,false,,15.90,0.0530,true,1,160430
7290016867084,false,לחם כוסמין מלא בתוספת סיבים פרה ביוטיים 450 גרם,,,לחם כוסמין מלא סיבים,גרמים,450.00,100 גרם,false,,18.90,0.0420,true,1,160431
7290016867091,false,פיתות כוסמין מלא בתוספת סיבים פרה ביוטיים 300 גרם,,,פיתות כוסמין מלא סיב,גרמים,300.00,100 גרם,false,,15.90,0.0530,true,1,160432
7290016867114,false,לחם כוסמין קל מלא 500 גר',המאפה של דר מרק בריא,,לחם קל כוסמין 500 גר,גרמים,500.00,100 גרם,false,,18.90,0.0378,true,1,154295
7290016867145,false,"מארז פיתות קלות קמח מלא 6 יחידות ד""ר מרק",המאפה של דר' מארק,,פיתות קלות קמח מלא 4,גרמים,408.00,100 גרם,false,,13.90,0.0341,true,1,154190
7290016867152,false,"מארז פיתות קלות כוסמין 5 יחידות ד""ר מרק",המאפה של דר מרק בריא,,פיתות קלות כוסמין 33,גרמים,330.00,100 גרם,false,,14.90,0.0452,true,1,154191
7290016867176,false,"מארז לחמניות קלות כוסמין שומשום במתיקות מעודמת 5 יחידות ד""ר מרק",המאפה של דר מרק,,לחמניות ק. כוסמין שו,גרמים,351.00,100 גרם,false,,14.90,0.0425,true,1,154192
=======
7290016867077,false,"לחמניות כוסמין מלא בתוספת סיבים 300 גרם ד""ר מרק",המאפה של דר מרק בריאות באפייה,,לחמניות כוסמין מלא ס,גרמים,300.00,100 גרם,false,,15.90,0.0530,true,1,160430
7290016867084,false,לחם כוסמין מלא בתוספת סיבים פרה ביוטיים 450 גרם,המאפה של דר מרק בריאות באפייה,,לחם כוסמין מלא סיבים,גרמים,450.00,100 גרם,false,,18.90,0.0420,true,1,160431
7290016867091,false,פיתות כוסמין מלא בתוספת סיבים פרה ביוטיים 300 גרם,המאפה של דר מרק בריאות באפייה,,פיתות כוסמין מלא סיב,גרמים,300.00,100 גרם,false,,15.90,0.0530,true,1,160432
7290016867114,false,לחם קל מכוסמין מלא 500 גר`דר מרק,המאפה של דר מרק בריאות באפייה,,לחם קל כוסמין 500 גר,גרמים,500.00,100 גרם,false,,18.90,0.0378,true,1,154295
7290016867145,false,"מארז פיתות קלות קמח מלא 6 יחידות ד""ר מרק",המאפה של דר מרק בריאות באפייה,,פיתות קלות קמח מלא 4,גרמים,408.00,100 גרם,false,,13.90,0.0341,true,1,154190
7290016867152,false,"מארז פיתות קלות כוסמין 5 יחידות ד""ר מרק",המאפה של דר מרק בריאות באפייה,,פיתות קלות כוסמין 33,גרמים,330.00,100 גרם,false,,14.90,0.0452,true,1,154191
7290016867176,false,"מארז לחמניות קלות כוסמין שומשום במתיקות מעודמת 5 יחידות ד""ר מרק",המאפה של דר מרק בריאות באפייה,,לחמניות ק. כוסמין שו,גרמים,351.00,100 גרם,false,,14.90,0.0425,true,1,154192
>>>>>>> d048ac2f4f281c9d788043ab4e81b61b0dbe3743
7290016867251,false,לחם שיפון קל 450 גרם,,,לחם קל שיפון 450 גרם,גרמים,450.00,100 גרם,false,,14.90,0.0331,true,1,154194
7290016967074,false,לחם חיטה מלאה עם גרעינים ודגנים,מאפיית שלמה א. אנג'\ל בע,,לחם חיטה מלאה אנג'ל,גרמים,750.00,100 גרם,false,,14.90,0.0199,true,1,147167
7290016998184,false,עלי חסה ערבית שטופים 250 גרק,ביכורי השדה צפון 1994 ג.ד. בעמ,,עלי חסה ערבית שטופים,גרמים,250.00,100 גרם,false,,10.90,0.0436,true,1,154451
7290016998221,false,מיקס צבעי הטבע נטורז,ביכורי השדה צפון 1994 ג.ד. בעמ,,מיקס צבעי הטבע 350 ג,גרמים,350.00,100 גרם,false,,12.90,0.0369,true,1,154455
7290016998320,false,לבבות קיסר נטורזה יח,ביכורי השדה צפון 1994 ג.ד. בעמ,,לבבות קיסר 250 גרם,גרמים,250.00,100 גרם,false,,10.90,0.0436,true,1,155421
7290017058573,false,תומר פרוסות פלפל חלפיניו בחומץ 340 גרם,תומר יבוא ושיווק מוצרי מזון (1,,פלפל חלפיניו בצנצנת,גרמים,340.00,100 גרם,false,,7.90,0.0232,true,1,160297
7290017079127,false,פתיתים קוסקוס 500ג רמילוי,,,פתיתים קוסקוס- רמי ל,גרמים,500.00,100 גרם,false,,3.90,0.0078,true,1,142567
7290017079134,false,פתיתים אורז 500ג רמילוי,,,פתיתים אורז - רמי לו,גרמים,500.00,100 גרם,false,,3.90,0.0078,true,1,142568
7290017129167,true,שלשות שוקולד חלב עם,,,שלשות שוקולד חלב עם,,0.00,,false,,0.00,0.0000,true,1,140629
7290017129495,false,אגו מיקס כדורי תירס מצופים שוקולד חלב כרמית 55 גרם,כרמית תעשיות ממתקים בעמ,,אגו מיקס כדורי תירס,גרמים,55.00,100 גרם,false,,3.90,0.0709,true,1,140593
7290017129501,false,אגו מיקס כדורי תירס מצופים שוקולד לבן כרמית 55 גרם,כרמית תעשיות ממתקים בעמ,,אגו מיקס כדורי תירס,גרמים,55.00,100 גרם,false,,3.90,0.0709,true,1,140594
7290017129518,false,אגו מיקס כדורי תירס מצופים שוקולד חלב ולבן כרמית 55 גרם,כרמית תעשיות ממתקים בעמ,,אגו מיקס כדורי תירס,גרמים,55.00,100 גרם,false,,3.90,0.0709,true,1,140595
7290017129761,false,שוקולד פרימיום 70% מריר בטעם תפוז כרמית 100 גרם,כרמית תעשיות ממתקים בעמ,,שוקולד מריר מעולה 70,גרמים,100.00,100 גרם,false,,7.90,0.0790,true,1,147062
7290017129822,false,מטבעות שוקולד מריר כרמית 36 גרם,כרמית תעשיות ממתקים בעמ,,מטבעות שוקולד מריר 3,גרמים,36.00,100 גרם,false,,3.90,0.1083,true,1,142538
7290017197029,false,אל סבון la belle מאסק לבן 1 ל,פארמה דיל (פ.א.ב.) שיווק והפצה,,אל סבון בניחוח מאסק,מיליליטרים,1000.00,"100 מ""ל",false,,9.90,0.0099,true,1,146390
7290017197067,false,מגבונים בייבי בישום עדין 100 יח רמי לוי,,,מגבונים לחים בייבי,Unknown,1.00,יחידה,false,,5.90,5.9000,true,1,141657
7290017197425,false,מגבונים בייבי מבושם 4*72 רמי לוי,,,מגבונים לחים ללא ביש,Unknown,4.00,יחידה,false,,15.90,3.9750,true,1,151101
7290017197432,false,מגבונים בייבי ללא בישום 4*72 רמי לוי,,,מגבונים לחים ללא ביש,Unknown,4.00,יחידה,false,,15.90,3.9750,true,1,151102
7290017197449,false,מגבונים בייבי לעור רגיש 4*72 רמי לוי,,,מגבונים לחים ללא ביש,Unknown,4.00,יחידה,false,,15.90,3.9750,true,1,141658
7290017197654,false,מטליות לחות לניקוי ר,,,מטליות לחות לניקוי ר,Unknown,10.00,יחידה,false,,9.90,0.9900,true,1,141659
7290017197678,false,מגבוני ניקיון שלישייה -רמי לוי,,,מגבונים לניקוי כללי,Unknown,3.00,יחידה,false,,15.90,5.3000,true,1,141660
7290017197685,false,שלישייה מגבוני טואלט לחים,,,מגבוני נייר טואלט רמ,Unknown,3.00,יחידה,false,,10.90,3.6333,true,1,141661
<<<<<<< HEAD
7290017291123,false,שום ייבוא ליח,עטרה,,שום ארוז יבוא,Unknown,1.00,יחידה,false,,7.90,7.9000,true,1,160503
=======
7290017291123,false,שום ייבוא ליח,",חברת יוסף אופנהימר 1986 בעמ",,שום ארוז יבוא,Unknown,1.00,יחידה,false,,7.90,7.9000,true,1,160503
>>>>>>> d048ac2f4f281c9d788043ab4e81b61b0dbe3743
7290017304885,false,לחם שיפון מחיטה מלאה ללא תוספת סוכר 750 ג' אנג'ל,מאפיית שלמה א. אנג'\ל בע,,לחם שיפון וחיטה מלאה,גרמים,750.00,100 גרם,false,,14.90,0.0199,true,1,147169
7290017390574,false,סוכריות גומי טעם אבטיח 300 גר,,,סוכריות גומי מסוכרות,גרמים,300.00,100 גרם,false,,10.90,0.0363,true,1,148635
7290017504001,false,פטריות שמפיניון ארוז,ביכורי השדה צפון 1994 ג.ד. בעמ,,פטריות שמפניון ארוז,Unknown,1.00,יחידה,false,,9.90,9.9000,true,1,149415
7290017504018,false,זוג פטריות שמפניון א,ביכורי השדה צפון 1994 ג.ד. בעמ,,פטריות זוגות לבן (פט,Unknown,1.00,יחידה,false,,17.90,17.9000,true,1,149416
7290017504032,false,זוג פטריות שמפניון ו,ביכורי השדה צפון 1994 ג.ד. בעמ,,פטריות זוגות איטלקי,Unknown,1.00,יחידה,false,,17.90,17.9000,true,1,149418
7290017513775,false,פליפז בייגלה מצופה שוקולד חלב מקוויטיס 140 גרם,תה ויסוצקי (ישראל) בעמ,,FLIPZ - בייגלה מצופה,גרמים,140.00,100 גרם,false,,9.50,0.0679,true,1,147477
7290017586007,false,גזר ארוז,ביכורי השדה צפון 1994 ג.ד. בעמ,,גזר ארוז,קילוגרמים,1.00,"ק""ג",true,,4.90,4.9000,true,1,163162
7290017599700,true,פמלה קלופה,,,פמלה קלופה,,0.00,,false,,12.00,0.0000,true,1,140932
7290017617411,false,סטארקיסט מיקס סלמון עם אורז מלא וירקות 160 גרם,דיפלומט מפיצים (1968) בעמ**,,סטארקיסט מיקס סלמון,גרמים,160.00,100 גרם,false,,15.90,0.0994,true,1,161270
7290017812052,false,יין שיראז-קברנה סוביניון אקסלנס יקבי כרמל,אגודת הכורמים בעמ,,יין אדום יבש אקסלנס,מיליליטרים,750.00,"100 מ""ל",false,,27.20,0.0363,true,1,143515
7290017812083,false,מיץ תירוש אדום רמי לוי 1 לי,,,תירוש ענבים אדום רמי,מיליליטרים,1000.00,"100 מ""ל",false,,13.90,0.0139,true,1,145186
7290017812090,false,מיץ תירוש לבן רמי לוי 1 לי,,,תירוש ענבים לבן רמי,מיליליטרים,1000.00,"100 מ""ל",false,,13.90,0.0139,true,1,145187
7290017845029,false,פטריות צמד משפחתי(מוגו),ביכורי השדה צפון 1994 ג.ד. בעמ,,פטריות צמד משפחתי (מ,Unknown,1.00,יחידה,false,,17.90,17.9000,true,1,150608
7290017845203,false,שמפיניון ארוז א.א-מוגו,ביכורי השדה צפון 1994 ג.ד. בעמ,,פטריות א.א (מוג'ו),Unknown,1.00,יחידה,false,,9.90,9.9000,true,1,149419
7290017864341,false,תפוא למיקרו רמי לוי,,,"תפו""א למיקרו 700 גרם",Unknown,1.00,יחידה,false,,7.90,7.9000,true,1,150980
7290017864358,false,נענע ארוז רמי לוי,ביכורי השדה צפון 1994 ג.ד. בעמ,,נענע ארוז רמי לוי,Unknown,1.00,יחידה,false,,4.90,4.9000,true,1,153894
7290017864365,false,פטרוזליה ארוז רמי לוי,,,פטרוזיליה ארוז רמי ל,Unknown,1.00,יחידה,false,,4.90,4.9000,true,1,153895
7290017864372,false,שמיר ארוז רמי לוי,,,שמיר ארוז רמי לוי,Unknown,1.00,יחידה,false,,4.90,4.9000,true,1,153896
7290017864389,false,כוסברה ארוז רמי לוי,,,כוסברה ארוז רמי לוי,Unknown,1.00,יחידה,false,,4.90,4.9000,true,1,153897
7290017864396,false,סלרי ארוז רמי לוי,,,סלרי ארוז רמי לוי,Unknown,1.00,יחידה,false,,6.90,6.9000,true,1,153898
7290017864402,false,עלי מנגולד ארוז רמי לוי,,,עלי מנגולד ארוז רמי,Unknown,1.00,יחידה,false,,6.90,6.9000,true,1,153899
7290017864419,false,שורש פטרוזיליה ארוז,,,שורש פטרוזיליה ארוז,Unknown,1.00,יחידה,false,,5.90,5.9000,true,1,153900
7290017864426,false,בצל ירוק ארוז רמי לוי,,,בצל ירוק רמי לוי,Unknown,1.00,יחידה,false,,6.90,6.9000,true,1,153901
7290017864464,false,לוף פרסה ארוז רמי לוי,,,לוף/כרישה,Unknown,1.00,יחידה,false,,7.90,7.9000,true,1,150570
7290017864594,false,שום צנצנת רמי לוי,ביכורי השדה צפון 1994 ג.ד. בעמ,,שום צנצנת רמי לוי,Unknown,1.00,יחידה,false,,12.90,12.9000,true,1,151772
7290017928036,false,מקלות גריסיני שומשום מאיר בייגל 175 גרם,מאיר את בייגל,,גריסיני שומשום 175 ג,גרמים,175.00,100 גרם,false,,11.90,0.0680,true,1,147318
7290017928043,false,מקלות גריסיני קראנץ' מלח מאיר בייגל 175 גרם,מאיר את בייגל,,גריסיני קראנץ' מלח 1,גרמים,175.00,100 גרם,false,,11.90,0.0680,true,1,147319
7290017928098,false,בייגלה שטוח מלח 330 גר` מאיר בייגל,מאיר את בייגל,,שטוחלה מלח מאיר בייג,גרמים,330.00,100 גרם,false,,11.90,0.0361,true,1,157969
7290017928128,false,בייגלה מקלות מלח מאיר בייגל 400 גרם.,"דנשר (1963) בע,מ",,בייגלה מקלות מלח מאי,גרמים,400.00,100 גרם,false,,11.90,0.0298,true,1,163303
7290017928432,false,מקלות גריסיני קראנץ' פרג מאיר בייגל 175 גרם,מאיר את בייגל,,גריסיני קראנץ' פרג 1,גרמים,175.00,100 גרם,false,,11.90,0.0680,true,1,151201
7290017928616,false,בייגלה שטוחלה שומשום 300 גר` מאיר בייגל,מאיר את בייגל,,שטוח שומשום 300 גרם,גרמים,300.00,100 גרם,false,,11.90,0.0397,true,1,147317
7290017928685,false,בייגלה שמיניות מלוח מאיר בייגל 400 גרם.,מאיר את בייגל,,שמיניות מלח מאיר ביי,גרמים,400.00,100 גרם,false,,11.90,0.0298,true,1,157963
7290017928821,false,מקלות גריסיני קלאסי מאיר בייגל 200 גרם,מאיר את בייגל,,גריסיני קלאסי 200 גר,גרמים,200.00,100 גרם,false,,11.90,0.0595,true,1,147320
7290017947105,false,לחם אנג'ל בסגנון אמריקה 500 גרם,מאפיית שלמה א. אנג'\ל בע,,לחם סגנון אמריקה אנג,גרמים,500.00,100 גרם,false,,12.90,0.0258,true,1,151160
7290017947457,false,חלה קלועה כוסמין אנג'ל ארוזה 500 גרם,מאפיית שלמה א.אנג'ל,,חלה קלועה כוסמין 500,גרמים,500.00,100 גרם,false,,16.90,0.0338,true,1,158201
7290017947464,false,שמיניית פיתות כוסמין אנג'ל 8*50 גרם,מאפיית שלמה א.אנג'\ל בע\,,פיתות כוסמין אנג'ל 4,Unknown,8.00,יחידה,false,,14.90,1.8625,true,1,155482
<<<<<<< HEAD
7290017947495,false,6 לחמניות כוסמין 450 גרם אנג'ל,מאפיית שלמה א.אנג'\ל,,לחמניות כוסמין 6 יחי,Unknown,6.00,יחידה,false,,13.90,2.3167,true,1,155831
=======
7290017947495,false,לחמניות כוסמין 6 יח(450 גר`)אנג`ל,מאפיית שלמה א.אנג'\ל,,לחמניות כוסמין 6 יחי,Unknown,6.00,יחידה,false,,13.90,2.3167,true,1,155831
>>>>>>> d048ac2f4f281c9d788043ab4e81b61b0dbe3743
7290017947891,false,לחם אנג'ל כוסמין וחיטה מלאה 750 גרם,מאפיית שלמה א. אנג'\ל בע,,לחם כוסמין וחיטה מלא,גרמים,750.00,100 גרם,false,,14.90,0.0199,true,1,153946
7290017947921,false,לחמניות המבורגר בסגנון אמריקאי מארז 6 יח',מאפיית שלמה א. אנג'\ל בע,,שישיית לחמניות המבור,גרמים,450.00,100 גרם,false,,12.90,0.0287,true,1,151161
7290017947938,false,מיני לחמניות המבורגר בסגנון אמריקה 400 ג' אנג'ל,מאפיית שלמה א. אנג'\ל בע,,8 לחמניות המבורגר בס,גרמים,400.00,100 גרם,false,,13.90,0.0348,true,1,158271
7290018091821,false,פיצה נפוליטנה מעדנות 200 גרם,תנובה ענף ב.ע.ד,,פיצה נפוליטנה מעדנות,גרמים,200.00,100 גרם,false,,14.90,0.0745,true,1,154440
7290018192610,false,עגבניות שרי,עגבניות שרי 2 ב 15,,עגבניות שרי,Unknown,1.00,יחידה,false,,8.90,8.9000,true,1,153391
7290018192658,false,מארז זוג פטריות פורטובלה ושמפיניון מרינה,קונס`-מרינה פטריות הגליל בעמ*ש,,פטריות זוגות איטלקי,Unknown,1.00,יחידה,false,,17.90,17.9000,true,1,159879
7290018198254,false,"תפוגן קריספי צ'יפס פוטטוס 1.25 ק""ג",קבוצת אוסם סחר שותפות מוגבלת,,תפוגן קריספי צ'יפס פ,גרמים,1250.00,100 גרם,false,,22.90,0.0183,true,1,157394
7290018294192,false,"יין בלנד היינן אדום יבש 750 מ""ל p.c",אגודת הכורמים -כרמל מזרחי,,יין אדום יבש בלנד הי,מיליליטרים,750.00,"100 מ""ל",false,,39.90,0.0532,true,1,158995
7290018333082,false,אגו מיקס קורנפלקס שוקולד חלב ולבן כרמית 55 גרם,"כרמית תעשיות ממתקים בע""\",,אגו מיקס קורנפלקס מצ,גרמים,55.00,100 גרם,false,,3.90,0.0709,true,1,153523
7290018333099,false,אגו מיקס קורנפלקס מצופה ש.חלב ולבן 55גר' 24 בקר',"כרמית תעשיות ממתקים בע""\",,אגו מיקס קורנפלקס מצ,גרמים,55.00,100 גרם,false,,3.90,0.0709,true,1,153524
7290018333945,false,חטיף אגוזים רפאלס שקד ווניל בדצ 150 גר *12יח,כרמית תעשיות ממתקים בעמ,,חטיף אגוזים רפאלס שק,גרמים,150.00,100 גרם,false,,14.90,0.0993,true,1,159474
7290018333969,false,חטיף גרנולה רפאלס שקדים וטחינה בדצ 150 גר *12יח,כרמית תעשיות ממתקים בעמ,,חטיף גרנולה רפאלס שק,גרמים,150.00,100 גרם,false,,14.90,0.0993,true,1,159476
7290018380734,false,דפי בצק פילו משולשים תומר 360 גרם,תומר ייבוא ושיווק מוצרי מזון [,,דפי בצק פילו משולשים,גרמים,360.00,100 גרם,false,,15.90,0.0442,true,1,162664
7290018440438,false,Calvo טונה בשמן זית פתיחה קלה 3 * 65 גרם,תה ויסוצקי (ישראל) בעמ,,טונה איזי פליפ בשמן,גרמים,195.00,100 גרם,false,,25.90,0.1328,true,1,160946
7290018440490,false,סלט טונה קאלוו עם קוסקוס 150 גר,תה ויסוצקי (ישראל) בעמ,,סלט טונה עם קוסקוס ק,גרמים,150.00,100 גרם,false,,14.90,0.0993,true,1,160949
7290018440520,false,סלט טונה קאלוו מקסיקני 150 גר,"קאלוו קונסרבס ס.ל.יו. ,",,סלט טונה מקסיקני קלב,גרמים,150.00,100 גרם,false,,14.90,0.0993,true,1,160952
7290018443736,false,בייבי מיקס רמי לוי 150 גרם,ביכורי השדה צפון 1994 ג.ד. בעמ,,בייבי מיקס רמי לוי 1,גרמים,150.00,100 גרם,false,,9.90,0.0660,true,1,158481
7290018443781,false,רוקט 150 גרם רמי לוי,,,רוקט 150 ג' רמי לוי,גרמים,150.00,100 גרם,false,,9.90,0.0660,true,1,158486
7290018468401,false,פסטרמה צמחונית בטעם גריל 100 גר טירת צבי,תנובה מרכז שיתופי לשיווק תוצרת,,פסטרמה צמחונית בטעם,גרמים,120.00,100 גרם,false,,19.90,0.1658,true,1,162918
7290018471944,false,שוופס מוגז פירות לימונייד 1.5 ליטר פיקדון,יפאורה - שותפות מוגבלת לשיווק,,שוופס מוגז למונייד 1,מיליליטרים,1500.00,"100 מ""ל",false,,9.10,0.0061,true,1,158792
7290018493748,false,"ד""ר פישר - מגבונים להסרת איפור אקסטרה סופט 30 יח' * 3",פישר תעשיות פרמבצטיות בעמ,,שלישיה א.קר מגבוני E,Unknown,1.00,יחידה,false,,29.90,29.9000,true,1,158160
7290018540329,false,שקית פיתה פיתה בלדי 800 ג' אנג'ל,מאפיית שלמה א. אנג'\ל בע,,פיתה פיתה באלדי אנג',Unknown,8.00,יחידה,false,,12.90,1.6125,true,1,155483
7290018540459,false,לחמניות המבורגר כוסמין 6 יח`300 גרם אנג,מאפיית שלמה א.אנג'\ל בע\,,מארז 6 לחמניות המבור,גרמים,300.00,100 גרם,false,,16.90,0.0563,true,1,156659
7290018564011,false,אפונת גינה רמילוי 800 גר,,,אפונת גינה 800 גרם ר,גרמים,800.00,100 גרם,false,,8.90,0.0111,true,1,155755
7290018564028,false,אפונה עדינה 600ג רמילוי,,,אפונה עדינה 600 גרם,גרמים,600.00,100 גרם,false,,10.90,0.0182,true,1,155756
7290018564059,false,שעועית ירוקה שלמה עדינה 600ג רמילוי,,,שעועית ירוקה שלמה עד,גרמים,600.00,100 גרם,false,,10.90,0.0182,true,1,155759
7290018564066,false,אפונה וגזר רמילוי 800 גר,,,אפונה וגזר 800 גרם ר,גרמים,800.00,100 גרם,false,,9.90,0.0124,true,1,155760
7290018564110,false,ארטישוק קפוא 400ג רמילוי,,,ארטישוק קפוא 400 גרם,גרמים,400.00,100 גרם,false,,8.90,0.0223,true,1,155763
7290018564158,false,שעועית לבנה מבושלים 800גר רמי לוי,,,שעועית לבנה מבושלת 8,גרמים,800.00,100 גרם,false,,9.90,0.0124,true,1,155767
7290018720011,false,ביסקוויט קרנבל חיות בטעם וניל 250 ג' מעדני מלך,הגביע מוצרי וופלים,,מעדני מלך- קרנבל חיו,גרמים,250.00,100 גרם,false,,6.90,0.0276,true,1,155571
7290018720059,false,WOK פרורי פנקו מוזהבים בסגנון יפני 250 גר',"י.א ברמן בע""מ-מאפיית",,פרורי פנקו מוזהבים ב,גרמים,250.00,100 גרם,false,,8.90,0.0356,true,1,157413
7290018720103,false,"אפיפיות וופל בטעם שוקו לל""ס הדר 250 גרם",רזיט שיווק בעמ,,וופל ללא סוכר מעדני,גרמים,250.00,100 גרם,false,,8.90,0.0356,true,1,158135
7290018720189,false,מעדני מלך-ביסקוויט קסטה בטעם שוקו 200 גרם,הגביע,,ביסקוויט קסטה מעדני,גרמים,200.00,100 גרם,false,,6.50,0.0325,true,1,162193
7290018732205,false,אוכמניות יחידה,ביכורי השדה צפון 1994 ג.ד. בעמ,,אוכמניות יחידה,גרמים,125.00,100 גרם,false,,19.90,0.1592,true,1,161529
7290018825013,false,"תפו""א אדום תפזורת",3 יחידות,,"תפו""א אדום תפזורת",קילוגרמים,1.00,"ק""ג",true,,5.90,5.9000,true,1,163163
7290018825211,false,"תפו""א לבן תפזורת",3 יחידות,,"תפו""א לבן תפזורת",קילוגרמים,1.00,"ק""ג",true,,4.90,4.9000,true,1,163164
7290018878170,false,אגו שוקולד מריר 60% מוצקי קקאו 2*100גר,כרמית תעשיות ממתקים בעמ,,זוג שוקולד 60% מריר,גרמים,200.00,100 גרם,false,,9.90,0.0495,true,1,161045
7290018893647,false,עוגיות סנדוויץ במילוי קרם וניל בציפוי שוקולד 150 גרם צ'וקטה,ש.שסטוביץ בעמ,,צ'וקטה עוגיות סנדביץ,גרמים,150.00,100 גרם,false,,10.90,0.0727,true,1,158437
7290019036234,false,שיני שום קלופות ארוז,ביכורי השדה צפון 1994 ג.ד. בעמ,,שיני שום קלופות 200,גרמים,200.00,100 גרם,false,,13.90,0.0695,true,1,163872
7290019044000,false,"תפו""א לבן ארוז",,,"תפו""א לבן ארוז",קילוגרמים,1.00,"ק""ג",true,,5.90,5.9000,true,1,158168
<<<<<<< HEAD
7290019056065,false,שוופס מוגז עדין פירות יער 1.5 ליטר פיקדון,"יפאורה תבורי בע""\מ",,שוופס מוגז עדין פירו,מיליליטרים,1500.00,"100 מ""ל",false,,8.80,0.0059,true,1,158794
7290019056072,false,שוופס מוגז עדין אננס 1.5 ליטר פיקדון,מיוצר עי קונדיטוריית,,שוופס מוגז עדין אננס,מיליליטרים,1500.00,"100 מ""ל",false,,8.80,0.0059,true,1,158795
7290019056164,false,שוופס סודה 1.5 ליטר רביעייה פיקדון,"יפאורה תבורי בע""\מ",,רביעית שוופס סודה 1.,מיליליטרים,1500.00,"100 מ""ל",false,,12.10,0.0081,true,1,158797
7290019056232,false,משקה מוגז בטעם ליים מוחיטו 1.5 ל' שוופס,"יפאורה תבורי בע""\מ",,שוופס ליים מוחיטו 1.,מיליליטרים,1500.00,"100 מ""ל",false,,9.10,0.0061,true,1,158801
7290019056263,false,שוופס מים בטעמים אפרסק 1.5 ליטר פיקדון,מיוצר עי קונדיטוריית,,מים בטעם אפרסק שוופס,מיליליטרים,1500.00,"100 מ""ל",false,,8.20,0.0055,true,1,158803
7290019056485,false,ספריג תה ירוק לימון לואיזה 1.5 ליטר פיקדון,"יפאורה תבורי בע""\מ",,ספרינג תה ירוק לימון,מיליליטרים,1500.00,"100 מ""ל",false,,8.20,0.0055,true,1,158813
7290019056515,false,פרוט ווטר אננס 1.5 ליטר פיקדון,"יפאורה תבורי בע""\מ",,משקה בטעם אננס פרוט,מיליליטרים,1500.00,"100 מ""ל",false,,8.80,0.0059,true,1,158814
7290019056546,false,פרוט ווטר אבטיח 1.5 ליטר פיקדון,"יפאורה תבורי בע""\מ",,משקה בטעם אבטיח פרוט,מיליליטרים,1500.00,"100 מ""ל",false,,8.80,0.0059,true,1,158816
7290019056553,false,שישיית מים מינרלים עין גדי 2 ליטר,עין גדי מים מינרליים,,מים מינרלים עין גדי,קילוגרמים,12.00,ליטר,false,,13.80,1.1500,true,1,158817
7290019056577,false,משקה קל מנגו ספרינג 1.5 ליטר,"יפאורה תבורי בע""\מ",,ספרינג מנגו 1.5 ליטר,מיליליטרים,1500.00,"100 מ""ל",false,,9.40,0.0063,true,1,158673
7290019056584,false,משקה קל תפוזים ספרינג 1.5 ליטר,"יפאורה תבורי בע""\מ",,משקה קל תפוזים ספרינ,מיליליטרים,1500.00,"100 מ""ל",false,,9.40,0.0063,true,1,158818
7290019056591,false,משקה קל ענבים ספרינג 1.5 ליטר,"יפאורה תבורי בע""\מ",,ספרינג ענבים 1.5 ליט,מיליליטרים,1500.00,"100 מ""ל",false,,9.40,0.0063,true,1,158819
7290019056614,false,משקה קל אפרסק ספרינג 1.5 ליטר,"יפאורה תבורי בע""\מ",,משקה ספרינג אפרסק 1.,מיליליטרים,1500.00,"100 מ""ל",false,,9.10,0.0061,true,1,158820
7290019056621,false,משקה קל פירות טרופיים ספרינג 1.5 ליטר,"יפאורה תבורי בע""\מ",,ספרינג פירות טרופיים,מיליליטרים,1500.00,"100 מ""ל",false,,9.40,0.0063,true,1,158821
7290019056638,false,משקה קל תות בננה ספרינג 1.5 ליטר,"יפאורה תבורי בע""\מ",,ספרינג תות בננה 1.5,מיליליטרים,1500.00,"100 מ""ל",false,,9.40,0.0063,true,1,158822
7290019056645,false,משקה קל אגס תפוח סברס ספרינג 1.5 ליטר,"יפאורה תבורי בע""\מ",,ספרינג אגס סברס תפוח,מיליליטרים,1500.00,"100 מ""ל",false,,9.40,0.0063,true,1,158823
7290019056652,false,משקה קל אננס בננה ספרינג 1.5 ליטר,"יפאורה תבורי בע""\מ",,ספרינג אננס בננה 1.5,מיליליטרים,1500.00,"100 מ""ל",false,,9.40,0.0063,true,1,158824
7290019056959,false,מי עדן 1.5 ליטר בק' בודד פיקדון,"מופק ממקור בזלתי עדן ,1",,מי עדן 1.5 ליטר,מיליליטרים,1500.00,"100 מ""ל",false,,4.50,0.0030,true,1,159537
7290019056966,false,מי עדן בקבוק פיקדון 1.5 ליטר,"מי עדן בע""מ",,מי עדן 1.5 ליטר,מיליליטרים,1500.00,"100 מ""ל",false,,4.50,0.0030,true,1,159538
7290019153085,false,שוופס מוגז ליים מוחיטו ללא סוכר 1.5 ליטר-,"יפאורה תבורי בע""\מ",,שוופס מוחיטו ללא סוכ,מיליליטרים,1500.00,"100 מ""ל",false,,8.90,0.0059,true,1,160038
7290019167020,false,עוגת גבינה עם פירות יער לייט עדן קינוחים 82 גרם,תנובה,,עוגת גבינה עם פירות,גרמים,80.00,100 גרם,false,,6.90,0.0863,true,1,163232
7290019167044,false,קצפת עם קרם בייגלה מתוק מלוח עדן קינוחים 82 גרם,תנובה,,קצפת עם קרם בייגלה מ,גרמים,82.00,100 גרם,false,,6.90,0.0841,true,1,163234
7290019233015,false,רוטב שקשוקה תבשיל ירקות עם שמן זית כתית מעולה 420ג זיתא,זיתא,,רוטב שקשוקה ירוקה זי,גרמים,420.00,100 גרם,false,,13.90,0.0331,true,1,161030
7290019233039,false,רוטב עגבניות עם קוביות פלפלים ושמן זית 420ג' ויסוצקי,דליציה דורה אס.אר.אל,,רוטב שקשוקה קלאסית ז,גרמים,420.00,100 גרם,false,,13.90,0.0331,true,1,161032
7290019297161,false,טורטיה ראפ מקמח תירס שקדיה 450 גרם,דין שיווק,,טורטיה ראפ מקמח תירס,גרמים,450.00,100 גרם,false,,9.90,0.0220,true,1,156114
7290100240137,false,"תרסיס ריחני למייבש כחול בדין 500 מ""ל","זוהר דליה, קיבוץ דליה, 1",,בדין תרסיס למייבש כב,מיליליטרים,500.00,"100 מ""ל",false,,16.90,0.0338,true,1,146528
7290100245231,false,נמס בכוס מרק בטעם עוף עם אטריות ושקדי מרק-2 שקיות,יוניליוור ישראל מזון בע\,,נמס בכוס עוף עם אטרי,גרמים,50.00,100 גרם,false,,6.90,0.1380,true,1,142113
=======
7290019056065,false,שוופס מוגז עדין פירות יער 1.5 ליטר פיקדון,יפאורה - שותפות מוגבלת לשיווק,,שוופס מוגז עדין פירו,מיליליטרים,1500.00,"100 מ""ל",false,,8.80,0.0059,true,1,158794
7290019056072,false,שוופס מוגז עדין אננס 1.5 ליטר פיקדון,יפאורה - שותפות מוגבלת לשיווק,,שוופס מוגז עדין אננס,מיליליטרים,1500.00,"100 מ""ל",false,,8.80,0.0059,true,1,158795
7290019056164,false,שוופס סודה 1.5 ליטר רביעייה פיקדון,יפאורה - שותפות מוגבלת לשיווק,,רביעית שוופס סודה 1.,מיליליטרים,1500.00,"100 מ""ל",false,,12.10,0.0081,true,1,158797
7290019056232,false,משקה מוגז בטעם ליים מוחיטו 1.5 ל' שוופס,יפאורה - שותפות מוגבלת לשיווק,,שוופס ליים מוחיטו 1.,מיליליטרים,1500.00,"100 מ""ל",false,,9.10,0.0061,true,1,158801
7290019056263,false,שוופס מים בטעמים אפרסק 1.5 ליטר פיקדון,יפאורה - שותפות מוגבלת לשיווק,,מים בטעם אפרסק שוופס,מיליליטרים,1500.00,"100 מ""ל",false,,8.20,0.0055,true,1,158803
7290019056485,false,ספריג תה ירוק לימון לואיזה 1.5 ליטר פיקדון,יפאורה - שותפות מוגבלת לשיווק,,ספרינג תה ירוק לימון,מיליליטרים,1500.00,"100 מ""ל",false,,8.20,0.0055,true,1,158813
7290019056515,false,פרוט ווטר אננס 1.5 ליטר פיקדון,יפאורה - שותפות מוגבלת לשיווק,,משקה בטעם אננס פרוט,מיליליטרים,1500.00,"100 מ""ל",false,,8.80,0.0059,true,1,158814
7290019056546,false,פרוט ווטר אבטיח 1.5 ליטר פיקדון,יפאורה - שותפות מוגבלת לשיווק,,משקה בטעם אבטיח פרוט,מיליליטרים,1500.00,"100 מ""ל",false,,8.80,0.0059,true,1,158816
7290019056553,false,שישיית מים מינרלים עין גדי 2 ליטר,יפאורה - שותפות מוגבלת לשיווק,,מים מינרלים עין גדי,קילוגרמים,12.00,ליטר,false,,13.80,1.1500,true,1,158817
7290019056577,false,ספרינג קל מנגו 1.5 ליטר פיקדון,יפאורה - שותפות מוגבלת לשיווק,,ספרינג מנגו 1.5 ליטר,מיליליטרים,1500.00,"100 מ""ל",false,,9.40,0.0063,true,1,158673
7290019056584,false,משקה קל תפוזים ספרינג 1.5 ליטר,יפאורה - שותפות מוגבלת לשיווק,,משקה קל תפוזים ספרינ,מיליליטרים,1500.00,"100 מ""ל",false,,9.40,0.0063,true,1,158818
7290019056591,false,משקה קל ענבים ספרינג 1.5 ליטר,יפאורה - שותפות מוגבלת לשיווק,,ספרינג ענבים 1.5 ליט,מיליליטרים,1500.00,"100 מ""ל",false,,9.40,0.0063,true,1,158819
7290019056614,false,משקה קל ספרינג 1.5 ליטר אפרסק,יפאורה - שותפות מוגבלת לשיווק,,משקה ספרינג אפרסק 1.,מיליליטרים,1500.00,"100 מ""ל",false,,9.10,0.0061,true,1,158820
7290019056621,false,משקה קל פירות טרופיים ספרינג 1.5 ליטר,יפאורה - שותפות מוגבלת לשיווק,,ספרינג פירות טרופיים,מיליליטרים,1500.00,"100 מ""ל",false,,9.40,0.0063,true,1,158821
7290019056638,false,משקה קל תות בננה ספרינג 1.5 ליטר,יפאורה - שותפות מוגבלת לשיווק,,ספרינג תות בננה 1.5,מיליליטרים,1500.00,"100 מ""ל",false,,9.40,0.0063,true,1,158822
7290019056645,false,משקה קל ספרינג 1.5 ליטר אגס תפוח סברס,יפאורה - שותפות מוגבלת לשיווק,,ספרינג אגס סברס תפוח,מיליליטרים,1500.00,"100 מ""ל",false,,9.40,0.0063,true,1,158823
7290019056652,false,משקה קל ספרינג 1.5 ליטר אננס בננה,יפאורה - שותפות מוגבלת לשיווק,,ספרינג אננס בננה 1.5,מיליליטרים,1500.00,"100 מ""ל",false,,9.40,0.0063,true,1,158824
7290019056959,false,מי עדן בקבוק מתכווץ שקט 1.5 מ``ל,יפאורה - שותפות מוגבלת לשיווק,,מי עדן 1.5 ליטר,מיליליטרים,1500.00,"100 מ""ל",false,,4.50,0.0030,true,1,159537
7290019056966,false,מי עדן בקבוק פיקדון 1.5 ליטר,תבורי-שותפות מוגבלת לשיווק,,מי עדן 1.5 ליטר,מיליליטרים,1500.00,"100 מ""ל",false,,4.50,0.0030,true,1,159538
7290019153085,false,שוופס מוגז ליים מוחיטו ללא סוכר 1.5 ליטר-,יפאורה - שותפות מוגבלת לשיווק,,שוופס מוחיטו ללא סוכ,מיליליטרים,1500.00,"100 מ""ל",false,,8.90,0.0059,true,1,160038
7290019167020,false,עוגת גבינה עם פירות יער לייט עדן קינוחים 82 גרם,"תנובה בע""מ ***",,עוגת גבינה עם פירות,גרמים,80.00,100 גרם,false,,6.90,0.0863,true,1,163232
7290019167044,false,קצפת עם קרם בייגלה מתוק מלוח עדן קינוחים 82 גרם,תנובה בעמ ***,,קצפת עם קרם בייגלה מ,גרמים,82.00,100 גרם,false,,6.90,0.0841,true,1,163234
7290019233015,false,רוטב שקשוקה תבשיל ירקות עם שמן זית כתית מעולה 420ג זיתא,תה ויסוצקי (ישראל) בעמ,,רוטב שקשוקה ירוקה זי,גרמים,420.00,100 גרם,false,,13.90,0.0331,true,1,161030
7290019233039,false,רוטב עגבניות עם קוביות פלפלים ושמן זית 420ג' ויסוצקי,תה ויסוצקי (ישראל) בעמ,,רוטב שקשוקה קלאסית ז,גרמים,420.00,100 גרם,false,,13.90,0.0331,true,1,161032
7290019297161,false,טורטיה ראפ מקמח תירס שקדיה 450 גרם,דין שיווק וקליה 2021 בעמ,,טורטיה ראפ מקמח תירס,גרמים,450.00,100 גרם,false,,9.90,0.0220,true,1,156114
7290100240137,false,"תרסיס ריחני למייבש כחול בדין 500 מ""ל",יוניליוור ישראל שיווק בע`מ,,בדין תרסיס למייבש כב,מיליליטרים,500.00,"100 מ""ל",false,,16.90,0.0338,true,1,146528
7290100245231,false,נמס בכוס מרק בטעם עוף עם אטריות ושקדי מרק-2 שקיות,יוניליוור ישראל שיווק בע`מ,,נמס בכוס עוף עם אטרי,גרמים,50.00,100 גרם,false,,6.90,0.1380,true,1,142113
>>>>>>> d048ac2f4f281c9d788043ab4e81b61b0dbe3743
7290100246368,true,מפעל-רוטב אלף האיים,,,מפעל-רוטב אלף האיים,,0.00,,false,,2999.90,0.0000,true,1,138909
7290100410868,true,ליסטרין קולמינט 95 מ,,,ליסטרין קולמינט 95 מ,,0.00,,false,,5.00,0.0000,true,1,135483
7290100680650,false,מנה חמה נודלס-אטריות ירקות טעם תאילנדי אסם 76 ג',קבוצת אוסם סחר שותפות מוגבלת,,מנה חמה נודלס בסגנון,גרמים,76.00,100 גרם,false,,5.90,0.0776,true,1,141532
7290100680711,false,פירורית זהב אסם זהב 350ג',קבוצת אוסם סחר שותפות מוגבלת,,פירורי לחם מוזהבים פ,גרמים,350.00,100 גרם,false,,8.50,0.0243,true,1,141533
7290100680728,false,פירורית רגילה שקית 350 גרם,קבוצת אוסם סחר שותפות מוגבלת,,פירורי לחם לבנים פיר,גרמים,350.00,100 גרם,false,,7.50,0.0214,true,1,145920
7290100683392,true,"טייסטרס צ""ויס 50 גרם",,,"טייסטרס צ""ויס 50 גרם",,0.00,,false,,5.00,0.0000,true,1,136913
<<<<<<< HEAD
7290100684139,false,פסטה מיני מקרוני אסם 500 גרם,פסטה זארה,,פסטה מיני מקרוני 500,גרמים,500.00,100 גרם,false,,5.90,0.0118,true,1,145923
7290100685341,false,אבקת מרק טעם עוף זך רכיבים טבעיים אסם 400 גרם,"אסם השקעות בע""\מ",,מרק בטעם עוף זך מרכי,גרמים,400.00,100 גרם,false,,15.90,0.0398,true,1,142809
7290100700020,false,סוגת גריסי פנינה 500 גרם,האי נאם סי או אל.טי.,,גריסי פנינה סוגת 500,גרמים,500.00,100 גרם,false,,5.90,0.0118,true,1,150449
7290100700273,false,קינואה לבנה 500 ג סו,האי נאם סי או אל.טי.,,קינואה סוגת 500 גרם,גרמים,500.00,100 גרם,false,,13.90,0.0278,true,1,137812
7290100700396,false,"סוגת אורז יסמין קלאסי 1 ק""ג",האי נאם סי או אל.טי.,,אורז יסמין קלאסי סוג,גרמים,1000.00,100 גרם,false,,12.30,0.0123,true,1,137813
7290100700587,false,"בורגול ""סוגת"" 500 גרם",האי נאם סי או אל.טי.,,בורגול סוגת 500 גרם,גרמים,500.00,100 גרם,false,,5.90,0.0118,true,1,135025
=======
7290100684139,false,פסטה מיני מקרוני אסם (500 גרם),קבוצת אוסם סחר שותפות מוגבלת,,פסטה מיני מקרוני 500,גרמים,500.00,100 גרם,false,,5.90,0.0118,true,1,145923
7290100685341,false,אבקת מרק טעם עוף זך רכיבים טבעיים אסם 400 גרם,קבוצת אוסם סחר שותפות מוגבלת,,מרק בטעם עוף זך מרכי,גרמים,400.00,100 גרם,false,,15.90,0.0398,true,1,142809
7290100700020,false,גריסי פנינה סוגת (500 גרם),האי נאם סי או אל.טי.,,גריסי פנינה סוגת 500,גרמים,500.00,100 גרם,false,,5.90,0.0118,true,1,150449
7290100700273,false,קינואה לבנה 500 ג סו,האי נאם סי או אל.טי.,,קינואה סוגת 500 גרם,גרמים,500.00,100 גרם,false,,13.90,0.0278,true,1,137812
7290100700396,false,"סוגת אורז יסמין קלאסי 1 ק""ג",האי נאם סי או אל.טי.,,אורז יסמין קלאסי סוג,גרמים,1000.00,100 גרם,false,,12.30,0.0123,true,1,137813
7290100700587,false,בורגול סוגת (500 גרם),האי נאם סי או אל.טי.,,בורגול סוגת 500 גרם,גרמים,500.00,100 גרם,false,,5.90,0.0118,true,1,135025
>>>>>>> d048ac2f4f281c9d788043ab4e81b61b0dbe3743
7290100702994,false,סוכר דמררה קלאסי בשקית סוגת 500 גרם,"סוגת תעשיות בע""מ",,סוכר דמררה בשקית סוג,גרמים,500.00,100 גרם,false,,5.90,0.0118,true,1,135699
7290100808503,true,"תמר מג""עול 200 גרם",,,"תמר מג""עול 200 גרם",,0.00,,false,,5.00,0.0000,true,1,135458
7290100822531,true,פלסטרים 100 יחידות,,,פלסטרים 100 יחידות,,0.00,,false,,0.00,0.0000,true,1,136483
7290100858592,false,אבקת קקאו עלית שקית 150 ג',הנסיך- מפעל לייצור ט,,שקית קקאו עלית 150 ג,גרמים,150.00,100 גרם,false,,9.90,0.0660,true,1,141795
7290100924723,true,"ג""ל נתלה לאסלה 50 מ""",,,"ג""ל נתלה לאסלה 50 מ""",,0.00,,false,,5.00,0.0000,true,1,137453
7290100924730,true,"ג""ל נתלה לאסלה 50 מ""",,,"ג""ל נתלה לאסלה 50 מ""",,0.00,,false,,5.00,0.0000,true,1,137454
7290101112228,false,מאגדת פופסיקל גלידל פרי אננס 8 יח`,פלקו בעמ חברה ישראלית,,פופסיקל אננס 8,גרמים,640.00,100 גרם,false,,24.90,0.0389,true,1,161414
7290101112723,true,מנבו 3 יחידות,,,מנבו 3 יחידות,,0.00,,false,,5.00,0.0000,true,1,137436
<<<<<<< HEAD
7290101113447,false,עשירייה גלידל מיני קסטה בטעמי שוקו ווניל 270 ג' פלדמן,הגלידות של פלדמן,,עשירייה גלידל מיני ק,גרמים,270.00,100 גרם,false,,29.90,0.1107,true,1,161425
7290101113454,false,מאגדת גלידל יוגורט אפרסק 8 יח 480 גרם,הגלידות של פלדמן,,גלידל יוגורט אפרסק(8,גרמים,480.00,100 גרם,false,,29.90,0.0623,true,1,161426
7290101113751,false,מאגדת שלגון קרמל ושוקולד בלונדי רביעיה * 50 ג' יולו,הגלידות של פלדמן,,מאגדת (4) שלגון יולו,גרמים,200.00,100 גרם,false,,19.90,0.0995,true,1,161436
7290101113768,false,מאגדת שלגון עוגיות ושוקולד חלב רביעיה * 50 ג' יולו,הגלידות של פלדמן,,מאגדת (4) שלגון יולו,גרמים,200.00,100 גרם,false,,19.90,0.0995,true,1,161437
7290101113805,false,מאגדת (5) יופלה שייק פרי תות 70 אחוז פרי 350 גרם,הגלידות של פלדמן,,מאגדת (5) יופלה שייק,גרמים,350.00,100 גרם,false,,20.90,0.0597,true,1,161441
7290101113904,false,מארז מנבו וניל 12 יח' פלדמן,הגלידות של פלדמן,,מנבו וניל 12 יחידות,גרמים,288.00,100 גרם,false,,22.90,0.0795,true,1,163329
=======
7290101113447,false,עשירייה גלידל מיני קסטה בטעמי שוקו ווניל 270 ג' פלדמן,פלקו בעמ חברה ישראלית,,עשירייה גלידל מיני ק,גרמים,270.00,100 גרם,false,,29.90,0.1107,true,1,161425
7290101113454,false,מאגדת גלידל יוגורט אפרסק 8 יח 480 גרם,פלקו בעמ חברה ישראלית,,גלידל יוגורט אפרסק(8,גרמים,480.00,100 גרם,false,,29.90,0.0623,true,1,161426
7290101113751,false,מאגדת שלגון קרמל ושוקולד בלונדי רביעיה * 50 ג' יולו,פלקו בעמ חברה ישראלית,,מאגדת (4) שלגון יולו,גרמים,200.00,100 גרם,false,,19.90,0.0995,true,1,161436
7290101113768,false,מאגדת שלגון עוגיות ושוקולד חלב רביעיה * 50 ג' יולו,פלקו בעמ חברה ישראלית,,מאגדת (4) שלגון יולו,גרמים,200.00,100 גרם,false,,19.90,0.0995,true,1,161437
7290101113805,false,מאגדת (5) יופלה שייק פרי תות 70 אחוז פרי 350 גרם,פלקו בעמ חברה ישראלית,,מאגדת (5) יופלה שייק,גרמים,350.00,100 גרם,false,,20.90,0.0597,true,1,161441
7290101113904,false,מארז מנבו וניל 12 יח' פלדמן,פלקו בעמ חברה ישראלית,,מנבו וניל 12 יחידות,גרמים,288.00,100 גרם,false,,22.90,0.0795,true,1,163329
>>>>>>> d048ac2f4f281c9d788043ab4e81b61b0dbe3743
7290101482208,true,משקה אורז אורגני 1 ל,,,משקה אורז אורגני 1 ל,,0.00,,false,,5.00,0.0000,true,1,136864
7290101484080,true,משקה אורז בטעם וניל,,,משקה אורז בטעם וניל,,0.00,,false,,5.00,0.0000,true,1,136917
7290101501176,false,פלפלונים רמי לוי,ביכורי השדה צפון 1994 ג.ד. בעמ,,פלפלונים רמי לוי,Unknown,1.00,יחידה,false,,9.90,9.9000,true,1,149429
7290101501305,false,מלפפונים קטנים ארוזי,ביכורי השדה הצפון בעמ` 1964,,מלפפון בייבי רמי לוי,Unknown,1.00,יחידה,false,,9.90,9.9000,true,1,149430
7290101551300,false,סילאן טבעי ללא תוספת סוכר בקבוק לחיץ,מכוורת יד מרדכי שטראוס ב,,סילאן טבעי לחיץ 380,גרמים,380.00,100 גרם,false,,14.90,0.0392,true,1,143673
7290101551614,false,חטיף צ'יטוס קראנץ בטעם גבינה - מארז 8 יח',"שטראוס פריטו ליי בע""מ )פ",,חטיף צ'יטוס קראנץ' ג,גרמים,240.00,100 גרם,false,,14.90,0.0621,true,1,145032
<<<<<<< HEAD
7290101863410,false,"סיליט באנג ספריי ניקוי עוצמתי מכיל אקונומיקה 750 מ""ל",סיליט באנג Cillit Bang,,סיליט ניקוי עוצמתי מ,מיליליטרים,750.00,"100 מ""ל",false,,14.90,0.0199,true,1,147855
7290101865261,false,"פיניש נוזל הברקה למדיח 800 מ""ל",רקיט בנקיזר,,נוזל הברקה למדיח פינ,מיליליטרים,800.00,"100 מ""ל",false,,21.90,0.0274,true,1,143403
7290101866633,false,וניש קליה גל להסרת כתמים 3 ליטר אוקסיפרש,קליה וניש Kalia Vanish,,קליה ג'ל מסיר כתמים,מיליליטרים,3000.00,"100 מ""ל",false,,29.90,0.0100,true,1,147857
7290101869702,false,"ג 'ל פיניש AIO MAX מרוכז למדיח 600מ""ל",פיניש רקיט בנקיזר,,ג'ל מרוכז למדיח פיני,מיליליטרים,600.00,"100 מ""ל",false,,34.90,0.0582,true,1,156224
7290101869788,false,"אירוויק ספריי אוטומטי מילוי בניחוח אואזיס 250 מ""ל*",איירוויק Air Wick,,מילוי מבשם אויר אטומ,מיליליטרים,250.00,"100 מ""ל",false,,15.90,0.0636,true,1,156227
7290101869795,false,"מטהר אוויר אירוויק ספריי מילוי חלום ליל קיץ 250 מ""ל",איירוויק Air Wick,,מילוי מבשם אויר אטומ,מיליליטרים,250.00,"100 מ""ל",false,,15.90,0.0636,true,1,156228
=======
7290101863410,false,"סיליט באנג ספריי ניקוי עוצמתי מכיל אקונומיקה 750 מ""ל",רקיט בנקיזר (ניר איסט) בעמ,,סיליט ניקוי עוצמתי מ,מיליליטרים,750.00,"100 מ""ל",false,,14.90,0.0199,true,1,147855
7290101865261,false,נוזל הברקה למדיח כלים פיניש (800 מל),רקיט בנקיזר (ניר איסט) בעמ,,נוזל הברקה למדיח פינ,מיליליטרים,800.00,"100 מ""ל",false,,21.90,0.0274,true,1,143403
7290101866633,false,וניש קליה גל להסרת כתמים 3 ליטר אוקסיפרש,רקיט בנקיזר (ניר איסט) בעמ,,קליה ג'ל מסיר כתמים,מיליליטרים,3000.00,"100 מ""ל",false,,29.90,0.0100,true,1,147857
7290101869702,false,ג`ל למדיח כלים All in 1 פיניש (600 מל),רקיט בנקיזר (ניר איסט) בעמ,,ג'ל מרוכז למדיח פיני,מיליליטרים,600.00,"100 מ""ל",false,,34.90,0.0582,true,1,156224
7290101869788,false,"אירוויק ספריי אוטומטי מילוי בניחוח אואזיס 250 מ""ל*",רקיט בנקיזר (ניר איסט) בעמ,,מילוי מבשם אויר אטומ,מיליליטרים,250.00,"100 מ""ל",false,,15.90,0.0636,true,1,156227
7290101869795,false,"מטהר אוויר אירוויק ספריי מילוי חלום ליל קיץ 250 מ""ל",רקיט בנקיזר (ניר איסט) בעמ,,מילוי מבשם אויר אטומ,מיליליטרים,250.00,"100 מ""ל",false,,15.90,0.0636,true,1,156228
>>>>>>> d048ac2f4f281c9d788043ab4e81b61b0dbe3743
7290101920038,true,מפעל-סולו אקונומיקה,,,מפעל-סולו אקונומיקה,,0.00,,false,,2999.90,0.0000,true,1,139375
7290101920359,true,אשפתון 75/90 שחור50,,,אשפתון 75/90 שחור50,,0.00,,false,,0.00,0.0000,true,1,135766
7290101921226,true,קופיקס - כפפות ניילו,,,קופיקס - כפפות ניילו,,0.00,,false,,0.00,0.0000,true,1,135772
7290102030330,false,תפוצ`יפס אקסטרא מקסיקני 200 גרם +20 תו,"שטראוס פריטו ליי בע""\מ )",,תפוצ'פס קראנצ מקסיקנ,גרמים,200.00,100 גרם,false,,10.90,0.0545,true,1,142316
7290102031276,false,מארז 8 יחידות אקטימל משקה יוגורט בטעם תות בננה,שטראוס גרופ בעמ/מצונן,,אקטימל תות בננה 8*10,מיליליטרים,800.00,"100 מ""ל",false,,20.90,0.0261,true,1,142551
7290102032334,false,אבקה להכנת משקה קפה בטעם וניל,שטראוס קפה בי.וי,,קפה נמס וניל 200 גרם,גרמים,200.00,100 גרם,false,,21.90,0.1095,true,1,143674
7290102138260,true,צילון מתקפל לרכב,,,צילון מתקפל לרכב,,0.00,,false,,5.00,0.0000,true,1,139100
7290102302260,false,גבינת גרנה פדנו 200 גרם,הנסיך- מפעל לייצור ט,,גרנה פדנו 200 גרם,גרמים,200.00,100 גרם,false,,29.90,0.1495,true,1,143311
7290102392728,false,מולר ביאנקו נטורל יוגורט טבעי 2.8%,*החברה המרכזית להפצת משקאותבעמ,,יוגורט ביו נטורל טבע,מיליליטרים,200.00,"100 מ""ל",false,,4.00,0.0200,true,1,148522
7290102393060,false,"יוגורט ביו קרמי מיקס גלילי ופל ואגוזים 5.9% מולר 170 מ""ל",*החברה המרכזית להפצת משקאותבעמ,,יוגורט מיקס גלילי וו,גרמים,170.00,100 גרם,false,,5.90,0.0347,true,1,137881
7290102393169,false,"יוגורט סימפלי פרוט בטעם תות 3% מולר 150 מ""ל",*החברה המרכזית להפצת משקאותבעמ,,יוגורט סימפלי פרוט ת,גרמים,150.00,100 גרם,false,,5.10,0.0340,true,1,145420
7290102393176,false,סימפלי פרוט יוגורט אפרסק 3% שומן 150 ג' מולר,*החברה המרכזית להפצת משקאותבעמ,,יוגורט סימפלי פרוט א,מיליליטרים,150.00,"100 מ""ל",false,,5.10,0.0340,true,1,145421
7290102393718,false,גבינת חלומי מחלב בקר 28% משק צוריאל 200 גרם,החברה המרכזית טלהפצת משקאות בע,,גבינת חלומי מחלב בקר,גרמים,200.00,100 גרם,false,,19.90,0.0995,true,1,155433
7290102395446,false,מעדן חלב בטעם וניל עם קצפת 123 ג' טרה,*החברה המרכזית להפצת משקאותבעמ,,מוו וניל וקצפת 123 ג,גרמים,123.00,100 גרם,false,,2.90,0.0236,true,1,153765
7290102395477,false,מעדן חלב בטעם שוקולד עם קצפת 123 ג' טרה,החברה המרכזית טלהפצת משקאות בע,,מוו שוקולד קצפת 123,גרמים,123.00,100 גרם,false,,2.90,0.0236,true,1,153766
7290102396443,false,מעדן בטעם וניל 1.5% שומן מוו (125 גרם),*החברה המרכזית להפצת משקאותבעמ,,מוו מעדן חלב וניל 1.,גרמים,125.00,100 גרם,false,,2.90,0.0232,true,1,154010
7290102396580,false,מעדן מוו שוקולד ומוס שוקולד טרה 118 גרם,החברה המרכזית טלהפצת משקאות בע,,מעדן מוו שוקולד ומוס,גרמים,118.00,100 גרם,false,,2.90,0.0246,true,1,137889
7290102397334,false,גבינה בולגרית גלילית 5% משק צוריאל 250 גרם,החברה המרכזית טלהפצת משקאות בע,,בולגרית גלילית 5% 25,גרמים,250.00,100 גרם,false,,22.50,0.0900,true,1,145428
7290102397891,false,גבינה ניו יורק מותכת %16 4*25 גרם,החברה המרכזית טלהפצת משקאות בע,,גבינה מותכת 100 גרם,גרמים,100.00,100 גרם,false,,7.70,0.0770,true,1,146862
7290102398065,false,חלב טרה בקרטון 2 ליטר מהדרין 3% - מוצר בפיקוח,החברה המרכזית טלהפצת משקאות בע,,חלב בקרטון 3% מהדרין,מיליליטרים,2000.00,"100 מ""ל",false,,12.46,0.0062,true,1,153930
7290102398782,false,.משקה סויה קלאסי 1ל בקבוק משק צוריא,החברה המרכזית טלהפצת משקאות בע,,משקה סויה קלאסי צורי,מיליליטרים,1000.00,"100 מ""ל",false,,10.90,0.0109,true,1,147284
7290103124601,false,"תחליב רחצה נוזל חלב ודבש משאבה 750מ""ל פלמוליב",הנסיך- מפעל לייצור ט,,תחליב רחצה חלב דבש מ,מיליליטרים,750.00,"100 מ""ל",false,,23.90,0.0319,true,1,153283
7290103404758,false,סלט כרוב אדום במיונז אחלה 120 גרם,שטראוס גרופ בעמ/מצונן,,סלט כרוב אחלה 120 גר,גרמים,120.00,100 גרם,false,,4.90,0.0408,true,1,144587
7290103702533,false,מגבות נייר כפול 6 יח רמילוי,,,מגבות נייר כפול 6 יח,Unknown,6.00,יחידה,false,,19.90,3.3167,true,1,147009
7290103702939,false,נייר טואלט גליל כפול 16 רמילוי,,,נייר טואלט רמי לוי 1,Unknown,16.00,יחידה,false,,29.90,1.8687,true,1,144793
7290103704162,false,נייר טואלט טאצ' 32 גלילים מהדורה 2021,שניב תעשיות נייר בעמ,,נייר טואלט טאצ' 32 י,Unknown,32.00,יחידה,false,,31.90,0.9969,true,1,155738
7290104008955,true,חומץ בלסמי 0.5 ליטר,,,חומץ בלסמי 0.5 ליטר,,0.00,,false,,0.00,0.0000,true,1,136563
<<<<<<< HEAD
7290104061417,false,סלט חומוס עם טחינה אחלה 400 גרם,"שטראוס גרופ בע""\מ",,סלט חומוס וטחינה אחל,גרמים,400.00,100 גרם,false,,10.90,0.0273,true,1,144588
7290104061424,false,סלט חומוס עם זעתר אחלה 400 גרם,מיוצר עי קונדיטוריית,,סלט חומוס וזעתר אחלה,גרמים,400.00,100 גרם,false,,10.90,0.0273,true,1,143841
7290104061431,false,סלט חומוס עם צנובר אחלה 400 גרם,"שטראוס גרופ בע""\מ",,חומוס עם צנובר אחלה,גרמים,400.00,100 גרם,false,,10.90,0.0273,true,1,144589
7290104061448,false,סלט חומוס עם חריף אחלה 400 גרם,מיוצר עי קונדיטוריית,,סלט חומוס וחריף אחלה,גרמים,400.00,100 גרם,false,,10.90,0.0273,true,1,144590
7290104066566,false,טחינה שומשום מלא אחלה 500 גר',מיוצר עי קונדיטוריית,,טחינה 500 גרם,גרמים,500.00,100 גרם,false,,14.90,0.0298,true,1,143842
7290104067693,false,אחלה חומוס עם חריף 150 גרם,מיוצר עי קונדיטוריית,,חומוס חריף אחלה 150,גרמים,150.00,100 גרם,false,,5.50,0.0367,true,1,143843
7290104068539,false,מאסט פליפטופ מלון ואבטיח ללא גרעינים,"שטראוס גרופ בע""מ",,מאסט מלון אבטיח כשלפ,גרמים,28.00,100 גרם,false,,4.50,0.1607,true,1,136188
7290104068546,false,גומי מאסט בטעם לימון קולה ללא סוכר 28 ג' עלית,"שטראוס גרופ בע""מ",,מאסט קולה לימון ללא,גרמים,28.00,100 גרם,false,,4.50,0.1607,true,1,136189
7290104500572,false,אפרופו חטיף תירס איטליאנו אסם 50 גרם,מיוצר עי קונדיטוריית,,אפרופו איטליאנו אסם,גרמים,50.00,100 גרם,false,,4.90,0.0980,true,1,141546
7290104570131,false,תמר מג'הול ששון ושות,,,תמר מג'הול ששון ושות,Unknown,1.00,יחידה,false,,19.90,19.9000,true,1,147728
7290104570513,false,"תמר מגהול כחול 1 ק""",פרי וירק טמרה ושותפי,,"תמר מג'הול 1 ק""ג",גרמים,1000.00,100 גרם,false,,19.90,0.0199,true,1,142380
7290104726712,false,מארז 8 יחידות מעדן מילקי בטעם שוקולד עם קצפת,"שטראוס גרופ בע""\מ",,מארז 8 מילקי בטעם שו,גרמים,1064.00,100 גרם,false,,19.90,0.0187,true,1,144592
7290104728310,false,"שמנת מתוקה עמידה 38% שומן ""יטבתה"" -מוצר בפיקוח",שטראוס גרופ,,שמנת להקצפה 38% יטבת,מיליליטרים,250.00,"100 מ""ל",false,,6.47,0.0259,true,1,143848
7290105360755,false,"שמן זית 3 חזק 750 מ""ל יד מרדכי",מכוורת יד מרדכי שטראוס ב,,"שמן זית 3 חזק 750 מ""",מיליליטרים,750.00,"100 מ""ל",false,,33.90,0.0452,true,1,143678
7290105362339,false,"שמנת לבישול 15% 250 מ""ל יטבתה מהדרין",שטראוס גרופ,,שמנת לבישול 15% יטבת,מיליליטרים,250.00,"100 מ""ל",false,,7.90,0.0316,true,1,143849
7290105363602,false,מקלות כיף כף קלאסי עלית 40 גרם,שולן צ'\יקולטה גידה סאן.,,כיף כף מקלות קלאסי 4,גרמים,40.00,100 גרם,false,,4.90,0.1225,true,1,140156
=======
7290104061417,false,סלט חומוס עם טחינה אחלה 400 גרם,שטראוס גרופ בעמ/מצונן,,סלט חומוס וטחינה אחל,גרמים,400.00,100 גרם,false,,10.90,0.0273,true,1,144588
7290104061424,false,סלט חומוס עם זעתר אחלה 400 גרם,שטראוס גרופ בעמ/מצונן,,סלט חומוס וזעתר אחלה,גרמים,400.00,100 גרם,false,,10.90,0.0273,true,1,143841
7290104061431,false,סלט חומוס עם צנובר אחלה 400 גרם,שטראוס גרופ בעמ/מצונן,,חומוס עם צנובר אחלה,גרמים,400.00,100 גרם,false,,10.90,0.0273,true,1,144589
7290104061448,false,סלט חומוס עם חריף אחלה 400 גרם,שטראוס גרופ בעמ/מצונן,,סלט חומוס וחריף אחלה,גרמים,400.00,100 גרם,false,,10.90,0.0273,true,1,144590
7290104066566,false,סלט טחינה שומשום מלא 500גר אחלה,שטראוס גרופ בעמ/מצונן,,טחינה 500 גרם,גרמים,500.00,100 גרם,false,,14.90,0.0298,true,1,143842
7290104067693,false,חומוס אחלה עם תוספת חריף 150 גר,שטראוס גרופ בעמ/מצונן,,חומוס חריף אחלה 150,גרמים,150.00,100 גרם,false,,5.50,0.0367,true,1,143843
7290104068539,false,מאסט פליפטופ מלון ואבטיח ללא גרעינים,שטראוס גרופ בע`מ,,מאסט מלון אבטיח כשלפ,גרמים,28.00,100 גרם,false,,4.50,0.1607,true,1,136188
7290104068546,false,גומי מאסט בטעם לימון קולה ללא סוכר 28 ג' עלית,שטראוס גרופ בע`מ,,מאסט קולה לימון ללא,גרמים,28.00,100 גרם,false,,4.50,0.1607,true,1,136189
7290104500572,false,אפרופו חטיף תירס איטליאנו אסם 50 גרם,קבוצת אוסם סחר-שות.מוגבלת,,אפרופו איטליאנו אסם,גרמים,50.00,100 גרם,false,,4.90,0.0980,true,1,141546
7290104570131,false,תמר מג'הול ששון ושות,,,תמר מג'הול ששון ושות,Unknown,1.00,יחידה,false,,19.90,19.9000,true,1,147728
7290104570513,false,"תמר מגהול כחול 1 ק""",ביכורי השדה הצפון בעמ` 1964,,"תמר מג'הול 1 ק""ג",גרמים,1000.00,100 גרם,false,,19.90,0.0199,true,1,142380
7290104726712,false,מארז 8 יחידות מעדן מילקי בטעם שוקולד עם קצפת,שטראוס גרופ בעמ/מצונן,,מארז 8 מילקי בטעם שו,גרמים,1064.00,100 גרם,false,,19.90,0.0187,true,1,144592
7290104728310,false,"שמנת מתוקה עמידה 38% שומן ""יטבתה"" -מוצר בפיקוח",שטראוס גרופ בעמ/מצונן,,שמנת להקצפה 38% יטבת,מיליליטרים,250.00,"100 מ""ל",false,,6.47,0.0259,true,1,143848
7290105360755,false,שמן זית כתית מעולה חזק750 מל,מכוורת יד מרדכי שטראוס ב,,"שמן זית 3 חזק 750 מ""",מיליליטרים,750.00,"100 מ""ל",false,,33.90,0.0452,true,1,143678
7290105362339,false,"שמנת לבישול 15% 250 מ""ל יטבתה מהדרין",שטראוס גרופ בעמ/מצונן,,שמנת לבישול 15% יטבת,מיליליטרים,250.00,"100 מ""ל",false,,7.90,0.0316,true,1,143849
7290105363602,false,מקלות כיף כף קלאסי עלית (40 גרם),שולן צ'\יקולטה גידה סאן.,,כיף כף מקלות קלאסי 4,גרמים,40.00,100 גרם,false,,4.90,0.1225,true,1,140156
>>>>>>> d048ac2f4f281c9d788043ab4e81b61b0dbe3743
7290105364289,false,מקלות כיף כף פצפוצים עלית 40 גרם,שולן צ'\יקולטה גידה סאן.,,כיף כף מקלות פצפוצים,גרמים,40.00,100 גרם,false,,4.90,0.1225,true,1,140157
7290105364302,false,"עלית חטיף שוקולד כיף כף מקלות אגוזים, 40 גרם",שולן צ'\יקולטה גידה סאן.,,כיף כף מקלות אגוזים,גרמים,40.00,100 גרם,false,,4.90,0.1225,true,1,140158
7290105366047,false,טחינה לבנה אחלה (400 גרם),שטראוס גרופ בעמ/מצונן,,טחינה לבנה 400 גר,גרמים,400.00,100 גרם,false,,15.90,0.0398,true,1,144593
7290105366993,false,סימפוניה גבינת שמנת פלפל שיפקה 5% שטראוס 200 גרם,שטראוס גרופ בעמ/מצונן,,גבינת סימפוניה פילפל,גרמים,200.00,100 גרם,false,,11.00,0.0550,true,1,143851
7290105368225,false,חומוס עם פלפל שיפקה אחלה (400 גרם),שטראוס גרופ בעמ/מצונן,,חומוס עם פלפל שיפקה,גרמים,400.00,100 גרם,false,,10.90,0.0273,true,1,143852
7290105368331,false,מעדן מילקי בטעם תות עם קצפת,שטראוס גרופ בעמ/מצונן,,מילקי תות שטראוס 133,גרמים,133.00,100 גרם,false,,2.90,0.0218,true,1,142553
7290105369451,false,צ'יטוס דולפינים בטעם גבינה 55 גרם,שטראוס פריטו ליי בעמ,,ציטוס דולפינים 55 גר,גרמים,55.00,100 גרם,false,,3.50,0.0636,true,1,150315
7290105439505,false,מאסטר שף קרם בטעם מיונז לייט 479 גר כשלפ,רמיה סי.וי. הולנד,,מאסטר שף קרם בטעם מי,גרמים,521.00,100 גרם,false,,11.90,0.0228,true,1,153306
7290105500625,true,"ג""ין בומביי ספייר70",,,"ג""ין בומביי ספייר70",,0.00,,false,,0.00,0.0000,true,1,140431
7290105690739,true,מרק נמס עגבניות עם א,,,מרק נמס עגבניות עם א,,0.00,,false,,0.00,0.0000,true,1,136465
7290105691934,false,קמח שמרים אסם 1 קילו,קבוצת אוסם סחר שותפות מוגבלת,,קמח שמרים אסם 1 קילו,גרמים,1000.00,100 גרם,false,,9.90,0.0099,true,1,141534
7290105693341,false,מארז עשיריית במבה אסם 25*10 גרם,קבוצת אוסם סחר שותפות מוגבלת,,חטיף בוטנים במבה 10*,גרמים,250.00,100 גרם,false,,14.90,0.0596,true,1,145234
7290105693952,false,פירורית זהב אסם זהב שומשום 200 ג',קבוצת אוסם סחר שותפות מוגבלת,,אסם פירורית זהב שומש,גרמים,200.00,100 גרם,false,,6.40,0.0320,true,1,145930
7290105962331,false,סחוג תימני אדום חריף מאוד זהבי הכרם 220 גרם,שטראוס גרופ בעמ/מצונן,,סחוג חריף מאד זהבי 2,גרמים,220.00,100 גרם,false,,10.90,0.0495,true,1,143856
7290105964564,false,חומוס אחלה 400 גרם. שטראוס,שטראוס גרופ בעמ/מצונן,,סלט חומוס אחלה 400 ג,גרמים,400.00,100 גרם,false,,8.50,0.0213,true,1,144597
7290105965738,false,יוגורט לשתיה בטעם תות בננה267 ג' דנונה,שטראוס גרופ בעמ/מצונן,,יוגורט לשתיה 1.5 תות,מיליליטרים,267.00,"100 מ""ל",false,,4.80,0.0180,true,1,137069
7290105968098,false,סלט קולסלאו אחלה (500 גרם),שטראוס גרופ בעמ/מצונן,,קולסלאו 500 גרם,גרמים,500.00,100 גרם,false,,15.90,0.0318,true,1,143858
7290105968654,false,רביולי עם בטטה פרווה שטראוס (400 גרם),שטראוס גרופ בעמ/מצונן,,רביולי בטטה פרווה 40,גרמים,400.00,100 גרם,false,,19.80,0.0495,true,1,138440
7290105968777,false,פריכיות 5 דגנים עם תחתית שוקולד מריר 70 גרם,"טחנת האבן תעשיות בע""",,פריכיות 5 דגנים תחתי,גרמים,70.00,100 גרם,false,,8.00,0.1143,true,1,155230
7290106265066,true,אקסטרא מגבונים לניקו,,,אקסטרא מגבונים לניקו,,0.00,,false,,5.00,0.0000,true,1,137632
7290106410251,true,"ג""לי בינס 100 גרם",,,"ג""לי בינס 100 גרם",,0.00,,false,,5.00,0.0000,true,1,134953
7290106411524,true,ממתק חמוץ ומסוכר בטע,,,ממתק חמוץ ומסוכר בטע,,0.00,,false,,5.00,0.0000,true,1,134956
7290106411890,true,ממתק שטיח בטעם קולה,,,ממתק שטיח בטעם קולה,,0.00,,false,,5.00,0.0000,true,1,137039
7290106411913,true,ממתק חמוץ ומסוכר בטע,,,ממתק חמוץ ומסוכר בטע,,0.00,,false,,5.00,0.0000,true,1,134957
7290106411937,true,ממתק חמוץ ומסוכר בטע,,,ממתק חמוץ ומסוכר בטע,,0.00,,false,,5.00,0.0000,true,1,134958
7290106411999,true,ממתק חמוץ ומסוכר בטע,,,ממתק חמוץ ומסוכר בטע,,0.00,,false,,5.00,0.0000,true,1,136876
7290106414051,true,סוכריות גומי דובונים,,,סוכריות גומי דובונים,,0.00,,false,,5.00,0.0000,true,1,135082
7290106415508,true,מטבעות שוקולד,,,מטבעות שוקולד,,0.00,,false,,5.00,0.0000,true,1,135664
7290106520066,false,"רבע לשבע שוקולד חלב במילוי אגוזים עלית 160 גרם בד""צ","הגביע מוצרי וופלים בע""\מ",,רבע לשבע קרם אגוזים,גרמים,160.00,100 גרם,false,,10.90,0.0681,true,1,141800
<<<<<<< HEAD
7290106520912,false,"שמנת 9% לבישול יטבתה 250 מ""ל מהדרין",שטראוס גרופ,,שמנת לבישול 9% יטבתה,מיליליטרים,250.00,"100 מ""ל",false,,7.90,0.0316,true,1,143860
7290106521049,false,אחלה טעמי השוק קוביות סלק 400 גר,מיוצר עי קונדיטוריית,,קוביות סלק 400,גרמים,400.00,100 גרם,false,,15.90,0.0398,true,1,143861
7290106524439,false,"תפוצ'יפס פופס 60 גרם ""עלית""","שטראוס פריטו ליי בע""\מ )",,תפוצ'יפס פופס 60 גרם,גרמים,60.00,100 גרם,false,,4.00,0.0667,true,1,140843
7290106525382,false,קפה טורקי עלית 125 גר,עלית,,קפה טורקי עלית 125 ג,גרמים,125.00,100 גרם,false,,9.90,0.0792,true,1,142757
7290106526822,false,פריכיות אורז חום מלא תחתית שוקולד חלב 80 גרם,"טחנת האבן תעשיות בע""",,פריכיות אורז חום מלא,גרמים,80.00,100 גרם,false,,8.00,0.1000,true,1,141801
7290106528628,false,"דוריטוס טבעי 185 גרם ""עלית""","שטראוס פריטו ליי בע""\מ )",,דוריטוס טבעי 185 גרם,גרמים,185.00,100 גרם,false,,7.90,0.0427,true,1,142366
7290106573314,false,חטיף קריספי בטעם כפרי 150 ג' אסם,מיוצר עי קונדיטוריית,,אסם קריספי טאפאס כפר,גרמים,150.00,100 גרם,false,,11.90,0.0793,true,1,145937
7290106573628,false,צבר חומוס עם טחינה 400 גרם,סלטי צבר,,חומוס עם טחינה צבר 4,גרמים,400.00,100 גרם,false,,11.90,0.0298,true,1,141536
7290106574793,false,עוגת הבית בטעם שוקו-שוקוצ'יפס 350 ג' אסם,מיוצר עי קונדיטוריית,,עוגת הבית שוקו שוקוצ,גרמים,350.00,100 גרם,false,,11.90,0.0340,true,1,145941
7290106574953,false,בייגלה שטוחים כעכים שטוחים עם שומשום,מיוצר עי קונדיטוריית,,בייגלה שטוחים שומשום,גרמים,300.00,100 גרם,false,,9.90,0.0330,true,1,148051
7290106576223,false,"אפרופו שוקולד 40 גרם ""אסם""",מיוצר עי קונדיטוריית,,אפרופו שוקולד כלפ 40,גרמים,40.00,100 גרם,false,,4.90,0.1225,true,1,148057
7290106576513,false,סלט חומוס צבר 400 גר,סלטי צבר,,חומוס חלק צבר 400 גר,גרמים,400.00,100 גרם,false,,9.90,0.0248,true,1,141549
7290106576537,false,חומוס מסעדות צבר 700 גרם,סלטי צבר,,חומוס מסעדה צבר 700,גרמים,700.00,100 גרם,false,,10.90,0.0156,true,1,138771
7290106577282,false,טחינה אמיתית מרובע 400 ג' צבר,סלטי צבר,,סלט טחינה צבר 400 גר,גרמים,400.00,100 גרם,false,,12.90,0.0323,true,1,141539
7290106577541,false,צבר כרוב אדום מרובע 400גרם,סלטי צבר,,סלט כרוב אדום צבר 40,גרמים,400.00,100 גרם,false,,12.90,0.0323,true,1,141542
7290106578692,false,ביסלי במבה מיקס מהדורת אליפות אסם 80 גרם,פרו מן יו פתרונות אר,,במבה ביסלי מיקס 80 ג,גרמים,80.00,100 גרם,false,,4.90,0.0613,true,1,151773
7290106653504,false,סבבה בוטנים אמריקאים ברביקיו 50 גרם,"שטראוס פריטו ליי בע""",,בוטנים אמריקאים ברבי,גרמים,50.00,100 גרם,false,,2.90,0.0580,true,1,138699
=======
7290106520912,false,שמנת לבישול 9% שומן 258גר מהדרין יטבתה,שטראוס גרופ בעמ/מצונן,,שמנת לבישול 9% יטבתה,מיליליטרים,250.00,"100 מ""ל",false,,7.90,0.0316,true,1,143860
7290106521049,false,אחלה טעמי השוק קוביות סלק 400 גר,שטראוס גרופ בעמ/מצונן,,קוביות סלק 400,גרמים,400.00,100 גרם,false,,15.90,0.0398,true,1,143861
7290106524439,false,"תפוצ'יפס פופס 60 גרם ""עלית""","שטראוס פריטו ליי בע""\מ )",,תפוצ'יפס פופס 60 גרם,גרמים,60.00,100 גרם,false,,4.00,0.0667,true,1,140843
7290106525382,false,קפה טורקי עלית 125 גר,עלית,,קפה טורקי עלית 125 ג,גרמים,125.00,100 גרם,false,,9.90,0.0792,true,1,142757
7290106526822,false,פריכיות אורז חום מלא תחתית שוקולד חלב 80 גרם,"טחנת האבן תעשיות בע""",,פריכיות אורז חום מלא,גרמים,80.00,100 גרם,false,,8.00,0.1000,true,1,141801
7290106528628,false,חטיף תירס בטעם טבעי דוריטוס (185 גרם),"שטראוס פריטו ליי בע""\מ )",,דוריטוס טבעי 185 גרם,גרמים,185.00,100 גרם,false,,7.90,0.0427,true,1,142366
7290106573314,false,חטיף קריספי בטעם כפרי 150 ג' אסם,קבוצת אוסם סחר שותפות מוגבלת,,אסם קריספי טאפאס כפר,גרמים,150.00,100 גרם,false,,11.90,0.0793,true,1,145937
7290106573628,false,חומוס עם טחינה צבר (400 גרם),קבוצת אוסם סחר שותפות מוגבלת,,חומוס עם טחינה צבר 4,גרמים,400.00,100 גרם,false,,11.90,0.0298,true,1,141536
7290106574793,false,עוגת הבית בטעם שוקו-שוקוצ'יפס 350 ג' אסם,קבוצת אוסם סחר שותפות מוגבלת,,עוגת הבית שוקו שוקוצ,גרמים,350.00,100 גרם,false,,11.90,0.0340,true,1,145941
7290106574953,false,בייגלה שטוחים כעכים שטוחים עם שומשום,קבוצת אוסם סחר שותפות מוגבלת,,בייגלה שטוחים שומשום,גרמים,300.00,100 גרם,false,,9.90,0.0330,true,1,148051
7290106576223,false,"אפרופו שוקולד 40 גרם ""אסם""",קבוצת אוסם סחר שותפות מוגבלת,,אפרופו שוקולד כלפ 40,גרמים,40.00,100 גרם,false,,4.90,0.1225,true,1,148057
7290106576513,false,סלט רק חומוס צבר 400 גרם,קבוצת אוסם סחר שותפות מוגבלת,,חומוס חלק צבר 400 גר,גרמים,400.00,100 גרם,false,,9.90,0.0248,true,1,141549
7290106576537,false,חומוס מסעדות צבר 700 גרם,קבוצת אוסם סחר שותפות מוגבלת,,חומוס מסעדה צבר 700,גרמים,700.00,100 גרם,false,,10.90,0.0156,true,1,138771
7290106577282,false,טחינה אמיתית מרובע 400 ג' צבר,קבוצת אוסם סחר-שות.מוגבלת,,סלט טחינה צבר 400 גר,גרמים,400.00,100 גרם,false,,12.90,0.0323,true,1,141539
7290106577541,false,צבר כרוב אדום מרובע 400גרם,קבוצת אוסם סחר-שות.מוגבלת,,סלט כרוב אדום צבר 40,גרמים,400.00,100 גרם,false,,12.90,0.0323,true,1,141542
7290106578692,false,ביסלי במבה מיקס מהדורת אליפות אסם 80 גרם,קבוצת אוסם סחר שותפות מוגבלת,,במבה ביסלי מיקס 80 ג,גרמים,80.00,100 גרם,false,,4.90,0.0613,true,1,151773
7290106653504,false,סבבה בוטנים אמריקאים ברביקיו 50 גרם,שטראוס פריטו ליי בע`מ,,בוטנים אמריקאים ברבי,גרמים,50.00,100 גרם,false,,2.90,0.0580,true,1,138699
>>>>>>> d048ac2f4f281c9d788043ab4e81b61b0dbe3743
7290106655638,true,דוריטוס נאפוליטנה סו,,,דוריטוס נאפוליטנה סו,,0.00,,false,,5.00,0.0000,true,1,136087
7290106656734,false,"עוגיות חיוכים וניל עלית 600 גרם בד""צ",אפיפית נצרת תעשיות ב,,חיוכים וניל 600 גרם,גרמים,600.00,100 גרם,false,,17.90,0.0298,true,1,143685
7290106658707,true,מארז 4 אקטיביה 0% או,,,מארז 4 אקטיביה 0% או,,0.00,,false,,0.00,0.0000,true,1,136522
7290106662025,false,תפוציפס טבעי מלח ופלפל 50 גרם,שטראוס פריטו ליי בע`מ,,תפוצ'יפס מלח פלפל 50,גרמים,50.00,100 גרם,false,,4.00,0.0800,true,1,147192
7290106663121,false,"עוגה אישית במילוי קרם חלב ""מילקי קייק"" שטראוס",בובארד איטליה אס.פי.איי,,מילקי קייק 34 גרם,גרמים,34.00,100 גרם,false,,2.90,0.0853,true,1,136193
7290106663183,false,צ'יטוס חטיף טעם גבינה 65ג,שטראוס פריטו ליי בעמ,,ציטוס קראצ בטעם גבינ,גרמים,65.00,100 גרם,false,,3.50,0.0538,true,1,140841
7290106664067,false,לאבנה עם שמן זית וזעתר 10% שטראוס 400 ג',שטראוס גרופ בעמ/מצונן,,לאבנה שמן זית וזעתר,גרמים,400.00,100 גרם,false,,14.90,0.0373,true,1,143864
7290106664500,true,דוריטוס ברביקיו באטמ,,,דוריטוס ברביקיו באטמ,,0.00,,false,,5.00,0.0000,true,1,136088
<<<<<<< HEAD
7290106664562,false,רוטב שמנת עם פטריות 9% שומן 258 ג' יוטבתה,שטראוס גרופ,,רוטב שמנת עם פטריות,מיליליטרים,250.00,"100 מ""ל",false,,10.90,0.0436,true,1,143867
7290106667266,false,"דוריטוס חמוץ חריף 185 גרם ""עלית""","שטראוס פריטו ליי בע""\מ )",,דוריטוס חמוץ חריף 18,גרמים,185.00,100 גרם,false,,7.90,0.0427,true,1,142318
=======
7290106664562,false,רוטב שמנת עם פטריות 9% שומן 258 ג' יוטבתה,שטראוס גרופ בעמ/מצונן,,רוטב שמנת עם פטריות,מיליליטרים,250.00,"100 מ""ל",false,,10.90,0.0436,true,1,143867
7290106667266,false,חטיף תירס חמוץ חריף דוריטוס (185 גרם),"שטראוס פריטו ליי בע""\מ )",,דוריטוס חמוץ חריף 18,גרמים,185.00,100 גרם,false,,7.90,0.0427,true,1,142318
>>>>>>> d048ac2f4f281c9d788043ab4e81b61b0dbe3743
7290106668577,false,"מיץ לימון טיבעי 250 מ""ל יד מרדכי",האי נאם סי או אל.טי.,,מיץ לימון טבעי 250 מ,מיליליטרים,250.00,"100 מ""ל",false,,7.90,0.0316,true,1,142220
7290106721913,false,מסטיק מאסט MUST ללא סוכר בטעם מנטה מרעננת,שטראוס גרופ בע`מ,,צנצנת מאסט מנטה מרענ,גרמים,66.00,100 גרם,false,,9.90,0.1500,true,1,144961
7290106811775,true,"ג""ל גילוח אדם פריימי",,,"ג""ל גילוח אדם פריימי",,0.00,,false,,5.00,0.0000,true,1,135641
7290106811782,true,"ג""ל גילוח אדם בייסיק",,,"ג""ל גילוח אדם בייסיק",,0.00,,false,,5.00,0.0000,true,1,135642
7290107020084,true,וודקה טרופי 700 מל,,,וודקה טרופי 700 מל,,0.00,,false,,0.00,0.0000,true,1,137541
7290107020763,true,וודקה תיאו אסאי 700,,,וודקה תיאו אסאי 700,,0.00,,false,,0.00,0.0000,true,1,136361
7290107020930,true,"וודקה תיאו ג""בוטיקבה",,,"וודקה תיאו ג""בוטיקבה",,0.00,,false,,0.00,0.0000,true,1,136118
7290107020947,true,"וודקה תיאו ג""בוטיקבה",,,"וודקה תיאו ג""בוטיקבה",,0.00,,false,,0.00,0.0000,true,1,136119
7290107021241,true,וודקה ענבים 700 מל,,,וודקה ענבים 700 מל,,0.00,,false,,0.00,0.0000,true,1,137599
7290107021296,true,וודקה פסח ענבים 1 לי,,,וודקה פסח ענבים 1 לי,,0.00,,false,,0.00,0.0000,true,1,137096
<<<<<<< HEAD
7290107280020,false,שלישיית מטליות לחות לניקוי כללי סנו סושי 50 יחידות,טרופיקל דגיל- תעשיות,,מטליות לחות לניקוי כ,Unknown,3.00,יחידה,false,,17.90,5.9667,true,1,150420
7290107280341,false,ריצפז מטליות לחות לניקוי הרצפה בניחוח מלון מפנק,"סנו מפעלי ברונוס סע""",,מטליות לחות לרצפה בנ,Unknown,1.00,יחידה,false,,12.90,12.9000,true,1,150422
7290107280570,false,סנו - מקסימה ג'ל כביסה מרוכז לכביסה צבעונית 3 ליטר,מיוצר עי קונדיטוריית,,ג'ל כביסה מקסימה 3 ל,מיליליטרים,3000.00,"100 מ""ל",false,,29.90,0.0100,true,1,142850
7290107280730,false,נוזל לניקוי כלים סנו ספארק Spark בניחוח לבנדר,מיוצר עי קונדיטוריית,,נוזל כלים ספארק 700,מיליליטרים,700.00,"100 מ""ל",false,,9.90,0.0141,true,1,144529
7290107280747,false,נוזל לניקוי כלים סנו ספארק Spark קלאסי,סנו כימיקלים,,נוזל כלים ספארק 700,מיליליטרים,700.00,"100 מ""ל",false,,9.90,0.0141,true,1,144530
=======
7290107280020,false,שלישיית מטליות לחות לניקוי כללי סנו סושי 50 יחידות,החברה הדרומית לשיווק בעמ,,מטליות לחות לניקוי כ,Unknown,3.00,יחידה,false,,17.90,5.9667,true,1,150420
7290107280341,false,ריצפז מטליות לחות לניקוי הרצפה בניחוח מלון מפנק,החברה הדרומית לשיווק בעמ,,מטליות לחות לרצפה בנ,Unknown,1.00,יחידה,false,,12.90,12.9000,true,1,150422
7290107280570,false,סנו - מקסימה ג'ל כביסה מרוכז לכביסה צבעונית 3 ליטר,החברה הדרומית לשיווק בעמ,,ג'ל כביסה מקסימה 3 ל,מיליליטרים,3000.00,"100 מ""ל",false,,29.90,0.0100,true,1,142850
7290107280730,false,נוזל לניקוי כלים סנו ספארק Spark בניחוח לבנדר,החברה הדרומית לשיווק בעמ,,נוזל כלים ספארק 700,מיליליטרים,700.00,"100 מ""ל",false,,9.90,0.0141,true,1,144529
7290107280747,false,נוזל לניקוי כלים סנו ספארק Spark קלאסי,החברה הדרומית לשיווק בעמ,,נוזל כלים ספארק 700,מיליליטרים,700.00,"100 מ""ל",false,,9.90,0.0141,true,1,144530
>>>>>>> d048ac2f4f281c9d788043ab4e81b61b0dbe3743
7290107280792,true,מילוי נוזל כלים ספאר,,,מילוי נוזל כלים ספאר,,0.00,,false,,5.00,0.0000,true,1,135565
7290107305778,true,מזרק משפריץ מים,,,מזרק משפריץ מים,,0.00,,false,,5.00,0.0000,true,1,135517
7290107642422,true,"קליק קראנץ ""קרם אגוז",,,"קליק קראנץ ""קרם אגוז",,0.00,,false,,0.00,0.0000,true,1,136896
7290107644174,true,נשנושים מיקס 200 גרם,,,נשנושים מיקס 200 גרם,,0.00,,false,,5.00,0.0000,true,1,137238
7290107645584,false,אבקת מרק עוף אמיתי רכיבים טבעיים 400 גרם - רבנות,יוניליוור ישראל שיווק בע`מ,,קנור עוף אמיתי רכיבי,גרמים,400.00,100 גרם,false,,22.90,0.0572,true,1,142117
7290107645591,false,אבקת מרק בטעם עוף 100% רכיבים טבעיים 400 גרם,יוניליוור ישראל שיווק בע`מ,,קנור טעם עוף רכיבים,גרמים,400.00,100 גרם,false,,15.90,0.0398,true,1,146540
7290107646963,false,"מיונז תלמה טעם ספייסי 273 גר בד""ץ",יוניליוור ישראל שיווק בע`מ,,ממרח ספייסי מיונז תל,גרמים,250.00,100 גרם,false,,8.90,0.0356,true,1,161355
7290107646970,false,"מיונז תלמה איולי שום 273 גר בד""ץ",יוניליוור ישראל שיווק בע`מ,,ממרח איולי שום תלמה,גרמים,250.00,100 גרם,false,,8.90,0.0356,true,1,161356
7290107647366,false,דומסטוס סבון אסלה 5 הפועלות בניחות ליים 3 יח' * 55 ג',יוניליוור ישראל שיווק בע`מ,,דומסטוס שלישיה אסלות,גרמים,165.00,100 גרם,false,,15.50,0.0939,true,1,146547
7290107647656,false,סולרו פרוט בוסט - קוקוס אננס (פרווה),"מיוצר ע""\י גלידת שטראוס",,מאגדת סולרו פרוט בוס,Unknown,5.00,יחידה,false,,23.90,4.7800,true,1,147436
7290107647816,false,"דגני ברנפלקס ללא תוספת סוכר 500 גרם בד""צ",יוניליוור ישראל שיווק בע`מ,,ברנפלקס ללא סוכר 500,גרמים,500.00,100 גרם,false,,21.90,0.0438,true,1,142123
7290107647854,false,"שוגי מופחת סוכר תלמה 500 ג' בד""צ",יוניליוור ישראל שיווק בע`מ,,שוגי 500 גרם,גרמים,500.00,100 גרם,false,,19.90,0.0398,true,1,142124
7290107649858,false,טילון סופר מגנום וניל ושוקלד לבן,"מיוצר ע""\י גלידת שטראוס",,טילון מגנום לבן,Unknown,1.00,יחידה,false,,9.90,9.9000,true,1,147446
7290107672720,true,"ג""ויה ריבת חלב ושקדי",,,"ג""ויה ריבת חלב ושקדי",,0.00,,false,,5.00,0.0000,true,1,136350
7290107870061,true,"ג""ויה וניל בציפוי שו",,,"ג""ויה וניל בציפוי שו",,0.00,,false,,0.00,0.0000,true,1,136701
7290107871990,false,פסטה צינורות מהדרין אסם (500 גרם),קבוצת אוסם סחר שותפות מוגבלת,,אסם פסטה צינורות איט,גרמים,500.00,100 גרם,false,,5.90,0.0118,true,1,141544
7290107874366,true,"ביסלי נאצ""וס חמוץ חר",,,"ביסלי נאצ""וס חמוץ חר",,0.00,,false,,0.00,0.0000,true,1,136697
<<<<<<< HEAD
7290107874441,false,פריכונים מיני בצל מקורמל 25 גרם אסם,"פרח תעשיות מזון בע""מ.",,אסם פריכונים מיני בצ,גרמים,23.00,100 גרם,false,,4.20,0.1826,true,1,137105
7290107874502,false,ביסלי גריל קדמ. מארז אחיד 10 4*55 גרם,מיוצר עי קונדיטוריית,,ביסלי גריל 4 * 55 גר,גרמים,220.00,100 גרם,false,,12.50,0.0568,true,1,140480
=======
7290107874441,false,פריכונים מיני בצל מקורמל אסם (25 גרם),קבוצת אוסם סחר שותפות מוגבלת,,אסם פריכונים מיני בצ,גרמים,23.00,100 גרם,false,,4.20,0.1826,true,1,137105
7290107874502,false,ביסלי גריל קדמ. מארז אחיד 10 4*55 גרם,קבוצת אוסם סחר שותפות מוגבלת,,ביסלי גריל 4 * 55 גר,גרמים,220.00,100 גרם,false,,12.50,0.0568,true,1,140480
>>>>>>> d048ac2f4f281c9d788043ab4e81b61b0dbe3743
7290107874687,true,"ביסלי נאצ""וס ספייסי",,,"ביסלי נאצ""וס ספייסי",,0.00,,false,,0.00,0.0000,true,1,136698
7290107876889,false,אוסם - במבה במילוי קרם נוגט 45 גרם,קבוצת אוסם סחר שותפות מוגבלת,,במבה במילוי קרם נוגט,גרמים,45.00,100 גרם,false,,4.30,0.0956,true,1,136138
7290107931397,false,כיף כף פצפוצים במילוי שוקולד 40 גרם,שולן צ'\יקולטה גידה סאן.,,כיף כף פצפצים 40 גרם,גרמים,135.00,100 גרם,false,,5.00,0.0370,true,1,140164
7290107932080,false,חלב מועשר יוטבתה בבקבוק 3% 1 ליטר,שטראוס גרופ בעמ/מצונן,,חלב מועשר בקבוק 3% י,מיליליטרים,1000.00,"100 מ""ל",false,,7.70,0.0077,true,1,144600
7290107932134,false,חלב מועשר יוטבתה בבקבוק 1% 1 ליטר,שטראוס גרופ בעמ/מצונן,,חלב מועשר בקבוק 1% י,מיליליטרים,1000.00,"100 מ""ל",false,,7.70,0.0077,true,1,144601
7290107936958,false,עד חצות ביסקוויט אצבעות שוקולד 125 גרם,ביסקוויטס טור ד'\אלבון,,עד חצות אצבעות 125 ג,גרמים,125.00,100 גרם,false,,9.90,0.0792,true,1,162645
7290107937627,false,מסטיק מאסט Must קוביות ללא סוכר בטעם מנטה עדינה,שטראוס גרופ בע`מ,,צנצנת קוביות מנטה עד,גרמים,58.00,100 גרם,false,,9.90,0.1707,true,1,139719
7290107937634,false,צנצנית מסטיק מאסט קוביות פפירמינט 58 ג' עלית,שטראוס גרופ בע`מ,,צנצנת קוביות מנטה 58,גרמים,58.00,100 גרם,false,,9.90,0.1707,true,1,139720
7290107937641,false,צנצנת קוביות בזוקה גומי לעיסה 58גר,שטראוס גרופ בע`מ,,צנצנת קוביות בזוקה 5,גרמים,58.00,100 גרם,false,,9.90,0.1707,true,1,139725
7290107937856,false,קפסולות 11חזק למכונות נספרסו עלית 10יח',הנסיך- מפעל לייצור ט,,קפסולות 11 גואטמלה ל,Unknown,10.00,יחידה,false,,17.90,1.7900,true,1,144967
7290107938396,false,שמיניית אקטימל תות דיסני בנים 108 גרם,שטראוס גרופ בעמ/מצונן,,אקטימל תות דיסני 8*1,מיליליטרים,800.00,"100 מ""ל",false,,20.90,0.0261,true,1,143876
7290107943192,false,"שמנת חמוצה מהערבה 27% שומן 200 מ""ל יטבתה",שטראוס גרופ בעמ/מצונן,,שמנת חמוצה מהערבה 27,מיליליטרים,200.00,"100 מ""ל",false,,3.90,0.0195,true,1,143885
7290107944243,false,אפיפיות בטעם שוקולד 200 גרם כשר לפסח,"שטראוס גרופ בע""\מ",,אפיפיות בטעם שוקולד,גרמים,200.00,100 גרם,false,,6.90,0.0345,true,1,140568
7290107944472,false,סימפוניה גבינה במרקם שמנת 5% שום שמיר,שטראוס גרופ בעמ/מצונן,,סימפוניה שום שמיר 5%,גרמים,200.00,100 גרם,false,,11.00,0.0550,true,1,142558
7290107951104,false,בפלות ופלים ארוכים בטעם שוקולד,"שטראוס גרופ בע""\מ",,בפלות שוקולד 200 גרם,Unknown,0.00,יחידה,false,,4.90,0.0000,true,1,161761
7290107954976,false,משקה חלב PRO עם קפה 1.5% 25 גרם חלבון בבקבוק,שטראוס גרופ בעמ/מצונן,,יטבתה פרו קפה 350 יט,מיליליטרים,350.00,"100 מ""ל",false,,6.50,0.0186,true,1,143904
7290107956642,false,"תרסיס שמן זית 150 מ""ל יד מרדכי כשלפ",פארייפאבה אגרואינדוס,,"תרסיס שמן זית 150 מ""",מיליליטרים,150.00,"100 מ""ל",false,,17.90,0.1193,true,1,143703
7290107957069,false,"מסטיק ע""למה ""בטעם אוכניות 66 גרם צנצנת ""עלית""","שטראוס גרופ בע""\מ",,צנצנת עלמה בטעם אוכמ,גרמים,66.00,100 גרם,false,,9.90,0.1500,true,1,151794
7290107957076,false,"מסטיק ""עלמה"" בטעם ספירמנט 66 גרם צנצנת ""עלית""","שטראוס גרופ בע""\מ",,צנצנת עלמה בטעם ספיר,גרמים,66.00,100 גרם,false,,9.90,0.1500,true,1,151795
7290107958035,false,יוגורט במתיקות מעודנת 2% ללא תוספת סוכר- מארז 8 יח,שטראוס גרופ בעמ/מצונן,,מארז דנונה מתיקות מע,גרמים,1200.00,100 גרם,false,,17.90,0.0149,true,1,143917
7290107973861,false,מאסטר שף עגבניות קצוצות דק שלישיה 400ג*3 כשלפ,קונסרזיו קאסאלאסקו ד,,עגבניות חתוך דק מאסט,גרמים,1200.00,100 גרם,false,,16.90,0.0141,true,1,145718
7290107974066,false,"עלי טורטיה קמח מלא 20ס""מ 8יח' מאסטר שף 320ג'",אלקאטי קורביישיסי גי,,עלי טורטייה 5 דגנים,גרמים,320.00,100 גרם,false,,9.90,0.0309,true,1,146324
<<<<<<< HEAD
7290107978453,false,חטיף בטעם גריל קראנצ,קראנצ'וס,,חטיף בטעם גריל קראנצ,גרמים,55.00,100 גרם,false,,3.50,0.0636,true,1,143349
7290107978460,false,חטיף חיטה בטעם פלאפל,קראנצ'וס,,חטיף בטעם פלאפל קראנ,גרמים,55.00,100 גרם,false,,3.50,0.0636,true,1,143350
=======
7290107978453,false,חטיף בטעם גריל קראנצ,ש. שסטוביץ בע`מ,,חטיף בטעם גריל קראנצ,גרמים,55.00,100 גרם,false,,3.50,0.0636,true,1,143349
7290107978460,false,קראנצ וס פלאפל 60ג חדש,ש. שסטוביץ בע`מ,,חטיף בטעם פלאפל קראנ,גרמים,55.00,100 גרם,false,,3.50,0.0636,true,1,143350
>>>>>>> d048ac2f4f281c9d788043ab4e81b61b0dbe3743
7290107978637,false,"מרידול משחת שיניים 75 מ""ל כשל""פ-מרכז",קולגייט פלמוליב,,מרידול משחת שיניים 7,מיליליטרים,75.00,"100 מ""ל",false,,19.90,0.2653,true,1,143636
7290108270433,false,כוסות שתיה קרה רמי לוי 150 יח,חגיגית,,כוסות שתיה קרה רמי ל,Unknown,150.00,יחידה,false,,19.90,0.1327,true,1,141663
7290108271164,false,מגשית אלומיניום קטנה עם מכסה R29 (5 יח'),ב.ה. דבליו,,מגשית אלומיניום עם מ,Unknown,5.00,יחידה,false,,7.90,1.5800,true,1,144154
7290108271454,false,שקיות מזון בקופסא רמי לוי 300 יח,רמי לוי,,שקיות מזון בקופסא רמ,Unknown,300.00,יחידה,false,,9.90,0.0330,true,1,141670
7290108271485,false,שקיות גופייה 75/90 רמי לוי 25 יח,איכותית,,שקיות גופייה אפור HD,Unknown,25.00,יחידה,false,,14.60,0.5840,true,1,147043
7290108271492,false,נייר אפייה רמי לוי 37*42,רמי לוי,,נייר אפייה רמי לוי 3,Unknown,50.00,יחידה,false,,8.90,0.1780,true,1,141671
7290108271607,false,"רדיד אלומיניום זוגות רמי לוי 30 ס""מ",רמי לוי,,רדיד אלומיניום זוגות,Unknown,2.00,יחידה,false,,11.90,5.9500,true,1,141673
7290108271812,false,קופסאות אחסון 2 ליטר,חגיגית,,קופסאות אחסון 2 ליטר,Unknown,4.00,יחידה,false,,9.90,2.4750,true,1,144159
7290108271829,false,קופסאות אחסון 1 ליטר,חגיגית,,קופסאות אחסון 1 ליטר,Unknown,5.00,יחידה,false,,9.90,1.9800,true,1,141678
7290108272000,false,כוסות שתיה קרה 100 יחידות,חגיגית,,כוסות שתיה קרה 100 י,Unknown,100.00,יחידה,false,,7.90,0.0790,true,1,141680
7290108272079,false,מגבונים לניקוי כללי 400 יח דלי,רמי לוי,,מגבונים לניקוי כללי,Unknown,400.00,יחידה,false,,20.90,0.0522,true,1,144161
7290108272154,false,מרקיות רמי לוי 25 יח,רמי לוי,,מרקיות רמי לוי 25 יח,Unknown,25.00,יחידה,false,,7.90,0.3160,true,1,141683
7290108272185,false,צלחת בינוני רמי לוי 50 יח,רמי לוי,,צלחת בינוני רמי לוי,Unknown,50.00,יחידה,false,,13.90,0.2780,true,1,141686
7290108272451,false,מרקיה קרם רמי לוי 25 יח,,,מרקיה קרם רמי לוי 25,Unknown,25.00,יחידה,false,,7.90,0.3160,true,1,141690
7290108273083,false,צלחת קטנה איכותית קרם רמי לוי 25 יח,רמי לוי,,צלחת 7' קרם (25 יח'),Unknown,25.00,יחידה,false,,6.90,0.2760,true,1,141692
7290108273601,false,קשים צבעוניים רמי לוי 225 יח,רמי לוי,,קשים צבעוניים רמי לו,Unknown,225.00,יחידה,false,,10.90,0.0484,true,1,141697
7290108273632,false,שיפודי עץ רמי לוי 100 יח,רמי לוי,,שיפודי עץ רמי לוי 10,Unknown,100.00,יחידה,false,,3.90,0.0390,true,1,141699
7290108273663,false,מגשיות אלומיניום גדולות (5 יח') R33 רמי,רמי לוי,,מגשיות אלומיניום גדו,Unknown,5.00,יחידה,false,,6.90,1.3800,true,1,141700
7290108273922,false,סכין מהודר שקוף רמי,רמי לוי,,סכין שקוף (50 יח') ר,Unknown,50.00,יחידה,false,,9.90,0.1980,true,1,141705
7290108274592,false,נייר אפייה רמי לוי 3,נייר אפיה 3 ב 21,,נייר אפייה רמי לוי 3,Unknown,50.00,יחידה,false,,8.90,0.1780,true,1,153180
7290108274622,false,לבן מרקיה (25 יח') בסט וליו,,,מרקיות רמי לוי 25 יח,Unknown,25.00,יחידה,false,,7.90,0.3160,true,1,150637
7290108274639,false,צלחות קטנות לבן 50 יחידות-רמי,,,צלחת בינוני רמי לוי,Unknown,50.00,יחידה,false,,13.90,0.2780,true,1,150638
7290108275117,false,כפפות גומי (M) רמי ל,,,כפפות גומי (M) רמי ל,Unknown,1.00,יחידה,false,,5.50,5.5000,true,1,144166
7290108275407,false,כוס שתייה קרה 100 יח-חגיגית,כוסות שתיה קרה 4 ב 1,,כוסות שתיה קרה 100 י,Unknown,100.00,יחידה,false,,7.90,0.0790,true,1,142860
7290108275544,false,מזלג לבן (100 יח') ב,,,מזלג לבן (100 יח') ב,Unknown,100.00,יחידה,false,,9.90,0.0990,true,1,141712
7290108275568,false,כפית לבן 100 יחידות,,,כפית לבן 100 יחידות,Unknown,100.00,יחידה,false,,7.90,0.0790,true,1,141714
7290108277241,false,קשיות עבות 100 יחידו,,,קשיות עבות 100 יחידו,Unknown,100.00,יחידה,false,,5.90,0.0590,true,1,152164
7290108277432,false,כוסות עם מכסה 30 יחידות,,,כוסות עם מכסה 30 יחי,Unknown,30.00,יחידה,false,,17.90,0.5967,true,1,152165
<<<<<<< HEAD
7290108350258,false,נייר טואלט סנו סופט מוגדל סנו 12 יחידות,מפעלי ברונוס בעמ,,נייר טואלט סופט 12 ג,Unknown,12.00,יחידה,false,,32.90,2.7417,true,1,142383
7290108350623,false,מרכך כביסה סופר מרוכז סופט סילק מקסימה 1 ל' סנו,"סנו מפעלי ברונוס בע""\מ",,מרכך מרוכז 1 ליטר סו,מיליליטרים,1000.00,"100 מ""ל",false,,17.90,0.0179,true,1,142858
7290108352825,false,ספוג הפלא נירוסטה סנו סושי 3יח',ltdn s.k.a.tסנו מפעלי בר,,ספוג הפלא נירוסטה סנ,Unknown,1.00,יחידה,false,,11.90,11.9000,true,1,145814
7290108356113,false,"כיף תחליב רחצה דבש 700 מ""ל-מרכז",קוסמופארם בעמ,,כיף תחליב רחצה דבש 7,מיליליטרים,700.00,"100 מ""ל",false,,12.90,0.0184,true,1,143970
7290108357004,false,כיף שמפו ורד ושמן קוקוי לרכות וברק,טרופיקל דגיל תעשיות,,שמפו כיף ורדים 700 מ,מיליליטרים,700.00,"100 מ""ל",false,,12.90,0.0184,true,1,150429
7290108357707,false,"כיף שמפו לשיער רגיל- תפוח זרעי צ'יה 700 מ""ל",גוד פוד פרודקטס S.p,,כיף שמפו לשיער רגיל,מיליליטרים,700.00,"100 מ""ל",false,,12.90,0.0184,true,1,144538
7290108357714,false,"כיף שמפו לשיער יבש -רימונים ושמן ארגן 700 מ""ל",גוד פוד פרודקטס S.p,,כיף שמפו לשיער יבש ו,מיליליטרים,700.00,"100 מ""ל",false,,12.90,0.0184,true,1,144539
7290108357769,false,"מרכך לשיער רגיל תפוח וזרעי צ'יה 700 מ""ל כיף",גוד פוד פרודקטס S.p,,כיף מרכך לשיער רגיל,מיליליטרים,700.00,"100 מ""ל",false,,12.90,0.0184,true,1,144543
7290108359077,false,סנו - סופט לושן ממחטות אף בקופסא 3 שכבות 120 יח',"סנו מפעלו ברונוס בע""\מ",,ממחטות לושן 120 יחיד,Unknown,120.00,יחידה,false,,13.90,0.1158,true,1,159728
7290108502329,false,רביעיית טונה בשמן זית ויליפוד 4*160 גרם,גולדן פרייז קאנינג אל טי,,נתחי טונה בהירה בשמן,גרמים,640.00,100 גרם,false,,29.90,0.0467,true,1,157941
7290108502725,false,גבינת גאודה פרוסות ויליפוד 400 גרם,ג.וילי פוד אינטרנשיונל ב,,גבינת גאודה פרוסות 2,גרמים,400.00,100 גרם,false,,19.90,0.0497,true,1,148235
7290108502862,false,מלפפונים כבושים במלח 18-25 קטנים ויליפוד 600 גרם,זיתור סאן גידה סני וטיקר,,מלפפונים כבושים במלח,גרמים,600.00,100 גרם,false,,11.90,0.0198,true,1,147544
7290108503043,false,תפוחונים חטיף פלחים מיובשים מארז 22X4ג',הביי דונגפנג פוד קו. בעמ,,תפוחי עץ מיובשים תפו,גרמים,88.00,100 גרם,false,,14.90,0.1693,true,1,146443
7290108504286,false,איבריקו צ'אנק ויליפוד 150 גרם,ג.וילי פוד אינטרנשיו,,איבריקו צ'אנק יורו 1,גרמים,150.00,100 גרם,false,,17.90,0.1193,true,1,162771
7290108506549,false,גליליות וופל במילוי קרם וניל פינוקים 400 גרם,Unknown,,גליליות וופל במילוי,גרמים,400.00,100 גרם,false,,14.90,0.0373,true,1,153249
=======
7290108350258,false,נייר טואלט דו שכבתי ארוך פי 3 - מארז 12 גלילים,החברה הדרומית לשיווק בעמ,,נייר טואלט סופט 12 ג,Unknown,12.00,יחידה,false,,32.90,2.7417,true,1,142383
7290108350623,false,מרכך כביסה סופר מרוכז סופט סילק מקסימה 1 ל' סנו,החברה הדרומית לשיווק בעמ,,מרכך מרוכז 1 ליטר סו,מיליליטרים,1000.00,"100 מ""ל",false,,17.90,0.0179,true,1,142858
7290108352825,false,ספוג הפלא נירוסטה סנו סושי 3יח',החברה הדרומית לשיווק בעמ,,ספוג הפלא נירוסטה סנ,Unknown,1.00,יחידה,false,,11.90,11.9000,true,1,145814
7290108356113,false,תחליב רחצה כיף ניחוח דבש 700 מל,החברה הדרומית לשיווק בעמ,,כיף תחליב רחצה דבש 7,מיליליטרים,700.00,"100 מ""ל",false,,12.90,0.0184,true,1,143970
7290108357004,false,כיף שמפו ורד ושמן קוקוי לרכות וברק,החברה הדרומית לשיווק בעמ,,שמפו כיף ורדים 700 מ,מיליליטרים,700.00,"100 מ""ל",false,,12.90,0.0184,true,1,150429
7290108357707,false,"כיף שמפו לשיער רגיל- תפוח זרעי צ'יה 700 מ""ל",החברה הדרומית לשיווק בעמ,,כיף שמפו לשיער רגיל,מיליליטרים,700.00,"100 מ""ל",false,,12.90,0.0184,true,1,144538
7290108357714,false,"כיף שמפו לשיער יבש -רימונים ושמן ארגן 700 מ""ל",החברה הדרומית לשיווק בעמ,,כיף שמפו לשיער יבש ו,מיליליטרים,700.00,"100 מ""ל",false,,12.90,0.0184,true,1,144539
7290108357769,false,"מרכך לשיער רגיל תפוח וזרעי צ'יה 700 מ""ל כיף",החברה הדרומית לשיווק בעמ,,כיף מרכך לשיער רגיל,מיליליטרים,700.00,"100 מ""ל",false,,12.90,0.0184,true,1,144543
7290108359077,false,סנו - סופט לושן ממחטות אף בקופסא 3 שכבות 120 יח',החברה הדרומית לשיווק בעמ,,ממחטות לושן 120 יחיד,Unknown,120.00,יחידה,false,,13.90,0.1158,true,1,159728
7290108502329,false,רביעיית טונה בשמן זית ויליפוד 4*160 גרם,ג. וילי-פוד אינטרנשיונל בע`מ,,נתחי טונה בהירה בשמן,גרמים,640.00,100 גרם,false,,29.90,0.0467,true,1,157941
7290108502725,false,גבינת גאודה פרוסות ויליפוד 400 גרם,ג.וילי-פוד אינטרנשיונל **גבינו,,גבינת גאודה פרוסות 2,גרמים,400.00,100 גרם,false,,19.90,0.0497,true,1,148235
7290108502862,false,מלפפונים כבושים במלח 18-25 קטנים ויליפוד 600 גרם,ג. וילי-פוד אינטרנשיונל בע`מ,,מלפפונים כבושים במלח,גרמים,600.00,100 גרם,false,,11.90,0.0198,true,1,147544
7290108503043,false,תפוחונים חטיף פלחים מיובשים מארז 22X4ג',ג. וילי-פוד אינטרנשיונל בע`מ,,תפוחי עץ מיובשים תפו,גרמים,88.00,100 גרם,false,,14.90,0.1693,true,1,146443
7290108504286,false,איבריקו צ`אנק 150 גר` וילי פוד,ג.וילי-פוד אינטרנשיונל **גבינו,,איבריקו צ'אנק יורו 1,גרמים,150.00,100 גרם,false,,17.90,0.1193,true,1,162771
7290108506549,false,גליליות וופל במילוי קרם וניל פינוקים 400 גרם,ג. וילי-פוד אינטרנשיונל בע`מ,,גליליות וופל במילוי,גרמים,400.00,100 גרם,false,,14.90,0.0373,true,1,153249
>>>>>>> d048ac2f4f281c9d788043ab4e81b61b0dbe3743
7290108507140,false,קרקרים במליחות עדינה,,,קרקרים במליחות עדינה,גרמים,500.00,100 גרם,false,,9.90,0.0198,true,1,155049
7290108507492,false,קרקרים עם שומשום 105ג רמילוי,,,קרקרים עם שומשום רמי,גרמים,105.00,100 גרם,false,,5.50,0.0524,true,1,155051
7290108507508,false,קרקרים עם תרד ושמיר 105ג רמילוי,,,קרקרים עם תרד ושמיר,גרמים,105.00,100 גרם,false,,5.50,0.0524,true,1,155052
7290108508147,false,מחית עגבניות איטלקיות ויליפוד 500 גרם,ג.וילי פוד אינטרנשיונל בעמ,,עגבניות איטלקיות בקר,גרמים,500.00,100 גרם,false,,9.90,0.0198,true,1,158449
7290108508703,false,טורטיה ללא גלוטן 270 גרם ויליפוד,ג.וילי-פוד אינטרנשיונל בעמ,,טורטיה ללא גלוטן ויל,גרמים,270.00,100 גרם,false,,9.90,0.0367,true,1,160723
7290108508765,false,קונכיות פתיתים 400 גרם וילי פוד,ג. וילי-פוד אינטרנשיונל בע`מ,,קונכיות פתיתים ויליפ,גרמים,400.00,100 גרם,false,,6.90,0.0173,true,1,155972
7290108509106,false,"גבינה בולגרית מעודנת בקוביות 13% שומן 200 ג' חת""ס פ""ת",ג.וילי-פוד אינטרנשיונל **גבינו,,גבינה בולגרית מעודנת,גרמים,200.00,100 גרם,false,,12.90,0.0645,true,1,157407
7290108509359,false,פופקורן בציפוי בטעם קרמל ויליפוד 90 גרם,ג. וילי-פוד אינטרנשיונל בע`מ,,פופקורן בציפוי בטעם,גרמים,90.00,100 גרם,false,,6.90,0.0767,true,1,159999
7290108509700,false,אורז פרסי 1 קג`DAAWAT וילי פוד,ג. וילי-פוד אינטרנשיונל בע`מ,,אורז פרסי DAAWAT 1 ק,גרמים,1000.00,100 גרם,false,,9.90,0.0099,true,1,158454
7290108509939,false,פרוסות פילה טונה בשמן זית כתית מעולה,ג. וילי-פוד אינטרנשיונל בע`מ,,פרוסות פילה טונה 120,גרמים,120.00,100 גרם,false,,13.90,0.1158,true,1,159217
7290108530285,true,לחמניית דגנים צפתית,,,לחמניית דגנים צפתית,,0.00,,false,,5.00,0.0000,true,1,135380
7290108530315,true,לחמניית אבוקדו,,,לחמניית אבוקדו,,0.00,,false,,5.00,0.0000,true,1,135383
7290108530322,true,כריך אנטי פסטי,,,כריך אנטי פסטי,,0.00,,false,,0.00,0.0000,true,1,136542
7290108530360,true,מוס שוקולד וקצפת,,,מוס שוקולד וקצפת,,0.00,,false,,5.00,0.0000,true,1,135387
7290108530469,true,סט כלי ששת,,,סט כלי ששת,,0.00,,false,,5.00,0.0000,true,1,135089
7290108530513,true,"תפו""א וירקות סגנון ה",,,"תפו""א וירקות סגנון ה",,0.00,,false,,0.00,0.0000,true,1,136539
7290108530537,true,חטיף מוזלי פירות 33,,,חטיף מוזלי פירות 33,,0.00,,false,,5.00,0.0000,true,1,135136
7290108530582,true,מארז ירקות מיני,,,מארז ירקות מיני,,0.00,,false,,0.00,0.0000,true,1,136543
7290108530759,true,סלט פסטה קר,,,סלט פסטה קר,,0.00,,false,,0.00,0.0000,true,1,136580
7290108531046,true,זוג קופסאות פלסטיק ל,,,זוג קופסאות פלסטיק ל,,0.00,,false,,5.00,0.0000,true,1,135545
7290108531053,true,מעמד לנייר מגבת מעץ,,,מעמד לנייר מגבת מעץ,,0.00,,false,,0.00,0.0000,true,1,136603
7290108531060,true,מערוך מעץ,,,מערוך מעץ,,0.00,,false,,0.00,0.0000,true,1,136604
7290108531145,true,מטריה,,,מטריה,,0.00,,false,,0.00,0.0000,true,1,136652
7290108531251,true,עוגת ביסקוויטים,,,עוגת ביסקוויטים,,0.00,,false,,0.00,0.0000,true,1,136619
7290108531312,true,סכומון פלסטיק,,,סכומון פלסטיק,,0.00,,false,,5.00,0.0000,true,1,135546
7290108531633,true,עוגת גבינה עם שוקולד,,,עוגת גבינה עם שוקולד,,0.00,,false,,5.00,0.0000,true,1,135603
7290108531688,true,כדורי שוקולד זוג,,,כדורי שוקולד זוג,,0.00,,false,,0.00,0.0000,true,1,136682
7290108531749,true,תבשיל תאילנדי עם אור,,,תבשיל תאילנדי עם אור,,0.00,,false,,0.00,0.0000,true,1,136662
7290108531756,true,תירס מארז,,,תירס מארז,,0.00,,false,,0.00,0.0000,true,1,136667
7290108531763,true,תבשיל מקסיקני,,,תבשיל מקסיקני,,0.00,,false,,0.00,0.0000,true,1,136668
7290108531817,true,"סמבוסק טונה 20 יח ""ב",,,"סמבוסק טונה 20 יח ""ב",,0.00,,false,,5.00,0.0000,true,1,135680
7290108531879,true,קופיקס - משקה שוקול,,,קופיקס - משקה שוקול,,0.00,,false,,0.00,0.0000,true,1,135712
7290108531909,true,מרק אפונה 2.5 ליטר4,,,מרק אפונה 2.5 ליטר4,,0.00,,false,,0.00,0.0000,true,1,135715
7290108531916,true,כוס מרק,,,כוס מרק,,0.00,,false,,0.00,0.0000,true,1,135716
7290108531947,true,מרק עגבניות 2.5 ליטר,,,מרק עגבניות 2.5 ליטר,,0.00,,false,,0.00,0.0000,true,1,135719
7290108532005,true,פלזית -קופיקס- כוס פ,,,פלזית -קופיקס- כוס פ,קילוגרמים,1.00,"ק""ג",true,,0.00,0.0000,true,1,135725
7290108532074,true,כפית פלסטיק,,,כפית פלסטיק,,0.00,,false,,0.00,0.0000,true,1,135733
7290108532081,true,מזלג פלסטיק,,,מזלג פלסטיק,,0.00,,false,,0.00,0.0000,true,1,135734
7290108532098,true,כף פלסטיק,,,כף פלסטיק,,0.00,,false,,0.00,0.0000,true,1,135735
7290108532159,true,סלט ירקות,,,סלט ירקות,,0.00,,false,,5.00,0.0000,true,1,135749
7290108532203,true,ארגז - K משולש חביתה,,,ארד - ארגז - K חביתה,,0.00,,false,,0.00,0.0000,true,1,136839
7290108532296,true,"חמין 5.5 ק""ג 2 יחידו",,,"חמין 5.5 ק""ג 2 יחידו",,0.00,,false,,0.00,0.0000,true,1,135794
7290108532340,true,ארגז - F לחמניית צפת,,,ארד - קופיקס - ארגז,,0.00,,false,,0.00,0.0000,true,1,135744
7290108532357,true,ארגז - H לחמניית טונ,,,ארד - קופיקס - ארגז,,0.00,,false,,0.00,0.0000,true,1,135745
7290108532418,true,דגני בוקר כדורי שוקו,,,דגני בוקר כדורי שוקו,,0.00,,false,,0.00,0.0000,true,1,136680
7290108532555,true,"פוקצ""ה עגבניות 10 בק",,,"פוקצ""ה עגבניות 10 בק",,0.00,,false,,5.00,0.0000,true,1,135693
7290108532609,true,גלון תפוזים 4 ליטר,,,גלון תפוזים 4 ליטר,,0.00,,false,,0.00,0.0000,true,1,135797
7290108532661,true,"שני ק""ג עוגיות אלפחו",,,"שני ק""ג עוגיות אלפחו",,0.00,,false,,0.00,0.0000,true,1,135800
7290108532678,true,"זיתים 13 ק""ג דלי",,,"זיתים 13 ק""ג דלי",,0.00,,false,,0.00,0.0000,true,1,135801
7290108532708,true,כוס פלסטיק 330 קופיק,,,כוס פלסטיק 330 קופיק,,0.00,,false,,0.00,0.0000,true,1,135804
7290108532715,true,מכסה לכוס 330 קופיקס,,,מכסה לכוס 330 קופיקס,,0.00,,false,,0.00,0.0000,true,1,135805
7290108533323,true,מקל מטאטא שימוש עצמי,,,מקל מטאטא שימוש עצמי,,0.00,,false,,0.00,0.0000,true,1,135865
7290108533330,true,מטליות תפזורת 250 יח,,,מטליות תפזורת 250 יח,,0.00,,false,,0.00,0.0000,true,1,135866
7290108533347,true,קופיקס-מ א - סחבה60,,,קופיקס-מ א - סחבה60,,0.00,,false,,0.00,0.0000,true,1,135867
7290108533361,true,גליל נייר תעשייתי12,,,גליל נייר תעשייתי12,,0.00,,false,,0.00,0.0000,true,1,135869
7290108533514,true,כלי עזר להכנת חמין-,,,כלי עזר להכנת חמין-,,0.00,,false,,0.00,0.0000,true,1,135905
7290108533521,true,קולפן מחדד,,,קולפן מחדד,,0.00,,false,,0.00,0.0000,true,1,136684
7290108533552,true,מנת קוסקוס,,,מנת קוסקוס,,0.00,,false,,5.00,0.0000,true,1,135917
7290108533569,true,ירקות למנת קוסקוס,,,ירקות למנת קוסקוס,,0.00,,false,,5.00,0.0000,true,1,135918
7290108533576,true,סושי אינסייד אאוט,,,סושי אינסייד אאוט,,0.00,,false,,5.00,0.0000,true,1,135930
7290108533590,true,ארגז סלטים א 10 -בור,,,ארד - קופיקס - ארגז,,0.00,,false,,5.00,0.0000,true,1,135932
7290108533606,true,ארד - קופיקס - ארגז,,,ארד - קופיקס - ארגז,,0.00,,false,,5.00,0.0000,true,1,135933
7290108533712,true,פנס לד,,,פנס לד,,0.00,,false,,0.00,0.0000,true,1,136687
7290108533774,true,שוקולטה 1 קילו מהדרי,,,משקה שוקולטה 1 קילו,,0.00,,false,,0.00,0.0000,true,1,135978
7290108533781,true,משקה קרמל בוטנים 1 ק,,,משקה קרמל בוטנים 1 ק,,0.00,,false,,0.00,0.0000,true,1,135979
7290108533804,true,מרק כתום 2.5 ליטר 4,,,מרק כתום 2.5 ליטר 4,,0.00,,false,,0.00,0.0000,true,1,136000
7290108533811,true,מרק שעועית 2.5 ליטר,,,מרק שעועית 2.5 ליטר,,0.00,,false,,0.00,0.0000,true,1,136001
7290108533835,true,קופסאת פלסטיק 1 ליטר,,,קופסאת פלסטיק 1 ליטר,,0.00,,false,,0.00,0.0000,true,1,136023
7290108533897,true,ארגז סלטים ד 15 - בו,,,ארגז סלטים ד 15 - בו,,0.00,,false,,0.00,0.0000,true,1,136036
7290108533903,true,ארגז סלטים ה 20 - בו,,,ארגז סלטים ה 20 - בו,,0.00,,false,,0.00,0.0000,true,1,136037
7290108534016,true,"ארגזY- לח.טונה 10, ל",,,"ארגזY- לח.טונה 10, ל",,0.00,,false,,0.00,0.0000,true,1,136064
7290108534023,true,ארגזZ- מ.חביתה 5 מ.ס,,,ארגזZ- מ.חביתה 5 מ.ס,,0.00,,false,,0.00,0.0000,true,1,136065
7290108534122,true,כפית צבעונית לגלידה,,,כפית צבעונית לגלידה,,0.00,,false,,0.00,0.0000,true,1,136159
7290108534139,true,גביע לגלידה,,,גביע לגלידה,,0.00,,false,,0.00,0.0000,true,1,136160
7290108534146,true,כוס לגלידה,,,כוס לגלידה,,0.00,,false,,0.00,0.0000,true,1,136161
7290108534153,true,גלידה אמריקאית 1 קיל,,,גלידה אמריקאית 1 קיל,,0.00,,false,,0.00,0.0000,true,1,136163
7290108534160,true,גלידה אמריקאית 1 קיל,,,גלידה אמריקאית 1 קיל,,0.00,,false,,0.00,0.0000,true,1,136164
7290108534269,true,אייס פסיפלורה כשלפ,,,אייס פסיפלורה כשלפ,,0.00,,false,,0.00,0.0000,true,1,136174
7290108534283,true,"שוקו כשלפ 1 ק""ג",,,"שוקו כשלפ 1 ק""ג",,0.00,,false,,0.00,0.0000,true,1,136176
7290108534290,true,תמצית לשייק תות כשלפ,,,תמצית לשייק תות כשלפ,,0.00,,false,,0.00,0.0000,true,1,136177
7290108534320,true,"אייס וניל כשלפ 1 ק""ג",,,"אייס וניל כשלפ 1 ק""ג",,0.00,,false,,0.00,0.0000,true,1,136318
7290108534382,true,גפילטע פיש 160 גרם,,,גפילטע פיש 160 גרם,,0.00,,false,,5.00,0.0000,true,1,136899
7290108534412,true,רול חלבה,,,רול חלבה,,0.00,,false,,0.00,0.0000,true,1,136894
7290108534429,true,פאי אגוזים כשלפ,,,פאי אגוזים כשלפ,,0.00,,false,,5.00,0.0000,true,1,136248
7290108534856,true,עוגיות וניל עוגיות2,,,עוגיות וניל עוגיות2,,0.00,,false,,0.00,0.0000,true,1,136362
7290108534894,true,כרטיס נטען,,,כרטיס נטען,,0.00,,false,,0.00,0.0000,true,1,136371
7290108534986,true,סטנד אבזרי מטבח מסיל,,,סטנד אבזרי מטבח מסיל,,0.00,,false,,0.00,0.0000,true,1,137042
7290108535235,true,סטנד כלי כתיבה,,,סטנד כלי כתיבה,,0.00,,false,,0.00,0.0000,true,1,137049
7290108536577,true,"חומץ בלסמי 250 מ""ל",,,"חומץ בלסמי 250 מ""ל",,0.00,,false,,5.00,0.0000,true,1,136809
7290108537918,true,סטנד משקפי קריאה,,,סטנד משקפי קריאה,,0.00,,false,,0.00,0.0000,true,1,136990
7290108538694,true,סלט פסטה פסטו עם גבי,,,סלט פסטה פסטו עם גבי,,0.00,,false,,5.00,0.0000,true,1,137230
7290108539660,true,חמין העדה החרדית5.,,,חמין העדה החרדית5.,,0.00,,false,,0.00,0.0000,true,1,137868
7290109351186,true,אטריות דקיקות 500 גר,,,אטריות דקיקות 500 גר,,0.00,,false,,5.00,0.0000,true,1,136832
7290109353456,true,מפעל-עסיס חומץ טבעי,,,מפעל-עסיס חומץ טבעי,,0.00,,false,,2999.90,0.0000,true,1,138680
7290109356082,true,מפעל-עסיס מיץ לימון,,,מפעל-עסיס מיץ לימון,,0.00,,false,,2999.90,0.0000,true,1,138203
7290109580104,false,רוסטביף פרימיום זוגלובק 150 גרם,נקניק זוגלובק נהריה,,רוסטביף פרימיום זוגל,גרמים,150.00,100 גרם,false,,24.90,0.1660,true,1,155005
7290109580265,false,זוג חזה הודו בדבש+בקביקיו 600ג רמילוי,,,ח.הודו ועוף בדבש+ח.ב,גרמים,600.00,100 גרם,false,,22.90,0.0382,true,1,163951
<<<<<<< HEAD
7290109580432,false,פסטרמה חזה הודו מעושן דק דק זוגלובק 120 גרם,זוגלובק,,פסטרמה אקסטרה מעושנת,גרמים,120.00,100 גרם,false,,14.90,0.1242,true,1,161367
7290110110703,false,מארז ספרייט שישייה פחיות FRIDGE PACK,החברה המרכזית לייצור משק,,מארז ספרייט חדש 6 פח,מיליליטרים,1980.00,"100 מ""ל",false,,24.10,0.0122,true,1,146928
7290110114787,false,נביעות+ מים מינרליים בטעם תפוח 1.5 ליטר,נביעות טבע הגליל בעמ,,מים בטעם תפוח נביעות,מיליליטרים,1500.00,"100 מ""ל",false,,9.20,0.0061,true,1,159216
7290110114794,false,נביעות+ מים מינרליים בטעם אפרסק 1.5 ליטר,"נביעות טבע הגליל בע""\מ ,",,מים בטעם אפרסק נביעו,מיליליטרים,1500.00,"100 מ""ל",false,,9.20,0.0061,true,1,158827
7290110114800,false,נביעות+ מים מינרליים בטעם ענבים 1.5 ליטר,פארייפאבה אגרואינדוס,,מים מינרליים בטעם ענ,מיליליטרים,1500.00,"100 מ""ל",false,,9.20,0.0061,true,1,158828
7290110114855,false,"נביעות מים מינרליים, שישיה 6 * 1.5 ליטר פקדון",נביעות טבע הגליל בעמ,,מים מינרילים נביעות,מיליליטרים,9000.00,"100 מ""ל",false,,13.70,0.0015,true,1,158831
7290110114954,false,מיץ תפוזים מתקתקים פריגת 2 ליטר,פריגת מצוננים,,פריגת 2 ליטר 100% מי,מיליליטרים,2000.00,"100 מ""ל",false,,24.90,0.0124,true,1,159170
7290110114961,false,משקה קל תפוזים פריגת 1.5 ליטר,מבשלות בירה בינלאומיות ב,,פריגת תפוזים 1.5 ליט,מיליליטרים,1500.00,"100 מ""ל",false,,9.10,0.0061,true,1,158832
7290110114985,false,משקה קל אשכוליות פריגת 1.5 ליטר,מבשלות בירה בינלאומיות ב,,פריגת אשכוליות 1.5 ל,מיליליטרים,1500.00,"100 מ""ל",false,,9.10,0.0061,true,1,158834
7290110115005,false,משקה קל ענבים פריגת 1.5 ליטר,מבשלות בירה בינלאומיות ב,,משקה קל ענבים פריגת,מיליליטרים,1500.00,"100 מ""ל",false,,9.10,0.0061,true,1,158835
7290110115036,false,משקה קל מנגו פריגת 1.5 ליטר,מבשלות בירה בינלאומיות ב,,פריגת מנגו 1.5 ליטר,מיליליטרים,1500.00,"100 מ""ל",false,,9.10,0.0061,true,1,158838
7290110115043,false,משקה קל לימונענע פריגת 1.5 ליטר,מבשלות בירה בינלאומיות ב,,פריגת לימונענע 1.5 ל,מיליליטרים,1500.00,"100 מ""ל",false,,9.10,0.0061,true,1,158839
7290110115050,false,פריגת מיקס תות בננה 1.5 ליטר פיקדון,מבשלות בירה בינלאומיות ב,,פריגת מיקס תות-בננה,מיליליטרים,1500.00,"100 מ""ל",false,,9.10,0.0061,true,1,158840
7290110115081,false,פריגת צלול ענבים 1.5 ליטר פיקדון,"מבשלות בירה לישראל בע""\מ",,פריגת צלול בטעם ענבי,מיליליטרים,1500.00,"100 מ""ל",false,,8.80,0.0059,true,1,158842
7290110115104,false,פריגת צלול אפרסק 1.5 ליטר פיקדון,מבשלות בירה בינלאומיות ב,,פריגת צלול בטעם אפרס,מיליליטרים,1500.00,"100 מ""ל",false,,8.80,0.0059,true,1,158844
7290110115203,false,קוקה קולה 1.5 ליטר פיקדון,החברה המרכזית לייצור משק,,קוקה קולה 1.5 ליטר,מיליליטרים,1500.00,"100 מ""ל",false,,8.90,0.0059,true,1,158852
7290110115227,false,קוקה-קולה זירו בקבוק 1.5 ליטר,החברה המרכזית לייצור משק,,קוקה קולה זירו בקבוק,מיליליטרים,1500.00,"100 מ""ל",false,,8.80,0.0059,true,1,158854
7290110115234,false,קוקה-קולה זירו נטול בקבוק 1.5 ליטר,החברה המרכזית לייצור משק,,דיאט קולה זירו נטול,מיליליטרים,1500.00,"100 מ""ל",false,,8.80,0.0059,true,1,159560
7290110115241,false,קוקה-קולה זירו לימון בקבוק 1.5 ליטר,החברה המרכזית לייצור משק,,דיאט קולה זירו לימון,מיליליטרים,1500.00,"100 מ""ל",false,,8.80,0.0059,true,1,159561
7290110115319,false,פאנטה אקזוטיק 1.5 ליטר פיקדון,החברה המרכזית לייצור משק,,פאנטה אקזוטיק 1.5 לי,מיליליטרים,1500.00,"100 מ""ל",false,,9.10,0.0061,true,1,158859
7290110115357,false,קינלי סודה 1.5 ליטר פיקדון,החברה המרכזית לייצור משק,,קינלי סודה 1.5 ליטר,מיליליטרים,1500.00,"100 מ""ל",false,,4.30,0.0029,true,1,158863
7290110115364,false,שישייה קוקה קולה 1.5 ליטר פיקדון,החברה המרכזית לייצור משק,,קוקה קולה 6*1.5 ליטר,קילוגרמים,9.00,ליטר,false,,51.10,5.6778,true,1,158864
7290110115388,false,ספרייט ליים שישיות 1.5 ליטר פיקדון,החברה המרכזית לייצור משק,,ספרייט ליים שישיה 1.,מיליליטרים,9000.00,"100 מ""ל",false,,51.70,0.0057,true,1,158865
7290110115401,false,קינלי סודה שישייה 1.5 ליטר פיקדון,החברה המרכזית לייצור משק,,שישיית קינלי סודה 1.,מיליליטרים,9000.00,"100 מ""ל",false,,15.70,0.0017,true,1,158867
7290110115418,false,מארז שישייה קוקה קולה זירו 1.5 ל',החברה המרכזית לייצור משק,,קולה זירו קוקה קולה,מיליליטרים,9000.00,"100 מ""ל",false,,49.70,0.0055,true,1,158868
7290110115449,false,אייס תה בטעם מנגו אננס 1.5ל' FUZE TEA,מבשלות בירה בינלאומיות ב,,תה קר מנגו אננס פיוז,מיליליטרים,1500.00,"100 מ""ל",false,,9.50,0.0063,true,1,158871
7290110115456,false,"תה קר בטעם אפרסק 19 קלוריות ב- 100 מ""ל",מבשלות בירה בינלאומיות ב,,תה קר בטעם אפרסק 19,מיליליטרים,1500.00,"100 מ""ל",false,,9.10,0.0061,true,1,158872
7290110115463,false,פיוז טי אפרסק 1.5 ליטר פיקדון,מבשלות בירה בינלאומיות ב,,תה קר אפרסק פיוז-טי,מיליליטרים,1500.00,"100 מ""ל",false,,9.50,0.0063,true,1,158873
7290110115494,false,תה קר בטעם ענבים פיוז טי 1.5 ליטר,מבשלות בירה בינלאומית בע,,תה קר בטעם ענבים פיו,מיליליטרים,1500.00,"100 מ""ל",false,,9.50,0.0063,true,1,158876
7290110115623,false,משקה פיוז טי זירו ZERO בטעם אפרסק,מבשלות בירה בינלאומיות ב,,פיוז תה אפרסק זירו 1,מיליליטרים,1500.00,"100 מ""ל",false,,8.90,0.0059,true,1,161220
=======
7290109580432,false,פסטרמה חזה הודו מעושן דק דק זוגלובק 120 גרם,נקניק זוגלובק נהריה,,פסטרמה אקסטרה מעושנת,גרמים,120.00,100 גרם,false,,14.90,0.1242,true,1,161367
7290110110703,false,מארז ספרייט שישייה פחיות FRIDGE PACK,החברה המרכזית להפצת משקאות בעמ,,מארז ספרייט חדש 6 פח,מיליליטרים,1980.00,"100 מ""ל",false,,24.10,0.0122,true,1,146928
7290110114787,false,נביעות+ מים מינרליים בטעם תפוח 1.5 ליטר,החברה המרכזית להפצת משקאות בעמ,,מים בטעם תפוח נביעות,מיליליטרים,1500.00,"100 מ""ל",false,,9.20,0.0061,true,1,159216
7290110114794,false,נביעות+ מים מינרליים בטעם אפרסק 1.5 ליטר,החברה המרכזית להפצת משקאות בעמ,,מים בטעם אפרסק נביעו,מיליליטרים,1500.00,"100 מ""ל",false,,9.20,0.0061,true,1,158827
7290110114800,false,נביעות+ מים מינרליים בטעם ענבים 1.5 ליטר,החברה המרכזית להפצת משקאות בעמ,,מים מינרליים בטעם ענ,מיליליטרים,1500.00,"100 מ""ל",false,,9.20,0.0061,true,1,158828
7290110114855,false,"נביעות מים מינרליים, שישיה 6 * 1.5 ליטר פקדון",החברה המרכזית להפצת משקאות בעמ,,מים מינרילים נביעות,מיליליטרים,9000.00,"100 מ""ל",false,,13.70,0.0015,true,1,158831
7290110114954,false,מיץ תפוזים מתקתקים פריגת 2 ליטר,החברה המרכזית טלהפצת משקאות בע,,פריגת 2 ליטר 100% מי,מיליליטרים,2000.00,"100 מ""ל",false,,24.90,0.0124,true,1,159170
7290110114961,false,משקה קל בטעם תפוזים פריגת (1.5 ליטר),החברה המרכזית להפצת משקאות בעמ,,פריגת תפוזים 1.5 ליט,מיליליטרים,1500.00,"100 מ""ל",false,,9.10,0.0061,true,1,158832
7290110114985,false,משקה קל בטעם אשכוליות פריגת (1.5 ליטר),החברה המרכזית להפצת משקאות בעמ,,פריגת אשכוליות 1.5 ל,מיליליטרים,1500.00,"100 מ""ל",false,,9.10,0.0061,true,1,158834
7290110115005,false,משקה קל בטעם ענבים פריגת (1.5 ליטר),החברה המרכזית להפצת משקאות בעמ,,משקה קל ענבים פריגת,מיליליטרים,1500.00,"100 מ""ל",false,,9.10,0.0061,true,1,158835
7290110115036,false,משקה קל בטעם מנגו פריגת (1.5 ליטר),החברה המרכזית להפצת משקאות בעמ,,פריגת מנגו 1.5 ליטר,מיליליטרים,1500.00,"100 מ""ל",false,,9.10,0.0061,true,1,158838
7290110115043,false,משקה קל בטעם לימונענע פריגת (1.5 ליטר),החברה המרכזית להפצת משקאות בעמ,,פריגת לימונענע 1.5 ל,מיליליטרים,1500.00,"100 מ""ל",false,,9.10,0.0061,true,1,158839
7290110115050,false,משקה קל בטעם תות בננה פריגת (1.5 ליטר),החברה המרכזית להפצת משקאות בעמ,,פריגת מיקס תות-בננה,מיליליטרים,1500.00,"100 מ""ל",false,,9.10,0.0061,true,1,158840
7290110115081,false,פריגת צלול ענבים 1.5 ליטר פיקדון,החברה המרכזית להפצת משקאות בעמ,,פריגת צלול בטעם ענבי,מיליליטרים,1500.00,"100 מ""ל",false,,8.80,0.0059,true,1,158842
7290110115104,false,פריגת צלול אפרסק 1.5 ליטר פיקדון,החברה המרכזית להפצת משקאות בעמ,,פריגת צלול בטעם אפרס,מיליליטרים,1500.00,"100 מ""ל",false,,8.80,0.0059,true,1,158844
7290110115203,false,קוקה קולה 1.5 ליטר פיקדון,החברה המרכזית להפצת משקאות בעמ,,קוקה קולה 1.5 ליטר,מיליליטרים,1500.00,"100 מ""ל",false,,8.90,0.0059,true,1,158852
7290110115227,false,קוקה קולה Zero בקבוק 1.5 ליטר פיקדון,החברה המרכזית להפצת משקאות בעמ,,קוקה קולה זירו בקבוק,מיליליטרים,1500.00,"100 מ""ל",false,,8.80,0.0059,true,1,158854
7290110115234,false,קוקה קולה דיאט זירו 1.5 ליטר פיקדון,החברה המרכזית להפצת משקאות בעמ,,דיאט קולה זירו נטול,מיליליטרים,1500.00,"100 מ""ל",false,,8.80,0.0059,true,1,159560
7290110115241,false,קוקה קולה דיאט לימון 1.5 ליטר פיקדון,החברה המרכזית להפצת משקאות בעמ,,דיאט קולה זירו לימון,מיליליטרים,1500.00,"100 מ""ל",false,,8.80,0.0059,true,1,159561
7290110115319,false,פאנטה אקזוטי פירות טרופיים 1.5ל פיקדון,החברה המרכזית להפצת משקאות בעמ,,פאנטה אקזוטיק 1.5 לי,מיליליטרים,1500.00,"100 מ""ל",false,,9.10,0.0061,true,1,158859
7290110115357,false,קינלי סודה 1.5 ליטר פיקדון,החברה המרכזית להפצת משקאות בעמ,,קינלי סודה 1.5 ליטר,מיליליטרים,1500.00,"100 מ""ל",false,,4.30,0.0029,true,1,158863
7290110115364,false,שישייה קוקה קולה 1.5 ליטר פיקדון,החברה המרכזית להפצת משקאות בעמ,,קוקה קולה 6*1.5 ליטר,קילוגרמים,9.00,ליטר,false,,51.10,5.6778,true,1,158864
7290110115388,false,ספרייט לימון ליים 1.5 ליטר מארז שישייה,החברה המרכזית להפצת משקאות בעמ,,ספרייט ליים שישיה 1.,מיליליטרים,9000.00,"100 מ""ל",false,,51.70,0.0057,true,1,158865
7290110115401,false,קינלי סודה שישייה 1.5 ליטר פיקדון,החברה המרכזית להפצת משקאות בעמ,,שישיית קינלי סודה 1.,מיליליטרים,9000.00,"100 מ""ל",false,,15.70,0.0017,true,1,158867
7290110115418,false,קוקה קולה זירו 1.5 ליטר מארז שישייה,החברה המרכזית להפצת משקאות בעמ,,קולה זירו קוקה קולה,מיליליטרים,9000.00,"100 מ""ל",false,,49.70,0.0055,true,1,158868
7290110115449,false,פיוז-טי תה מנגו אננס 1.5 ליטר פיקדון,החברה המרכזית להפצת משקאות בעמ,,תה קר מנגו אננס פיוז,מיליליטרים,1500.00,"100 מ""ל",false,,9.50,0.0063,true,1,158871
7290110115456,false,פיוז-טי תה אפרסק 1.5 ליטר 19 קל פיקדון,החברה המרכזית להפצת משקאות בעמ,,תה קר בטעם אפרסק 19,מיליליטרים,1500.00,"100 מ""ל",false,,9.10,0.0061,true,1,158872
7290110115463,false,פיוז-טי תה אפרסק 1.5 ליטר פיקדון,החברה המרכזית להפצת משקאות בעמ,,תה קר אפרסק פיוז-טי,מיליליטרים,1500.00,"100 מ""ל",false,,9.50,0.0063,true,1,158873
7290110115494,false,תה קר בטעם ענבים פיוז טי 1.5 ליטר,החברה המרכזית להפצת משקאות בעמ,,תה קר בטעם ענבים פיו,מיליליטרים,1500.00,"100 מ""ל",false,,9.50,0.0063,true,1,158876
7290110115623,false,פיוז-טי תה אפרסק זירו 1.5 ליטר פיקדון,החברה המרכזית להפצת משקאות בעמ,,פיוז תה אפרסק זירו 1,מיליליטרים,1500.00,"100 מ""ל",false,,8.90,0.0059,true,1,161220
>>>>>>> d048ac2f4f281c9d788043ab4e81b61b0dbe3743
7290110115869,false,קוקה קולה זירו 1.5 ליטר פיקדון,תות תעשיות מזון (201,,קוקה קולה זירו בקבוק,מיליליטרים,1500.00,"100 מ""ל",false,,8.80,0.0059,true,1,159570
7290110115876,false,קינלי סודה 1.5ליטר-,"אינסטנטה בע""מ",,קינלי סודה 1.5 ליטר,מיליליטרים,1500.00,"100 מ""ל",false,,4.30,0.0029,true,1,163078
7290110116125,false,"סירופ פריגת בטעם פטל 750 מ""ל פיקדון",החברה המרכזית להפצת משקאות בעמ,,סירופ פטל פריגת 750,מיליליטרים,750.00,"100 מ""ל",false,,24.90,0.0332,true,1,162983
7290110116194,false,נביעות+ סדרת 0 קלוריות לימון-ליים 1.5 ליטר,החברה המרכזית להפצת משקאות בעמ,,נביעות+ לימון ליים 0,מיליליטרים,1500.00,"100 מ""ל",false,,9.90,0.0066,true,1,162309
7290110116217,false,נביעות+ סדרת 0 קלוריות אשכוליות 1.5 ליטר,החברה המרכזית להפצת משקאות בעמ,,נביעות+ אשכולית 0 קל,מיליליטרים,1500.00,"100 מ""ל",false,,9.90,0.0066,true,1,162310
7290110116552,false,ספרייט לימון היט 1.5 ליטר LIME פיקדון,החברה המרכזית להפצת משקאות בעמ,,ספרייט למון היט 1.5,מיליליטרים,1500.00,"100 מ""ל",false,,8.90,0.0059,true,1,163347
7290110116569,false,ספרייט זירו 1.5 ליטר LEMON HIT פיקדון,החברה המרכזית להפצת משקאות בעמ,,ספרייט זירו למון היט,מיליליטרים,1500.00,"100 מ""ל",false,,8.60,0.0057,true,1,163348
7290110320867,false,פתיתים גבינה חצי קשה מגורדת 28% שומן,תנובה מרכז שיתופי לש,,פתיתי עמק 28% שומן,גרמים,500.00,100 גרם,false,,29.90,0.0598,true,1,148414
7290110321277,false,קוטג' בקטנה 5% תנובה 100 גרם מהדרין,פארייפאבה אגרואינדוס,,קוטג' בקטנה 5%,גרמים,100.00,100 גרם,false,,2.70,0.0270,true,1,147466
7290110321680,false,יוגורט GO בטעם תות 20 גרם חלבון בגביע,מיוצר עי קונדיטוריית,,יוגורט 2.9% תות גו 2,גרמים,200.00,100 גרם,false,,5.50,0.0275,true,1,142684
7290110321697,false,יוגורט GO בטעם אפרסק 20 גרם חלבון בגביע,מיוצר עי קונדיטוריית,,יוגורט 2.9% אפרסק גו,גרמים,200.00,100 גרם,false,,5.70,0.0285,true,1,142685
7290110321789,false,גבינת מסקרפונה 38% שומן 250 גר`השף הלבן,"תנובה בע""מ ***",,גבינת מסקרפונה השף ה,גרמים,250.00,100 גרם,false,,19.90,0.0796,true,1,146893
7290110322014,false,טופו בטעם טבעי תנובה ALTERNATIVE,שוורצקוף& הנקל דיסלד,,טופו טבעי 300 גרם,גרמים,300.00,100 גרם,false,,12.50,0.0417,true,1,142688
<<<<<<< HEAD
7290110322946,false,יופלה טיוב יוגורט במרקם חלק בטעם תות בננה כשרות רבנות 348 ג',תנובה חלב,,יוגורט תות ובננה סמו,מיליליטרים,348.00,"100 מ""ל",false,,11.90,0.0342,true,1,146895
7290110323073,false,"משקה יוגורט יופלה גו תות פטל 250 מ""ל - רבנות",מיוצר עי קונדיטוריית,,משקה יוגורט 1% 20 גר,מיליליטרים,250.00,"100 מ""ל",false,,6.30,0.0252,true,1,142692
7290110323301,false,טל העמק בסגנון אמנטל 32% שומן 200 גרם,פ.פ.ח. שאביט,,גבינת טל העמק 32% שו,גרמים,200.00,100 גרם,false,,18.90,0.0945,true,1,146899
7290110323592,false,יופלה יוגורט עם אפרסק מופחת קלוריות 200 ג' GO,יופלה Yoplait,,יוגורט לייט 0.5% מוע,גרמים,200.00,100 גרם,false,,5.70,0.0285,true,1,146902
=======
7290110322946,false,יופלה טיוב יוגורט במרקם חלק בטעם תות בננה כשרות רבנות 348 ג',תנובה - חלב,,יוגורט תות ובננה סמו,מיליליטרים,348.00,"100 מ""ל",false,,11.90,0.0342,true,1,146895
7290110323073,false,"משקה יוגורט יופלה גו תות פטל 250 מ""ל - רבנות",מיוצר עי קונדיטוריית,,משקה יוגורט 1% 20 גר,מיליליטרים,250.00,"100 מ""ל",false,,6.30,0.0252,true,1,142692
7290110323301,false,טל העמק בסגנון אמנטל 32% שומן 200 גרם,"תנובה בע""מ ***",,גבינת טל העמק 32% שו,גרמים,200.00,100 גרם,false,,18.90,0.0945,true,1,146899
7290110323592,false,יופלה יוגורט עם אפרסק מופחת קלוריות 200 ג' GO,תנובה בעמ ***,,יוגורט לייט 0.5% מוע,גרמים,200.00,100 גרם,false,,5.70,0.0285,true,1,146902
>>>>>>> d048ac2f4f281c9d788043ab4e81b61b0dbe3743
7290110323714,false,משקה קוקוס שקדים תנובה E אלטרנטיב,מיוצר עי קונדיטוריית,,משקה קוקוס שקדים תנו,מיליליטרים,1000.00,"100 מ""ל",false,,12.90,0.0129,true,1,146907
7290110324070,false,גבינת חלומי מחלב בקר (30% 200 גר`)פירא,"תנובה בע""\מ",,גבינת חלומי מחלב בקר,גרמים,200.00,100 גרם,false,,19.90,0.0995,true,1,155787
7290110324353,false,יוגורט GO לייט בטעם אננס 20 גרם חלבון בגביע,מיוצר עי קונדיטוריית,,יוגורט 0.5% מועשר אנ,גרמים,200.00,100 גרם,false,,5.70,0.0285,true,1,146909
7290110324551,false,יופלה טיוב יוגורט במרקם חלק תות כשרות מהדרין,"תנובה בע""מ ***",,יוגורט טיוב תות סמוט,מיליליטרים,348.00,"100 מ""ל",false,,11.90,0.0342,true,1,146910
7290110324711,false,ממרח סויה 9% שומן בטעם טבעי תנובה 250 גרם,מיוצר עי קונדיטוריית,,ממרח סויה בטעם טבעי,גרמים,250.00,100 גרם,false,,9.90,0.0396,true,1,146915
7290110324858,false,מעדן שקדים בטעם אגוזי לוז תנובה 125 גרם,מיוצר עי קונדיטוריית,,מעדן שקדים אגוזי לוז,גרמים,125.00,100 גרם,false,,4.20,0.0336,true,1,155278
7290110324872,false,גבינה צהובה גלבוע (5% 200 גר`)תנובה,גלבוע - תנובה,,פרוסות גבינה חצי קשה,גרמים,200.00,100 גרם,false,,17.90,0.0895,true,1,154448
7290110324926,false,משקה סויה ללא תוספת סוכר E אלטרנטיב,תנובה מרכז שיתופי לש,,משקה סויה ללא תוספת,מיליליטרים,1000.00,"100 מ""ל",false,,10.90,0.0109,true,1,146922
7290110325305,false,יופלה GO סויה 20 גרם חלבון במתיקות מעודנת תנובה 200 גרם,מיוצר עי קונדיטוריית,,מעדן סויה גו מועשר ב,גרמים,200.00,100 גרם,false,,5.70,0.0285,true,1,155270
7290110325312,false,יופלה GO סויה 20 גרם חלבון בטעם תות תנובה 200 גרם,תנובה בעמ ***,,מעדן סויה גו מועשר ת,גרמים,200.00,100 גרם,false,,5.70,0.0285,true,1,155271
7290110325619,false,משקה שיבולת שועל תנובה E אלטרנטיב,מיוצר עי קונדיטוריית,,משקה שיבולת שועל 1 ל,מיליליטרים,1000.00,"100 מ""ל",false,,12.90,0.0129,true,1,153434
7290110325893,false,משקה חלב GO מועשר בחלבון בטעם אייס קפה,מיוצר עי קונדיטוריית,,תנובה GO אייס קפה 34,מיליליטרים,340.00,"100 מ""ל",false,,7.70,0.0226,true,1,155280
7290110326210,false,יופלה און טופ פצפוצים תנובה 157 גרם,מיוצר עי קונדיטוריית,,יופלה און טופ פצפוצי,גרמים,157.00,100 גרם,false,,5.00,0.0318,true,1,151129
7290110326227,false,יופלה און טופ קורנפלקס תנובה 157 גרם,מיוצר עי קונדיטוריית,,יופלה און טופ קורנפל,גרמים,157.00,100 גרם,false,,5.00,0.0318,true,1,151130
7290110326234,false,יופלה און טופ כוכבים תנובה 157 גרם,מיוצר עי קונדיטוריית,,יופלה און טופ כוכבים,גרמים,157.00,100 גרם,false,,5.00,0.0318,true,1,151131
7290110326241,false,יופלה און טופ גרנולה תנובה 157 גרם,מיוצר עי קונדיטוריית,,יופלה און טופ גרנולה,גרמים,157.00,100 גרם,false,,5.00,0.0318,true,1,151132
<<<<<<< HEAD
7290110326333,false,פרוסות גבינה סקנדינבית תנובה 170 גרם,פ.פ.ח. שאביט,,פרוסות גבינה סקנדינב,גרמים,170.00,100 גרם,false,,19.90,0.1171,true,1,154471
7290110326982,false,משקה חלב עם שוקולד קלאסי YOLO 1 ליטר,תנובה מרכז שיתופי לש,,משקה חלב עם שוקולד ק,מיליליטרים,1000.00,"100 מ""ל",false,,12.90,0.0129,true,1,154375
7290110326999,false,"משקאות חלב+שוקולד קלאסי 340 מ""ל YOLO בקבוק.",תנובה חלב,,משקה חלב עם שוקולד ק,מיליליטרים,340.00,"100 מ""ל",false,,6.50,0.0191,true,1,153517
=======
7290110326333,false,פרוסות גבינה סקנדינבית 170 גר`קולקשיין,"תנובה בע""מ ***",,פרוסות גבינה סקנדינב,גרמים,170.00,100 גרם,false,,19.90,0.1171,true,1,154471
7290110326982,false,משקה חלב עם שוקולד קלאסי יולו 1 ליטר,תנובה מרכז שיתופי לש,,משקה חלב עם שוקולד ק,מיליליטרים,1000.00,"100 מ""ל",false,,12.90,0.0129,true,1,154375
7290110326999,false,"משקאות חלב+שוקולד קלאסי 340 מ""ל YOLO בקבוק.",תנובה - חלב,,משקה חלב עם שוקולד ק,מיליליטרים,340.00,"100 מ""ל",false,,6.50,0.0191,true,1,153517
>>>>>>> d048ac2f4f281c9d788043ab4e81b61b0dbe3743
7290110327033,false,משקה סויה תנובה גו מועשר בחלבון במתיקות מופחתת,מיוצר עי קונדיטוריית,,משקה סויה מועשר בחלב,מיליליטרים,1000.00,"100 מ""ל",false,,12.90,0.0129,true,1,154449
7290110327545,false,יופלה און טופ בטעם תות בתוספת פצפוצים מצופים שוקולד 157 גרם,מיוצר עי קונדיטוריית,,יוגורט יופלה און טופ,גרמים,157.00,100 גרם,false,,5.00,0.0318,true,1,160349
7290110328481,false,פתיתי פרמג'יאנו רג'יאנו מחלב בקר 30%,ברטינלי גיאני א.,,פתיתי פרמג'יאנו רג'י,גרמים,100.00,100 גרם,false,,16.90,0.1690,true,1,155800
7290110328627,false,יוגורט יופלה GO במרקם סמיך בטעם בננה קרמל 0%,מיוצר עי קונדיטוריית,,יוגורט גו סמיך בננה,גרמים,200.00,100 גרם,false,,5.90,0.0295,true,1,158360
7290110328771,false,יוגורט יופלה GO במרקם סמיך עם פירות יער 0%,מיוצר עי קונדיטוריית,,יוגורט גו סמיך 0% פי,גרמים,200.00,100 גרם,false,,5.90,0.0295,true,1,158362
7290110328788,false,יוגורט יופלה GO במרקם סמיך בטעם אפרסק 0%,תנובה מרכז שיתופי לש,,יוגורט גו סמיך אפרסק,גרמים,200.00,100 גרם,false,,5.90,0.0295,true,1,158363
7290110329143,false,מעדן חלב מעושר בחלבון בטעם וניל גביע 120 ג' GO,תנובה מרכז שיתופי לש,,מעדן חלב גו בטעם וני,גרמים,120.00,100 גרם,false,,4.90,0.0408,true,1,158533
7290110329686,false,משקה GO חלב בטעם עוגיות 27 גר`חלבון,מיוצר עי קונדיטוריית,,משקה חלב גו בטעם עוג,מיליליטרים,340.00,"100 מ""ל",false,,7.90,0.0232,true,1,158536
7290110329716,false,משקה חלב קר בטעם קפוצ'ינו 230 גרם תנובה,תנובה מרכז שיתופי לש,,משקה קפה קר בטעם קפו,גרמים,230.00,100 גרם,false,,7.90,0.0343,true,1,161084
7290110329723,false,משקה חלב קר בטעם לאטה 230 גרם תנובה,תנובה מרכז שיתופי לש,,משקה קפה קר בטעם לאט,גרמים,230.00,100 גרם,false,,7.90,0.0343,true,1,161085
7290110329730,false,"משקה חלב עם שוקולד וקפה בסגנון לאטה 2.7%  230 מ""ל תנובה",תנובה מרכז שיתופי לש,,משקה חלב עם שוקולד ו,גרמים,230.00,100 גרם,false,,7.90,0.0343,true,1,161086
7290110329792,false,יוגורט סויה BIO Alternative אפרסק 150 ג' תנובה,מיוצר עי קונדיטוריית,,מעדן סויה ביו אפרסק,גרמים,150.00,100 גרם,false,,4.80,0.0320,true,1,159267
7290110329808,false,יוגורט סויה BIO Alternative תות 150 ג' תנובה,מיוצר עי קונדיטוריית,,מעדן סויה ביו תות אל,גרמים,150.00,100 גרם,false,,4.80,0.0320,true,1,159268
7290110329822,false,יוגורט סויה BIO Alternative פירות יער 150 ג' תנובה,מיוצר עי קונדיטוריית,,מעדן סויה ביו פירות,גרמים,150.00,100 גרם,false,,4.80,0.0320,true,1,159265
7290110329846,false,יוגורט סויה BIO Alternative בטעם טבעי 150 ג' תנובה,מיוצר עי קונדיטוריית,,מעדן סויה ביו טבעי א,גרמים,150.00,100 גרם,false,,4.80,0.0320,true,1,159272
7290110552237,false,יוגורט פרו בטעם אפרסק מנגו ללא סוכר 200 ג' דנונה,שטראוס גרופ בעמ/מצונן,,דנונה פרו 20 גרם ללא,גרמים,200.00,100 גרם,false,,5.90,0.0295,true,1,159457
7290110553029,false,"אנרג'י קריספס-פריכיות חומוס, עדשים ואפונה עם קייל וסלק","פרח תעשיו מזון בע""מ",,פריכיות חלבון קייל ח,גרמים,60.00,100 גרם,false,,9.90,0.1650,true,1,159770
7290110553135,false,נסקפה קפוצ'ינו סטיק וניל 130 ג' עלית,שטראוס גרופ בע`מ,,קפוצ'ינו סטיק וניל ע,גרמים,130.00,100 גרם,false,,13.90,0.1069,true,1,163367
7290110554460,false,ציטוס קראנץ צ'דר חלפיניו 65 ג' עלית,שטראוס פריטו ליי בעמ,,ציטוס קראנץ צ'דר חלפ,גרמים,65.00,100 גרם,false,,3.50,0.0538,true,1,161266
7290110554583,false,מארז חטיפי צ'יטוס פאפס בטעם גבינה - 10 יחידות,"שטראוס פריטו ליי בע""\מ )",,מארז ציטוס פאפ גבינה,גרמים,200.00,100 גרם,false,,12.90,0.0645,true,1,159171
7290110555306,false,רבע לשבע טבעוני סינמון באן עלית 125 גרם,"הגביע מוצרי וופלים בע""\מ",,רבע לשבע טבעוני סינמ,גרמים,125.00,100 גרם,false,,10.90,0.0872,true,1,161396
7290110556242,false,"שוקולד מריר פרווה 100 גר' בד""ץ תוצרת חוץ","שטראוס גרופ בע""מ.",,שוקולד מריר פרווה על,גרמים,100.00,100 גרם,false,,5.50,0.0550,true,1,162937
7290110557102,false,מעדן חלב עם שוקולד מועשר בחלבון 150 ג' שטראוס,שטראוס גרופ בעמ/מצונן,,מעדן פרו חלב עם שוקו,גרמים,150.00,100 גרם,false,,4.90,0.0327,true,1,160792
7290110557133,false,מעדן הגולן וניל 125 ג' שטראוס,שטראוס גרופ בעמ/מצונן,,מעדן הגולן וניל 125,גרמים,125.00,100 גרם,false,,2.90,0.0232,true,1,158340
7290110557645,false,מאגדת חטיפים אנרג'י מיקס צימוקים חמוציות 100X4 גרם,שטראוס גרופ בע`מ,,אנרג'י מיקס צימוקים,גרמים,100.00,100 גרם,false,,15.90,0.1590,true,1,162110
7290110558314,false,דנונה פרו 20 גרם חלבון ללא סוכר פיסטוק 200 גרם,שטראוס גרופ בעמ/מצונן,,דנונה פרו ללא סוכר פ,גרמים,200.00,100 גרם,false,,5.90,0.0295,true,1,162206
7290110558338,false,דנונה פרו 25 ג' חלבון 200 ג' שטראוס,שטראוס גרופ בעמ/מצונן,,דנונה פרו 25 גרם חלב,גרמים,200.00,100 גרם,false,,5.90,0.0295,true,1,160895
7290110558666,false,מעדן גבינה בטעם תפוח 88 ג' דניאלה,שטראוס גרופ בעמ/מצונן,,דניאלה בטעם תפוח 88,גרמים,88.00,100 גרם,false,,4.10,0.0466,true,1,163287
7290110560317,false,"הפריכיות הטעימות חומוס, עדשים שחורות, קינואה ומלח ים","פרח תעשיו מזון בע""מ",,פריכיות משולשות מלח,גרמים,30.00,100 גרם,false,,4.90,0.1633,true,1,154508
7290110563431,false,"משקה קפה קר בסגנון קלאסי 230 מ""ל 1.6% יוטבתה",שטראוס גרופ בעמ/מצונן,,משקה קפה קר קלאסי 1.,מיליליטרים,230.00,"100 מ""ל",false,,7.90,0.0343,true,1,145514
7290110563448,false,"משקה קפה קר בסגנון מעודן 230 מ""ל 1.6% יוטבתה",שטראוס גרופ בעמ/מצונן,,משקה קפה קר מעודן 1.,מיליליטרים,230.00,"100 מ""ל",false,,7.90,0.0343,true,1,145515
7290110563462,false,חלב 2% דל לקטוז בבקבוק יטבתה 1 ליטר.,שטראוס גרופ בעמ/מצונן,,חלב בבקבוק נטול לקטו,מיליליטרים,1000.00,"100 מ""ל",false,,7.90,0.0079,true,1,145516
7290110564339,false,חומוס אחלה הסידרה המובחר 30% טחינה 400 גר',שטראוס גרופ בעמ/מצונן,,חומוס עשיר ב 30% טחי,גרמים,400.00,100 גרם,false,,13.90,0.0348,true,1,143938
7290110564360,false,חומוס אחלה הסידרה המובחר 40% טחינה 400 גר',שטראוס גרופ בעמ/מצונן,,חומוס עשיר 40% טחינה,גרמים,400.00,100 גרם,false,,13.90,0.0348,true,1,143939
7290110565527,false,יוגורט PRO פרו 1.5% 20 גרם חלבון בגביע,שטראוס גרופ בעמ/מצונן,,יוגורט פרו 20 גרם חל,גרמים,200.00,100 גרם,false,,5.90,0.0295,true,1,142562
7290110566975,false,דנונה פרו יוגורט 0% תות עשיר בחלבון 200ג',שטראוס גרופ בעמ/מצונן,,יוגורט דנונה פרו 20,גרמים,200.00,100 גרם,false,,5.90,0.0295,true,1,143952
7290110568238,false,"קצפת צמחית 21% שומן 250 מ""ל יוטבתה",שטראוס גרופ בעמ/מצונן,,קצפת צמחית 21% 250 מ,מיליליטרים,250.00,"100 מ""ל",false,,7.90,0.0316,true,1,143959
7290110571375,false,"אנרג'י מיקס תערובת צימוקים, תמרים, טופי ושברי פקאן",אנרג'י Energy - שטראוס,,אנרג'י מיקס צימוקים,גרמים,100.00,100 גרם,false,,15.90,0.1590,true,1,162114
7290110571382,false,מעדן חלב בטעם וניל מעושר בחלבון 150 ג' שטראוס,שטראוס גרופ בעמ/מצונן,,מעדן חלב בטעם וניל מ,גרמים,150.00,100 גרם,false,,4.90,0.0327,true,1,160418
7290110571405,false,עלית - מיני פינוקיות בגביע פסק זמן 180 גרם,שטראוס גרופ בע`מ,,מיני פינוקיות בגביע,גרמים,180.00,100 גרם,false,,10.90,0.0606,true,1,163372
7290110572129,false,כיף כף מקלות שוקולד לבן 40 ג' עלית,סולן בעבור שטראוס,,כיף כף מקלות שוקולד,גרמים,40.00,100 גרם,false,,4.90,0.1225,true,1,163374
<<<<<<< HEAD
7290110572969,false,כיף כף פצפצים עקרם לבן 40ג' עלית,שולן צ'\יקולטה גידה סאן.,,כיף כף פצפצים קרם לב,גרמים,40.00,100 גרם,false,,5.00,0.1250,true,1,162115
7290110572976,false,כיף כף פצפצים בגביע במילוי קרם בטעם שוקולד לבן,שולן צ'יקולטה גידה ס,,כיף כף פצפצים קרם לב,גרמים,135.00,100 גרם,false,,10.60,0.0785,true,1,162116
7290110576318,false,מאגדת שלישיית שוקולד אגוז לבן 300 ג' עלית,שטראוס,,שוקולד אגוז לבן עלית,גרמים,300.00,100 גרם,false,,24.90,0.0830,true,1,162928
7290110576356,false,"שוקולד ספלנדיד מריר 64% - חלבי , מפולי קקאו מפרו",קימ'\ס גריפלנן,,ספלנדיד שוקולד מריר,גרמים,100.00,100 גרם,false,,7.90,0.0790,true,1,161750
7290110576370,false,מארז שלישייה שוקולד מריר חלבי עם אגוזי לוז,שטראוס,,שוקולד אגוז מריר עלי,גרמים,300.00,100 גרם,false,,24.90,0.0830,true,1,162929
7290110576387,false,מאגדת שלישיית שוקולד אגוז חלב 300 ג' עלית,שטראוס,,שוקולד אגוז חלב עלית,גרמים,300.00,100 גרם,false,,24.90,0.0830,true,1,162930
7290110576776,false,טבלאות שוקולד ספלנדיד מריר 85% 100 ג' עלית,קימ'\ס גריפלנן,,שוקולד ספלנדיד מריר,גרמים,100.00,100 גרם,false,,10.90,0.1090,true,1,163379
7290110576790,false,גבינת סקי 3% בטעם מוקה 125 גרם,"שטראוס בריאות בע""\מ",,סקי בטעם מוקה שטראוס,גרמים,125.00,100 גרם,false,,3.70,0.0296,true,1,163289
7290110577230,false,משקה חלב בטעם פיסטוק בבקבוק יטבתה 1 ליטר,שטראוס גרופ,,משקה חלב בטעם פיסטוק,מיליליטרים,1000.00,"100 מ""ל",false,,11.90,0.0119,true,1,163292
=======
7290110572969,false,כיף כף פצפצים עלית קרם לבן (40 גר`),שולן צ'\יקולטה גידה סאן.,,כיף כף פצפצים קרם לב,גרמים,40.00,100 גרם,false,,5.00,0.1250,true,1,162115
7290110572976,false,כיף כף פצפצים בגביע במילוי קרם בטעם שוקולד לבן,שולן צ'יקולטה גידה ס,,כיף כף פצפצים קרם לב,גרמים,135.00,100 גרם,false,,10.60,0.0785,true,1,162116
7290110576318,false,מאגדת שלישיית שוקולד אגוז לבן 300 ג' עלית,שטראוס גרופ בע`מ,,שוקולד אגוז לבן עלית,גרמים,300.00,100 גרם,false,,24.90,0.0830,true,1,162928
7290110576356,false,"שוקולד ספלנדיד מריר 64% - חלבי , מפולי קקאו מפרו",שטראוס גרופ בע`מ,,ספלנדיד שוקולד מריר,גרמים,100.00,100 גרם,false,,7.90,0.0790,true,1,161750
7290110576370,false,מארז שלישייה שוקולד מריר חלבי עם אגוזי לוז,שטראוס גרופ בע`מ,,שוקולד אגוז מריר עלי,גרמים,300.00,100 גרם,false,,24.90,0.0830,true,1,162929
7290110576387,false,מאגדת שלישיית שוקולד אגוז חלב 300 ג' עלית,שטראוס גרופ בע`מ,,שוקולד אגוז חלב עלית,גרמים,300.00,100 גרם,false,,24.90,0.0830,true,1,162930
7290110576776,false,טבלאות שוקולד ספלנדיד מריר 85% 100 ג' עלית,שטראוס גרופ בע`מ,,שוקולד ספלנדיד מריר,גרמים,100.00,100 גרם,false,,10.90,0.1090,true,1,163379
7290110576790,false,סקי בטעם מוקה 3% (125 גר`) דנונה,שטראוס גרופ בעמ/מצונן,,סקי בטעם מוקה שטראוס,גרמים,125.00,100 גרם,false,,3.70,0.0296,true,1,163289
7290110577230,false,משקה חלב בטעם פיסטוק בבקבוק יטבתה 1 ליטר,שטראוס גרופ בעמ/מצונן,,משקה חלב בטעם פיסטוק,מיליליטרים,1000.00,"100 מ""ל",false,,11.90,0.0119,true,1,163292
>>>>>>> d048ac2f4f281c9d788043ab4e81b61b0dbe3743
7290110633431,true,חצאי אפרסק 425 גרם,,,חצאי אפרסק 425 גרם,,0.00,,false,,2.90,0.0000,true,1,139125
7290110634032,true,קוץ לקיר תליה,,,קוץ לקיר תליה,,0.00,,false,,0.00,0.0000,true,1,138580
7290110635343,true,דוגמאות מאפה רוחלה,,,דוגמאות מאפה רוחלה,,0.00,,false,,0.00,0.0000,true,1,139062
7290110635381,true,דוגמאות מאפה אנטקובי,,,דוגמאות מאפה אנטקובי,,0.00,,false,,0.00,0.0000,true,1,139081
7290110635510,true,"דוגמאות מאפה אנג""ל",,,"דוגמאות מאפה אנג""ל",,0.00,,false,,0.00,0.0000,true,1,139104
7290110635527,true,"גרעיני תירס 3 ק""ג עד",,,"גרעיני תירס 3 ק""ג עד",,0.00,,false,,0.00,0.0000,true,1,139111
7290110638696,false,קנקן תה,,,קנקן תה,Unknown,1.00,יחידה,false,,6.00,6.0000,true,1,139305
7290110639785,true,משאבה לבלונים,,,משאבה לבלונים,,0.00,,false,,0.00,0.0000,true,1,140402
7290110639792,true,בלונים ממותגים + מקל,,,בלונים ממותגים + מקל,,0.00,,false,,0.00,0.0000,true,1,140403
7290111352966,false,יוגטה סוכריות ממולאות בטעם פירות 250 גרם ללא ג'לטין,ליימן שליסל בע`מ,,סוכריות גומי ממולאות,גרמים,250.00,100 גרם,false,,9.90,0.0396,true,1,153352
7290111562761,true,אסם קרטון עסקה מרקי,,,אסם קרטון עסקה מרקי,,0.00,,false,,0.00,0.0000,true,1,139478
<<<<<<< HEAD
7290111564291,false,פריכיות דקות ונימוחות 3 דגנים וקינואה פיטנס Fitness,פרח תעשיות בעמ,,פריכיות דקות 3 דגנים,גרמים,120.00,100 גרם,false,,10.90,0.0908,true,1,145969
7290111564956,false,"ביסלי במבה מיקס 200 גרם ""אסם""",פרו מן יו פתרונות אריזה,,ביסלי במבה מיקס 200,גרמים,200.00,100 גרם,false,,8.90,0.0445,true,1,151848
7290111566240,false,שניצל דק מן הצומח בטעם צ'ילי חריף 700 גרם,עיצובים 2020 (4.8),,טבעול שניצל דק בטעם,גרמים,564.00,100 גרם,false,,31.90,0.0566,true,1,145979
7290111566547,false,טבעול חזה בגריל צמחוני 99 קלוריות 560ג',עיצובים 2020 (4.8),,טבעול חזה בגריל צמחו,גרמים,560.00,100 גרם,false,,31.90,0.0570,true,1,145390
7290111566752,false,טבעול שניצל תירס 99 קלוריות 693 גרם,עיצובים 2020 (4.8),,טבעול שניצל תירס 99,גרמים,693.00,100 גרם,false,,31.90,0.0460,true,1,145986
7290111568206,false,ביסלי פארטי מיקס אסם 150 גר',פרו מן יו פתרונות אר,,ביסלי פארטי מיקס 150,גרמים,150.00,100 גרם,false,,7.90,0.0527,true,1,151849
7290111568299,false,אטריות נודלס עם תרד אסם אסייתי 300 גר',זארה,,נודלס אטריות עם תרד,גרמים,300.00,100 גרם,false,,9.90,0.0330,true,1,148176
7290111568466,false,רוטב אסייתי למוקפץ הסדרה האסייתית,"אסם השקעות בע""\מ",,אסם רוטב אסייתי למוק,מיליליטרים,290.00,"100 מ""ל",false,,11.90,0.0410,true,1,142997
7290111568961,false,בייגלה טבעות מלח אסם 400 גרם,אסם,,אסם בייגלה טבעות מלח,גרמים,400.00,100 גרם,false,,10.90,0.0273,true,1,144211
7290111930799,false,קראנצ'וס טעם בצל 55גר,קראנצ'וס,,חטיף בטעם בצל קראנצ',גרמים,55.00,100 גרם,false,,3.50,0.0636,true,1,146327
7290111930805,false,קראנצ'וס טעם ברביקיו 55 גר',חברת מנה בעמ,,חטיף בטעם ברביקיו קר,גרמים,55.00,100 גרם,false,,3.50,0.0636,true,1,143351
7290111930850,false,קראנצ'וס טעם פיצה 55גר',קראנצ'וס,,חטיף בטעם פיצה קראנצ,גרמים,55.00,100 גרם,false,,3.50,0.0636,true,1,157439
7290111930911,false,חטיף פוף לבבות קלאסי 40 גרם,פוף POOF,,חטיף תפוח אדמה בטעם,גרמים,40.00,100 גרם,false,,3.90,0.0975,true,1,146329
7290111930928,false,חטיף פוף לבבות גריל 40 גרם,פוף POOF,,חטיף תפוח אדמה בטעם,גרמים,40.00,100 גרם,false,,3.90,0.0975,true,1,146330
7290111930935,false,חטיף פוף טבעות קלאסי 40 גרם,פוף POOF,,חטיף תפוח אדמה בטעם,גרמים,40.00,100 גרם,false,,3.90,0.0975,true,1,146331
=======
7290111564291,false,פריכיות דקות ונימוחות 3 דגנים וקינואה פיטנס Fitness,קבוצת אוסם סחר שותפות מוגבלת,,פריכיות דקות 3 דגנים,גרמים,120.00,100 גרם,false,,10.90,0.0908,true,1,145969
7290111564956,false,"ביסלי במבה מיקס 200 גרם ""אסם""",קבוצת אוסם סחר שותפות מוגבלת,,ביסלי במבה מיקס 200,גרמים,200.00,100 גרם,false,,8.90,0.0445,true,1,151848
7290111566240,false,שניצל דק מן הצומח בטעם צ'ילי חריף 700 גרם,קבוצת אוסם סחר שותפות מוגבלת,,טבעול שניצל דק בטעם,גרמים,564.00,100 גרם,false,,31.90,0.0566,true,1,145979
7290111566547,false,טבעול חזה בגריל צמחוני 99 קלוריות 560ג',קבוצת אוסם סחר שותפות מוגבלת,,טבעול חזה בגריל צמחו,גרמים,560.00,100 גרם,false,,31.90,0.0570,true,1,145390
7290111566752,false,טבעול שניצל תירס 99 קלוריות 693 גרם,קבוצת אוסם סחר שותפות מוגבלת,,טבעול שניצל תירס 99,גרמים,693.00,100 גרם,false,,31.90,0.0460,true,1,145986
7290111568206,false,ביסלי פארטי מיקס אסם 150 גר',קבוצת אוסם סחר שותפות מוגבלת,,ביסלי פארטי מיקס 150,גרמים,150.00,100 גרם,false,,7.90,0.0527,true,1,151849
7290111568299,false,אטריות נודלס עם תרד אסם אסייתי 300 גר',קבוצת אוסם סחר שותפות מוגבלת,,נודלס אטריות עם תרד,גרמים,300.00,100 גרם,false,,9.90,0.0330,true,1,148176
7290111568466,false,רוטב אסייתי למוקפץ הסדרה האסייתית,קבוצת אוסם סחר שותפות מוגבלת,,אסם רוטב אסייתי למוק,מיליליטרים,290.00,"100 מ""ל",false,,11.90,0.0410,true,1,142997
7290111568961,false,אסם בייגלה טבעות מלוח 400 גר`,קבוצת אוסם סחר שותפות מוגבלת,,אסם בייגלה טבעות מלח,גרמים,400.00,100 גרם,false,,10.90,0.0273,true,1,144211
7290111930799,false,קראנצ'וס טעם בצל 55גר,ש. שסטוביץ בע`מ,,חטיף בטעם בצל קראנצ',גרמים,55.00,100 גרם,false,,3.50,0.0636,true,1,146327
7290111930805,false,קראנצ'וס טעם ברביקיו 55 גר',ש. שסטוביץ בע`מ,,חטיף בטעם ברביקיו קר,גרמים,55.00,100 גרם,false,,3.50,0.0636,true,1,143351
7290111930850,false,קראנצ'וס טעם פיצה 55גר',ש. שסטוביץ בע`מ,,חטיף בטעם פיצה קראנצ,גרמים,55.00,100 גרם,false,,3.50,0.0636,true,1,157439
7290111930911,false,חטיף פוף לבבות קלאסי 40 גרם,ש. שסטוביץ בע`מ,,חטיף תפוח אדמה בטעם,גרמים,40.00,100 גרם,false,,3.90,0.0975,true,1,146329
7290111930928,false,חטיף פוף לבבות גריל 40 גרם,ש. שסטוביץ בע`מ,,חטיף תפוח אדמה בטעם,גרמים,40.00,100 גרם,false,,3.90,0.0975,true,1,146330
7290111930935,false,חטיף פוף טבעות קלאסי 40 גרם,ש. שסטוביץ בע`מ,,חטיף תפוח אדמה בטעם,גרמים,40.00,100 גרם,false,,3.90,0.0975,true,1,146331
>>>>>>> d048ac2f4f281c9d788043ab4e81b61b0dbe3743
7290111933554,false,שלישייה עגבניות קוביות מאסטר שף 400 גרם,קונסוריזיו קאסאלסקו,,קוביות עגבניות מאסטר,גרמים,1200.00,100 גרם,false,,16.90,0.0141,true,1,150352
7290111935961,false,מאסטר שף מחית עגבניות 690 גרם,פראנו אנריקו ופיגלי,,מאסטר שף מחית עגבניו,גרמים,690.00,100 גרם,false,,10.90,0.0158,true,1,153288
7290111938481,false,"רוטב סויה בהירה מאסטר שף 300 מ""ל",ש. שסטוביץ בע`מ,,רוטב סויה בהיר מאסטר,מיליליטרים,300.00,"100 מ""ל",false,,9.90,0.0330,true,1,153291
7290112002099,false,קולון גל כביסה מרוכז 2.5 ליטר קלאסי,רקיט בנקיזר (ניר איסט) בעמ,,ג'ל כביסה מרוכז כחול,מיליליטרים,2500.00,"100 מ""ל",false,,25.90,0.0104,true,1,156238
7290112013729,true,קופיקס-רוטב אריסה50,,,קופיקס-רוטב אריסה50,,0.00,,false,,0.00,0.0000,true,1,139692
7290112290113,true,עוגה בחושה שוקולד כש,,,עוגה בחושה שוקולד כש,,0.00,,false,,0.00,0.0000,true,1,140679
7290112290427,true,מעטפות פרסום פסח מהד,,,מעטפות פרסום פסח מהד,,0.00,,false,,0.00,0.0000,true,1,140855
7290112290434,true,מעטפות פרסום פסח רגי,,,מעטפות פרסום פסח רגי,,0.00,,false,,0.00,0.0000,true,1,140856
7290112290496,true,"גביע ליוגורט 200 מ""ל",,,"גביע ליוגורט 200 מ""ל",,0.00,,false,,0.00,0.0000,true,1,140877
7290112290564,true,קרמבל תפוחים,,,קרמבל תפוחים,,0.00,,false,,0.00,0.0000,true,1,141091
7290112290588,true,"גביע ליוגורט 200 מ""ל",,,"גביע ליוגורט 200 מ""ל",,0.00,,false,,0.00,0.0000,true,1,141092
7290112290656,true,תחמיץ לסלט קופיקס 2,,,תחמיץ לסלט קופיקס 2,,0.00,,false,,0.00,0.0000,true,1,141346
7290112291271,true,חמין גדול+ לחמניה,,,חמין גדול+ לחמניה,,0.00,,false,,0.00,0.0000,true,1,141177
7290112291288,true,קוגל חצי מנה + מלפפו,,,קוגל חצי מנה + מלפפו,,0.00,,false,,0.00,0.0000,true,1,141178
7290112291332,true,מאפה קינמון לא אפוי,,,מאפה קינמון לא אפוי,,0.00,,false,,0.00,0.0000,true,1,141232
7290112291387,true,באן מאודה במילוי בטע,,,באן מאודה במילוי בטע,,0.00,,false,,0.00,0.0000,true,1,141340
7290112291394,true,באן מאודה במילוי בטע,,,באן מאודה במילוי בטע,,0.00,,false,,0.00,0.0000,true,1,141341
7290112291400,true,כריך כפול פטה-פלפלc,,,כריך כפול פטה-פלפלc,,0.00,,false,,12.00,0.0000,true,1,141347
7290112291417,true,כריך כפול גווקאמולי,,,כריך כפול גווקאמולי,,0.00,,false,,12.00,0.0000,true,1,141348
7290112291431,true,טורטיה מסאחן cff,,,טורטיה מסאחן cff,,0.00,,false,,10.00,0.0000,true,1,141350
7290112291479,true,"כוס פלסטיק 330 מ""ל",,,"כוס פלסטיק 330 מ""ל",,0.00,,false,,0.00,0.0000,true,1,141403
7290112291486,true,"כוס פלסטיק 500 מ""ל",,,"כוס פלסטיק 500 מ""ל",,0.00,,false,,0.00,0.0000,true,1,141404
7290112291493,true,"מכסה לכוס 250+330 מ""",,,"מכסה לכוס 250+330 מ""",,0.00,,false,,0.00,0.0000,true,1,141405
7290112330352,false,"יוגורט PRO בטעם וניל 0% , 20 גרם חלבון בגביע",שטראוס גרופ בעמ/מצונן,,דנונה פרו 20 גר וניל,גרמים,200.00,100 גרם,false,,5.90,0.0295,true,1,149453
7290112330390,false,דנונה פרו פירות יער 20 גרם חלבון 0% שומן 200 גרם,שטראוס גרופ בעמ/מצונן,,דנונה פרו 20 גר פירו,גרמים,200.00,100 גרם,false,,5.90,0.0295,true,1,155626
7290112332585,false,פריכיות משולש תפוא אורז בתיבול סלק ומלח ים אנרג'י 30 גרם,"פרח תעשיו מזון בע""מ",,"פריכיות תפו""א אורז ס",גרמים,30.00,100 גרם,false,,4.90,0.1633,true,1,146658
7290112332691,false,פינוקיות עוגיות קרם פסק זמן אגוזים 200 גרם,"הגביע מוצרי וופלים בע""\מ",,פינוקיות קרם פסק זמן,גרמים,200.00,100 גרם,false,,10.90,0.0545,true,1,146648
7290112335487,false,הפריכיות הטעימות קצח ודגנים אנרג'י 135 גרם,אנרג'י Energy - שטראוס,,פריכיות 3 דגנים עם ק,גרמים,135.00,100 גרם,false,,10.90,0.0807,true,1,153931
7290112335494,false,הפריכיות הטעימות תפוחי אדמה בטעם פוטטוס,"פרח תעשיות מזון בע""\מ",,פריכיות תפוח אדמה 3,גרמים,135.00,100 גרם,false,,10.90,0.0807,true,1,153932
7290112336644,false,סוכריות מאסט ללא סוכר לימון 80 ג' עלית,שטראוס גרופ בע`מ,,"סוכריות לל""ס לימון 8",גרמים,80.00,100 גרם,false,,7.90,0.0988,true,1,151812
7290112336651,false,סוכריות מאסט ללא סוכר ריבת חלב 80 ג' עלית,שטראוס גרופ בע`מ,,"סוכריות לל""ס ריבת חל",גרמים,80.00,100 גרם,false,,7.90,0.0988,true,1,151813
7290112336712,false,יוגורט PRO לבן 0% 21 גרם חלבון בגביע,שטראוס גרופ בעמ/מצונן,,דנונה פרו 21 גר 0% ש,גרמים,200.00,100 גרם,false,,5.90,0.0295,true,1,145531
7290112337474,false,סוכריות מאסט ללא סוכר פטל לימון 80 ג' עלית,שטראוס גרופ בע`מ,,"סוכריות לל""ס פטל לימ",גרמים,80.00,100 גרם,false,,7.90,0.0988,true,1,151814
7290112338877,false,מעדן גבינה בטעם תות 3% 125ג' סקי,שטראוס גרופ בעמ/מצונן,,סקי תות 125 גרם,גרמים,125.00,100 גרם,false,,3.70,0.0296,true,1,154027
7290112339171,false,מעדן מוס שוקולד 81 גר`מילקי,שטראוס גרופ בעמ/מצונן,,מילקי מוס עם שוקולד,גרמים,81.00,100 גרם,false,,3.30,0.0407,true,1,157374
7290112339867,false,גמדים לדרך גבינה לבנה עם מחית תות,שטראוס גרופ בעמ/מצונן,,גמדים סקוויז בודד תו,גרמים,100.00,100 גרם,false,,5.80,0.0580,true,1,145536
7290112339874,false,גמדים לדרך גבינה לבנה עם מחיות תות ובננה,שטראוס גרופ בעמ/מצונן,,גמדים סקוויז בודד תו,גרמים,100.00,100 גרם,false,,5.80,0.0580,true,1,145537
7290112340122,false,הפריכיות הטעימות 3 דגנים אנרג'י 135 גרם,"פרח תעשיות מזון בע""\מ",,פריכיות 3 דגנים אנרג,גרמים,135.00,100 גרם,false,,10.90,0.0807,true,1,153934
7290112340245,false,מסטיק מאסט צנצנת בטעם דובדבן 66 גר` מגדי,"שטראוס גרופ בע""\מ",,צנצנת MUST בטעם דובד,גרמים,66.00,100 גרם,false,,9.90,0.1500,true,1,151796
7290112340252,false,צנצנת מסטיק מאסט בטעם אבטיח מלון 66 ג' עלית,"שטראוס גרופ בע""\מ",,צנצנת מאסט בטעם אבטי,גרמים,66.00,100 גרם,false,,9.90,0.1500,true,1,151797
7290112340276,false,פינוקיות עוגיית קרם קפה נמס 200 גרם,"הגביע מוצרי וופלים בע""\מ",,פינוקיות קרם קפה נמס,גרמים,200.00,100 גרם,false,,10.90,0.0545,true,1,146654
7290112341679,false,אקטיביה יוגורט 3% דנונה (200 גרם),שטראוס גרופ בעמ/מצונן,,יוגורט פרוביוטי 3% א,גרמים,200.00,100 גרם,false,,4.00,0.0200,true,1,149461
7290112342102,false,סימפוניה גבינה במרקם שמנת בצל מקורמל 5%,שטראוס גרופ בעמ/מצונן,,סימפוניה בצל מקורמל,גרמים,200.00,100 גרם,false,,11.00,0.0550,true,1,149466
7290112342515,false,דוריטוס צ'יזי טוויסט 55 גרם,STRAUSS-ISRAEL,,דוריטוס קול ראנצ' 55,גרמים,55.00,100 גרם,false,,3.50,0.0636,true,1,147471
7290112343420,false,"משקה חלב עם דגנים מלאים ובננה פרו יטבתה 350מ""ל",שטראוס גרופ בעמ/מצונן,,יטבתה פרו ארוחת בוקר,מיליליטרים,350.00,"100 מ""ל",false,,7.50,0.0214,true,1,149474
7290112343499,false,חטיף צ'יטוס פאפס אפוי בטעם גבינה,"שטראוס פריטו ליי בע""\מ )",,צ'יטוס פאפס 55 גרם,גרמים,55.00,100 גרם,false,,3.50,0.0636,true,1,157959
7290112344724,false,מילקי בטעם שוקולד בלונדי עם קצפת 133גר,שטראוס גרופ בעמ/מצונן,,מילקי בטעם שוקולד בל,גרמים,170.00,100 גרם,false,,3.50,0.0206,true,1,149479
7290112344755,false,מילקי עם 26% פחות סוכר 135 גר}שטראוס{,שטראוס גרופ בעמ/מצונן,,מילקי עם 26% פחות סו,גרמים,133.00,100 גרם,false,,2.90,0.0218,true,1,154604
7290112344786,false,קפה פלטינום קלאסיק עלית 200 גרם,הנסיך- מפעל לייצור ט,,פלטינום קלאסיק 200 ג,גרמים,200.00,100 גרם,false,,24.90,0.1245,true,1,151171
7290112346360,false,בפלות אחת אחת ופל בטעם שוקולד מצופה שוקולד,הגביע מוצרי וופלים ב,,בפלות אחת אחת בציפוי,גרמים,180.00,100 גרם,false,,12.90,0.0717,true,1,151179
7290112346537,false,עוגיות פינוקיות בטעם טורטית 200 ג' עלית,"הגביע מוצרי ופלים בע""\מ",,פינוקיות בטעם טורטית,גרמים,200.00,100 גרם,false,,10.90,0.0545,true,1,162678
7290112346827,false,שמיניית אקטימל ויטמין C פטל 108 גרם,שטראוס גרופ בעמ/מצונן,,אקטימל ויטמין C פטל,מיליליטרים,864.00,"100 מ""ל",false,,20.90,0.0242,true,1,154304
7290112347008,false,גמדים לדרך גבינה לבנה עם מחית תות ושיבולת שועל,שטראוס גרופ בעמ/מצונן,,גמדים ארוחת בוקר תות,גרמים,100.00,100 גרם,false,,5.80,0.0580,true,1,149496
7290112348999,false,הפריכיות הטעימות תירס דקות אנרג'י 135 גרם,שטראוס גרופ בע`מ,,פריכיות תירס דקות א,גרמים,135.00,100 גרם,false,,10.90,0.0807,true,1,154948
7290112349316,false,מסטיק בזוקה פופים ממולא בטעם תות ללא סוכר,שטראוס גרופ בע`מ,,בזוקה ביג פופים בטעם,גרמים,86.00,100 גרם,false,,12.90,0.1500,true,1,151175
7290112349606,false,מעדן גבינה ויוגורט תות בננה 88 ג' דניאלה,שטראוס גרופ בעמ/מצונן,,דניאלה תות בננה 88 ג,גרמים,88.00,100 גרם,false,,4.10,0.0466,true,1,159465
7290112349705,false,פומודורו רוטב עגבניות קלאסי לפסטה יד מרדכי 350 גרם,אמיליאנה קונסרב סוסייטה,,פומודור רוטב עגבניות,גרמים,350.00,100 גרם,false,,11.90,0.0340,true,1,150031
7290112349736,false,בזיליקום רוטב עגבניות לפסטה יד מרדכי 350 גרם,אמיליאנה קונסרב סוסייטה,,בזיליקום רוטב עגבניו,גרמים,350.00,100 גרם,false,,11.90,0.0340,true,1,150028
7290112349743,false,ארביאטה רוטב עגבניות פיקנטי לפסטה 350 ג' יד מרדכי,אמיליאנה קונסרב סוסייטה,,ארביאטה רוטב עגבניות,גרמים,350.00,100 גרם,false,,10.90,0.0311,true,1,150029
7290112349897,false,מסטיק מאסט Must קוביות בטעם מנטה ללא סוכר,שטראוס גרופ בע`מ,,מאסט קוביות מנטה  86,גרמים,86.00,100 גרם,false,,12.90,0.1500,true,1,151177
7290112351258,false,עוגיית קקאו פינוקיות שחור לבן 200 גר,"הגביע מוצרי ופלים בע""\מ",,פינוקיות שחור לבן 20,גרמים,200.00,100 גרם,false,,10.90,0.0545,true,1,153697
7290112353887,false,"משקה קפה קר בטעם אגוזים יטבתה 230 מ""ל",האי נאם סי או אל.טי.,,משקה קפה קר בטעם אגו,מיליליטרים,230.00,"100 מ""ל",false,,7.90,0.0343,true,1,152232
7290112354945,false,תפוצ'יפס WAVY בטעם טבעי 50 גרם,שטראוס פריטו ליי בע”,,תפוציפס wavy טבעי 5,גרמים,50.00,100 גרם,false,,4.00,0.0800,true,1,163355
7290112354969,false,תפוצ'יפס בטעם טבעי 200 גרם היתר מכירה,שטראוס פריטו ליי בע”,,תפוציפס wavy טבעי 2,גרמים,200.00,100 גרם,false,,10.90,0.0545,true,1,163357
7290112355027,false,דנונה פרו 20 גרם חלבון בטעם קרמל מלוח 200 גרם,שטראוס גרופ בעמ/מצונן,,דנונה פרו 20 גרם בטע,גרמים,200.00,100 גרם,false,,5.90,0.0295,true,1,154602
7290112355102,false,גמדים סקוויז 100 גרם פאוץ סלט פירות 100 גרם,שטראוס גרופ בעמ/מצונן,,גמדים פאוץ סלט פירות,גרמים,100.00,100 גרם,false,,5.80,0.0580,true,1,154975
7290112355812,false,מילקי טופ קורנפלקס 141 ג' שטראוס,שטראוס גרופ בעמ/מצונן,,מילקי טופ קורנפלקס 1,גרמים,141.00,100 גרם,false,,4.90,0.0348,true,1,161464
7290112358004,false,פסק זמן חטיף קראנץ עלית( 32 גר`),שולן צ'\יקולטה גידה סאן.,,פסק זמן קראנץ' 32 גר,גרמים,32.00,100 גרם,false,,4.90,0.1531,true,1,154510
7290112358219,false,רוטב צ`ילי מתוק יד מרדכי (300 גר`),אף.סי תבליני בגליל ב,,רוטב צ'ילי מתוק 300,גרמים,300.00,100 גרם,false,,11.90,0.0397,true,1,153677
7290112358554,false,מארז קפה נמס מנות אישיות לדרך 50.4 גר,שטראוס גרופ בע`מ,,מארז נמס לדרך 28 יחי,Unknown,28.00,יחידה,false,,10.90,0.3893,true,1,153831
7290112359902,false,"קפה פלטינום ברזיל עלית, 47 גרם",שטראוס גרופ בע`מ,,פלטינום ברזיל 47 גרם,גרמים,47.00,100 גרם,false,,5.90,0.1255,true,1,159775
7290112490117,false,קליק אקסטרא לארג שוקולד חלב עם וופל ואגוזים,יוניליוור ישראל שיווק בע`מ,,קליק XL שוקולד חלב ע,גרמים,85.00,100 גרם,false,,5.30,0.0624,true,1,142293
7290112490216,false,מרק נמס בכוס בטעם עוף קנור 100% רכיבים טבעיים,יוניליוור ישראל שיווק בע`מ,,נמס בכוס מרק בטעם עו,גרמים,48.00,100 גרם,false,,6.90,0.1438,true,1,143596
7290112492579,false,פינוק מרכך בתוספת שמן קוקוס 700 מל-חדש,יוניליוור ישראל שיווק בע`מ,,פינוק מרכך שמן קוקוס,מיליליטרים,700.00,"100 מ""ל",false,,11.90,0.0170,true,1,147133
7290112492593,false,תחליב רחצה פינוק בניחוח פינוק קלאסי 700,יוניליוור ישראל שיווק בע`מ,,פינוק תח.רחצה קלאסי,מיליליטרים,700.00,"100 מ""ל",false,,11.90,0.0170,true,1,147134
7290112493293,false,קנור - נמס ירקות וקרוטונים ר.טבעי 44 גרם,יוניליוור ישראל שיווק בע`מ,,נמס בכוס מרק ירקות ק,גרמים,44.00,100 גרם,false,,6.90,0.1568,true,1,146825
7290112493927,false,גלידה בטעם ריבת חלב 1.33ל' קרמיסימו,"גלידת שטראוס בע""\מ, רחוב",,גלידת קרמיסימו 1.33,מיליליטרים,1330.00,"100 מ""ל",false,,18.90,0.0142,true,1,151218
<<<<<<< HEAD
7290112493934,false,גלידת וניל צרפתי קרמיסימו 1.33 ל,"גלידת שטראוס בע""\מ, רחוב",,גלידת קרמיסימו 1.33,מיליליטרים,1330.00,"100 מ""ל",false,,18.90,0.0142,true,1,151150
7290112494382,false,פירה בטעם ביתי 260 גרם-קופסא,יוניליוור ישראל מזון בע\,,קנור פירה ביתי 260 ג,גרמים,260.00,100 גרם,false,,11.60,0.0446,true,1,147515
7290112495020,false,כריות צוקולדה בדצ מאוחד 750 גר,"יוניליוור ישראל מזון בע""",,כריות צ'וקולדה 686 ג,גרמים,686.00,100 גרם,false,,24.90,0.0363,true,1,147129
7290112495037,false,דגני בוקר בטעם שוקולד כדורים 375 ג' קוקומן,יוניליוור שפע ישראל בעמ,,קוקומן כדורים 375 גר,גרמים,375.00,100 גרם,false,,20.90,0.0557,true,1,147130
7290112495044,false,ציפי (פצפוצים) גריין בדצ 500גר,"יוניליור שפע ישראל בע""\מ",,קוקומן פצפוצים 375 ג,גרמים,375.00,100 גרם,false,,20.90,0.0557,true,1,151890
7290112495174,false,נשנושי קרקר קוקטייל שומשום בייגל בייגל 300 גרם,בייגל את בייגל מזון 198),,נשנושי קרקר קוקטייל,גרמים,300.00,100 גרם,false,,17.90,0.0597,true,1,161163
7290112495808,false,"רטבי הלמנס לסלט 300 מ""ל חרדל ודבש",יוניליוור ישראל מזון בעמ,,הלמנס לסלט חרדל דבש,גרמים,305.00,100 גרם,false,,10.90,0.0357,true,1,151049
7290112495822,false,כריות BLACK בטעם שוקולד וניל תלמה 686 גרם,"יוניליוור שפע ישראל בע""\",,כריות בלאק 686 גרם,גרמים,686.00,100 גרם,false,,24.90,0.0363,true,1,151224
7290112496287,false,פתית - צ'יפס בטטה בטעם טבעי 21 גרם,JLM גלובל פודסn37\ דרך א,,פתית צ'יפס בטטה בטעם,גרמים,21.00,100 גרם,false,,4.90,0.2333,true,1,153612
7290112496294,false,חטיף פתית צ'יפס עם אפונה ירוקה צהובה וצ'ילי,JLM גלובל פודסn37\ דרך א,,פתית צ'יפס אפונה בתו,גרמים,22.00,100 גרם,false,,4.90,0.2227,true,1,153613
7290112496447,false,נמס בכוס אקסטרה טעם עוף עם המון אטריות 27ג',יוניליוור ישראל מזון בע\,,נמס בכוס אקסטרה עוף,גרמים,28.00,100 גרם,false,,4.90,0.1750,true,1,160346
7290112497000,false,פנטסטיק תרכיז ניקוי רב תכליתי בניחוח לימון,"זוהר דליה, קיבוץ דלי",,סיף ניקוי כללי לימון,מיליליטרים,1000.00,"100 מ""ל",false,,10.40,0.0104,true,1,151719
7290112497710,false,פינוק בייבי שמפו אל דמע לתינוקות 700 מל,יוניליוור ישראלn\טיפוח א,,בייבי שמפו אל דמע לת,מיליליטרים,900.00,"100 מ""ל",false,,19.90,0.0221,true,1,161644
7290112498526,false,"פתית צ'יפס עם בטטה סגולה בטעם שמנת ובצל, 22 גרם",JLM גלובל פודסn37\ דרך א,,פתית צ'יפס בטטה סגול,גרמים,22.00,100 גרם,false,,4.90,0.2227,true,1,158975
=======
7290112493934,false,קרמיסימו מעדן קפוא טעם וניל צרפתי,"גלידת שטראוס בע""\מ, רחוב",,גלידת קרמיסימו 1.33,מיליליטרים,1330.00,"100 מ""ל",false,,18.90,0.0142,true,1,151150
7290112494382,false,פירה בטעם ביתי 260 גרם-קופסא,יוניליוור ישראל שיווק בע`מ,,קנור פירה ביתי 260 ג,גרמים,260.00,100 גרם,false,,11.60,0.0446,true,1,147515
7290112495020,false,כריות צוקולדה בדצ מאוחד 750 גר,יוניליוור ישראל שיווק בע`מ,,כריות צ'וקולדה 686 ג,גרמים,686.00,100 גרם,false,,24.90,0.0363,true,1,147129
7290112495037,false,דגני בוקר בטעם שוקולד כדורים 375 ג' קוקומן,יוניליוור ישראל שיווק בע`מ,,קוקומן כדורים 375 גר,גרמים,375.00,100 גרם,false,,20.90,0.0557,true,1,147130
7290112495044,false,דגני קוקומן פצפוצים תלמה (375 גרם),יוניליוור ישראל שיווק בע`מ,,קוקומן פצפוצים 375 ג,גרמים,375.00,100 גרם,false,,20.90,0.0557,true,1,151890
7290112495174,false,נשנושי קרקר קוקטייל שומשום בייגל בייגל 300 גרם,יוניליוור ישראל שיווק בע`מ,,נשנושי קרקר קוקטייל,גרמים,300.00,100 גרם,false,,17.90,0.0597,true,1,161163
7290112495808,false,רוטב לסלט חרדל ודבש הלמנס (305 מל),יוניליוור ישראל שיווק בע`מ,,הלמנס לסלט חרדל דבש,גרמים,305.00,100 גרם,false,,10.90,0.0357,true,1,151049
7290112495822,false,כריות BLACK בטעם שוקולד וניל תלמה 686 גרם,יוניליוור ישראל שיווק בע`מ,,כריות בלאק 686 גרם,גרמים,686.00,100 גרם,false,,24.90,0.0363,true,1,151224
7290112496287,false,פתית - צ'יפס בטטה בטעם טבעי 21 גרם,יוניליוור ישראל שיווק בע`מ,,פתית צ'יפס בטטה בטעם,גרמים,21.00,100 גרם,false,,4.90,0.2333,true,1,153612
7290112496294,false,חטיף פתית צ'יפס עם אפונה ירוקה צהובה וצ'ילי,יוניליוור ישראל שיווק בע`מ,,פתית צ'יפס אפונה בתו,גרמים,22.00,100 גרם,false,,4.90,0.2227,true,1,153613
7290112496447,false,נמס בכוס אקסטרה טעם עוף עם המון אטריות 27ג',יוניליוור ישראל שיווק בע`מ,,נמס בכוס אקסטרה עוף,גרמים,28.00,100 גרם,false,,4.90,0.1750,true,1,160346
7290112497000,false,פנטסטיק תרכיז ניקוי רב תכליתי בניחוח לימון,יוניליוור ישראל שיווק בע`מ,,סיף ניקוי כללי לימון,מיליליטרים,1000.00,"100 מ""ל",false,,10.40,0.0104,true,1,151719
7290112497710,false,פינוק בייבי שמפו אל דמע לתינוקות 700 מל,יוניליוור ישראל שיווק בע`מ,,בייבי שמפו אל דמע לת,מיליליטרים,900.00,"100 מ""ל",false,,19.90,0.0221,true,1,161644
7290112498526,false,"פתית צ'יפס עם בטטה סגולה בטעם שמנת ובצל, 22 גרם",יוניליוור ישראל שיווק בע`מ,,פתית צ'יפס בטטה סגול,גרמים,22.00,100 גרם,false,,4.90,0.2227,true,1,158975
>>>>>>> d048ac2f4f281c9d788043ab4e81b61b0dbe3743
7290112498922,false,מאגדת מיני מגנום לבן שטראוס 250 גרם,"מיוצר ע""\י גלידת שטראוס",,מאגדת מיני מגנום שוק,גרמים,250.00,100 גרם,false,,25.90,0.1036,true,1,155651
7290112498939,false,שלגון בומבה בטעם וניל 80 גרם,"מיוצר ע""\י גלידת שטראוס",,בומבה,Unknown,1.00,יחידה,false,,8.90,8.9000,true,1,155560
7290112499097,false,מאגדת מיני מגנום מריר Intense Dark! 240 גרם,"מיוצר ע""\י גלידת שטראוס",,מאגדת מיני מגנום מרי,Unknown,5.00,יחידה,false,,25.90,5.1800,true,1,159948
7290112499110,false,טילון קליק בטעם שוקולד 72 ג' שטראוס,שטראוס גרופ גלידות,,טילון קורנטו קליק שו,גרמים,72.00,100 גרם,false,,6.90,0.0958,true,1,161613
7290112499127,false,שלגון גלידה שוקולד לבן ותות 77 גרם,"מיוצר ע""\י גלידת שטראוס",,מגנום שוקולד לבן תות,Unknown,1.00,יחידה,false,,9.90,9.9000,true,1,159947
7290112499639,false,טילון סופר מגנום וניל צ'יפ שוקולד 110 גרם,"מיוצר ע""\י גלידת שטראוס",,טילון סופר מגנום וני,Unknown,1.00,יחידה,false,,9.90,9.9000,true,1,150095
7290112499646,false,"מעדן קפוא בטעם וניל עם וופל 108 גרם ""קורנטו""","מיוצר ע""\י גלידת שטראוס",,קורנטו סופר פקאנים,Unknown,1.00,יחידה,false,,9.90,9.9000,true,1,150096
7290112499677,false,מגנום וניל בציפוי שוקולד לבן,"מיוצר ע""\י גלידת שטראוס",,מגנום שוקiלד לבן,Unknown,1.00,יחידה,false,,9.90,9.9000,true,1,150092
7290112499837,false,מגנום דואט שוקו לד עם נוגט שטראוס,"מיוצר ע""\י גלידת שטראוס",,מגנום-דואט שוקולד עם,Unknown,1.00,יחידה,false,,9.90,9.9000,true,1,150093
7290112499905,false,טילון קורניטו קליק בטעם מרשמלו 72 גרם,"מיוצר ע""\י גלידת שטראוס",,טילון קורנטו קליק בט,Unknown,1.00,יחידה,false,,6.90,6.9000,true,1,151761
7290112499929,false,מגנום שוקולד אימפלס פסח 120מל,"מיוצר ע""\י גלידת שטראוס",,מגנום שוקולד,Unknown,1.00,יחידה,false,,9.90,9.9000,true,1,150094
7290112499936,false,מגנום שקדים אימפלס פסח 125מל,"מיוצר ע""\י גלידת שטראוס",,מגנום שקדים מובחרים,Unknown,1.00,יחידה,false,,9.90,9.9000,true,1,150099
7290112499943,false,מיני מאגדת מיני מגנום טעמים שונים וניל+שוקו,"מיוצר ע""\י גלידת שטראוס",,מיני מגנום קלאסיק חו,Unknown,5.00,יחידה,false,,25.90,5.1800,true,1,150100
<<<<<<< HEAD
7290112963918,false,פיטנס חטיפי קרקר דק רוזמרין 140 גרם,נסטלה Nestle,,פיטנס קרקר THIN רוזמ,גרמים,140.00,100 גרם,false,,11.90,0.0850,true,1,152061
7290112964458,false,רוטב ויניגרט חדש לסלט 295 גרם אסם,"אסם תעשיות בע""מ",,רוטב לסלט וינגרט 295,מיליליטרים,290.00,"100 מ""ל",false,,11.90,0.0410,true,1,147143
7290112964601,false,רוטב בנוסח סצ'ואן הסדרה האסייתית,"אסם השקעות בע""\מ",,רוטב בנוסח סצ'ואן הס,מיליליטרים,290.00,"100 מ""ל",false,,11.90,0.0410,true,1,151880
7290112965240,false,מרק נמס בטעם עגבניות זוג * 44 ג' אסם,"אסם תעשיות בע""מ",,מרק נמס עגבניות רגע,גרמים,60.00,100 גרם,false,,6.20,0.1033,true,1,152067
7290112965264,false,אבקת מרק נמס אפונה אסם בדצ 52 גרם מארז זוגי,"אסם תעשיות בע""מ",,מרק נמס אפונה רגע חם,גרמים,52.00,100 גרם,false,,6.20,0.1192,true,1,153737
7290112965301,false,זוג מרק נמס בטעם עוף עם שקדי מרק רגע חם,"אסם תעשיות בע""מ",,מרק נמס בטעם עוף עם,גרמים,52.00,100 גרם,false,,6.20,0.1192,true,1,150463
7290112965660,false,פיטנס - חטיף מולטיגריין מלח פלפל 25 גרם,מיוצר עי קונדיטוריית,,פיטנס חטיף מולטיגריי,גרמים,25.00,100 גרם,false,,4.90,0.1960,true,1,153734
7290112965745,false,אוסם - ביסלי פריסטייל בצל מעושן 60 גרם,"אסם השקעות בע""\מ",,ביסלי פריסטייל בצל מ,גרמים,60.00,100 גרם,false,,4.40,0.0733,true,1,156074
7290112965783,false,אוסם - ביסלי פריסטייל על האש 60 גרם,"אסם השקעות בע""\מ",,ביסלי פריסטייל על הא,גרמים,60.00,100 גרם,false,,4.40,0.0733,true,1,156075
7290112966247,false,לחמית כוסמין אסם 200 גרם,"אסם תעשיות בע""מ",,לחמית כוסמין 200 גרם,גרמים,200.00,100 גרם,false,,9.90,0.0495,true,1,157803
7290112968340,false,צבר חומוס גרוס גס גס 400 גרם,שוורצקוף& הנקל דיסלד,,חומוס גרוס גס גס צבר,גרמים,400.00,100 גרם,false,,13.90,0.0348,true,1,152095
7290112968807,false,פיטנס - קרקר דק סלק 140 גרם,מפעל אסם יקנעם,,פיטנס קרקר THIN סלק,גרמים,140.00,100 גרם,false,,11.90,0.0850,true,1,155833
7290112968821,false,פיטנס - קרקר דק בטטה 140 גרם,מפעל אסם יקנעם,,פיטנס קרקר THIN בטטה,גרמים,140.00,100 גרם,false,,11.90,0.0850,true,1,155834
7290113190467,false,אפונה שקית זיפר 1קג רמילוי,,,"אפונה ירוקה 1 ק""ג זי",גרמים,1000.00,100 גרם,false,,7.50,0.0075,true,1,150627
7290113190504,false,חומוס גדול שקית זיפר 1קג רמילוי,,,"חומוס גדול 1 ק""ג זיפ",גרמים,1000.00,100 גרם,false,,11.90,0.0119,true,1,150630
7290113190580,false,עדשים אדומות שקית זיפר 1קג רמילוי,,,"עדשים אדומות 1 ק""ג ז",גרמים,1000.00,100 גרם,false,,10.90,0.0109,true,1,150624
7290113191747,false,"דפי אורז מרובעים 22 ס""מ שקדיה 250 גרם",תראן ראנח,,דפי אורז מרובעים 22,גרמים,250.00,100 גרם,false,,9.90,0.0396,true,1,151861
7290113192102,false,"דפי אורז עגול קטן 16 ס""מ שקדיה 250 גרם",תראן ראנח,,דפי אורז עגול קטן 16,גרמים,250.00,100 גרם,false,,9.90,0.0396,true,1,151862
7290113192331,false,זיתים ירוקים מנזנילו 340 גר' בית השיטה,בית-השיטה עסיס תעשיות מז,,בית השיטה זיתים ירוק,גרמים,340.00,100 גרם,false,,9.90,0.0291,true,1,153344
7290113192355,false,חרוזית זיתים ירוקים ללא גלעין 275 ג' בית השיטה,בית-השיטה עסיס תעשיות מז,,חרוזית זיתים ירוקים,גרמים,275.00,100 גרם,false,,10.50,0.0382,true,1,150578
7290113192393,false,בית השיטה קוקטייל זיתים א2 336 גרם,בית-השיטה עסיס תעשיות מז,,קוקטייל זיתים בית הש,גרמים,336.00,100 גרם,false,,11.90,0.0354,true,1,147356
7290113192478,false,בית השיטה מלפפונים במלח בינוני 10-12 320 גרם,בית-השיטה עסיס תעשיות מז,,מלפפונים במלח בינוני,גרמים,320.00,100 גרם,false,,8.50,0.0266,true,1,151971
7290113192515,false,בית השיטה מלפפונים במלח קטן מאוד 1825 320 גרם,בית-השיטה עסיס תעשיות מז,,מלפפון במלח בית השיט,גרמים,320.00,100 גרם,false,,12.90,0.0403,true,1,151390
7290113192522,false,בית השיטה מלפפונים בחומץ קטן מאוד 1825 290 גרם,בית-השיטה עסיס תעשיות מז,,מלפפון בחומץ בית השי,גרמים,290.00,100 גרם,false,,12.90,0.0445,true,1,151972
7290113192539,false,בית השיטה מלפפונים במלח גדול 79 320 גרם,בית-השיטה עסיס תעשיות מז,,מלפפונים במלח גדול 7,גרמים,560.00,100 גרם,false,,6.90,0.0123,true,1,151393
7290113192546,false,"מלפפונים בחומץ רכיבים טבעיים 7-9 ""בית השיטה""",בית-השיטה עסיס תעשיות מז,,בית השיטה מלפפון בחו,גרמים,560.00,100 גרם,false,,6.90,0.0123,true,1,151973
7290113193321,false,"שמן זית כתית מעולה בית השיטה 750 מ""ל",אצטס אבסה אס. איי. יו.,,שמן זית כתית מעולה ב,מיליליטרים,750.00,"100 מ""ל",false,,29.90,0.0399,true,1,154107
7290113193369,false,"תרסיס שמן קנולה מזוכך בית השיטה 150מ""ל",פוד אירוסולס ספיין,,תרסיס שמן קנולה מזוכ,מיליליטרים,150.00,"100 מ""ל",false,,13.90,0.0927,true,1,160848
7290113193888,false,חצילים מוחמצים בית השיטה 320 גרם,"בית השיטה תעשיות בע""\מ",,בית השיטה חצילים מוח,גרמים,320.00,100 גרם,false,,9.90,0.0309,true,1,154651
7290113194649,false,מלפפונים במלח קוביות בית השיטה 320 גרם,בית-השיטה עסיס תעשיו,,מלפפונים במלח קוביות,גרמים,320.00,100 גרם,false,,9.90,0.0309,true,1,160849
7290113195479,false,קמח שקדים 200 גרם - שקדיה,"שקדיה גבע תעשיות בע""",,קמח שקדים 200 גרם -,גרמים,200.00,100 גרם,false,,15.90,0.0795,true,1,154703
7290113196414,false,"אורז בסמטי 1 ק""ג - שקדיה כחול מטאלי",דאבה סינג שאם סינג,,אורז בסמטי הודי מובח,גרמים,1000.00,100 גרם,false,,11.90,0.0119,true,1,157649
7290113196490,false,פריכיות כוסמת בתוספת זרעי ציה שקדיה 150 גרם,זנבר המכללה לטבעונות,,פריכיות כוסמת בתוספת,גרמים,150.00,100 גרם,false,,11.90,0.0793,true,1,158291
7290113196506,false,פריכיות כוסמת ללא מלח שקדיה 150 גרם,זנבר המכללה לטבעונות,,פריכיות כוסמת ללא מל,גרמים,150.00,100 גרם,false,,11.90,0.0793,true,1,158292
7290113196520,false,פריכיות כוסמין ללא מלח שקדיה 150 גרם,זנבר המכללה לטבעונות,,פריכיות כוסמין ללא מ,גרמים,150.00,100 גרם,false,,11.90,0.0793,true,1,158294
=======
7290112963918,false,פיטנס חטיפי קרקר דק רוזמרין 140 גרם,קבוצת אוסם סחר שותפות מוגבלת,,פיטנס קרקר THIN רוזמ,גרמים,140.00,100 גרם,false,,11.90,0.0850,true,1,152061
7290112964458,false,רוטב ויניגרט חדש לסלט 295 גרם אסם,קבוצת אוסם סחר שותפות מוגבלת,,רוטב לסלט וינגרט 295,מיליליטרים,290.00,"100 מ""ל",false,,11.90,0.0410,true,1,147143
7290112964601,false,רוטב בנוסח סצ'ואן הסדרה האסייתית,קבוצת אוסם סחר שותפות מוגבלת,,רוטב בנוסח סצ'ואן הס,מיליליטרים,290.00,"100 מ""ל",false,,11.90,0.0410,true,1,151880
7290112965240,false,מרק נמס בטעם עגבניות זוג * 44 ג' אסם,קבוצת אוסם סחר שותפות מוגבלת,,מרק נמס עגבניות רגע,גרמים,60.00,100 גרם,false,,6.20,0.1033,true,1,152067
7290112965264,false,אבקת מרק נמס אפונה אסם בדצ 52 גרם מארז זוגי,קבוצת אוסם סחר שותפות מוגבלת,,מרק נמס אפונה רגע חם,גרמים,52.00,100 גרם,false,,6.20,0.1192,true,1,153737
7290112965301,false,זוג מרק נמס בטעם עוף עם שקדי מרק רגע חם,קבוצת אוסם סחר שותפות מוגבלת,,מרק נמס בטעם עוף עם,גרמים,52.00,100 גרם,false,,6.20,0.1192,true,1,150463
7290112965660,false,פיטנס - חטיף מולטיגריין מלח פלפל 25 גרם,קבוצת אוסם סחר שותפות מוגבלת,,פיטנס חטיף מולטיגריי,גרמים,25.00,100 גרם,false,,4.90,0.1960,true,1,153734
7290112965745,false,אוסם - ביסלי פריסטייל בצל מעושן 60 גרם,קבוצת אוסם סחר שותפות מוגבלת,,ביסלי פריסטייל בצל מ,גרמים,60.00,100 גרם,false,,4.40,0.0733,true,1,156074
7290112965783,false,אוסם - ביסלי פריסטייל על האש 60 גרם,קבוצת אוסם סחר שותפות מוגבלת,,ביסלי פריסטייל על הא,גרמים,60.00,100 גרם,false,,4.40,0.0733,true,1,156075
7290112966247,false,לחמית כוסמין אסם 200 גרם,קבוצת אוסם סחר שותפות מוגבלת,,לחמית כוסמין 200 גרם,גרמים,200.00,100 גרם,false,,9.90,0.0495,true,1,157803
7290112968340,false,צבר חומוס סמיר הגדול 400 גר`,קבוצת אוסם סחר שותפות מוגבלת,,חומוס גרוס גס גס צבר,גרמים,400.00,100 גרם,false,,13.90,0.0348,true,1,152095
7290112968807,false,80018416694פיטנס חטיפי קרקר דק סלק 150גר,קבוצת אוסם סחר שותפות מוגבלת,,פיטנס קרקר THIN סלק,גרמים,140.00,100 גרם,false,,11.90,0.0850,true,1,155833
7290112968821,false,חטיפי קרקר דק בטטה 140 גר` פיטנס,קבוצת אוסם סחר שותפות מוגבלת,,פיטנס קרקר THIN בטטה,גרמים,140.00,100 גרם,false,,11.90,0.0850,true,1,155834
7290113190467,false,אפונה שקית זיפר 1קג רמילוי,,,"אפונה ירוקה 1 ק""ג זי",גרמים,1000.00,100 גרם,false,,7.50,0.0075,true,1,150627
7290113190504,false,חומוס גדול שקית זיפר 1קג רמילוי,,,"חומוס גדול 1 ק""ג זיפ",גרמים,1000.00,100 גרם,false,,11.90,0.0119,true,1,150630
7290113190580,false,עדשים אדומות שקית זיפר 1קג רמילוי,,,"עדשים אדומות 1 ק""ג ז",גרמים,1000.00,100 גרם,false,,10.90,0.0109,true,1,150624
7290113191747,false,"דפי אורז מרובעים 22 ס""מ שקדיה 250 גרם",דין שיווק וקליה 2021 בעמ,,דפי אורז מרובעים 22,גרמים,250.00,100 גרם,false,,9.90,0.0396,true,1,151861
7290113192102,false,"דפי אורז עגול קטן 16 ס""מ שקדיה 250 גרם",דין שיווק וקליה 2021 בעמ,,דפי אורז עגול קטן 16,גרמים,250.00,100 גרם,false,,9.90,0.0396,true,1,151862
7290113192331,false,זיתים ירוקים מנזנילו 340 גר' בית השיטה,קבוצת אוסם סחר שותפות מוגבלת,,בית השיטה זיתים ירוק,גרמים,340.00,100 גרם,false,,9.90,0.0291,true,1,153344
7290113192355,false,חרוזית זיתים ירוקים ללא גלעין 275 ג' בית השיטה,קבוצת אוסם סחר שותפות מוגבלת,,חרוזית זיתים ירוקים,גרמים,275.00,100 גרם,false,,10.50,0.0382,true,1,150578
7290113192393,false,בית השיטה קוקטייל זיתים א2 336 גרם,קבוצת אוסם סחר שותפות מוגבלת,,קוקטייל זיתים בית הש,גרמים,336.00,100 גרם,false,,11.90,0.0354,true,1,147356
7290113192478,false,בית השיטה מלפפונים במלח בינוני 10-12 320 גרם,קבוצת אוסם סחר שותפות מוגבלת,,מלפפונים במלח בינוני,גרמים,320.00,100 גרם,false,,8.50,0.0266,true,1,151971
7290113192515,false,בית השיטה מלפפונים במלח קטן מאוד 1825 320 גרם,קבוצת אוסם סחר שותפות מוגבלת,,מלפפון במלח בית השיט,גרמים,320.00,100 גרם,false,,12.90,0.0403,true,1,151390
7290113192522,false,בית השיטה מלפפונים בחומץ קטן מאוד 1825 290 גרם,קבוצת אוסם סחר שותפות מוגבלת,,מלפפון בחומץ בית השי,גרמים,290.00,100 גרם,false,,12.90,0.0445,true,1,151972
7290113192539,false,בית השיטה מלפפונים במלח גדול 79 320 גרם,קבוצת אוסם סחר שותפות מוגבלת,,מלפפונים במלח גדול 7,גרמים,560.00,100 גרם,false,,6.90,0.0123,true,1,151393
7290113192546,false,"מלפפונים בחומץ רכיבים טבעיים 7-9 ""בית השיטה""",קבוצת אוסם סחר שותפות מוגבלת,,בית השיטה מלפפון בחו,גרמים,560.00,100 גרם,false,,6.90,0.0123,true,1,151973
7290113193321,false,שמן זית כתית מעולה בית השיטה 750 מייל,קבוצת אוסם סחר שותפות מוגבלת,,שמן זית כתית מעולה ב,מיליליטרים,750.00,"100 מ""ל",false,,29.90,0.0399,true,1,154107
7290113193369,false,"תרסיס שמן קנולה מזוכך בית השיטה 150מ""ל",קבוצת אוסם סחר שותפות מוגבלת,,תרסיס שמן קנולה מזוכ,מיליליטרים,150.00,"100 מ""ל",false,,13.90,0.0927,true,1,160848
7290113193888,false,חצילים מוחמצים בית השיטה 320 גרם,קבוצת אוסם סחר שותפות מוגבלת,,בית השיטה חצילים מוח,גרמים,320.00,100 גרם,false,,9.90,0.0309,true,1,154651
7290113194649,false,מלפפונים במלח קוביות בית השיטה 320 גרם,קבוצת אוסם סחר שותפות מוגבלת,,מלפפונים במלח קוביות,גרמים,320.00,100 גרם,false,,9.90,0.0309,true,1,160849
7290113195479,false,קמח שקדים 200 גרם - שקדיה,דין שיווק וקליה 2021 בעמ,,קמח שקדים 200 גרם -,גרמים,200.00,100 גרם,false,,15.90,0.0795,true,1,154703
7290113196414,false,"אורז בסמטי 1 ק""ג - שקדיה כחול מטאלי",דין שיווק וקליה 2021 בעמ,,אורז בסמטי הודי מובח,גרמים,1000.00,100 גרם,false,,11.90,0.0119,true,1,157649
7290113196490,false,פריכיות כוסמת בתוספת זרעי ציה שקדיה 150 גרם,דין שיווק וקליה 2021 בעמ,,פריכיות כוסמת בתוספת,גרמים,150.00,100 גרם,false,,11.90,0.0793,true,1,158291
7290113196506,false,פריכיות כוסמת ללא מלח שקדיה 150 גרם,דין שיווק וקליה 2021 בעמ,,פריכיות כוסמת ללא מל,גרמים,150.00,100 גרם,false,,11.90,0.0793,true,1,158292
7290113196520,false,פריכיות כוסמין ללא מלח שקדיה 150 גרם,דין שיווק וקליה 2021 בעמ,,פריכיות כוסמין ללא מ,גרמים,150.00,100 גרם,false,,11.90,0.0793,true,1,158294
>>>>>>> d048ac2f4f281c9d788043ab4e81b61b0dbe3743
7290113288485,false,כוסות נייר שתיה חמה,,,כוסות נייר שתיה חמה,Unknown,50.00,יחידה,false,,11.90,0.2380,true,1,159316
7290113317130,false,מארז שלישיית ביצי שוקולד ברבי,שמחה זה אנחנו,,שלישיית ביצי שוקולד,Unknown,3.00,יחידה,false,,15.90,5.3000,true,1,145347
7290113470026,false,גפרורים אקסטרה לארג',,,גפרורים אקסטרה לארג',Unknown,3.00,יחידה,false,,6.90,2.3000,true,1,147037
7290113470286,false,מגבונים לניקוי כללי,,,מגבונים לניקוי כללי,Unknown,400.00,יחידה,false,,20.90,0.0522,true,1,151216
7290113471078,false,מגבונים לרצפה 50 יחידות,,,דלי מגבונים לרצפה (5,100 יחידה,50.00,100 יחידה,false,,27.90,0.5580,true,1,161279
7290113472075,false,שום ארוז יבוא,,,שום ארוז יבוא,Unknown,1.00,יחידה,false,,7.90,7.9000,true,1,150861
7290113476295,false,50 להבונים בשקית,,,50 להבונים בשקית,Unknown,50.00,יחידה,false,,11.90,0.2380,true,1,154428
7290113476325,false,נר נשמה שבועי,,,נר נשמה שבועי,Unknown,1.00,יחידה,false,,9.60,9.6000,true,1,154431
7290113660106,false,מארז 50 כוסות אמנון ותמר,כוסות שתייה חמה 3 ב,,כוסות נייר שתיה חמה,Unknown,50.00,יחידה,false,,11.90,0.2380,true,1,144787
<<<<<<< HEAD
7290114310215,false,"שמנת מתוקה 38% רמת הגולן 250 מ""ל ווסטהיים - מוצר בפיקוח",מילקו תעשיות בעמ,,שמנת מתוקה 38% 250 מ,מיליליטרים,250.00,"100 מ""ל",false,,6.47,0.0259,true,1,154938
7290114310239,false,חלב נטול לקטוז מועשר בוויטמין D י 2% 1.5 ל' טרה,מילקו תעשיות בעמ,,חלב נטול לקטוז מועשר,מיליליטרים,1500.00,"100 מ""ל",false,,12.90,0.0086,true,1,151878
7290114310345,false,מעדן יוגורט בטעם תות 1.5% 125 גרם טרה,מילקו תעשיות בעמ,,יוגורט בטעם תות 1.5%,גרמים,125.00,100 גרם,false,,2.70,0.0216,true,1,155437
7290114310673,false,גבינת לאבנה 9% 250 גרם,Unknown,,לאבנה מחלב בקר 9% 25,גרמים,200.00,100 גרם,false,,11.90,0.0595,true,1,155830
7290114311038,false,"שמנת מתוקה 32% עמידה בבקבוק טרה 250 מ""ל",מילקו תעשיות בעמ,,שמנת מתוקה 32% טרה 2,גרמים,250.00,100 גרם,false,,6.90,0.0276,true,1,160623
7290114311458,false,קרטון חלב 3% מועשר ויטמין די 1ליטר,Unknown,,חלב 3% מועשר וויטמין,מיליליטרים,1000.00,"100 מ""ל",false,,7.50,0.0075,true,1,162559
7290114600927,false,עלי טורטייה חיטה מלאה מאסטר שף 320 גרם,אלקאטי קורביישיסי גי,,עלי טורטיה מחיטה מלא,גרמים,320.00,100 גרם,false,,9.90,0.0309,true,1,153836
7290114603591,false,PLAY חטיף פוף בטעם קטשופ 40 גרם,מנה,,חטיף תפוח אדמה בטעם,גרמים,40.00,100 גרם,false,,3.90,0.0975,true,1,154715
7290114604925,false,קרם קוקוס לייט מאסטר שף 400 גרם,"תאי קוקונאט חברה בע""",,מאסטר שף קרם קוקוס ל,מיליליטרים,400.00,"100 מ""ל",false,,9.90,0.0248,true,1,158494
7290115200003,false,פתי בר פינוקי וניל אסם 220 גרם,תאי פרזידנט פוד פאבל,,פתי בר פינוקי וניל א,גרמים,220.00,100 גרם,false,,9.90,0.0450,true,1,153431
7290115200027,false,אסם פתי בר פינוקים שוקו 220 גרם,קריות זול,,פתי בר פינוקי שוקו א,גרמים,220.00,100 גרם,false,,9.90,0.0450,true,1,153432
7290115200676,false,עוגיות קרמוגית במילוי קרם בטעם קרמל מלוח,"הגביע מוצרי וופלים בע""\מ",,קרמוגית קרמל מלוח 20,גרמים,200.00,100 גרם,false,,10.90,0.0545,true,1,154038
7290115200881,false,בייגלה שטוחים שומשום מליחות מעודנת אסם 300 גרם,"אסם השקעות בע""\מ",,בייגלה שטוח שומשם מל,גרמים,300.00,100 גרם,false,,9.90,0.0330,true,1,154644
7290115201031,false,אסם פתי בר דובי שוקולד 175 גרם,טרופיקל דגיל תעשיות,,אסם פתי בר דובוני שו,גרמים,175.00,100 גרם,false,,9.90,0.0566,true,1,155526
7290115201727,false,ביסלי חטיף בטעם בצל אסם 200 גרם,מיוצר עי קונדיטוריית,,ביסלי בצל 200 גרם,גרמים,200.00,100 גרם,false,,7.90,0.0395,true,1,154267
7290115202434,false,צבר סלט חומוס עם זעתר 375 גרם,ג'נרל מילס סאן אדריא,,חומוס עם זעתר צבר 37,גרמים,375.00,100 גרם,false,,11.90,0.0317,true,1,155646
7290115202762,false,פרפקטו מיני ניוקי טריקולור 500 ג' אסם,Grandi Pastai Italia,,פרפקטו מיני ניוקי טר,גרמים,500.00,100 גרם,false,,11.90,0.0238,true,1,155531
7290115202953,false,אוסם - מנה חמה רייס נודלס קארי צהוב 55 גרם,מיוצר עי קונדיטוריית,,מנה חמה רייס נודלס ק,גרמים,55.00,100 גרם,false,,6.90,0.1255,true,1,158399
7290115202977,false,אוסם - מנה חמה רייס נודלס רוטב סויה סיני 55 גרם,מיוצר עי קונדיטוריית,,מנה חמה רייס נודלס ר,גרמים,55.00,100 גרם,false,,6.90,0.1255,true,1,158400
7290115203134,false,פופקו פופקורן במבה אסם 80 גרם,"אסם השקעות בע""\מ",,פופקו פופקורן במבה 8,גרמים,80.00,100 גרם,false,,5.40,0.0675,true,1,156071
7290115203172,false,במבה PRO מכיל 18 גרם חלבון בשקית,"אסם השקעות בע""\מ",,במבה פרו 80 גרם,גרמים,80.00,100 גרם,false,,4.90,0.0613,true,1,162389
7290115203486,false,פירורית בטעם ביסלי גריל אסם 200 גרם,עינת תעשיות מזון אגו,,פירורית בטעם ביסלי ג,גרמים,200.00,100 גרם,false,,6.40,0.0320,true,1,155909
7290115204056,false,"קטשופ מופחת סוכר אסם 690 גרם כשל""פ","אסם תעשיות בע""מ",,קטשופ מופחת סוכר ללא,גרמים,690.00,100 גרם,false,,10.90,0.0158,true,1,155185
7290115204261,false,אריסה חריפה המעדנייה,פרסקו,,אריסה צבר 190 גרם,גרמים,190.00,100 גרם,false,,12.90,0.0679,true,1,159442
7290115204957,false,לחמית איטלקית אסם 160 גרם,"אסם השקעות בע""\מ",,לחמית איטלקית אסם 16,גרמים,160.00,100 גרם,false,,9.90,0.0619,true,1,160852
7290115204995,false,לחמית ים תיכונית 160 גרם,"אסם השקעות בע""\מ",,לחמית ים תיכונית אסם,גרמים,160.00,100 גרם,false,,9.90,0.0619,true,1,160853
7290115205176,false,פיטנס - קרקר דק כפרי פיטנס 140 גרם,נסטלה Nestle,,פיטנס חטיפי קרקר טינ,גרמים,140.00,100 גרם,false,,11.90,0.0850,true,1,159516
7290115205312,false,קרקר פיטנס דק עם זיתי קלמטה ועשבי תיבול,"אסם השקעות בע""\מ",,פיטנס קרקר Thin Deli,גרמים,140.00,100 גרם,false,,11.90,0.0850,true,1,160854
7290115205527,false,פיטנס חטיף מולטיגריין עם עדשים 25 גרם,"אסם השקעות בע""\מ",,פיטנס חטיף מולטגריין,גרמים,25.00,100 גרם,false,,4.90,0.1960,true,1,161520
7290115205978,false,פתיבר ואצבעות שוקולד 180 גרם - רבנות,"t\ד""\ר ג'\רארד בע""\מn\",,פתי בר אצבעות שוקולד,גרמים,180.00,100 גרם,false,,11.90,0.0661,true,1,160009
7290115207682,false,אסם רוטב בסגנון סויה סיני 9*290מל חדש,"אסם השקעות בע""\מ",,רוטב בסגנון סויה סינ,מיליליטרים,290.00,"100 מ""ל",false,,10.90,0.0376,true,1,161147
7290115207941,false,סירופ אננס ויטמינצ'יק 1 ליטר,בית-השיטה עסיס תעשיות מז,,ויטמינצ'יק אננס 1 לי,מיליליטרים,1000.00,"100 מ""ל",false,,21.90,0.0219,true,1,159796
7290115208009,false,סירופ ענבים ויטמינצ'יק 1 ליטר,בית-השיטה עסיס תעשיות מז,,ויטמינצ'יק ענבים 1 ל,מיליליטרים,1000.00,"100 מ""ל",false,,21.90,0.0219,true,1,159799
7290115208047,false,סירופ פטל ויטמינצ'יק 1 ליטר,בית-השיטה עסיס תעשיות מז,,ויטמינצ'יק פטל 1 ליט,מיליליטרים,1000.00,"100 מ""ל",false,,21.90,0.0219,true,1,159800
7290115208061,false,סירופ תפוח ויטמינצ'יק 1 ליטר,בית השיטה עסיס תעשיות מז,,ויטמינצ'יק תפוח 1 לי,מיליליטרים,1000.00,"100 מ""ל",false,,21.90,0.0219,true,1,159801
7290115208320,false,אפרופו חטיף בטעם ביסלי בצל 50 גרם,"אסם השקעות בע""\מ",,אפרופו בטעם ביסלי בצ,גרמים,50.00,100 גרם,false,,4.90,0.0980,true,1,163390
7290115208344,false,בייגלה כפיות שמנת בצל אסם 300 גרם,"אסם השקעות בע""\מ",,בייגלה כפיות שמנת בצ,גרמים,300.00,100 גרם,false,,10.90,0.0363,true,1,162392
7290115208597,false,קרמוגית מיניס קרמל מלוח אסם 200 גרם,"אסם השקעות בע""\מ",,קרמוגית מיניס קרמל מ,גרמים,200.00,100 גרם,false,,10.90,0.0545,true,1,161686
7290115208849,false,"מנה חמה פסטה מוקרמת ט.עוף בד""צ 55גר","אסם תעשיות בע""מ",,מנה חמה פירה עם בטטה,גרמים,51.00,100 גרם,false,,5.90,0.1157,true,1,163391
7290115209174,false,במבה אורירית קלאסי 60 גר',אסם השקעות בעמ,,במבה אורירית אסם 60,גרמים,60.00,100 גרם,false,,4.30,0.0717,true,1,161522
7290115209235,false,ביסקוויט פתי בר קפה אסם 500 גרם,"אסם תעשיות בע""מ",,פתי בר קפה אסם 500 ג,גרמים,500.00,100 גרם,false,,12.90,0.0258,true,1,162742
7290115209358,false,במבה במילוי בראוניז אסם 60 גרם,"אסם השקעות בע""\מ",,במבה במילוי בראוניז,גרמים,60.00,100 גרם,false,,4.90,0.0817,true,1,163392
=======
7290114310215,false,"שמנת מתוקה 38% רמת הגולן 250 מ""ל ווסטהיים - מוצר בפיקוח",החברה המרכזית טלהפצת משקאות בע,,שמנת מתוקה 38% 250 מ,מיליליטרים,250.00,"100 מ""ל",false,,6.47,0.0259,true,1,154938
7290114310239,false,חלב נטול לקטוז מועשר בוויטמין D י 2% 1.5 ל' טרה,החברה המרכזית טלהפצת משקאות בע,,חלב נטול לקטוז מועשר,מיליליטרים,1500.00,"100 מ""ל",false,,12.90,0.0086,true,1,151878
7290114310345,false,מעדן יוגורט בטעם תות 1.5% 125 גרם טרה,החברה המרכזית טלהפצת משקאות בע,,יוגורט בטעם תות 1.5%,גרמים,125.00,100 גרם,false,,2.70,0.0216,true,1,155437
7290114310673,false,לאבנה מחלב בקר 9% שומן 250 גרם,החברה המרכזית טלהפצת משקאות בע,,לאבנה מחלב בקר 9% 25,גרמים,200.00,100 גרם,false,,11.90,0.0595,true,1,155830
7290114311038,false,"שמנת מתוקה 32% עמידה בבקבוק טרה 250 מ""ל",החברה המרכזית טלהפצת משקאות בע,,שמנת מתוקה 32% טרה 2,גרמים,250.00,100 גרם,false,,6.90,0.0276,true,1,160623
7290114311458,false,חלב קרטון 3% מועשר ויטמין די 1 ליטר,החברה המרכזית טלהפצת משקאות בע,,חלב 3% מועשר וויטמין,מיליליטרים,1000.00,"100 מ""ל",false,,7.50,0.0075,true,1,162559
7290114600927,false,עלי טורטייה חיטה מלאה מאסטר שף 320 גרם,אלקאטי קורביישיסי גי,,עלי טורטיה מחיטה מלא,גרמים,320.00,100 גרם,false,,9.90,0.0309,true,1,153836
7290114603591,false,PLAY חטיף פוף בטעם קטשופ 40 גרם,ש. שסטוביץ בע`מ,,חטיף תפוח אדמה בטעם,גרמים,40.00,100 גרם,false,,3.90,0.0975,true,1,154715
7290114604925,false,מנה אסייאתי קרם קוקוס פחית לייט 400 מ`ל,"תאי קוקונאט חברה בע""",,מאסטר שף קרם קוקוס ל,מיליליטרים,400.00,"100 מ""ל",false,,9.90,0.0248,true,1,158494
7290115200003,false,פתי בר פינוקי וניל אסם 220 גרם,קבוצת אוסם סחר שותפות מוגבלת,,פתי בר פינוקי וניל א,גרמים,220.00,100 גרם,false,,9.90,0.0450,true,1,153431
7290115200027,false,אסם פתי בר פינוקים שוקו 220 גרם,קבוצת אוסם סחר שותפות מוגבלת,,פתי בר פינוקי שוקו א,גרמים,220.00,100 גרם,false,,9.90,0.0450,true,1,153432
7290115200676,false,עוגיות קרמוגית במילוי קרם בטעם קרמל מלוח,קבוצת אוסם סחר שותפות מוגבלת,,קרמוגית קרמל מלוח 20,גרמים,200.00,100 גרם,false,,10.90,0.0545,true,1,154038
7290115200881,false,בייגלה שטוחים שומשום מליחות מעודנת אסם 300 גרם,קבוצת אוסם סחר שותפות מוגבלת,,בייגלה שטוח שומשם מל,גרמים,300.00,100 גרם,false,,9.90,0.0330,true,1,154644
7290115201031,false,פתי בר פינוקי דובי שוקולד 175גר.,קבוצת אוסם סחר שותפות מוגבלת,,אסם פתי בר דובוני שו,גרמים,175.00,100 גרם,false,,9.90,0.0566,true,1,155526
7290115201727,false,ביסלי חטיף בטעם בצל אסם (200 גרם),קבוצת אוסם סחר-שות.מוגבלת,,ביסלי בצל 200 גרם,גרמים,200.00,100 גרם,false,,7.90,0.0395,true,1,154267
7290115202434,false,צבר סלט חומוס עם זעתר 375 גרם,קבוצת אוסם סחר שותפות מוגבלת,,חומוס עם זעתר צבר 37,גרמים,375.00,100 גרם,false,,11.90,0.0317,true,1,155646
7290115202762,false,מיני ניוקי טריקולור 500 גרם פרפקטו אסם,קבוצת אוסם סחר-שות.מוגבלת,,פרפקטו מיני ניוקי טר,גרמים,500.00,100 גרם,false,,11.90,0.0238,true,1,155531
7290115202953,false,אוסם - מנה חמה רייס נודלס קארי צהוב 55 גרם,קבוצת אוסם סחר-שות.מוגבלת,,מנה חמה רייס נודלס ק,גרמים,55.00,100 גרם,false,,6.90,0.1255,true,1,158399
7290115202977,false,אוסם - מנה חמה רייס נודלס רוטב סויה סיני 55 גרם,קבוצת אוסם סחר-שות.מוגבלת,,מנה חמה רייס נודלס ר,גרמים,55.00,100 גרם,false,,6.90,0.1255,true,1,158400
7290115203134,false,חטיף פופקו פופקורן במבה אסם (80 גרם),קבוצת אוסם סחר שותפות מוגבלת,,פופקו פופקורן במבה 8,גרמים,80.00,100 גרם,false,,5.40,0.0675,true,1,156071
7290115203172,false,במבה PRO מכיל 18 גרם חלבון בשקית,קבוצת אוסם סחר שותפות מוגבלת,,במבה פרו 80 גרם,גרמים,80.00,100 גרם,false,,4.90,0.0613,true,1,162389
7290115203486,false,פירורית טעם ביסלי גריל אסם (200 גרם),קבוצת אוסם סחר שותפות מוגבלת,,פירורית בטעם ביסלי ג,גרמים,200.00,100 גרם,false,,6.40,0.0320,true,1,155909
7290115204056,false,"קטשופ מופחת סוכר אסם 690 גרם כשל""פ",קבוצת אוסם סחר שותפות מוגבלת,,קטשופ מופחת סוכר ללא,גרמים,690.00,100 גרם,false,,10.90,0.0158,true,1,155185
7290115204261,false,אריסה חריפה המעדנייה,קבוצת אוסם סחר שותפות מוגבלת,,אריסה צבר 190 גרם,גרמים,190.00,100 גרם,false,,12.90,0.0679,true,1,159442
7290115204957,false,קרקר לחמית איטלקית אסם (190 גרם),קבוצת אוסם סחר-שות.מוגבלת,,לחמית איטלקית אסם 16,גרמים,160.00,100 גרם,false,,9.90,0.0619,true,1,160852
7290115204995,false,לחמית ים תיכוני 160 גר`אסם,קבוצת אוסם סחר-שות.מוגבלת,,לחמית ים תיכונית אסם,גרמים,160.00,100 גרם,false,,9.90,0.0619,true,1,160853
7290115205176,false,729001032825פיטנס חטיפי קרקר כפרי 140גר.,קבוצת אוסם סחר שותפות מוגבלת,,פיטנס חטיפי קרקר טינ,גרמים,140.00,100 גרם,false,,11.90,0.0850,true,1,159516
7290115205312,false,קרקר פיטנס דק עם זיתי קלמטה ועשבי תיבול,קבוצת אוסם סחר שותפות מוגבלת,,פיטנס קרקר Thin Deli,גרמים,140.00,100 גרם,false,,11.90,0.0850,true,1,160854
7290115205527,false,חטיף מולטיגריין עם עדשים ( 25 גר`) פיטנס,קבוצת אוסם סחר שותפות מוגבלת,,פיטנס חטיף מולטגריין,גרמים,25.00,100 גרם,false,,4.90,0.1960,true,1,161520
7290115205978,false,פתיבר ואצבעות שוקולד 180 גרם - רבנות,קבוצת אוסם סחר שותפות מוגבלת,,פתי בר אצבעות שוקולד,גרמים,180.00,100 גרם,false,,11.90,0.0661,true,1,160009
7290115207682,false,אסם רוטב בסגנון סויה סיני 9*290מל חדש,קבוצת אוסם סחר שותפות מוגבלת,,רוטב בסגנון סויה סינ,מיליליטרים,290.00,"100 מ""ל",false,,10.90,0.0376,true,1,161147
7290115207941,false,סירופ אננס ויטמינצ'יק 1 ליטר,קבוצת אוסם סחר שותפות מוגבלת,,ויטמינצ'יק אננס 1 לי,מיליליטרים,1000.00,"100 מ""ל",false,,21.90,0.0219,true,1,159796
7290115208009,false,סירופ ענבים ויטמינצ'יק 1 ליטר,קבוצת אוסם סחר שותפות מוגבלת,,ויטמינצ'יק ענבים 1 ל,מיליליטרים,1000.00,"100 מ""ל",false,,21.90,0.0219,true,1,159799
7290115208047,false,סירופ פטל ויטמינצ`יק (1 ליטר),קבוצת אוסם סחר שותפות מוגבלת,,ויטמינצ'יק פטל 1 ליט,מיליליטרים,1000.00,"100 מ""ל",false,,21.90,0.0219,true,1,159800
7290115208061,false,סירופ תפוח ויטמינצ'יק 1 ליטר,קבוצת אוסם סחר שותפות מוגבלת,,ויטמינצ'יק תפוח 1 לי,מיליליטרים,1000.00,"100 מ""ל",false,,21.90,0.0219,true,1,159801
7290115208320,false,אפרופו חטיף בטעם ביסלי בצל 50 גרם,קבוצת אוסם סחר שותפות מוגבלת,,אפרופו בטעם ביסלי בצ,גרמים,50.00,100 גרם,false,,4.90,0.0980,true,1,163390
7290115208344,false,שטוחים בייגלה כפיות שמנת בצל 300גר,קבוצת אוסם סחר שותפות מוגבלת,,בייגלה כפיות שמנת בצ,גרמים,300.00,100 גרם,false,,10.90,0.0363,true,1,162392
7290115208597,false,קרמוגית מיניס קרמל מלוח אסם 200 גרם,קבוצת אוסם סחר שותפות מוגבלת,,קרמוגית מיניס קרמל מ,גרמים,200.00,100 גרם,false,,10.90,0.0545,true,1,161686
7290115208849,false,"מנה חמה פסטה מוקרמת ט.עוף בד""צ 55גר",קבוצת אוסם סחר שותפות מוגבלת,,מנה חמה פירה עם בטטה,גרמים,51.00,100 גרם,false,,5.90,0.1157,true,1,163391
7290115209174,false,במבה אורירית קלאסי 60 גר',קבוצת אוסם סחר-שות.מוגבלת,,במבה אורירית אסם 60,גרמים,60.00,100 גרם,false,,4.30,0.0717,true,1,161522
7290115209235,false,ביסקוויט פתי בר קפה אסם (500 גרם),קבוצת אוסם סחר שותפות מוגבלת,,פתי בר קפה אסם 500 ג,גרמים,500.00,100 גרם,false,,12.90,0.0258,true,1,162742
7290115209358,false,במבה במילוי בראוניז אסם (60 גרם),קבוצת אוסם סחר שותפות מוגבלת,,במבה במילוי בראוניז,גרמים,60.00,100 גרם,false,,4.90,0.0817,true,1,163392
>>>>>>> d048ac2f4f281c9d788043ab4e81b61b0dbe3743
7290115400847,false,עוגיות פרפריות רמי לוי 500 גרם,,,עוגיות פרפריות רמי ל,גרמים,500.00,100 גרם,false,,14.90,0.0298,true,1,161089
7290115400861,false,עוגיות מעמול רמי לוי 500 גרם,,,עוגיות מעמול תמר רמי,גרמים,500.00,100 גרם,false,,14.90,0.0298,true,1,161091
7290115400878,false,עוגיות ממולאות טעם שוקולד רמי לוי 500 גרם,,,עוגיות ממולאות בטעם,גרמים,500.00,100 גרם,false,,14.90,0.0298,true,1,161092
7290115400885,false,עוגיות עינוגי שוקולד רמי לוי 500 גרם,,,עוגיות עינוגי שוקולד,גרמים,500.00,100 גרם,false,,14.90,0.0298,true,1,161093
7290115400908,false,עוגיות מגולגלות תמרים רמי לוי 500 גרם,,,עוגיות מגולגלות תמרי,גרמים,500.00,100 גרם,false,,14.90,0.0298,true,1,161094
7290115401097,false,עוגיות נסיכה טעם תות רמי לוי 500 גרם,,,עוגיות נסיכה בטעם תו,גרמים,500.00,100 גרם,false,,14.90,0.0298,true,1,161095
7290115401110,false,עוגיות מיני מרוקאי רמי לוי 500 גרם,,,עוגיות בסגנון מרוקאי,גרמים,500.00,100 גרם,false,,14.90,0.0298,true,1,161097
7290115401158,false,עוגיות מלוחות קריספי רמי לוי 500 גרם,,,עוגיוים מלוחות קריספ,גרמים,500.00,100 גרם,false,,14.90,0.0298,true,1,161098
7290115401196,false,עוגיות קוואקר פריכות רמי לוי 500 גרם,,,עוגיות קוואקר פריכות,גרמים,500.00,100 גרם,false,,14.90,0.0298,true,1,161100
7290115671339,false,מיני פינוקיות בראוניז בייגל בוטן עלית 180 ג' עלית,"הגביע מוצרי ופלים בע""\מ",,מיני פינוקיות בראוני,גרמים,180.00,100 גרם,false,,10.90,0.0606,true,1,157749
7290115671346,false,מיני פינוקיות טופי קרמל מלוח עלית 180 גרם,"הגביע מוצרי ופלים בע""\מ",,מיני פינוקיות טופי ק,גרמים,180.00,100 גרם,false,,10.90,0.0606,true,1,157750
7290115676037,false,דנונה ריפרש יוגורט עם תות ודומדמניות 1.6% שומן,שטראוס גרופ בעמ/מצונן,,דנונה ריפרש תות דומד,גרמים,250.00,100 גרם,false,,5.70,0.0228,true,1,156642
7290115676082,false,משקה דנונה פרו 20 יוגורט תות 255 ג' רבנות,שטראוס גרופ בעמ/מצונן,,משקה דנונה פרו 20 תו,גרמים,250.00,100 גרם,false,,6.90,0.0276,true,1,156644
7290115677140,false,תפוצ'יפס בטעם פפריקה 200 גרם היתר מכירה,שטראוס פריטו ליי בע”,,תפוציפס wavy פפריקה,גרמים,200.00,100 גרם,false,,10.90,0.0545,true,1,163358
7290115678376,false,מעדן הגולן שוקולד 125 גרם,שטראוס גרופ בעמ/מצונן,,מעדן הגולן שוקולד 12,גרמים,125.00,100 גרם,false,,2.90,0.0232,true,1,157736
7290115678383,false,מעדן הגולן שוקולד מריר בודד 125גר,שטראוס גרופ בעמ/מצונן,,מעדן הגולן שוקולד מר,גרמים,125.00,100 גרם,false,,2.90,0.0232,true,1,157737
7290116052717,false,כפית שקוף רמי לוי 40,,,כפית שקוף רמי לוי 40,100 יחידה,40.00,100 יחידה,false,,7.90,0.1975,true,1,161936
7290116052724,false,מזלג שקוף רמי לוי 40,,,מזלג שקוף רמי לוי 40,100 יחידה,40.00,100 יחידה,false,,8.90,0.2225,true,1,161937
7290116052731,false,כף שקוף רמי לוי 40 י,,,כף שקוף רמי לוי 40 י,100 יחידה,40.00,100 יחידה,false,,8.90,0.2225,true,1,161938
7290116052755,false,כפית קרם רמי לוי 40,,,כפית קרם רמי לוי 40,100 יחידה,40.00,100 יחידה,false,,7.90,0.1975,true,1,161940
7290116054230,false,מארז 50 צלחות לבן 8.5' בסט וליו,,,צלחת 8.5 לבן בסט ולי,Unknown,50.00,יחידה,false,,17.90,0.3580,true,1,160756
7290116055657,false,כוסות חד פעמי לשתייה חמה 40 יח,,,כוס חם 8 (40 יח') רמ,100 יחידה,40.00,100 יחידה,false,,9.90,0.2475,true,1,161580
7290116055664,false,כוסות שתיה חמה 40 יחידות,,,כוס חם 10 רמי לוי,Unknown,40.00,יחידה,false,,17.90,0.4475,true,1,160800
7290116056296,false,צלחת 9' קרם (50 יח') בסט וליו,,,צלחת 9 קרם 50 יחידות,Unknown,1.00,יחידה,false,,21.90,21.9000,true,1,160726
7290116530109,false,חטיף קליק נוגט ציפוי שוקולד לבן 35 גרם,"יוניליוור ישראל שיווק בע""מ",,חטיף נוגט בציפוי שוק,גרמים,35.00,100 גרם,false,,4.90,0.1400,true,1,156710
7290116530871,false,נשנושים מיקס בייגל בייגל 240 גרם,יוניליוור ישראל שיווק בע`מ,,נשנושים מיקס 240 גרם,גרמים,240.00,100 גרם,false,,11.90,0.0496,true,1,161360
7290116531083,false,"ברנפלקס ללא ת.סוכר בטעם דבש בתוספת שקדים, 400 גרם",יוניליוור ישראל שיווק בע`מ,,ברנפלקס טעם דבש עם ש,גרמים,400.00,100 גרם,false,,21.90,0.0547,true,1,158979
7290116531090,false,בייגל בייגל דג דג במליחות עדינה 250 גרם,יוניליוור ישראל שיווק בע`מ,,דגדג חטיף אפוי במליח,גרמים,250.00,100 גרם,false,,9.90,0.0396,true,1,159942
7290116531885,false,"מיונז הלמנס טיבעוני בד""ץ 500 גר",יוניליוור ישראל שיווק בע`מ,,ממרח טבעוני ויגן תלמ,גרמים,500.00,100 גרם,false,,13.90,0.0278,true,1,161645
7290116532264,false,גודיז פרי אפרסק – שלגון מופחת קלוריות עם יוגורט בציפוי בטעם אפרסק,"גלידת שטראוס בע""\מ, רחוב",,מאגדת גודיז פרי אפרס,גרמים,300.00,100 גרם,false,,22.90,0.0763,true,1,160500
7290116532479,false,קליק גלידת שמנת בטעמי שוקולד לבן עוגיות 384 ג' שטראוס,"גלידת שטראוס בע""\מ, רחוב",,פיינט קליק שוקולד לב,מיליליטרים,520.00,"100 מ""ל",false,,17.90,0.0344,true,1,161495
7290116930282,false,ארוחה בקטנה לאבנה עם קרקרים 150ג' תנובה,"תנובה בע""מ ***",,ארוחה בקטנה לאבנה עם,גרמים,150.00,100 גרם,false,,8.50,0.0567,true,1,162224
7290116930435,false,יופלה גו במרקם סמיך עם דובדבן 0% 200מל,תנובה מרכז שיתופי לש,,יוגורט יופלה גו סמיך,גרמים,200.00,100 גרם,false,,5.90,0.0295,true,1,161088
7290116930459,false,"יופלה שייק מנגו בננה אננס וקוקוס 230 מ""ל",קבוצת המזון אקטשלאר,,יופלה שייק בננה אננ,מיליליטרים,230.00,"100 מ""ל",false,,7.90,0.0343,true,1,161590
7290116930466,false,"משקה SHAKE בננה מנגן פסיפלורה והל 230 מ""ל יופלה",קבוצת המזון אקטשלאר,,יופלה שייק מנגו בננ,מיליליטרים,230.00,"100 מ""ל",false,,7.90,0.0343,true,1,161591
7290116930725,false,סויה BIO קוקוס גביע 150 גרם אלטרנטיב,תנובה בעמ ***,,מעדן סויה ביו קוקוס,גרמים,150.00,100 גרם,false,,4.80,0.0320,true,1,162226
7290116931081,false,מעדן סויה - טופי קרמל 125 גרם אלטרנטיב,תנובה מרכז שיתופי לש,,מעדן סויה בטעם טופי,גרמים,125.00,100 גרם,false,,4.20,0.0336,true,1,162227
<<<<<<< HEAD
7290116931104,false,יופלה GO במרקם סמיך עם אננס 0% תנובה 200 גרם,תנובה חלב,,יופלה גו במרקם סמיך,גרמים,200.00,100 גרם,false,,5.90,0.0295,true,1,162228
=======
7290116931104,false,יופלה GO במרקם סמיך עם אננס 0% תנובה 200 גרם,"תנובה בע""מ ***",,יופלה גו במרקם סמיך,גרמים,200.00,100 גרם,false,,5.90,0.0295,true,1,162228
>>>>>>> d048ac2f4f281c9d788043ab4e81b61b0dbe3743
7290117260432,false,פטריות שמפניון חתוכות 400ג רמילוי,,,פטריות חתוכות רמי לו,גרמים,400.00,100 גרם,false,,4.90,0.0123,true,1,161238
7290117261378,false,גבינת קשקבל לייט EURO CHEESE ויליפוד 250 גרם,ג.וילי-פוד אינטרנשיונל **גבינו,,גבינת קשקבל לייט יור,גרמים,250.00,100 גרם,false,,14.90,0.0596,true,1,162775
7290117900956,false,תערובת פיצוחים קלויים ששון הקולה 180 גרם,דין שיווק וקליה 2021 בעמ,,תערובת פיצוחים קלויי,גרמים,180.00,100 גרם,false,,15.90,0.0883,true,1,161769
7290117900963,false,בוטנים קלויים 270גר ששון הקולה,דין שיווק וקליה 2021 בעמ,,בוטנים קלויים ששון ה,גרמים,270.00,100 גרם,false,,10.90,0.0404,true,1,161770
7290117901007,false,פיסטוקים קלויים ששון הקולה 130 גרם,דין שיווק וקליה 2021 בעמ,,פיסטוקים קלויים ששון,גרמים,130.00,100 גרם,false,,15.90,0.1223,true,1,161774
7290117901014,false,אגוזי קשיו קלויים 160 גר ששון הקולה,דין שיווק וקליה 2021 בעמ,,קשיו קלוי ששון הקולה,גרמים,160.00,100 גרם,false,,15.90,0.0994,true,1,161775
7290117901038,false,אגוזי מלך קלופים ששון הקולה 190 גרם,דין שיווק וקליה 2021 בעמ,,אגוזי מלך קלופים ששו,גרמים,190.00,100 גרם,false,,15.90,0.0837,true,1,161777
7290117901045,false,בוטן רביולי ששון הקולה 200 גרם,דין שיווק וקליה 2021 בעמ,,בוטן רביולי ששון הקו,גרמים,200.00,100 גרם,false,,15.90,0.0795,true,1,161778
7290118420071,false,במבה ביסלי ברביקיו מיקס 80גר אסם{,קבוצת אוסם סחר שותפות מוגבלת,,במבה ביסלי ברביקיו מ,גרמים,80.00,100 גרם,false,,4.90,0.0613,true,1,163394
7290118420514,false,אינסטנט פודינג בטעם נוגט אסם 75 גרם,קבוצת אוסם סחר שותפות מוגבלת,,אסם אינסטנט פודינג נ,גרמים,75.00,100 גרם,false,,4.90,0.0653,true,1,163397
7291008085035,true,"תמר מג""הול 200 גרם",,,"תמר מג""הול 200 גרם",,0.00,,false,,5.00,0.0000,true,1,135463
7293110630409,true,סט יופי - צעצוע,,,סט יופי - צעצוע,,0.00,,false,,5.00,0.0000,true,1,137738
7293110630416,true,סט כלי עבודה - צעצוע,,,סט כלי עבודה - צעצוע,,0.00,,false,,5.00,0.0000,true,1,137739
7293110630423,true,סט רופא - צעצוע,,,סט רופא - צעצוע,,0.00,,false,,5.00,0.0000,true,1,137740
7293110630430,true,משחק דגים - צעצוע,,,משחק דגים - צעצוע,,0.00,,false,,5.00,0.0000,true,1,137741
7293110630447,true,חיות בשקית - צעצוע,,,חיות בשקית - צעצוע,,0.00,,false,,5.00,0.0000,true,1,137742
7293110630454,true,סט שוטר,,,סט שוטר,,0.00,,false,,5.00,0.0000,true,1,137743
7297488098169,false,"קמח תירס ללא גלוטן דג""ש","תבליני העליון בע""מ",,דגש קמח תירס 500 גרם,גרמים,500.00,100 גרם,false,,9.90,0.0198,true,1,150821
7297535007304,true,זוג ציפיות,,,זוג ציפיות,,0.00,,false,,5.00,0.0000,true,1,136047
7299854145262,false,כוסות נייר שתיה חמה,כוסות שתייה חמה 3 ב,,כוסות נייר שתיה חמה,Unknown,50.00,יחידה,false,,11.90,0.2380,true,1,154961
7501035010109,true,טקילה קוורבו אספסיאל,,,טקילה קוורבו אספסיאל,,0.00,,false,,0.00,0.0000,true,1,136818
7501035042155,true,טקילה קוורבו גולד 1,,,טקילה קוורבו גולד 1,,0.00,,false,,0.00,0.0000,true,1,136019
7501064191398,false,שישיית בירה קורונה אקסטרא *355 מל,קריניציה ויטמינה אס,,בירה קורונה שישייה 3,מיליליטרים,2130.00,"100 מ""ל",false,,39.90,0.0187,true,1,146159
7610113000175,false,"רום בקרדי מוחיטו 700 מ""ל",בקרדי מרטיני,,"בקרדי מוחיטו 700 מ""ל",מיליליטרים,700.00,"100 מ""ל",false,,80.20,0.1146,true,1,156203
<<<<<<< HEAD
7613030979647,false,דגני בוקר טריקס פירות עולם היורה 480 ג',ג'נרל מילס סאן אדריא,,דגני תירס תפוחים בטע,גרמים,480.00,100 גרם,false,,23.90,0.0498,true,1,142999
7613032202149,true,סוכריות סמרטיז 38 גר,,,סוכריות סמרטיז 38 גר,,0.00,,false,,0.00,0.0000,true,1,139937
7613034928931,true,קיט קאט אצבעות 45 גר,,,קיט קאט אצבעות 45 גר,,0.00,,false,,0.00,0.0000,true,1,136744
7613035807778,false,פרפקטו רוטב עגבניות לבולונז אסם 400 גרם,אסם פרפקטו Perfecto,,פרפקטו רוטב עגבניות,גרמים,400.00,100 גרם,false,,10.50,0.0263,true,1,145693
7613035809123,false,פרפקטו רוטב עגבניות עם פלפלים אסם 400 גרם,אסם פרפקטו Perfecto,,פרפקטו רוטב עגבניות,גרמים,400.00,100 גרם,false,,10.50,0.0263,true,1,145695
7613036737623,false,קראנץ' רולס נסטלה 410 גרם,"אסם תעשיות בע""מ",,קראנץ מקס 410 גרם,גרמים,410.00,100 גרם,false,,23.90,0.0583,true,1,146008
7613287121783,false,סמארטיס מיני 16*187 גרם,נסטלה גרמניה,,סמארטיס מיני 187 גרם,גרמים,187.00,100 גרם,false,,14.90,0.0797,true,1,156082
7613287654151,false,דגני בוקר כריות שוקו בננה 385 ג' קראנץ',סי. פי. פולין,,קראנץ' כריות שוקו בנ,גרמים,385.00,100 גרם,false,,23.90,0.0621,true,1,156689
7622010001858,false,עוגיות אוראו ממולאות קרם וניל 176 גרם.,פי אר ג'\יי אס אי מנדלז,,אוראו וניל 176 גרם ב,גרמים,176.00,100 גרם,false,,9.90,0.0563,true,1,140530
=======
7613030979647,false,דגני בוקר טריקס פירות עולם היורה 480 ג',קבוצת אוסם סחר שותפות מוגבלת,,דגני תירס תפוחים בטע,גרמים,480.00,100 גרם,false,,23.90,0.0498,true,1,142999
7613032202149,true,סוכריות סמרטיז 38 גר,,,סוכריות סמרטיז 38 גר,,0.00,,false,,0.00,0.0000,true,1,139937
7613034928931,true,קיט קאט אצבעות 45 גר,,,קיט קאט אצבעות 45 גר,,0.00,,false,,0.00,0.0000,true,1,136744
7613035807778,false,פרפקטו רוטב עגבניות לבולונז אסם 400 גרם,קבוצת אוסם סחר שותפות מוגבלת,,פרפקטו רוטב עגבניות,גרמים,400.00,100 גרם,false,,10.50,0.0263,true,1,145693
7613035809123,false,פרפקטו רוטב עגבניות עם פלפלים אסם 400 גרם,קבוצת אוסם סחר שותפות מוגבלת,,פרפקטו רוטב עגבניות,גרמים,400.00,100 גרם,false,,10.50,0.0263,true,1,145695
7613036737623,false,דגני בוקר קראנץ מיקס 410גר,קבוצת אוסם סחר שותפות מוגבלת,,קראנץ מקס 410 גרם,גרמים,410.00,100 גרם,false,,23.90,0.0583,true,1,146008
7613287121783,false,סמארטיס מיני 16*187 גרם,קבוצת אוסם סחר שותפות מוגבלת,,סמארטיס מיני 187 גרם,גרמים,187.00,100 גרם,false,,14.90,0.0797,true,1,156082
7613287654151,false,דגני בוקר כריות שוקו בננה 385 ג' קראנץ',קבוצת אוסם סחר-שות.מוגבלת,,קראנץ' כריות שוקו בנ,גרמים,385.00,100 גרם,false,,23.90,0.0621,true,1,156689
7622010001858,false,עוגיות אוראו ממולאות קרם וניל 176 גרם.,דיפלומט מפיצים (1968) בעמ**,,אוראו וניל 176 גרם ב,גרמים,176.00,100 גרם,false,,9.90,0.0563,true,1,140530
>>>>>>> d048ac2f4f281c9d788043ab4e81b61b0dbe3743
7622200006472,true,מילקה - שוקולד מריר,,,מילקה - שוקולד מריר,,0.00,,false,,0.00,0.0000,true,1,136638
7622201050757,false,מילקה שוקולד חלב במילוי קרם קרמל 100 ג,דיפלומט מפיצים (1968) בעמ**,,שוקולד חלב במילוי קר,גרמים,100.00,100 גרם,false,,6.90,0.0690,true,1,136639
7622201127367,false,מילקה אוראו מיניס שוקולד לבן 153 גרם,דיפלומט מפיצים (1968) בעמ**,,מילקה אוראו מיניס לב,גרמים,153.00,100 גרם,false,,15.90,0.1039,true,1,161654
7622201137052,false,אוראו מיני קוקיס - עוגיות שוקולד צ'יפס ותחתית מצופה שוקולד חלב,דיפלומט מפיצים (1968) בעמ**,,מילקה מיני קוקיז 110,גרמים,110.00,100 גרם,false,,9.90,0.0900,true,1,162991
7622201139278,false,גבינת פילדלפיה שמנת 150 גר`% (27 שומן),מיודלז אספניה פרודוק,,גבינת שמנת 27% פילדל,גרמים,150.00,100 גרם,false,,14.90,0.0993,true,1,150513
7622201401900,false,עוגיות סנסיישן אוראו מילקה 156 גרם,דיפלומט מפיצים (1968) בעמ**,,עוגיות מילקה סנסיישן,גרמים,156.00,100 גרם,false,,10.90,0.0699,true,1,154339
7622201500733,false,עוגיות אוראו רמיקס דאבל קרם קרמל וניל157,דיפלומט מפיצים (1968) בע`מ,,אוראו רמיקס דאבל קרם,גרמים,157.00,100 גרם,false,,8.90,0.0567,true,1,162384
7622201802363,false,מילקה טבלת שוקולד חלב וצימוקים ואגוזים 100ג',מנדלז דויצ'\לנד סנקס פרו,,שוקולד חלב עם אגוזים,גרמים,100.00,100 גרם,false,,6.90,0.0690,true,1,157971
7622201802394,false,שוקולד מילקה חלב מסרונים 100 גרם,מנדלז דויצ'\לנד סנקס פרו,,שוקולד חלב מילקה 100,גרמים,100.00,100 גרם,false,,6.90,0.0690,true,1,157972
<<<<<<< HEAD
7622201808631,false,אוראו מיני עוגיות ממולאות קרם וניל 67גרם,פי.טי. מונדלז אינדונ,,אוראו מיני כוסות בטע,גרמים,67.00,100 גרם,false,,7.90,0.1179,true,1,159571
7622201813390,false,עוגיות מילקה וואפל במילוי קרם קקאו 150 ג,מונדליז סי.אר. ביסקוויט,,מילקה וואפל במילוי ק,גרמים,132.00,100 גרם,false,,10.90,0.0826,true,1,158556
=======
7622201808631,false,אוראו מיני עוגיות ממולאות קרם וניל 67גרם,דיפלומט מפיצים (1968) בעמ**,,אוראו מיני כוסות בטע,גרמים,67.00,100 גרם,false,,7.90,0.1179,true,1,159571
7622201813390,false,עוגיות מילקה וואפל במילוי קרם קקאו 150 ג,דיפלומט מפיצים (1968) בעמ**,,מילקה וואפל במילוי ק,גרמים,132.00,100 גרם,false,,10.90,0.0826,true,1,158556
>>>>>>> d048ac2f4f281c9d788043ab4e81b61b0dbe3743
7622210007469,true,מילקה - שוקולד חלב ע,,,מילקה - שוקולד חלב ע,,0.00,,false,,0.00,0.0000,true,1,136640
7622210007476,true,מילקה - שוקולד חלב ע,,,מילקה - שוקולד חלב ע,,0.00,,false,,0.00,0.0000,true,1,136641
7622210078131,false,שוקולד חלב עם שבבי קרמל מילקה דיים 100 גרם,מנדלז דויצ'\לנד סנקס פרו,,שוק' מילקה דאיים 100,גרמים,100.00,100 גרם,false,,6.90,0.0690,true,1,158497
7622210392589,false,טובלרון טייני שוקולד חלב 200 גרם,מונדלז סוויצרלנד פרודקשן,,טובלרון טייני חלב 20,גרמים,200.00,100 גרם,false,,17.90,0.0895,true,1,162407
7622210463289,true,מילקה חטיף אוראו 41,,,מילקה חטיף אוראו 41,,0.00,,false,,5.00,0.0000,true,1,138297
7622210464729,false,אוראו גולדן עוגיות וניל במילוי קרם וניל,דיפלומט מפיצים (1968) בעמ**,,אוראו גולדן 154 גרם,גרמים,154.00,100 גרם,false,,6.90,0.0448,true,1,151250
7622210637994,false,מיני עוגיות אוראו קראנצ'י בייטס אורגינל,דיפלומט מפיצים (1968) בעמ**,,אוראו ביס קראנ'צי או,גרמים,110.00,100 גרם,false,,9.90,0.0900,true,1,154337
7622210664150,false,"עוגיות אוראו וניל, 396 גרם",דיפלומט מפיצים (1968) בעמ**,,עוגיות אוראו וניל 39,גרמים,396.00,100 גרם,false,,15.90,0.0402,true,1,162409
7622210826053,false,מילקה שוקולד אוראו סנדוויץ 100 גרם,דיפלומט מפיצים (1968) בעמ**,,שוקולד מילקה אוראו ס,גרמים,92.00,100 גרם,false,,6.90,0.0750,true,1,154340
7622300270506,false,מילקה גריינס - עוגיות שיבולת שועל מצופות שוקולד 168 ג',דיפלומט מפיצים (1968) בעמ**,,מילקה גריינס - עוגיו,גרמים,168.00,100 גרם,false,,10.90,0.0649,true,1,143488
7622300291785,true,מילקה - שוקולד חלב ב,,,מילקה - שוקולד חלב ב,,0.00,,false,,0.00,0.0000,true,1,136645
7622300441715,false,עוגיות מילקה ביסקוויט ממולא קרם חלב מצופה למחצה בשוקולד חלב 150 גר',דיפלומט מפיצים (1968) בעמ**,,מילקה עוגיות שוקו מי,גרמים,150.00,100 גרם,false,,11.90,0.0793,true,1,162992
7622300489427,false,עוגיות אוראו בציפוי בטעם שוקולד לבן 246 גרם,דיפלומט מפיצים (1968) בעמ**,,אוראו עוגיות מצופות,גרמים,246.00,100 גרם,false,,18.90,0.0768,true,1,153339
7622300495046,false,מילקה שוקולד חלב עם אקסטרה קקאו 100 גרם,מנדלז דויצ'\לנד סנקס פרו,,מילקה אקסטרה קקאו 10,גרמים,100.00,100 גרם,false,,6.90,0.0690,true,1,158560
7622300503079,false,עוגיות ביסקוויט מצופה שוקולד חלב מילקה 200 גרם,דיפלומט מפיצים (1968) בעמ**,,מילקה מוו ביסקוויט מ,גרמים,200.00,100 גרם,false,,10.90,0.0545,true,1,141647
7622300617820,false,מילקה שוקולד חלב במילוי קרם חלב ווניל ושבבי עוגיות אוראו 100 גרם,מנדלז דויצ'\לנד סנקס פרו,,מילקה אוראו 100 גרם,גרמים,100.00,100 גרם,false,,6.90,0.0690,true,1,136646
7622300761363,false,עוגיות מיני אוראו במילוי קרם בטעם שוקולד בכוס,דיפלומט מפיצים (1968) בעמ**,,אוראו מיני עוגיות עם,גרמים,67.00,100 גרם,false,,7.90,0.1179,true,1,137073
7622400005190,false,שוקולד חלב נגיעות שוקולד לבן מילקה 100 ג,מנדלז דויצ'\לנד סנקס פרו,,שוקולד חלב חום לבן מ,גרמים,100.00,100 גרם,false,,6.90,0.0690,true,1,136647
7622400719066,true,מילקה - שוקולד חלב ב,,,מילקה - שוקולד חלב ב,,0.00,,false,,0.00,0.0000,true,1,136648
7622400806612,true,מילקה - שוקולד חלב ב,,,מילקה - שוקולד חלב ב,,0.00,,false,,5.00,0.0000,true,1,136649
7777886604907,false,מחבת יציקה איכותית 24 סדרת עץ,ד.ג.ש ייבוא ושיווק בעמ,,מחבת יציקה איכותית 2,Unknown,1.00,יחידה,false,,59.90,59.9000,true,1,144944
7777886604914,false,מחבת יציקה איכותית 28 wood editrion,ד.ג.ש ייבוא ושיווק בעמ,,מחבת יציקה איכותית 2,Unknown,1.00,יחידה,false,,69.90,69.9000,true,1,144945
7790580300005,true,שערות סבתא בטעם תות,,,שערות סבתא בטעם תות,,0.00,,false,,0.00,0.0000,true,1,136540
<<<<<<< HEAD
7791875005353,false,ריבת חלב הוואנה דוצה דה לצה 450 גרם,מיגה פוד קומרס,,ריבת חלב הוואנה דולצ,גרמים,450.00,100 גרם,false,,19.90,0.0442,true,1,158661
7798378440018,false,אוכמניות יחידה,אראל תוצרת חקלאית בע,,אוכמניות יחידה,גרמים,125.00,100 גרם,false,,19.90,0.1592,true,1,163302
7798382150019,false,אוכמניות טריות 125גרם,אראל תוצרת חקלאית בע,,אוכמניות יחידה,גרמים,125.00,100 גרם,false,,19.90,0.1592,true,1,163893
7804651030026,false,אוכמניות טריות יחידה,ALFABERRIES,,אוכמניות יחידה,גרמים,125.00,100 גרם,false,,19.90,0.1592,true,1,162652
=======
7791875005353,false,ריבת חלב הוואנה דוצה דה לצה 450 גרם,משה סידס ובנו בעמ,,ריבת חלב הוואנה דולצ,גרמים,450.00,100 גרם,false,,19.90,0.0442,true,1,158661
7798378440018,false,אוכמניות יחידה,ביכורי השדה צפון 1994 ג.ד. בעמ,,אוכמניות יחידה,גרמים,125.00,100 גרם,false,,19.90,0.1592,true,1,163302
7798382150019,false,אוכמניות טריות 125גרם,ביכורי השדה צפון 1994 ג.ד. בעמ,,אוכמניות יחידה,גרמים,125.00,100 גרם,false,,19.90,0.1592,true,1,163893
7804651030026,false,אוכמניות טריות יחידה,איגל טרייטדינג שיווק חקלאי בעמ,,אוכמניות יחידה,גרמים,125.00,100 גרם,false,,19.90,0.1592,true,1,162652
>>>>>>> d048ac2f4f281c9d788043ab4e81b61b0dbe3743
7804667480082,false,אוכמניות יחידה,,,אוכמניות יחידה,גרמים,125.00,100 גרם,false,,19.90,0.1592,true,1,159973
7809530602189,false,אוכמניות יחידה,ביכורי השדה צפון 1994 ג.ד. בעמ,,אוכמניות יחידה,גרמים,125.00,100 גרם,false,,19.90,0.1592,true,1,149431
7920005431364,true,"עוגת גבינה כלש""פ",,,"עוגת גבינה כלש""פ",,0.00,,false,,6.00,0.0000,true,1,136296
7920005431609,true,טירמיסו כשלפ,,,טירמיסו כשלפ,,0.00,,false,,5.00,0.0000,true,1,136298
8000380003723,false,וופלים גרנד פטיסרי במילוי קרם אגוזים 100,קריניציה ויטמינה אס,,לואקר גרנד פטיסרי אג,גרמים,100.00,100 גרם,false,,12.90,0.1290,true,1,146098
8000380003761,false,וופל גרנד פטיסרי שוקולד וקוקוס לואקר 100 גרם,קריניציה ויטמינה אס,,לואקר גרנד פטיסרי קו,גרמים,100.00,100 גרם,false,,12.90,0.1290,true,1,150971
8000380005598,false,מארז וופל שוקולד טורטינה Tortina שוקולד מריר,א. לואקר אס. פי. אי-אי.,,ופלים טורטינה מריר ל,גרמים,125.00,100 גרם,false,,16.90,0.1352,true,1,156848
8000380007219,false,וופל לואקר ממולא קרם אגוזים 175 גרם,ליימן שליסל בע`מ,,ופלים אגוזים נאפוליט,גרמים,175.00,100 גרם,false,,11.90,0.0680,true,1,154492
8000380007264,false,וופל לואקר ממולא קרם קקאו 175 גרם,קריניציה ויטמינה אס,,ופלים שוקולד קרם קקא,גרמים,175.00,100 גרם,false,,11.90,0.0680,true,1,155284
8000380106028,false,טורטינה לואקר וופל שוקולד ואגוזים שישיה 125ג',קריניציה ויטמינה אס,,ופל טורטינה קרם אגוז,גרמים,125.00,100 גרם,false,,16.90,0.1352,true,1,141992
8000380144044,false,גרדנה וופל מצופה שוקולד חלב לואקר 200 גרם,ליימן שליסל בע`מ,,גרדנה שוקולד 200 גרם,גרמים,200.00,100 גרם,false,,13.90,0.0695,true,1,146100
8000380153466,false,וופל קלאסיק בטעם קקאו לואקר 90 גרם,קריניציה ויטמינה אס,,לואקר בטעם קקאו 90 ג,גרמים,90.00,100 גרם,false,,5.00,0.0556,true,1,137198
8000380153534,false,מארז וופל שוקולד טורטינה Tortina שוקולד לבן,א. לואקר אס. פי. אי-אי.,,ופל טורטינה מצופה שו,גרמים,125.00,100 גרם,false,,16.90,0.1352,true,1,154537
8000380180721,false,לואקר וופל קקאו במילוי קרם חלבי 175 גר,קריניציה ויטמינה אס,,ופל קקאו במילוי קרם,גרמים,175.00,100 גרם,false,,11.90,0.0680,true,1,155286
8000380180745,false,וופל קוביות קקאו במילוי קרם חלב לואקר 250 גרם,"א. לואקר, קונפקט ג'י",,קואדרטיני שוקו-חלב 2,גרמים,250.00,100 גרם,false,,14.90,0.0596,true,1,150973
8000500023624,false,חטיפי הפי היפו Happy Hippo במילוי קרם חלב וקקאו,פרימיום-חברה לדברי מתיקה ולמסח,,קינדר הפי היפו חמישי,גרמים,103.50,100 גרם,false,,11.90,0.1150,true,1,141585
8000500026731,false,ביצי שוקולד קינדר מארז 3 יח סופרייז,פרימיום-חברה לדברי מתיקה ולמסח,,קינדר ביצת הפתעה שלש,גרמים,60.00,100 גרם,false,,14.90,0.2483,true,1,141576
8000500029350,false,מארז וופל מצופה 3יח' *43 גרם קינדר בואנו,פרימיום-חברה לדברי מתיקה ולמסח,,קינדר בואנו שלישיה 3,גרמים,129.00,100 גרם,false,,10.90,0.0845,true,1,141568
8000500032237,false,בונבונרייה פררו רושר 375 גרם,פרימיום-חברה לדברי מתיקה ולמסח,,פררו רושר 375 גרם,גרמים,375.00,100 גרם,false,,39.90,0.1064,true,1,146635
8000500039106,true,קינדר ביצת הפתעה 20,,,קינדר ביצת הפתעה 20,,0.00,,false,,5.00,0.0000,true,1,136878
8000500071083,false,אצבעות שוקולד קינדר Kinder שש עשרה יחידות,פרימיום-חברה לדברי מתיקה ולמסח,,קינדר אצבעות שוקולד,גרמים,200.00,100 גרם,false,,11.90,0.0595,true,1,141584
8000500075708,false,ביצי שוקולד הפתעה קינדר ג'וי כחול בנים שלישיה,פרימיום-חברה לדברי מתיקה ולמסח,,קינדר גוי כחול שלשה,גרמים,60.00,100 גרם,false,,14.90,0.2483,true,1,141569
8000500121436,false,מארז קינדר בואנו Kinder Bueno לבן שלוש יחידות,פרימיום-חברה לדברי מתיקה ולמסח,,קינדר בואנו לבן שלשה,גרמים,117.00,100 גרם,false,,10.90,0.0932,true,1,141570
8000500126325,false,ביצי שוקולד הפתעה קינדר ג'וי ורוד בנות שלישיה,פרימיום-חברה לדברי מתיקה ולמסח,,קינדר גוי ורוד שלשה,גרמים,60.00,100 גרם,false,,14.90,0.2483,true,1,141578
8000500227848,false,נוטלה - בי רדי אצבעות ביסקוויט במילוי שוקולד 6 יח' * 22 גרם,פרימיום-חברה לדברי מתיקה ולמסח,,נוטלה בי רדי 6*22 גר,גרמים,132.00,100 גרם,false,,10.90,0.0826,true,1,144037
8000500249352,false,קינדר בואנו מיני מיקס שקית 205 ג',פרימיום-חברה לדברי מתיקה ולמסח,,קינדר בואנו מיני מיק,גרמים,205.00,100 גרם,false,,19.90,0.0971,true,1,141586
8000500267103,false,קינדר דליס עוגת ספוג קקאו במילוי חלבי*10,פרימיום-חברה לדברי מתיקה ולמסח,,קינדר עוגיות אישיות,גרמים,390.00,100 גרם,false,,19.90,0.0510,true,1,144035
8000798000161,true,ראש מטאטא,,,ראש מטאטא,,0.00,,false,,0.00,0.0000,true,1,136459
<<<<<<< HEAD
8001090721129,false,אריאל קפסולות גל לכביסה 3ב1 קולור 27 יח,פרוקטר אנד גמבל,,אריאל קפסולות ג'ל קו,Unknown,27.00,יחידה,false,,34.90,1.2926,true,1,143533
8001090832535,false,"שמפו פנטן שמן מרוקאי משקם 660 מ""ל",פרוקטר אנד גמבל,,פנטן שמפו שמן מרוקאי,מיליליטרים,660.00,"100 מ""ל",false,,20.90,0.0317,true,1,153663
8001090832894,false,מרכך לשיער חלש ופגום לחות מוגברת,פרוקטר אנד גמבל,,פנטן מרכך לחות מוגבר,מיליליטרים,660.00,"100 מ""ל",false,,20.90,0.0317,true,1,153670
8001090891273,false,לנור כדוריות בושם בניחוח סחלב 210 גרם,פרוקטר אנד גמבל,,לנור כדוריות הבושם ב,גרמים,210.00,100 גרם,false,,26.90,0.1281,true,1,158027
8001090899255,false,תחבושות אולוויז פלטינום לילה 16 יחידות,פרוקטר אנד גמבל,,תחבושות אולוויז פלטי,גרמים,120.00,100 גרם,false,,19.90,0.1658,true,1,154674
8001090899286,false,תחבושות אולוויז פלטינום לילה בטוח 14 יח',פרוקטר אנד גמבל,,תחבושות אולוויז פלטי,גרמים,118.00,100 גרם,false,,19.90,0.1686,true,1,154675
8001440118944,false,שלישיית עגבניות פולפה צ'יריו 400 גרם,דיפלומט,,שלישיית עגבניות פולפ,גרמים,1200.00,100 גרם,false,,15.90,0.0133,true,1,162557
=======
8001090721129,false,אריאל קפסולות גל לכביסה 3ב1 קולור 27 יח,דיפלומט מפיצים (1986) בע`מ,,אריאל קפסולות ג'ל קו,Unknown,27.00,יחידה,false,,34.90,1.2926,true,1,143533
8001090832535,false,"שמפו פנטן שמן מרוקאי משקם 660 מ""ל",דיפלומט מפיצים (1986) בע`מ,,פנטן שמפו שמן מרוקאי,מיליליטרים,660.00,"100 מ""ל",false,,20.90,0.0317,true,1,153663
8001090832894,false,מרכך לשיער חלש ופגום לחות מוגברת,דיפלומט מפיצים (1986) בע`מ,,פנטן מרכך לחות מוגבר,מיליליטרים,660.00,"100 מ""ל",false,,20.90,0.0317,true,1,153670
8001090891273,false,לנור כדוריות בושם בניחוח סחלב 210 גרם,דיפלומט מפיצים (1968) בעמ,,לנור כדוריות הבושם ב,גרמים,210.00,100 גרם,false,,26.90,0.1281,true,1,158027
8001090899255,false,תחבושות אולוויז פלטינום לילה 16 יחידות,דיפלומט מפיצים (1986) בע`מ,,תחבושות אולוויז פלטי,גרמים,120.00,100 גרם,false,,19.90,0.1658,true,1,154674
8001090899286,false,תחבושות אולוויז פלטינום לילה בטוח 14 יח',דיפלומט מפיצים (1986) בע`מ,,תחבושות אולוויז פלטי,גרמים,118.00,100 גרם,false,,19.90,0.1686,true,1,154675
8001440118944,false,שלישיית עגבניות פולפה צ'יריו 400 גרם,דיפלומט מפיצים (1968) בעמ**,,שלישיית עגבניות פולפ,גרמים,1200.00,100 גרם,false,,15.90,0.0133,true,1,162557
>>>>>>> d048ac2f4f281c9d788043ab4e81b61b0dbe3743
8001620015636,false,"משקה פירות פרוטה-מיקס פירות 400 מ""ל סאן בנדטו",אקווה מינרלה סאן בנדטו ב,,סן בנדטו מיקס פירות,מיליליטרים,400.00,"100 מ""ל",false,,7.30,0.0182,true,1,155806
8001620018408,false,"משקה פירות בטעם מנגו תפוח 400 מ""ל פרוטה",אקווה מינרלה סאן בנדטו ב,,סן בנדטו מנגו תפוח 4,מיליליטרים,400.00,"100 מ""ל",false,,7.30,0.0182,true,1,159068
8001620019160,false,"סן בנדטו מים מינרלים בטעם אפרסק 500 מ""ל",אקווה מינרלה סאן בנדטו ב,,סן בנדטו אפרסק 400 מ,מיליליטרים,400.00,"100 מ""ל",false,,6.90,0.0172,true,1,161351
8001675105238,true,פרלינים שוקולד מריר,,,פרלינים שוקולד מריר,,0.00,,false,,5.00,0.0000,true,1,136070
<<<<<<< HEAD
8001841062624,false,פמפרס מגבונים לחים ללא בישום רביעייה,פרוקטר אנד גמבל.,,מגבונים לחים ללא ביש,גרמים,1237.00,100 גרם,false,,19.90,0.0161,true,1,156440
8001841625461,false,סבון כלים פלטינום X3 פעולות להסרת שומנים,פרוקטר אנד גמבל,,נוזל לניקוי כלים פלט,מיליליטרים,515.00,"100 מ""ל",false,,10.90,0.0212,true,1,153787
8001841663692,false,פיירי אקסטרא נוזל כל,,,נוזל כלים פיירי אקסט,מיליליטרים,900.00,"100 מ""ל",false,,12.50,0.0139,true,1,160684
8001841943961,false,לנור כדוריות בושם בניחוח אוקיינוס 210 גר,פרוקטר אנד גמבל,,לנור כדוריות הבושם א,גרמים,210.00,100 גרם,false,,26.90,0.1281,true,1,158029
=======
8001841062624,false,פמפרס מגבונים לחים ללא בישום רביעייה,דיפלומט מפיצים (1968) בעמ,,מגבונים לחים ללא ביש,גרמים,1237.00,100 גרם,false,,19.90,0.0161,true,1,156440
8001841625461,false,סבון כלים פלטינום X3 פעולות להסרת שומנים,דיפלומט מפיצים (1986) בע`מ,,נוזל לניקוי כלים פלט,מיליליטרים,515.00,"100 מ""ל",false,,10.90,0.0212,true,1,153787
8001841663692,false,פיירי אקסטרא נוזל כל,,,נוזל כלים פיירי אקסט,מיליליטרים,900.00,"100 מ""ל",false,,12.50,0.0139,true,1,160684
8001841943961,false,לנור כדוריות בושם בניחוח אוקיינוס 210 גר,דיפלומט מפיצים (1968) בעמ,,לנור כדוריות הבושם א,גרמים,210.00,100 גרם,false,,26.90,0.1281,true,1,158029
>>>>>>> d048ac2f4f281c9d788043ab4e81b61b0dbe3743
8003385312340,false,עגבניות טחון דק (רוט,,,עגבניות טחון דק (רוט,גרמים,680.00,100 גרם,false,,12.90,0.0190,true,1,154740
8004030026018,false,"מקסיקני עם טונה ריו מרה אינסלטיסימי, 160 ג'","בולטון אלימנטרי בע""\מ",,סלט ירקות שעועית ותי,גרמים,160.00,100 גרם,false,,15.90,0.0994,true,1,146342
8004030344938,false,"ריו מרה טונה בשמן זית 3X80 גרם מתכון חדש כשל""פ","בולטון אלימנטרי בע""\מ",,נתתי טונה בהירה בשמן,גרמים,240.00,100 גרם,false,,24.90,0.1037,true,1,143354
8004800000064,false,לאגו פלאסיר- גלילי ופל קרם קקאו בציפוי ש.חלב - 100 ג',תה ויסוצקי (ישראל) בעמ,,גלילי ופל במילוי קרם,גרמים,100.00,100 גרם,false,,11.90,0.1190,true,1,162397
8004800005519,false,וופל רול גלילי במילוי קרם אגוזי לוז- 125 ג' לאגו,תה ויסוצקי (ישראל) בעמ,,גלילי ופל במילוי קרם,גרמים,125.00,100 גרם,false,,10.90,0.0872,true,1,162403
8005110002243,false,רכז עגבניות Doppio Concentr בשפופרת 185 ג' MUTTI,רסטרטו יבוא ושיווק בעמ*אין החז,,תרכיז עגבניות 28° בי,גרמים,200.00,100 גרם,false,,7.90,0.0395,true,1,153781
8005200256587,false,נסטי - תה קר בטעם אפרסק 1.5 ליטר,מפעל סאנפלגרינו S.P.A,,נסטי אפרסק 1.5 ליטר,מיליליטרים,1500.00,"100 מ""ל",false,,8.90,0.0059,true,1,158945
8005200486526,false,"נסטי, תה קר בטעם אפרסק 500 מל",מפעל סאנפלגרינו S.p.,,נסטי אפרסק בקבוק 500,מיליליטרים,500.00,"100 מ""ל",false,,7.80,0.0156,true,1,138131
<<<<<<< HEAD
8006540112854,false,"מרכך כביסה מרוכז בניחוח סחלב לנור 900 מ""ל",פרוקטר אנד גמבל,,לנור מרכך מרוכז בניח,מיליליטרים,900.00,"100 מ""ל",false,,15.90,0.0177,true,1,155811
=======
8006540112854,false,"מרכך כביסה מרוכז בניחוח סחלב לנור 900 מ""ל",דיפלומט מפיצים (1986) בע`מ,,לנור מרכך מרוכז בניח,מיליליטרים,900.00,"100 מ""ל",false,,15.90,0.0177,true,1,155811
>>>>>>> d048ac2f4f281c9d788043ab4e81b61b0dbe3743
8008920990250,false,למברוסקו רוזה חצי מת,,,למברוסקו רוזה חצי מת,מיליליטרים,750.00,"100 מ""ל",false,,22.90,0.0305,true,1,152214
8016710101021,true,"מיץ לימון 200 מ""ל",,,"מיץ לימון 200 מ""ל",,0.00,,false,,5.00,0.0000,true,1,139237
8032880800243,false,פיקניק הפתעה - אגוזי לוז ומקלות אפויים,"הוסטה איטליה, ס.ר.ל.",,פיקניק הפתעה 50 גרם,גרמים,50.00,100 גרם,false,,7.20,0.1440,true,1,141995
8033413430708,true,בקבוק ספורט מעוצב 2.,,,"לימונצ""אלו 700 מ""ל",,0.00,,false,,0.00,0.0000,true,1,136132
8076800195057,false,ברילה - צ.א ספגטי מס5 חדש 500 גרם,ברילה גי.אי.אר פרטלי ס.פ,,פסטה ספגטי מספר 5 בר,גרמים,500.00,100 גרם,false,,6.90,0.0138,true,1,135246
8076800315097,false,פסטה מקרוני בוקטיני מספר 9 ברילה 500 גרם,ברילה גי.אי.אר פרטלי ס.פ,,ספגטי בוקטיני מספר 9,גרמים,500.00,100 גרם,false,,6.90,0.0138,true,1,146345
8076809513739,false,ברילה רוטב עגבניות עם בזיליקום 400 גרם,ברילה גי.אי.אר פרטלי ס.פ,,רוטב עגבניות לפסטה ב,גרמים,400.00,100 גרם,false,,14.90,0.0373,true,1,138937
8076809523738,false,דפי לזניה ברילה 500 גרם,ברילה גי.אי.אר פרטלי ס.פ,,ברילה צ.מ לזניה 500,גרמים,500.00,100 גרם,false,,19.90,0.0398,true,1,141104
8076809545464,false,ברילה פסטה ללא גלוטן צורת ספירלי 400 גר,מולינו אנדריאני אס.א,,פסטה פוסילי ללא גלוט,גרמים,400.00,100 גרם,false,,14.90,0.0373,true,1,146347
8121300206946,false,ממתיק סיטיביה טרוביה 80 שקיות אישיות,גורי ע.ע.ע. בע`מ,,טרוביה- סטיביה ממתיק,גרמים,80.00,100 גרם,false,,29.90,0.3737,true,1,152114
8410076600622,false,חטיפי גרנולה קראנצ'י עם שוקולד מריר נייצ'ר ואלי 210 גרם,ג'נרל מילס סאן אדריאן,,חטיפי גרנולה שוקולד,גרמים,210.00,100 גרם,false,,19.90,0.0948,true,1,141727
8420241132445,true,שוקולד מריר 100 70%,,,שוקולד מריר 100 70%,,0.00,,false,,5.00,0.0000,true,1,135188
8423207206488,false,סלים דליס חטיף דגנים מצופה שוקולד חלב מרבה 6*20 גרם,אף.סי תבליני בגליל ב,,חטיף דגנים מלאים מצו,Unknown,5.00,יחידה,false,,10.90,2.1800,true,1,138939
8423207206495,false,סלים דליס חטיף דגנים מצופה שוקולד מריר מרבה 6*20 גרם,אף.סי תבליני בגליל ב,,חטיף דגנים מלאים מצו,Unknown,1.00,יחידה,false,,10.90,10.9000,true,1,138941
8423207207362,false,חטיפי סלים דליס שוקולד לבן מרבה 6 יחידות,ביסנצ'ורי אס.אל.יו,,חטיף דגנים מלאים מצו,Unknown,6.00,יחידה,false,,10.90,1.8167,true,1,145409
8423207208680,false,חטיף דגנים שוקולד סלים דליס לילדים מרבה 6 יחידות,ביסנצ'ורי אס.אל.יו,,חטיף דגנים מצופה אקס,גרמים,120.00,100 גרם,false,,10.90,0.0908,true,1,140850
8423207210928,false,חטיף דגנים מצופה שוקולד חלב ואגוזי לוז - 5 במארז,נוטרישן אנד סנטה קוב,,חטיף דגנים מצופה שוק,Unknown,5.00,יחידה,false,,10.90,2.1800,true,1,153527
8425206000081,false,ריבת חלב מרדל 450 גרם,גורי מוצרי צריכה (1991) בעמ,,ריבת חלב 450 גרם,גרמים,450.00,100 גרם,false,,20.90,0.0464,true,1,135774
8593893007499,true,סיני מיניס בר דגנים,,,סיני מיניס בר דגנים,,0.00,,false,,0.00,0.0000,true,1,136523
8594011530141,true,"בירה רוהוזתס 500 מ""ל",,,"בירה רוהוזתס 500 מ""ל",,0.00,,false,,0.00,0.0000,true,1,136507
8683130008355,false,מיונז שום לחיץ אמיתי הלמנס 400 גרם,יוניליוור ישראל שיווק בע`מ,,מיונז עם שום הלמנס 4,גרמים,400.00,100 גרם,false,,14.90,0.0373,true,1,158992
8683130012666,false,שלגון מגנום דאבל לבן עוגיות 72 גרם,"מיוצר ע""\י יונילוור סנאי",,מגנום דאבל לבן עוגיו,גרמים,74.00,100 גרם,false,,9.90,0.1338,true,1,160502
8690632054469,true,וופל קראנץ 30 גרם,,,וופל קראנץ 30 גרם,,0.00,,false,,5.00,0.0000,true,1,136345
8690632080376,true,וופל נסקוויק 32 גרם,,,וופל נסקוויק 32 גרם,,0.00,,false,,5.00,0.0000,true,1,136049
8690637007705,false,מסטיגם וניל מסטיק על מקל ללא סוכר,"מיוצר ע""י יוניליוור",,מסטיגם,Unknown,1.00,יחידה,false,,5.90,5.9000,true,1,147447
<<<<<<< HEAD
8690637073373,false,תה שחור ברגמוט ארל גריי ליפטון 25 יחידות,יונילוור - תורכיה,,ליפטון ארל גרי 25 מע,גרמים,50.00,100 גרם,false,,7.90,0.1580,true,1,146575
8690637555084,false,"מרכך כביסה מרוכז אקסטרה פריחת התפוז בדין 960 מ""ל",יוניליוור סנאיי וי טיקאר,,מרכך כביסה מרוכז לבן,מיליליטרים,960.00,"100 מ""ל",false,,17.90,0.0186,true,1,142138
8690637799594,false,תה ירוק ליפטון נענע בסגנון מרוקאי 20יח',בסן בסין סנאיי וי טי,,תה ירוק נענע בסגנון,גרמים,36.00,100 גרם,false,,16.90,0.4694,true,1,150680
8690637858734,false,ג'ל לניקוי כללי בתוספת אקונומיקה בניחוח לימון,סיף פנטסטיק Cif Fantastic,,סיף ג'ל אקונומיקה לי,מיליליטרים,750.00,"100 מ""ל",false,,10.90,0.0145,true,1,142291
8690637871245,false,הלמנס מיונז אמיתי 395 גר' בקבוק לחיץ.,"בסטפוד - 3P ארה""ב Fo",,הלמנס מיונז לחיץ 395,גרמים,395.00,100 גרם,false,,14.90,0.0377,true,1,146577
8690637976995,false,"מרכך כביסה מרוכז אקסטרה ורוד סחלבים פראי בדין 960 מ""ל",יוניליוור סנאיי וי טיקאר,,מרכך בדין אקסטרה ורו,מיליליטרים,960.00,"100 מ""ל",false,,17.90,0.0186,true,1,154541
8690766156367,false,גודייבה שוקולד חלב מעולה 90 גרם,"אולקר מקבוצת פלאדיס,",,שוקולד חלב מעולה 90,גרמים,90.00,100 גרם,false,,14.90,0.1656,true,1,147529
8690777221405,false,פלפל אדום קלוי סרה ויליפוד 650 גרם,קוראהן פזלרמה וי דיס,,פלפל אדום קלוי סרה 6,גרמים,650.00,100 גרם,false,,12.90,0.0198,true,1,144995
=======
8690637073373,false,תה שחור ברגמוט ארל גריי ליפטון 25 יחידות,יוניליוור ישראל שיווק בע`מ,,ליפטון ארל גרי 25 מע,גרמים,50.00,100 גרם,false,,7.90,0.1580,true,1,146575
8690637555084,false,"מרכך כביסה מרוכז אקסטרה פריחת התפוז בדין 960 מ""ל",יוניליוור ישראל שיווק בע`מ,,מרכך כביסה מרוכז לבן,מיליליטרים,960.00,"100 מ""ל",false,,17.90,0.0186,true,1,142138
8690637799594,false,תה ירוק ליפטון נענע בסגנון מרוקאי 20יח',יוניליוור ישראל שיווק בע`מ,,תה ירוק נענע בסגנון,גרמים,36.00,100 גרם,false,,16.90,0.4694,true,1,150680
8690637858734,false,ג'ל לניקוי כללי בתוספת אקונומיקה בניחוח לימון,יוניליוור ישראל שיווק בע`מ,,סיף ג'ל אקונומיקה לי,מיליליטרים,750.00,"100 מ""ל",false,,10.90,0.0145,true,1,142291
8690637871245,false,הלמנס מיונז אמיתי 395 גר' בקבוק לחיץ.,יוניליוור ישראל שיווק בע`מ,,הלמנס מיונז לחיץ 395,גרמים,395.00,100 גרם,false,,14.90,0.0377,true,1,146577
8690637976995,false,"מרכך כביסה מרוכז אקסטרה ורוד סחלבים פראי בדין 960 מ""ל",יוניליוור ישראל שיווק בע`מ,,מרכך בדין אקסטרה ורו,מיליליטרים,960.00,"100 מ""ל",false,,17.90,0.0186,true,1,154541
8690766156367,false,טבלת שוקולד חלב מעולה 90 גר` גודייבה,תה ויסוצקי (ישראל) בעמ,,שוקולד חלב מעולה 90,גרמים,90.00,100 גרם,false,,14.90,0.1656,true,1,147529
8690777221405,false,פלפל אדום קלוי על האש 650 גר` ויליפוד,ג. וילי-פוד אינטרנשיונל בע`מ,,פלפל אדום קלוי סרה 6,גרמים,650.00,100 גרם,false,,12.90,0.0198,true,1,144995
>>>>>>> d048ac2f4f281c9d788043ab4e81b61b0dbe3743
8690784511223,true,סבון לניקוי אסלה ר .,,,סבון לניקוי אסלה ר .,,0.00,,false,,5.00,0.0000,true,1,137634
8691257500393,true,צלחת חד פעמי עמוקה5,,,צלחת חד פעמי עמוקה5,,0.00,,false,,0.00,0.0000,true,1,141356
8697659217532,false,דאודורנט ספריי לגבר,,,דאודורנט ספריי לגבר,מיליליטרים,200.00,"100 מ""ל",false,,9.90,0.0495,true,1,144423
8697704011009,true,משחת נעליים+ספוג שחו,,,משחת נעליים+ספוג שחו,,0.00,,false,,0.00,0.0000,true,1,136484
8697704011023,true,משחת נעליים+ספוג חום,,,משחת נעליים+ספוג חום,,0.00,,false,,0.00,0.0000,true,1,136485
8710502064814,false,עוגיות מרבה שוקולד ציפס במרקם רך 175 גר,בנקטבקריי מרבה בי.וי,,עוגיות שוקולד צ'יפס,גרמים,175.00,100 גרם,false,,8.90,0.0509,true,1,146348
8710502470028,false,עוגיות שוקולד צ'יפס ממולאות בקרם נוגט,קריניציה ויטמינה אס,,עוגיות שוקולד צ'יפס,גרמים,160.00,100 גרם,false,,8.90,0.0556,true,1,146349
8710908882463,false,תחליב רחצה Invigorating Ritual עם שמן אבוקדו וקלנדולה,"יוניליוור ישראל שיווק בע""מ",,דאב תחליב רחצה אבוקד,מיליליטרים,500.00,"100 מ""ל",false,,14.90,0.0298,true,1,146584
8711327475663,false,מגנום פיינט וניל שוקולד לבן 260 גרם,"מפעל גלידות בווספרם, רחו",,מגנום פיינט שוקולד ל,גרמים,260.00,100 גרם,false,,20.90,0.0804,true,1,154867
8712561594240,false,"דאב תחליב רחצה להזנה עמוקה500 מ""ל-מרכז",יוניליוור ישראל שיווק בע`מ,,תחליב רחצה הזנה עמוק,מיליליטרים,500.00,"100 מ""ל",false,,14.90,0.0298,true,1,142144
8714599410530,false,קפה ג`ייקובס קרוננג מיובש בהקפאה 200 ג,דיפלומט מפיצים (1968) בעמ**,,ג'ייקובס קרוננג 200,גרמים,200.00,100 גרם,false,,19.90,0.0995,true,1,143491
8714789177229,false,רבעיית מברשות שיניים קולגייט אקסטרה קלין 1 יחידה,הנסיך- מפעל לייצור ט,,מברשת שיניים אקסטרה,Unknown,4.00,יחידה,false,,9.90,2.4750,true,1,150477
8714789402918,false,נוזל לניקוי כללי ורצפות בניחוח פרחי בר אג'קס 1.5 ליטר,הנסיך- מפעל לייצור ט,,נוזל לניקוי כללי ולר,מיליליטרים,1500.00,"100 מ""ל",false,,21.90,0.0146,true,1,145411
<<<<<<< HEAD
8714789930848,false,"משחת שיניים אופטיק וייט הלבנה מיידית קולגייט 75 מ""ל",הנסיך- מפעל לייצור ט,,משחת שיניים אופטיק ו,מיליליטרים,75.00,"100 מ""ל",false,,19.90,0.2653,true,1,143645
8715700110141,false,מיונז קרמי היינץ צנצנת 460ג',ה.י.היינץ הולדינג בי.וי,,ממרח מיונז היינץ 460,גרמים,460.00,100 גרם,false,,10.90,0.0237,true,1,140562
8715700419732,false,מתבל עגבניות היינץ 700 גרם,ה.י. היינץ,,קטשופ היינץ 700 גרם,גרמים,700.00,100 גרם,false,,10.90,0.0156,true,1,143040
8715700423906,false,היינץ מתבל עגבניות מופחת סוכר ומלח 50/50 550 גרם,היינץ צפון אמריקה מק,,היינץ מתבל עגבניות מ,גרמים,555.00,100 גרם,false,,10.90,0.0196,true,1,143493
8717163647240,false,"אקס דאודורנט ספריי גוף לגבר שוקולד 150 מ""ל",יוניליוור גרמניה (בו,,דאודורנט ספריי גוף ל,מיליליטרים,150.00,"100 מ""ל",false,,13.90,0.0927,true,1,145819
8717163647257,false,"אקס דאודורנט ספריי גוף גולד 150 מ""ל",יוניליוור אנגליה,,ספריי גוף גולד אקס 1,מיליליטרים,150.00,"100 מ""ל",false,,13.90,0.0927,true,1,147012
=======
8714789930848,false,"משחת שיניים אופטיק וייט הלבנה מיידית קולגייט 75 מ""ל",איינשטיין-צור יבוא-יצוא וסחר ב,,משחת שיניים אופטיק ו,מיליליטרים,75.00,"100 מ""ל",false,,19.90,0.2653,true,1,143645
8715700110141,false,מיונז קרמי היינץ צנצנת 460ג',דיפלומט מפיצים (1968) בעמ**,,ממרח מיונז היינץ 460,גרמים,460.00,100 גרם,false,,10.90,0.0237,true,1,140562
8715700419732,false,מתבל עגבניות היינץ (700 גרם),דיפלומט מפיצים (1968) בעמ**,,קטשופ היינץ 700 גרם,גרמים,700.00,100 גרם,false,,10.90,0.0156,true,1,143040
8715700423906,false,היינץ מתבל עגבניות מופחת סוכר ומלח 50/50 550 גרם,דיפלומט מפיצים (1968) בעמ**,,היינץ מתבל עגבניות מ,גרמים,555.00,100 גרם,false,,10.90,0.0196,true,1,143493
8717163647240,false,"אקס דאודורנט ספריי גוף לגבר שוקולד 150 מ""ל",יוניליוור ישראל שיווק בע`מ,,דאודורנט ספריי גוף ל,מיליליטרים,150.00,"100 מ""ל",false,,13.90,0.0927,true,1,145819
8717163647257,false,"אקס דאודורנט ספריי גוף גולד 150 מ""ל",יוניליוור ישראל שיווק בע`מ,,ספריי גוף גולד אקס 1,מיליליטרים,150.00,"100 מ""ל",false,,13.90,0.0927,true,1,147012
>>>>>>> d048ac2f4f281c9d788043ab4e81b61b0dbe3743
8717185470130,true,ביסקוויט דגנים וקרם,,,ביסקוויט דגנים וקרם,,0.00,,false,,0.00,0.0000,true,1,136546
8717677336616,false,שוקולד מריר עם שקדים ומלח טוניס' שוקולונלי 180 גרם,ליימן שליסל בע`מ,,שוקולד מריר שקדים ומ,גרמים,180.00,100 גרם,false,,19.90,0.1106,true,1,159278
8717677336630,false,שוקולד חלב עם שקדים ודבש טוניס' שוקולונלי 180 גרם,ליימן שליסל בע`מ,,שוקולד חלב שקדים ודב,גרמים,180.00,100 גרם,false,,19.90,0.1106,true,1,159279
8717677338436,false,שוקולד חלב עם אגוזי לוז טוניס' שוקולונלי 180 גרם,ליימן שליסל בע`מ,,שוקולד חלב אגוזי לוז,גרמים,180.00,100 גרם,false,,19.90,0.1106,true,1,159281
8718951048669,false,אג'קס ספריי לניקוי חלונות בניחוח חגיגת הפרחים,ש.שסטוביץ בעמ,,אג'קס ספריי לניקוי ח,מיליליטרים,750.00,"100 מ""ל",false,,14.90,0.0199,true,1,159843
8718951236790,false,"קולגייט טוטאל משחת שיניים קלין מינט לפה בריא 100 מ""ל",קולגייט פלמוליב,,משחת שיניים קלין מינ,מיליליטרים,100.00,"100 מ""ל",false,,16.90,0.1690,true,1,146351
<<<<<<< HEAD
8718951264618,false,"קולגייט אופטיק וייט פחם צ'רקול משחת שיניים, 75 מ""ל",קולגייט-פלמוליב,,קולגייט אופטיק וייט,מיליליטרים,75.00,"100 מ""ל",false,,30.90,0.4120,true,1,151214
=======
8718951264618,false,"קולגייט אופטיק וייט פחם צ'רקול משחת שיניים, 75 מ""ל",איינשטיין-צור יבוא-יצוא וסחר ב,,קולגייט אופטיק וייט,מיליליטרים,75.00,"100 מ""ל",false,,30.90,0.4120,true,1,151214
>>>>>>> d048ac2f4f281c9d788043ab4e81b61b0dbe3743
8719200998001,false,מרגרינה לאפיה ובישול בלי מלח 200 ג' בלו בנד,יוניליוור ישראל מזון בע\,,מרגרינה לאפיה ובישול,גרמים,200.00,100 גרם,false,,4.50,0.0225,true,1,150487
8719200998018,false,מחמאה מרגרינה בטעם חמאה בלובנד 200 גרם,"מיוצר ע""\י יוניליוור ישר",,מחמאה ב.בנד 200 גרם,גרמים,200.00,100 גרם,false,,4.70,0.0235,true,1,150042
8719200998032,false,"מרגרינה מזולה גלורי טעם חמאה 250גר 8 יחידות - כשל""פ","מיוצר ע""\י יוניליוור ישר",,מזולה גלורי ט.חמאה 2,גרמים,250.00,100 גרם,false,,9.90,0.0396,true,1,149526
8719200998094,false,"מרגרינה מזולה לאפיה ללא תוספת מלח 200גר - 40 יח' -כשל""פ","מיוצר ע""\י יוניליוור ישר",,מזולה לאפיה ללא מלח,גרמים,200.00,100 גרם,false,,6.50,0.0325,true,1,150998
<<<<<<< HEAD
8719200998100,false,מרגרינה מזולה לאפיה טעם חמאה 200גר - 40 יח',פארייפאבה אגרואינדוס,,מזולה לאפיה טעם חמאה,גרמים,200.00,100 גרם,false,,6.50,0.0325,true,1,149525
8720181046605,false,דאב - דאודורנט ספריי לאישה אורגינל כחול 150מל,"יוניליוור אנגליה, דרך קו",,דאודורנט ספריי אורגי,מיליליטרים,150.00,"100 מ""ל",false,,15.90,0.1060,true,1,156041
8801055707966,false,קפה טייסטר צו'יס נס קפה בריסטה 180ג',נסטלה קוריאה - קפה,,טייסטרס צ'וייס בריסט,גרמים,180.00,100 גרם,false,,31.90,0.1772,true,1,146012
=======
8719200998100,false,מרגרינה מזולה לאפיה טעם חמאה 200גר - 40 יח',דיפלומט מפיצים (1968) בעמ**,,מזולה לאפיה טעם חמאה,גרמים,200.00,100 גרם,false,,6.50,0.0325,true,1,149525
8720181046605,false,דאב - דאודורנט ספריי לאישה אורגינל כחול 150מל,יוניליוור ישראל שיווק בע`מ,,דאודורנט ספריי אורגי,מיליליטרים,150.00,"100 מ""ל",false,,15.90,0.1060,true,1,156041
8801055707966,false,קפה טייסטרס צ`ויס בריסטה נסקפה (180 גרם),קבוצת אוסם סחר שותפות מוגבלת,,טייסטרס צ'וייס בריסט,גרמים,180.00,100 גרם,false,,31.90,0.1772,true,1,146012
>>>>>>> d048ac2f4f281c9d788043ab4e81b61b0dbe3743
8850389103111,false,סאפי משקה אלוורה בטעם ענבים 300מל,פארייפאבה אגרואינדוס,,סאפה אלוורה בטעם ענב,מיליליטרים,300.00,"100 מ""ל",false,,7.70,0.0257,true,1,140289
8850389105832,false,סאפה משקה אלוורה בטעם תפוח עם קוביות אלוורה 1 ליטר,סאפה פובליק קומפני לימיט,,סאפה אלוורה תפוחים 1,מיליליטרים,1000.00,"100 מ""ל",false,,13.20,0.0132,true,1,139358
8850389105849,false,סאפה משקה אלוורה מופחת קלוריות בטעם אפרסק 1 ליטר,סאפה פובליק קומפני לימיט,,סאפה אלוורה בטעם אפר,מיליליטרים,1000.00,"100 מ""ל",false,,13.20,0.0132,true,1,142042
8850389115336,false,משקה אלוורה בטעם מלון סאפה 1 ליטר,סאפה פובליק קומפני לימיט,,סאפה אלוורה מלון בקב,מיליליטרים,1000.00,"100 מ""ל",false,,13.20,0.0132,true,1,142756
8857101301008,false,רוטב צילי מתוק וילי 700 מל יצרןמותג: פאן,ג.וילי-פוד אינטרנשיונל בעמ,,רוטב צילי מתוק 700 מ,מיליליטרים,700.00,"100 מ""ל",false,,10.90,0.0156,true,1,158607
8858671530027,true,מפעל-פנקו פירורי לחם,,,מפעל-פנקו פירורי לחם,,0.00,,false,,0.00,0.0000,true,1,137716
8888021200256,false,סוללות אנרג'ייזר AA מקס 8 יחידות,יצרן: אנרג'ייזר סינג,,סוללות MAXאנרג'ייזר,Unknown,10.00,יחידה,false,,27.90,2.7900,true,1,154668
8888021200720,false,סוללות אנרג'ייזר AAA מקס 8 יחידות,יצרן: אנרג'ייזר סינג,,סוללות MAXאנרג'ייזר,Unknown,10.00,יחידה,false,,27.90,2.7900,true,1,154669
8901537024014,false,"אורז בסמטי מובחר 1 ק""ג - דוואט) יורה דיעה",ג. וילי-פוד אינטרנשיונל בע`מ,,"אורז בסמטי 1 ק""ג DAA",גרמים,1000.00,100 גרם,false,,12.90,0.0129,true,1,144997
9000000000411,false,שום יבוא ארוז,,,שום יבוא ארוז,מארז,1.00,מארז,false,,7.90,7.9000,true,1,154347
9044400851672,false,סוכריות פז סוגים שונים + 3 מילויים,ר.ב. מוצרי דגנים בעמ,,סוכריות פז 1+3,גרמים,22.50,100 גרם,false,,10.90,0.4844,true,1,161455
9771565025005,false,עיתון מעריב סוף השבוע,ג`רוזלם פוסט בעמ,,עיתון מעריב,Unknown,1.00,יחידה,false,,6.00,6.0000,true,1,137719
9999999999999,true,פריט כללי קובץ 100,,,פריט כללי קובץ 100,,0.00,,false,,0.00,0.0000,true,1,136747
